100
0 73 56 56 29 45 54 31 59 46 24 34 17 25 67 54 58 8 65 48 81 47 20 68 29 26 29 50 16 36 45 58 51 41 48 70 6 50 7 48 15 57 23 7 59 38 39 38 52 33 8 72 59 40 70 69 17 39 48 35 59 56 18 53 57 78 89 77 42 71 56 82 66 47 45 26 63 60 51 15 40 48 47 38 73 65 57 34 83 72 37 27 70 77 60 49 44 30 53 23 
73 0 105 117 82 108 105 59 21 85 49 80 89 85 88 107 81 77 59 106 15 27 90 79 50 70 92 113 58 83 36 75 36 109 47 69 78 73 75 42 58 85 56 76 111 96 97 54 72 55 79 91 53 78 20 8 62 41 85 81 54 30 85 83 29 62 89 61 104 79 73 77 13 29 100 49 85 28 31 61 34 25 68 39 3 8 19 55 10 88 84 80 6 75 25 24 29 43 94 72 
56 105 0 22 83 22 3 86 101 21 71 27 46 77 35 6 33 49 60 14 106 87 65 45 80 82 29 23 57 23 70 39 70 34 60 56 56 36 62 64 66 27 53 49 6 19 18 92 38 87 60 37 60 96 92 106 72 65 21 25 60 76 40 27 78 70 62 69 20 48 39 62 105 77 11 61 34 80 97 55 82 85 40 67 107 98 87 89 112 40 91 82 100 59 83 86 82 70 13 38 
56 117 22 0 78 11 19 86 109 38 76 38 41 71 56 16 54 48 79 12 120 95 57 66 84 80 27 6 63 35 82 59 84 19 75 76 53 54 60 78 69 47 62 49 17 21 20 94 56 89 57 59 78 92 107 116 73 76 39 37 77 91 38 46 92 90 84 89 14 69 59 83 114 88 19 69 55 95 104 60 90 95 57 78 119 109 99 90 125 62 86 77 113 80 97 96 91 78 33 45 
29 82 83 78 0 68 81 23 62 75 38 63 38 8 96 80 87 36 92 73 94 56 21 97 32 12 55 73 40 65 64 87 72 60 72 98 28 79 22 71 32 86 48 36 85 65 66 30 81 28 23 101 85 14 86 76 23 60 77 64 84 75 44 83 75 104 118 102 67 100 84 109 71 63 72 48 93 79 53 40 49 59 75 58 81 75 70 28 92 101 8 2 81 105 78 60 56 47 82 53 
45 108 22 11 68 0 19 75 99 33 65 30 30 61 54 16 49 37 73 8 111 85 47 63 73 69 16 6 52 27 73 54 75 12 67 71 43 48 49 70 58 44 51 38 20 12 12 83 50 78 46 57 71 81 98 106 62 67 34 29 70 82 27 42 83 85 82 83 4 65 53 79 104 78 14 59 52 86 93 49 79 85 50 68 109 99 89 79 116 60 75 67 103 76 88 86 81 67 31 36 
54 105 3 19 81 19 0 84 99 21 69 25 43 74 37 4 35 46 61 11 106 85 62 47 79 79 26 20 55 22 69 40 70 31 60 57 53 36 60 64 64 28 52 46 6 16 15 90 38 85 58 39 61 93 92 105 70 64 21 24 60 76 37 28 78 72 65 70 18 50 40 64 104 76 9 60 35 80 96 53 81 84 40 66 107 97 86 86 112 42 88 79 100 60 82 85 81 69 14 36 
31 59 86 86 23 75 84 0 39 72 21 61 46 28 90 84 81 38 78 78 72 34 37 88 11 11 60 81 31 64 47 78 55 70 57 85 33 71 27 55 21 81 38 38 89 69 70 8 72 5 31 94 71 21 65 53 14 44 74 63 70 56 48 77 56 89 107 87 73 90 76 97 48 43 75 34 86 59 30 33 28 38 66 41 58 52 49 5 69 93 25 22 59 93 58 38 35 29 81 49 
59 21 101 109 62 99 99 39 0 82 34 74 75 66 90 101 82 64 66 99 36 14 73 83 32 51 82 104 47 77 34 77 40 98 48 76 64 73 59 44 43 85 48 63 106 88 89 33 73 35 63 94 59 57 35 14 45 37 82 76 59 36 73 82 35 73 97 72 95 84 75 86 9 27 93 40 87 36 10 49 19 16 67 34 19 17 22 35 31 91 63 61 23 82 33 15 19 31 91 64 
46 85 21 38 75 33 21 72 82 0 54 12 43 70 23 24 17 40 40 27 85 68 60 30 65 71 28 37 42 10 50 21 49 42 39 38 48 15 53 43 52 12 36 39 27 22 22 77 18 73 53 27 40 86 71 86 59 45 1 11 39 56 34 9 57 52 50 50 29 33 20 46 85 57 20 43 20 59 80 40 64 66 19 48 87 77 67 74 91 29 83 73 80 43 62 67 63 52 9 23 
24 49 71 76 38 65 69 21 34 54 0 44 41 39 69 70 60 30 56 66 58 22 41 67 11 27 49 71 14 47 26 57 35 63 36 64 30 51 27 33 9 61 18 29 75 56 57 24 52 20 30 74 49 41 49 45 15 23 55 46 49 37 39 58 37 68 86 66 62 69 55 76 41 25 61 13 66 41 28 16 15 24 46 20 49 41 34 21 59 73 42 36 46 71 40 25 20 8 63 33 
34 80 27 38 63 30 25 61 74 12 44 0 31 58 34 27 26 28 44 26 82 60 49 39 55 59 19 35 31 3 45 28 46 36 37 45 36 21 41 40 41 23 27 27 32 17 18 67 23 62 41 39 42 74 69 80 48 39 13 1 41 53 23 20 54 57 60 55 26 42 27 55 78 51 20 35 31 57 71 29 56 59 21 41 82 72 62 63 88 40 71 61 75 50 59 60 56 44 19 12 
17 89 46 41 38 30 43 46 75 43 41 31 0 31 65 42 58 11 72 35 96 63 19 70 46 39 17 35 30 32 58 59 63 24 58 74 13 51 20 59 32 54 34 13 47 27 28 54 54 49 16 70 67 51 84 86 34 52 44 32 66 69 9 51 70 85 91 83 28 73 57 85 82 61 35 40 62 73 68 28 56 64 50 52 89 80 72 51 98 71 46 37 85 81 74 65 60 46 47 26 
25 85 77 71 8 61 74 28 66 70 39 58 31 0 92 73 83 30 89 66 96 58 14 93 35 16 48 65 38 60 64 83 72 52 70 95 22 75 17 69 31 81 46 31 79 58 59 35 77 32 17 96 83 22 87 80 24 60 72 59 82 75 37 78 76 102 114 100 59 96 80 106 75 64 65 46 88 79 57 38 51 61 72 57 84 78 72 33 95 96 15 7 84 102 78 62 58 47 76 48 
67 88 35 56 96 54 37 90 90 23 69 34 65 92 0 40 9 62 31 47 84 77 83 12 81 90 51 56 59 33 56 13 52 64 42 24 70 19 74 47 69 11 52 61 40 44 44 93 18 89 74 5 35 105 71 90 78 53 22 34 35 57 57 14 59 38 28 37 50 14 15 27 91 63 40 57 4 60 90 58 75 74 24 57 91 82 71 91 92 6 103 94 82 25 63 75 72 65 23 43 
54 107 6 16 80 16 4 84 101 24 70 27 42 73 40 0 38 46 64 8 109 87 61 51 79 79 25 17 56 24 72 44 72 28 63 61 53 40 59 66 65 32 54 46 5 15 14 90 42 85 57 43 64 93 95 107 70 66 25 26 63 79 36 31 80 75 68 74 15 53 44 67 106 78 9 61 39 83 97 54 82 86 43 68 109 99 89 87 114 46 88 78 102 64 85 87 83 70 18 37 
58 81 33 54 87 49 35 81 82 17 60 26 58 83 9 38 0 53 27 43 78 69 75 13 72 81 45 53 50 26 48 7 45 59 35 23 61 10 66 39 60 6 43 52 39 39 38 84 9 80 66 14 29 96 65 83 69 45 16 26 29 50 49 7 52 37 34 36 46 16 8 30 83 55 36 48 5 53 82 48 67 66 15 48 83 74 64 82 86 13 94 85 75 26 56 67 64 56 20 35 
8 77 49 48 36 37 46 38 64 40 30 28 11 30 62 46 53 0 64 40 85 52 21 64 36 33 21 43 19 30 47 54 53 34 48 67 8 46 14 48 22 51 24 2 51 31 32 45 48 40 13 67 58 47 73 74 25 41 42 29 58 58 10 48 59 77 86 75 34 67 52 79 71 50 38 29 58 62 58 17 45 53 43 41 78 69 60 42 87 67 43 34 74 74 63 54 49 35 46 19 
65 59 60 79 92 73 61 78 66 40 56 44 72 89 31 64 27 64 0 68 54 55 85 20 67 82 63 77 51 46 34 21 27 80 21 10 70 25 72 24 60 33 43 62 66 61 61 79 23 76 74 33 8 97 41 63 69 34 40 45 8 30 63 33 31 13 31 12 69 20 21 20 65 40 60 45 30 32 69 51 56 51 23 38 62 54 45 77 62 29 97 89 54 16 35 52 51 49 47 46 
48 106 14 12 73 8 11 78 99 27 66 26 35 66 47 8 43 40 68 0 109 85 53 56 75 73 19 10 53 24 71 48 73 19 63 65 46 43 53 67 60 37 51 41 13 10 9 85 45 80 50 50 66 86 95 105 65 65 28 25 66 79 30 36 80 79 75 78 7 59 48 73 103 77 8 59 45 83 94 50 80 84 45 67 108 98 88 82 114 53 80 71 102 69 85 85 81 67 24 35 
81 15 106 120 94 111 106 72 36 85 58 82 96 96 84 109 78 85 54 109 0 38 99 74 62 82 97 117 66 85 39 72 36 114 46 63 87 72 85 42 67 83 62 83 112 99 100 67 70 67 88 87 49 91 14 22 73 45 85 84 50 30 91 82 28 54 80 53 107 74 70 69 28 35 102 56 82 26 45 68 45 35 67 44 18 19 25 68 10 83 96 92 13 67 24 34 38 51 94 76 
47 27 87 95 56 85 85 34 14 68 22 60 63 58 77 87 69 52 55 85 38 0 63 71 23 44 69 91 33 63 22 64 29 85 36 65 52 60 48 32 31 71 34 50 92 74 75 30 59 30 52 81 48 54 32 23 35 24 68 62 48 27 60 69 26 64 86 62 81 72 62 75 19 15 79 26 74 28 14 36 7 5 54 21 27 19 16 30 37 79 58 54 25 72 26 5 5 18 77 50 
20 90 65 57 21 47 62 37 73 60 41 49 19 14 83 61 75 21 85 53 99 63 0 86 41 27 36 51 36 50 64 75 71 39 68 89 15 67 15 68 32 72 43 23 66 46 47 45 69 41 12 87 79 35 89 85 28 59 62 49 78 75 26 69 76 98 107 96 46 89 73 100 81 65 53 46 79 79 64 35 56 65 65 57 90 82 75 42 100 88 29 21 88 96 79 66 61 49 65 40 
68 79 45 66 97 63 47 88 83 30 67 39 70 93 12 51 13 64 20 56 74 71 86 0 78 90 58 66 58 39 49 11 44 72 35 12 72 19 76 40 68 19 50 63 51 52 52 91 17 87 76 13 25 105 61 82 77 48 29 39 25 49 61 21 50 26 21 25 59 3 13 17 83 57 49 54 12 51 85 57 70 68 22 51 82 73 63 88 82 9 104 95 73 13 54 68 66 61 33 46 
29 50 80 84 32 73 79 11 32 65 11 55 46 35 81 79 72 36 67 75 62 23 41 78 0 20 57 79 24 58 35 69 44 70 46 75 33 62 28 44 15 73 29 35 85 65 66 13 63 9 32 85 60 32 54 45 13 33 66 56 60 45 46 69 45 78 97 76 70 80 66 87 40 32 71 24 77 48 23 26 17 27 57 30 49 43 38 10 60 84 35 31 49 83 46 28 24 18 74 43 
26 70 82 80 12 69 79 11 51 71 27 59 39 16 90 79 81 33 82 73 82 44 27 90 20 0 54 74 32 62 53 80 62 63 62 89 27 72 20 60 22 80 40 33 85 64 65 19 74 16 23 95 75 15 74 64 13 50 72 60 75 64 43 77 64 95 110 93 67 92 77 101 59 51 71 38 86 67 41 33 37 47 68 47 69 63 58 16 80 94 15 11 69 96 66 48 44 35 78 48 
29 92 29 27 55 16 26 60 82 28 49 19 17 48 51 25 45 21 63 19 97 69 36 58 57 54 0 22 36 19 58 48 62 17 54 64 28 40 34 56 42 40 36 22 31 10 11 67 43 62 32 55 60 67 84 90 46 52 30 19 60 68 11 37 69 76 78 75 13 60 46 74 88 63 18 43 48 72 77 33 63 69 40 53 93 84 74 63 101 57 62 53 88 70 73 70 65 51 31 21 
50 113 23 6 73 6 20 81 104 37 71 35 35 65 56 17 53 43 77 10 117 91 51 66 79 74 22 0 58 32 78 58 81 14 72 75 48 52 54 75 64 47 57 44 20 18 17 88 55 83 51 60 76 86 103 112 68 73 38 34 75 87 33 46 88 89 85 88 10 69 57 83 110 84 17 65 55 91 99 55 85 90 55 74 115 105 95 85 121 62 80 71 109 79 93 91 87 73 33 41 
16 58 57 63 40 52 55 31 47 42 14 31 30 38 59 56 50 19 51 53 66 33 36 58 24 32 36 58 0 34 28 48 35 51 33 58 22 41 22 32 10 50 8 17 62 42 43 36 42 31 24 64 45 47 54 56 19 23 43 33 45 40 27 47 41 64 78 62 48 60 45 69 53 31 48 10 55 44 41 3 27 34 36 22 59 50 41 33 68 63 46 38 55 65 44 35 30 16 50 19 
36 83 23 35 65 27 22 64 77 10 47 3 32 60 33 24 26 30 46 24 85 63 50 39 58 62 19 32 34 0 48 29 49 34 40 46 38 22 43 43 44 22 30 29 29 15 15 70 24 65 42 38 44 76 72 83 51 42 12 2 43 56 24 19 57 58 60 57 23 42 28 55 82 54 17 38 30 60 74 32 59 62 23 44 85 75 65 66 91 39 73 63 79 51 62 63 59 47 17 15 
45 36 70 82 64 73 69 47 34 50 26 45 58 64 56 72 48 47 34 71 39 22 64 49 35 53 58 78 28 48 0 43 8 75 14 43 50 39 49 10 33 51 23 45 76 61 62 46 39 44 52 60 26 67 26 36 41 6 50 46 26 11 52 49 12 44 65 42 69 50 40 54 36 8 64 18 53 16 36 30 22 18 33 7 38 28 17 45 43 57 69 62 31 50 16 19 17 18 59 37 
58 75 39 59 87 54 40 78 77 21 57 28 59 83 13 44 7 54 21 48 72 64 75 11 69 80 48 58 48 29 43 0 39 63 29 17 61 8 65 34 58 13 40 52 46 43 43 81 6 77 66 17 23 95 58 77 67 40 20 29 22 44 51 13 46 31 32 30 50 13 2 26 78 50 41 45 10 47 77 47 62 61 12 43 78 68 58 79 79 15 93 85 69 22 50 62 59 52 26 35 
51 36 70 84 72 75 70 55 40 49 35 46 63 72 52 72 45 53 27 73 36 29 71 44 44 62 62 81 35 49 8 39 0 79 10 36 57 37 57 6 41 49 29 51 76 63 64 55 36 52 59 55 19 75 23 38 49 12 49 47 19 6 57 47 8 35 58 34 71 45 37 47 40 14 66 26 49 11 43 37 30 25 31 15 39 30 19 53 42 52 77 70 31 43 13 25 24 26 58 41 
41 109 34 19 60 12 31 70 98 42 63 36 24 52 64 28 59 34 80 19 114 85 39 72 70 63 17 14 51 34 75 63 79 0 71 80 37 56 44 74 55 53 52 35 32 20 20 78 58 73 40 68 77 74 101 107 58 69 43 35 77 85 25 51 86 93 92 91 14 75 62 88 104 80 24 59 61 89 91 48 78 85 57 70 110 101 91 75 118 70 67 59 105 85 91 86 81 67 41 38 
48 47 60 75 72 67 60 57 48 39 36 37 58 70 42 63 35 48 21 63 46 36 68 35 46 62 54 72 33 40 14 29 10 71 0 29 53 27 54 5 40 39 25 46 66 54 55 58 26 55 56 46 13 77 32 48 49 13 39 38 13 16 50 37 18 32 51 30 63 36 27 41 49 21 56 24 39 20 50 33 36 32 21 17 49 40 29 56 52 43 77 70 41 37 23 33 31 28 48 33 
70 69 56 76 98 71 57 85 76 38 64 45 74 95 24 61 23 67 10 65 63 65 89 12 75 89 64 75 58 46 43 17 36 80 29 0 74 24 77 33 67 29 49 66 62 60 60 87 22 84 78 25 17 104 50 73 76 43 37 45 17 40 66 30 41 14 22 13 68 11 18 12 75 50 58 52 23 42 79 57 65 61 24 46 72 64 55 85 72 21 104 95 63 7 45 61 60 57 43 49 
6 78 56 53 28 43 53 33 64 48 30 36 13 22 70 53 61 8 70 46 87 52 15 72 33 27 28 48 22 38 50 61 57 37 53 74 0 53 7 53 21 59 28 9 58 38 39 41 55 36 5 74 64 40 76 75 21 45 49 37 64 61 16 56 62 83 93 81 40 75 59 86 71 52 45 32 66 66 56 20 45 54 50 44 79 70 62 38 88 75 35 26 76 81 66 54 50 36 54 26 
50 73 36 54 79 48 36 71 73 15 51 21 51 75 19 40 10 46 25 43 72 60 67 19 62 72 40 52 41 22 39 8 37 56 27 24 53 0 57 31 51 12 33 44 42 36 36 75 2 71 58 23 24 88 58 75 60 36 15 21 24 43 43 10 44 37 40 35 44 21 6 34 75 47 35 38 15 46 73 39 57 57 6 39 76 66 55 72 79 22 86 77 68 29 49 58 55 46 23 27 
7 75 62 60 22 49 60 27 59 53 27 41 20 17 74 59 66 14 72 53 85 48 15 76 28 20 34 54 22 43 49 65 57 44 54 77 7 57 0 54 17 64 29 14 65 44 45 35 59 30 4 79 66 33 74 71 15 44 55 42 66 61 23 61 62 85 97 83 47 79 63 89 67 51 51 31 71 65 51 21 41 51 54 43 75 67 60 31 85 79 29 20 73 84 65 51 47 34 60 31 
48 42 64 78 71 70 64 55 44 43 33 40 59 69 47 66 39 48 24 67 42 32 68 40 44 60 56 75 32 43 10 34 6 74 5 33 53 31 54 0 39 43 25 46 70 57 58 55 30 52 56 51 17 74 29 44 48 11 43 42 17 12 52 41 14 35 55 33 66 41 32 44 44 17 60 23 44 17 46 33 32 28 26 14 45 35 24 53 48 48 76 68 37 40 19 29 27 26 52 35 
15 58 66 69 32 58 64 21 43 52 9 41 32 31 69 65 60 22 60 60 67 31 32 68 15 22 42 64 10 44 33 58 41 55 40 67 21 51 17 39 0 60 18 20 70 50 51 26 52 21 21 74 53 37 57 54 9 29 53 42 53 45 31 57 45 73 88 71 55 70 56 79 50 33 56 16 65 48 36 12 24 33 46 27 58 50 43 23 68 73 37 29 56 74 48 34 29 17 60 29 
57 85 27 47 86 44 28 81 85 12 61 23 54 81 11 32 6 51 33 37 83 71 72 19 73 80 40 47 50 22 51 13 49 53 39 29 59 12 64 43 60 0 43 50 33 33 33 85 13 80 64 16 35 96 70 87 68 48 11 23 34 55 46 3 56 43 38 42 40 22 13 36 87 59 30 49 8 58 84 48 69 69 18 51 88 78 68 82 91 17 93 84 80 32 61 70 66 58 14 33 
23 56 53 62 48 51 52 38 48 36 18 27 34 46 52 54 43 24 43 51 62 34 43 50 29 40 36 57 8 30 23 40 29 52 25 49 28 33 29 25 18 43 0 22 58 41 41 42 34 37 31 56 37 55 50 55 27 18 37 28 36 34 29 40 35 56 70 54 48 52 38 61 53 28 45 8 48 39 44 8 29 33 28 18 58 48 38 39 65 55 54 46 53 57 39 34 30 17 45 16 
7 76 49 49 36 38 46 38 63 39 29 27 13 31 61 46 52 2 62 41 83 50 23 63 35 33 22 44 17 29 45 52 51 35 46 66 9 44 14 46 20 50 22 0 52 31 32 45 46 40 14 65 56 47 71 73 24 39 41 28 56 56 11 47 57 75 84 73 35 66 50 77 69 48 38 27 57 60 56 15 44 51 42 39 76 67 58 41 85 66 44 34 72 72 61 52 47 33 46 17 
59 111 6 17 85 20 6 89 106 27 75 32 47 79 40 5 39 51 66 13 112 92 66 51 85 85 31 20 62 29 76 46 76 32 66 62 58 42 65 70 70 33 58 52 0 21 20 96 44 91 63 43 66 98 98 111 76 71 27 30 66 83 42 33 84 77 68 75 20 54 46 68 110 82 14 66 40 86 102 59 87 91 46 73 113 103 93 92 118 46 93 84 106 65 89 92 87 75 19 42 
38 96 19 21 65 12 16 69 88 22 56 17 27 58 44 15 39 31 61 10 99 74 46 52 65 64 10 18 42 15 61 43 63 20 54 60 38 36 44 57 50 33 41 31 21 0 1 75 38 70 42 48 59 77 86 95 55 55 23 16 58 70 21 31 71 73 72 71 8 55 42 68 93 67 7 48 41 74 84 40 69 74 38 57 98 88 78 72 104 50 72 63 92 64 76 75 70 57 22 24 
39 97 18 20 66 12 15 70 89 22 57 18 28 59 44 14 38 32 61 9 100 75 47 52 66 65 11 17 43 15 62 43 64 20 55 60 39 36 45 58 51 33 41 32 20 1 0 76 39 71 43 47 59 78 87 96 56 56 23 17 58 70 22 31 72 73 72 72 8 55 42 68 94 68 6 49 41 74 85 41 70 75 38 58 99 89 78 73 105 50 73 64 92 64 76 76 71 58 21 25 
38 54 92 94 30 83 90 8 33 77 24 67 54 35 93 90 84 45 79 85 67 30 45 91 13 19 67 88 36 70 46 81 55 78 58 87 41 75 35 55 26 85 42 45 96 75 76 0 76 5 39 98 72 24 62 48 21 45 79 68 71 55 55 82 55 90 109 88 80 93 79 99 42 42 82 37 90 58 23 38 25 35 70 41 53 48 46 3 64 97 30 29 54 95 56 35 33 30 86 55 
52 72 38 56 81 50 38 72 73 18 52 23 54 77 18 42 9 48 23 45 70 59 69 17 63 74 43 55 42 24 39 6 36 58 26 22 55 2 59 30 52 13 34 46 44 38 39 76 0 71 60 22 23 89 57 74 61 35 17 23 22 42 45 12 43 35 38 33 46 19 4 31 74 46 37 39 14 45 73 41 58 57 6 39 75 65 55 73 78 21 87 78 67 27 48 57 54 47 25 29 
33 55 87 89 28 78 85 5 35 73 20 62 49 32 89 85 80 40 76 80 67 30 41 87 9 16 62 83 31 65 44 77 52 73 55 84 36 71 30 52 21 80 37 40 91 70 71 5 71 0 34 94 68 24 61 49 16 42 74 63 68 53 50 77 53 87 105 85 75 89 75 95 43 40 77 32 85 56 25 33 24 34 66 38 54 48 45 2 65 92 29 26 54 91 54 34 31 27 81 50 
8 79 60 57 23 46 58 31 63 53 30 41 16 17 74 57 66 13 74 50 88 52 12 76 32 23 32 51 24 42 52 66 59 40 56 78 5 58 4 56 21 64 31 14 63 42 43 39 60 34 0 79 68 36 78 75 19 47 54 42 67 64 21 60 64 87 97 85 44 79 63 90 71 54 49 34 71 68 55 23 45 54 55 46 79 71 63 35 89 79 31 21 77 85 68 55 50 37 59 31 
72 91 37 59 101 57 39 94 94 27 74 39 70 96 5 43 14 67 33 50 87 81 87 13 85 95 55 60 64 38 60 17 55 68 46 25 74 23 79 51 74 16 56 65 43 48 47 98 22 94 79 0 38 110 73 94 83 57 26 38 37 61 61 19 62 39 25 38 54 14 20 26 95 67 43 62 9 63 95 62 80 78 28 61 94 85 75 95 95 4 108 99 85 24 66 79 76 69 26 48 
59 53 60 78 85 71 61 71 59 40 49 42 67 83 35 64 29 58 8 66 49 48 79 25 60 75 60 76 45 44 26 23 19 77 13 17 64 24 66 17 53 35 37 56 66 59 59 72 23 68 68 38 0 90 36 57 62 27 39 42 1 24 59 34 25 19 39 17 67 26 22 28 58 33 59 37 33 26 62 45 49 44 21 30 56 48 38 70 57 34 90 83 48 24 29 44 43 42 47 41 
40 78 96 92 14 81 93 21 57 86 41 74 51 22 105 93 96 47 97 86 91 54 35 105 32 15 67 86 47 76 67 95 75 74 77 104 40 88 33 74 37 96 55 47 98 77 78 24 89 24 36 110 90 0 86 72 28 64 87 75 90 77 56 92 77 109 125 107 80 107 93 116 66 64 85 53 102 80 47 48 48 58 83 61 77 72 69 24 88 110 8 15 78 111 78 58 55 49 93 63 
70 20 92 107 86 98 92 65 35 71 49 69 84 87 71 95 65 73 41 95 14 32 89 61 54 74 84 103 54 72 26 58 23 101 32 50 76 58 74 29 57 70 50 71 98 86 87 62 57 61 78 73 36 86 0 25 64 32 71 70 36 16 78 68 15 43 69 42 94 61 57 58 30 24 88 44 68 12 43 56 38 28 53 32 23 18 16 62 21 70 89 84 14 55 10 27 30 41 80 63 
69 8 106 116 76 106 105 53 14 86 45 80 86 80 90 107 83 74 63 105 22 23 85 82 45 64 90 112 56 83 36 77 38 107 48 73 75 75 71 44 54 87 55 73 111 95 96 48 74 49 75 94 57 72 25 0 57 41 86 81 57 33 82 85 32 68 93 66 103 83 75 82 6 29 99 47 87 31 24 58 30 22 69 39 5 9 19 49 17 91 77 75 11 79 28 21 26 40 95 71 
17 62 72 73 23 62 70 14 45 59 15 48 34 24 78 70 69 25 69 65 73 35 28 77 13 13 46 68 19 51 41 67 49 58 49 76 21 60 15 48 9 68 27 24 76 55 56 21 61 16 19 83 62 28 64 57 0 37 61 49 62 52 35 65 52 82 97 80 59 79 64 88 53 40 62 25 74 56 36 20 28 38 55 35 62 54 48 17 72 82 28 21 60 83 55 39 34 23 67 36 
39 41 65 76 60 67 64 44 37 45 23 39 52 60 53 66 45 41 34 65 45 24 59 48 33 50 52 73 23 42 6 40 12 69 13 43 45 36 44 11 29 48 18 39 71 55 56 45 35 42 47 57 27 64 32 41 37 0 45 41 27 17 46 45 18 45 65 43 63 49 38 54 40 12 59 13 50 21 37 24 23 21 30 4 43 33 22 43 49 55 65 58 36 50 22 22 19 15 54 31 
48 85 21 39 77 34 21 74 82 1 55 13 44 72 22 25 16 42 40 28 85 68 62 29 66 72 30 38 43 12 50 20 49 43 39 37 49 15 55 43 53 11 37 41 27 23 23 79 17 74 54 26 39 87 71 86 61 45 0 13 39 56 36 8 57 51 49 50 30 32 19 45 85 57 21 44 19 60 80 41 65 66 19 48 88 78 67 75 92 27 84 75 80 42 62 67 64 53 9 25 
35 81 25 37 64 29 24 63 76 11 46 1 32 59 34 26 26 29 45 25 84 62 49 39 56 60 19 34 33 2 46 29 47 35 38 45 37 21 42 42 42 23 28 28 30 16 17 68 23 63 42 38 42 75 70 81 49 41 13 0 42 54 23 20 55 58 60 56 25 42 27 55 80 52 18 36 30 58 72 30 57 60 22 43 83 74 63 65 89 39 72 63 77 51 60 61 57 45 18 13 
59 54 60 77 84 70 60 70 59 39 49 41 66 82 35 63 29 58 8 66 50 48 78 25 60 75 60 75 45 43 26 22 19 77 13 17 64 24 66 17 53 34 36 56 66 58 58 71 22 68 67 37 1 90 36 57 62 27 39 42 0 24 59 34 25 20 39 18 66 26 21 28 59 33 58 37 32 26 62 45 49 44 20 30 57 48 38 70 57 34 90 82 48 24 29 44 43 41 47 41 
56 30 76 91 75 82 76 56 36 56 37 53 69 75 57 79 50 58 30 79 30 27 75 49 45 64 68 87 40 56 11 44 6 85 16 40 61 43 61 12 45 55 34 56 83 70 70 55 42 53 64 61 24 77 16 33 52 17 56 54 24 0 63 53 1 37 61 36 78 49 43 50 35 13 72 30 55 4 41 41 30 22 38 18 33 24 15 54 36 58 79 73 25 47 6 23 23 29 65 47 
18 85 40 38 44 27 37 48 73 34 39 23 9 37 57 36 49 10 63 30 91 60 26 61 46 43 11 33 27 24 52 51 57 25 50 66 16 43 23 52 31 46 29 11 42 21 22 55 45 50 21 61 59 56 78 82 35 46 36 23 59 63 0 43 64 77 83 75 24 64 49 76 79 56 28 35 54 67 67 24 54 61 42 46 86 76 67 52 94 62 51 42 81 72 68 61 57 43 39 18 
53 83 27 46 83 42 28 77 82 9 58 20 51 78 14 31 7 48 33 36 82 69 69 21 69 77 37 46 47 19 49 13 47 51 37 30 56 10 61 41 57 3 40 47 33 31 31 82 12 77 60 19 34 92 68 85 65 45 8 20 34 53 43 0 55 44 41 43 38 24 13 37 85 56 28 46 11 57 81 45 66 66 16 48 86 76 65 79 89 20 90 81 78 34 59 67 64 55 13 30 
57 29 78 92 75 83 78 56 35 57 37 54 70 76 59 80 52 59 31 80 28 26 76 50 45 64 69 88 41 57 12 46 8 86 18 41 62 44 62 14 45 56 35 57 84 71 72 55 43 53 64 62 25 77 15 32 52 18 57 55 25 1 64 55 0 38 62 36 79 51 44 51 34 13 73 31 56 3 40 42 30 22 39 19 32 23 14 54 34 59 80 73 24 48 5 22 23 29 66 48 
78 62 70 90 104 85 72 89 73 52 68 57 85 102 38 75 37 77 13 79 54 64 98 26 78 95 76 89 64 58 44 31 35 93 32 14 83 37 85 35 73 43 56 75 77 73 73 90 35 87 87 39 19 109 43 68 82 45 51 58 20 37 77 44 38 0 27 2 81 25 32 16 71 49 72 57 38 37 78 64 66 59 36 49 66 59 51 88 63 35 110 102 57 15 40 60 60 60 57 59 
89 89 62 84 118 82 65 107 97 50 86 60 91 114 28 68 34 86 31 75 80 86 107 21 97 110 78 85 78 60 65 32 58 92 51 22 93 40 97 55 88 38 70 84 68 72 72 109 38 105 97 25 39 125 69 93 97 65 49 60 39 61 83 41 62 27 0 27 79 18 34 11 96 72 68 73 30 62 100 78 87 82 43 68 92 84 76 107 90 22 124 116 83 15 65 83 82 79 51 67 
77 61 69 89 102 83 70 87 72 50 66 55 83 100 37 74 36 75 12 78 53 62 96 25 76 93 75 88 62 57 42 30 34 91 30 13 81 35 83 33 71 42 54 73 75 71 72 88 33 85 85 38 17 107 42 66 80 43 50 56 18 36 75 43 36 2 27 0 79 24 30 16 69 47 70 55 37 36 76 62 64 58 34 47 65 58 50 86 62 34 108 100 56 15 39 58 58 58 56 57 
42 104 20 14 67 4 18 73 95 29 62 26 28 59 50 15 46 34 69 7 107 81 46 59 70 67 13 10 48 23 69 50 71 14 63 68 40 44 47 66 55 40 48 35 20 8 8 80 46 75 44 54 67 80 94 103 59 63 30 25 66 78 24 38 79 81 79 79 0 62 49 76 100 74 11 55 48 82 90 46 76 81 46 64 105 96 85 76 112 56 74 65 99 72 84 82 77 64 28 32 
71 79 48 69 100 65 50 90 84 33 69 42 73 96 14 53 16 67 20 59 74 72 89 3 80 92 60 69 60 42 50 13 45 75 36 11 75 21 79 41 70 22 52 66 54 55 55 93 19 89 79 14 26 107 61 83 79 49 32 42 26 49 64 24 51 25 18 24 62 0 16 14 84 58 52 56 14 51 86 60 72 69 24 53 82 74 64 90 82 10 106 98 73 11 55 69 67 63 36 48 
56 73 39 59 84 53 40 76 75 20 55 27 57 80 15 44 8 52 21 48 70 62 73 13 66 77 46 57 45 28 40 2 37 62 27 18 59 6 63 32 56 13 38 50 46 42 42 79 4 75 63 20 22 93 57 75 64 38 19 27 21 43 49 13 44 32 34 30 49 16 0 28 76 48 40 42 12 46 75 44 60 59 9 41 76 66 56 76 78 18 91 82 68 23 49 59 57 50 26 33 
82 77 62 83 109 79 64 97 86 46 76 55 85 106 27 67 30 79 20 73 69 75 100 17 87 101 74 83 69 55 54 26 47 88 41 12 86 34 89 44 79 36 61 77 68 68 68 99 31 95 90 26 28 116 58 82 88 54 45 55 28 50 76 37 51 16 11 16 76 14 28 0 84 60 66 63 28 51 89 69 76 71 35 58 81 73 64 97 79 22 116 107 72 4 54 72 71 69 49 60 
66 13 105 114 71 104 104 48 9 85 41 78 82 75 91 106 83 71 65 103 28 19 81 83 40 59 88 110 53 82 36 78 40 104 49 75 71 75 67 44 50 87 53 69 110 93 94 42 74 43 71 95 58 66 30 6 53 40 85 80 59 35 79 85 34 71 96 69 100 84 76 84 0 28 98 45 88 34 19 55 26 19 69 37 11 12 20 43 23 92 72 69 16 81 30 18 23 37 94 69 
47 29 77 88 63 78 76 43 27 57 25 51 61 64 63 78 55 50 40 77 35 15 65 57 32 51 63 84 31 54 8 50 14 80 21 50 52 47 51 17 33 59 28 48 82 67 68 42 46 40 54 67 33 64 24 29 40 12 57 52 33 13 56 56 13 49 72 47 74 58 48 60 28 0 71 21 60 16 29 33 17 11 41 10 31 21 11 41 38 65 67 61 25 57 15 12 10 17 66 43 
45 100 11 19 72 14 9 75 93 20 61 20 35 65 40 9 36 38 60 8 102 79 53 49 71 71 18 17 48 17 64 41 66 24 56 58 45 35 51 60 56 30 45 38 14 7 6 82 37 77 49 43 59 85 88 99 62 59 21 18 58 72 28 28 73 72 68 70 11 52 40 66 98 71 0 53 38 76 89 45 74 78 38 61 102 92 81 78 107 46 80 70 95 62 78 79 75 62 17 29 
26 49 61 69 48 59 60 34 40 43 13 35 40 46 57 61 48 29 45 59 56 26 46 54 24 38 43 65 10 38 18 45 26 59 24 52 32 38 31 23 16 49 8 27 66 48 49 37 39 32 34 62 37 53 44 47 25 13 44 36 37 30 35 46 31 57 73 55 55 56 42 63 45 21 53 0 53 34 36 12 21 26 33 12 50 41 32 34 58 60 53 45 46 59 34 27 22 9 53 24 
63 85 34 55 93 52 35 86 87 20 66 31 62 88 4 39 5 58 30 45 82 74 79 12 77 86 48 55 55 30 53 10 49 61 39 23 66 15 71 44 65 8 48 57 40 41 41 90 14 85 71 9 33 102 68 87 74 50 19 30 32 55 54 11 56 38 30 37 48 14 12 28 88 60 38 53 0 58 87 54 72 71 20 53 88 79 68 87 90 9 100 90 80 25 61 72 69 61 21 40 
60 28 80 95 79 86 80 59 36 59 41 57 73 79 60 83 53 62 32 83 26 28 79 51 48 67 72 91 44 60 16 47 11 89 20 42 66 46 65 17 48 58 39 60 86 74 74 58 45 56 68 63 26 80 12 31 56 21 60 58 26 4 67 57 3 37 62 36 82 51 46 51 34 16 76 34 58 0 41 46 32 24 41 22 31 22 14 57 32 60 83 77 22 48 3 24 25 32 68 51 
51 31 97 104 53 93 96 30 10 80 28 71 68 57 90 97 82 58 69 94 45 14 64 85 23 41 77 99 41 74 36 77 43 91 50 79 56 73 51 46 36 84 44 56 102 84 85 23 73 25 55 95 62 47 43 24 36 37 80 72 62 41 67 81 40 78 100 76 90 86 75 89 19 29 89 36 87 41 0 44 15 18 67 34 30 26 28 25 41 92 53 51 32 86 39 18 19 27 89 60 
15 61 55 60 40 49 53 33 49 40 16 29 28 38 58 54 48 17 51 50 68 36 35 57 26 33 33 55 3 32 30 47 37 48 33 57 20 39 21 33 12 48 8 15 59 40 41 38 41 33 23 62 45 48 56 58 20 24 41 30 45 41 24 45 42 64 78 62 46 60 44 69 55 33 45 12 54 46 44 0 30 37 35 24 62 53 43 35 70 62 47 38 57 64 46 37 33 19 48 17 
40 34 82 90 49 79 81 28 19 64 15 56 56 51 75 82 67 45 56 80 45 7 56 70 17 37 63 85 27 59 22 62 30 78 36 65 45 57 41 32 24 69 29 44 87 69 70 25 58 24 45 80 49 48 38 30 28 23 65 57 49 30 54 66 30 66 87 64 76 72 60 76 26 17 74 21 72 32 15 30 0 10 52 19 34 26 22 24 44 78 52 47 32 72 30 11 7 12 74 45 
48 25 85 95 59 85 84 38 16 66 24 59 64 61 74 86 66 53 51 84 35 5 65 68 27 47 69 90 34 62 18 61 25 85 32 61 54 57 51 28 33 69 33 51 91 74 75 35 57 34 54 78 44 58 28 22 38 21 66 60 44 22 61 66 22 59 82 58 81 69 59 71 19 11 78 26 71 24 18 37 10 0 51 18 25 17 11 34 35 76 62 57 22 68 21 1 4 18 75 49 
47 68 40 57 75 50 40 66 67 19 46 21 50 72 24 43 15 43 23 45 67 54 65 22 57 68 40 55 36 23 33 12 31 57 21 24 50 6 54 26 46 18 28 42 46 38 38 70 6 66 55 28 21 83 53 69 55 30 19 22 20 38 42 16 39 36 43 34 46 24 9 35 69 41 38 33 20 41 67 35 52 51 0 33 70 61 50 67 74 27 82 73 62 31 44 52 49 41 27 25 
38 39 67 78 58 68 66 41 34 48 20 41 52 57 57 68 48 41 38 67 44 21 57 51 30 47 53 74 22 44 7 43 15 70 17 46 44 39 43 14 27 51 18 39 73 57 58 41 39 38 46 61 30 61 32 39 35 4 48 43 30 18 46 48 19 49 68 47 64 53 41 58 37 10 61 12 53 22 34 24 19 18 33 0 41 31 21 40 48 59 62 56 35 54 22 19 16 12 57 33 
73 3 107 119 81 109 107 58 19 87 49 82 89 84 91 109 83 78 62 108 18 27 90 82 49 69 93 115 59 85 38 78 39 110 49 72 79 76 75 45 58 88 58 76 113 98 99 53 75 54 79 94 56 77 23 5 62 43 88 83 57 33 86 86 32 66 92 65 105 82 76 81 11 31 102 50 88 31 30 62 34 25 70 41 0 10 21 54 12 91 82 80 9 78 28 24 29 43 96 74 
65 8 98 109 75 99 97 52 17 77 41 72 80 78 82 99 74 69 54 98 19 19 82 73 43 63 84 105 50 75 28 68 30 101 40 64 70 66 67 35 50 78 48 67 103 88 89 48 65 48 71 85 48 72 18 9 54 33 78 74 48 24 76 76 23 59 84 58 96 74 66 73 12 21 92 41 79 22 26 53 26 17 61 31 10 0 11 48 18 82 77 73 6 70 19 16 20 34 87 64 
57 19 87 99 70 89 86 49 22 67 34 62 72 72 71 89 64 60 45 88 25 16 75 63 38 58 74 95 41 65 17 58 19 91 29 55 62 55 60 24 43 68 38 58 93 78 78 46 55 45 63 75 38 69 16 19 48 22 67 63 38 15 67 65 14 51 76 50 85 64 56 64 20 11 81 32 68 14 28 43 22 11 50 21 21 11 0 46 27 72 73 68 14 61 11 11 14 26 76 54 
34 55 89 90 28 79 86 5 35 74 21 63 51 33 91 87 82 42 77 82 68 30 42 88 10 16 63 85 33 66 45 79 53 75 56 85 38 72 31 53 23 82 39 41 92 72 73 3 73 2 35 95 70 24 62 49 17 43 75 65 70 54 52 79 54 88 107 86 76 90 76 97 43 41 78 34 87 57 25 35 24 34 67 40 54 48 46 0 65 94 29 27 55 93 55 35 32 28 83 52 
83 10 112 125 92 116 112 69 31 91 59 88 98 95 92 114 86 87 62 114 10 37 100 82 60 80 101 121 68 91 43 79 42 118 52 72 88 79 85 48 68 91 65 85 118 104 105 64 78 65 89 95 57 88 21 17 72 49 92 89 57 36 94 89 34 63 90 62 112 82 78 79 23 38 107 58 90 32 41 70 44 35 74 48 12 18 27 65 0 91 94 91 13 77 30 34 38 52 100 80 
72 88 40 62 101 60 42 93 91 29 73 40 71 96 6 46 13 67 29 53 83 79 88 9 84 94 57 62 63 39 57 15 52 70 43 21 75 22 79 48 73 17 55 66 46 50 50 97 21 92 79 4 34 110 70 91 82 55 27 39 34 58 62 20 59 35 22 34 56 10 18 22 92 65 46 60 9 60 92 62 78 76 27 59 91 82 72 94 91 0 108 99 82 20 63 76 74 68 29 48 
37 84 91 86 8 75 88 25 63 83 42 71 46 15 103 88 94 43 97 80 96 58 29 104 35 15 62 80 46 73 69 93 77 67 77 104 35 86 29 76 37 93 54 44 93 72 73 30 87 29 31 108 90 8 89 77 28 65 84 72 90 79 51 90 80 110 124 108 74 106 91 116 72 67 80 53 100 83 53 47 52 62 82 62 82 77 73 29 94 108 0 9 83 111 81 62 59 51 89 60 
27 80 82 77 2 67 79 22 61 73 36 61 37 7 94 78 85 34 89 71 92 54 21 95 31 11 53 71 38 63 62 85 70 59 70 95 26 77 20 68 29 84 46 34 84 63 64 29 78 26 21 99 83 15 84 75 21 58 75 63 82 73 42 81 73 102 116 100 65 98 82 107 69 61 70 45 90 77 51 38 47 57 73 56 80 73 68 27 91 99 9 0 79 103 76 58 54 44 80 51 
70 6 100 113 81 103 100 59 23 80 46 75 85 84 82 102 75 74 54 102 13 25 88 73 49 69 88 109 55 79 31 69 31 105 41 63 76 68 73 37 56 80 53 72 106 92 92 54 67 54 77 85 48 78 14 11 60 36 80 77 48 25 81 78 24 57 83 56 99 73 68 72 16 25 95 46 80 22 32 57 32 22 62 35 9 6 14 55 13 82 83 79 0 69 19 22 26 40 89 68 
77 75 59 80 105 76 60 93 82 43 71 50 81 102 25 64 26 74 16 69 67 72 96 13 83 96 70 79 65 51 50 22 43 85 37 7 81 29 84 40 74 32 57 72 65 64 64 95 27 91 85 24 24 111 55 79 83 50 42 51 24 47 72 34 48 15 15 15 72 11 23 4 81 57 62 59 25 48 86 64 72 68 31 54 78 70 61 93 77 20 111 103 69 0 51 68 67 65 46 55 
60 25 83 97 78 88 82 58 33 62 40 59 74 78 63 85 56 63 35 85 24 26 79 54 46 66 73 93 44 62 16 50 13 91 23 45 66 49 65 19 48 61 39 61 89 76 76 56 48 54 68 66 29 78 10 28 55 22 62 60 29 6 68 59 5 40 65 39 84 55 49 54 30 15 78 34 61 3 39 46 30 21 44 22 28 19 11 55 30 63 81 76 19 51 0 21 23 31 71 53 
49 24 86 96 60 86 85 38 15 67 25 60 65 62 75 87 67 54 52 85 34 5 66 68 28 48 70 91 35 63 19 62 25 86 33 61 54 58 51 29 34 70 34 52 92 75 76 35 57 34 55 79 44 58 27 21 39 22 67 61 44 23 61 67 22 60 83 58 82 69 59 72 18 12 79 27 72 24 18 37 11 1 52 19 24 16 11 35 34 76 62 58 22 68 21 0 5 19 76 50 
44 29 82 91 56 81 81 35 19 63 20 56 60 58 72 83 64 49 51 81 38 5 61 66 24 44 65 87 30 59 17 59 24 81 31 60 50 55 47 27 29 66 30 47 87 70 71 33 54 31 50 76 43 55 30 26 34 19 64 57 43 23 57 64 23 60 82 58 77 67 57 71 23 10 75 22 69 25 19 33 7 4 49 16 29 20 14 32 38 74 59 54 26 67 23 5 0 14 72 46 
30 43 70 78 47 67 69 29 31 52 8 44 46 47 65 70 56 35 49 67 51 18 49 61 18 35 51 73 16 47 18 52 26 67 28 57 36 46 34 26 17 58 17 33 75 57 58 30 47 27 37 69 42 49 41 40 23 15 53 45 41 29 43 55 29 60 79 58 64 63 50 69 37 17 62 9 61 32 27 19 12 18 41 12 43 34 26 28 52 68 51 44 40 65 31 19 14 0 61 33 
53 94 13 33 82 31 14 81 91 9 63 19 47 76 23 18 20 46 47 24 94 77 65 33 74 78 31 33 50 17 59 26 58 41 48 43 54 23 60 52 60 14 45 46 19 22 21 86 25 81 59 26 47 93 80 95 67 54 9 18 47 65 39 13 66 57 51 56 28 36 26 49 94 66 17 53 21 68 89 48 74 75 27 57 96 87 76 83 100 29 89 80 89 46 71 76 72 61 0 31 
23 72 38 45 53 36 36 49 64 23 33 12 26 48 43 37 35 19 46 35 76 50 40 46 43 48 21 41 19 15 37 35 41 38 33 49 26 27 31 35 29 33 16 17 42 24 25 55 29 50 31 48 41 63 63 71 36 31 25 13 41 47 18 30 48 59 67 57 32 48 33 60 69 43 29 24 40 51 60 17 45 49 25 33 74 64 54 52 80 48 60 51 68 55 53 50 46 33 31 0 
0 23 15 50 2718 49 48 10 16 19 54 745 326 112 16 22 974 487 349 86 19 360 589 114 242 335 628 83 2090 135 1764 8 11 34 46 204 170 51 94 42 88 428 63 13 413 22 2408 665 818 519 32 168 60 0 12 1411 0 31 553 348 110 492 257 1223 12 0 38 41 79 287 13 496 921 346 108 35 11 62 11 3000 11 196 1058 663 226 10 11 469 87 10 14 153 30 38 945 118 11 23 120 233 
23 0 250 0 360 35 0 0 119 0 90 455 689 18 35 62 3000 12 8 647 0 0 231 571 60 90 0 0 122 190 498 83 0 18 102 286 0 0 79 173 0 51 594 55 62 0 28 9 8 0 0 39 0 20 0 165 32 18 3000 0 152 0 162 209 0 901 8 0 594 1119 0 1156 3000 2013 3000 0 184 131 11 408 42 18 0 0 0 0 8 0 0 25 0 0 184 24 118 1844 691 524 871 0 
15 250 0 81 221 2670 379 100 11 22 20 11 625 318 8 8 21 90 35 3000 36 46 2323 157 40 80 11 360 209 142 32 27 22 123 38 38 585 1988 160 115 95 159 0 53 117 28 0 95 3000 15 266 0 302 0 7 41 0 11 1003 47 11 3000 113 709 29 0 538 1999 666 44 11 25 41 485 13 3000 713 33 11 53 26 40 165 32 12 10 130 173 27 8 247 11 3000 0 1966 489 87 97 1120 163 
50 0 81 0 65 166 144 108 800 1036 597 3000 0 576 461 114 0 11 147 0 480 0 0 25 108 2511 0 26 506 118 0 687 95 0 17 0 297 77 10 0 27 42 0 171 12 23 316 333 64 818 0 0 105 0 3000 0 0 17 438 2236 28 0 0 110 0 0 85 191 0 48 25 8 3000 13 3000 33 41 389 0 573 21 100 493 31 89 41 241 315 22 13 51 500 48 0 125 121 168 0 457 204 
2718 360 221 65 0 853 342 55 33 34 46 46 26 1495 40 47 195 1347 251 41 597 34 2730 16 12 124 14 17 808 19 262 638 48 42 1736 28 0 68 1689 302 175 277 174 1286 167 18 0 714 61 305 3000 56 0 253 13 204 960 54 44 1251 33 46 17 1032 53 89 15 0 2049 249 7 556 305 49 77 54 770 420 31 515 570 1014 28 333 690 23 622 84 340 273 37 303 9 291 12 176 508 578 10 0 
49 35 2670 166 853 0 173 229 1136 100 1883 0 0 96 787 500 0 328 0 79 0 0 263 3000 121 48 0 110 182 23 0 321 270 0 106 0 17 0 11 0 193 156 0 51 312 20 35 1433 60 16 0 0 49 0 25 0 0 346 184 100 316 0 0 638 0 0 49 2614 0 202 19 54 281 25 329 16 914 16 0 90 714 0 38 0 39 52 21 0 0 270 358 0 3000 0 240 70 14 0 76 453 
48 0 379 144 342 173 0 74 84 69 3000 591 0 91 115 19 0 66 45 0 72 0 0 30 17 145 0 581 11 65 0 26 348 0 234 0 1590 142 216 0 30 25 0 47 1412 110 13 35 9 164 0 0 152 0 448 3000 0 65 1245 56 499 0 0 192 0 0 9 29 0 0 2759 19 195 0 97 15 495 41 0 29 71 590 13 167 473 239 215 243 34 125 49 87 15 0 36 643 1502 0 11 25 
10 0 100 108 55 229 74 0 0 77 0 64 126 1645 13 0 211 17 112 0 199 226 65 177 1271 26 19 9 148 37 24 44 3000 14 157 123 95 1512 1324 3000 2204 49 0 15 1287 24 0 30 111 15 35 0 751 0 27 99 0 164 33 1151 25 220 0 0 44 0 171 196 0 0 55 1147 404 0 100 52 9 23 29 952 0 538 361 411 189 9 0 3000 117 48 19 9 0 0 30 140 664 9 0 131 
16 119 11 800 33 1136 84 0 0 0 9 0 0 338 21 40 0 26 0 169 0 0 484 154 212 0 0 36 223 0 0 1074 0 0 79 0 0 0 19 51 0 71 138 131 597 0 499 101 8 62 0 0 0 0 0 0 0 58 303 0 143 0 115 22 0 0 628 794 0 467 0 235 190 105 131 0 1053 0 0 976 300 0 2321 0 191 0 49 0 0 1270 84 0 1453 0 54 37 408 0 128 0 
19 0 22 1036 34 100 69 77 0 0 0 187 0 9 38 0 0 3000 243 0 87 91 476 1692 57 229 56 53 2192 8 0 92 255 0 322 9 10 61 540 0 482 21 0 43 23 103 0 447 1443 104 1475 0 1547 0 709 29 0 13 198 1466 3000 17 0 14 61 0 3000 156 0 0 166 842 99 0 35 452 114 58 79 0 103 3000 507 13 175 2688 534 209 20 91 81 256 0 0 102 22 25 0 10 12 
54 90 20 597 46 1883 3000 0 9 0 0 452 0 2542 45 103 248 77 187 25 0 0 70 71 806 11 0 3000 19 250 17 38 1349 70 1522 51 0 0 780 287 380 140 134 286 3000 430 440 381 17 55 0 1136 0 305 0 18 304 96 788 20 18 0 18 3000 0 156 33 40 8 488 0 493 13 50 3000 0 1352 1163 197 78 161 54 270 0 53 35 26 0 0 103 1217 0 230 94 226 354 1470 0 36 0 
745 455 11 3000 46 0 591 64 0 187 452 0 18 2070 69 14 76 831 244 102 120 16 255 0 1297 494 97 226 333 15 144 431 194 33 8 14 137 430 207 14 46 1039 18 47 238 48 0 2213 180 211 537 41 0 59 36 15 10 43 989 3000 148 540 169 0 1367 432 143 675 1580 0 199 202 492 304 180 17 315 78 8 142 0 20 30 294 473 20 373 8 3000 1588 350 1029 160 29 17 372 146 57 0 0 
326 689 625 0 26 0 0 126 0 0 0 18 0 61 101 331 255 140 22 84 23 789 2676 0 27 11 19 0 0 46 100 233 0 430 0 195 0 15 613 97 483 0 648 1031 69 0 0 14 563 0 418 29 0 105 0 53 43 0 9 0 96 28 2652 0 2900 409 35 0 236 28 0 48 56 23 59 0 0 88 134 26 0 108 0 69 0 0 231 0 2497 529 0 264 8 29 0 0 0 26 0 0 
112 18 318 576 1495 96 91 1645 338 9 2542 2070 61 0 15 186 16 279 820 97 750 85 175 1199 19 3000 17 42 40 1364 283 340 9 73 773 68 8 1251 76 370 9 28 15 31 76 212 48 942 12 18 19 72 1181 328 209 19 0 22 8 275 3000 196 392 326 950 220 35 15 595 61 128 43 139 37 84 70 245 1518 31 10 1071 616 36 53 157 29 26 94 114 736 27 481 298 534 65 34 1047 698 2465 54 
16 35 8 461 40 787 115 13 21 38 45 69 101 15 0 89 80 35 46 99 274 0 166 14 33 530 0 412 595 2072 132 1406 1278 370 1129 400 0 1450 640 54 58 31 50 409 2284 116 1253 143 62 2419 213 195 0 13 13 16 452 14 9 1605 358 0 212 87 20 419 29 224 512 1607 95 118 18 637 1801 77 48 1455 679 84 82 40 1222 1232 54 3000 11 17 27 288 1746 3000 185 299 30 340 97 131 40 0 
22 62 8 114 47 500 19 0 40 0 103 14 331 186 89 0 37 55 863 49 0 0 127 3000 90 208 0 0 78 347 42 187 1926 15 63 3000 0 0 286 29 95 10 894 155 257 0 24 327 16 182 0 941 0 186 0 58 776 364 20 0 47 0 54 121 0 129 9 0 16 82 0 353 23 3000 9 0 323 308 1962 697 947 37 74 0 18 0 236 0 0 2151 111 0 37 50 624 66 30 9 99 0 
974 3000 21 0 195 0 0 211 0 0 248 76 255 16 80 37 0 271 95 262 504 217 28 0 394 834 345 0 0 99 1032 217 0 279 0 538 0 865 103 593 35 0 9 18 106 16 0 74 116 0 1078 84 0 225 0 35 10 0 49 0 9 72 44 0 16 252 2625 0 8 151 0 19 17 27 55 0 134 14 449 597 0 295 0 190 0 0 42 0 321 8 0 40 130 86 0 0 0 1797 0 0 
487 12 90 11 1347 328 66 17 26 3000 77 831 140 279 35 55 271 0 175 87 34 37 7 376 63 364 639 15 338 150 110 73 3000 140 75 52 683 20 838 244 16 8 0 532 99 41 0 66 10 219 11 0 40 0 507 731 0 509 12 166 844 291 435 58 689 0 209 11 1320 27 334 160 71 3000 371 47 265 29 69 197 63 74 50 58 414 2722 90 105 2241 349 116 1324 1843 0 616 8 27 33 542 286 
349 8 35 147 251 0 45 112 0 243 187 244 22 820 46 863 95 175 0 246 23 41 34 0 110 94 76 28 437 372 3000 1855 169 32 23 430 0 169 149 72 921 13 79 117 19 8 0 14 2864 97 52 143 0 10 13 384 61 1168 835 228 103 21 549 0 1561 25 172 576 195 0 352 855 18 54 165 637 13 10 3000 54 564 756 279 19 317 17 8 442 8 11 210 276 8 1927 193 450 21 704 8 0 
86 647 3000 0 41 79 0 0 169 0 25 102 84 97 99 49 262 87 246 0 0 0 14 164 83 21 0 0 463 29 13 39 13 749 398 86 0 0 40 44 2909 68 305 231 144 0 599 452 12 0 0 107 0 105 0 26 32 78 39 0 3000 0 24 15 0 1673 37 0 564 66 0 92 184 1212 838 0 18 298 21 1982 51 240 68 0 478 0 164 0 2576 121 100 0 22 80 629 2270 66 35 7 0 
19 0 36 480 597 0 72 199 0 87 0 120 23 750 274 0 504 34 23 0 0 9 524 0 0 530 186 817 0 1099 265 35 977 14 62 78 0 609 288 115 40 0 124 153 29 13 0 460 37 0 8 93 0 0 560 21 0 0 63 816 80 45 0 0 25 666 55 0 211 0 218 23 138 0 84 92 239 87 40 737 0 248 17 415 9 307 0 9 15 81 31 86 0 144 187 150 126 86 0 0 
360 0 46 0 34 0 0 226 0 91 0 16 789 85 0 0 217 37 41 0 9 0 0 0 0 3000 46 0 0 42 381 92 310 570 0 14 0 191 0 0 1660 0 0 540 30 247 0 0 0 0 2354 0 0 0 40 26 0 0 11 16 143 44 0 0 30 0 621 0 0 0 60 211 47 0 38 67 0 216 8 0 0 837 70 141 0 481 0 11 422 92 35 59 0 0 15 31 0 15 0 0 
589 231 2323 0 2730 263 0 65 484 476 70 255 2676 175 166 127 28 7 34 14 524 0 0 9 29 130 64 0 616 97 323 413 76 53 1309 14 0 27 11 1728 182 830 127 47 56 284 2420 148 1151 0 20 22 0 9 0 136 1122 147 22 140 395 0 1478 161 12 63 24 0 1174 9 146 102 10 20 552 0 26 30 85 496 19 80 3000 1016 102 0 9 0 1026 149 508 12 536 57 695 61 27 43 100 0 
114 571 157 25 16 3000 30 177 154 1692 71 0 0 1199 14 3000 0 376 0 164 0 0 9 0 3000 37 0 8 70 188 0 89 693 0 3000 0 13 0 131 0 15 327 0 11 625 65 531 349 16 265 0 0 28 0 227 0 0 208 46 549 200 0 8 913 0 0 919 780 0 239 0 143 870 279 36 0 20 313 0 51 80 0 172 0 133 1997 46 0 0 849 825 0 2660 0 935 82 21 0 48 640 
242 60 40 108 12 121 17 1271 212 57 806 1297 27 19 33 90 394 63 110 83 0 0 29 3000 0 165 0 203 1496 64 38 2421 15 123 77 51 0 0 283 495 127 74 47 39 102 693 205 126 56 98 0 790 0 33 0 63 76 113 83 33 3000 0 226 120 0 309 208 1149 11 34 0 64 1439 12 44 0 162 340 202 68 65 125 100 0 178 357 1461 0 0 86 228 0 42 512 21 309 7 81 20 0 
335 90 80 2511 124 48 145 26 0 229 11 494 11 3000 530 208 834 364 94 21 530 3000 130 37 165 0 597 55 22 991 63 28 345 85 68 487 21 132 10 11 128 7 620 82 23 18 0 38 8 11 47 14 239 217 10 254 10 1184 675 45 209 2063 65 0 21 17 378 31 3000 140 48 109 215 176 447 25 67 162 35 39 17 92 571 509 670 959 104 28 34 114 3000 162 227 81 170 834 93 270 178 1835 
628 0 11 0 14 0 0 19 0 56 0 97 19 17 0 0 345 639 76 0 186 46 64 0 0 597 0 0 0 1877 14 1063 56 77 0 1656 0 283 0 0 30 0 0 1577 49 212 0 0 0 0 24 0 0 0 17 1060 0 0 10 347 550 9 0 0 3000 51 189 0 0 0 929 63 3000 0 188 116 0 1629 41 0 0 9 17 105 0 10 0 77 474 43 0 173 0 0 0 11 0 662 0 0 
83 0 360 26 17 110 581 9 36 53 3000 226 0 42 412 0 0 15 28 0 817 0 0 8 203 55 0 0 58 11 0 0 38 0 15 0 105 35 15 0 41 76 0 33 39 99 0 234 232 94 0 0 990 0 139 0 0 15 327 1392 60 0 0 73 0 0 221 79 0 0 578 103 145 0 65 28 167 404 0 0 532 8 151 60 13 3000 262 32 339 152 9 77 0 0 1972 213 8 0 91 372 
2090 122 209 506 808 182 11 148 223 2192 19 333 0 40 595 78 0 338 437 463 0 0 616 70 1496 22 0 58 0 14 0 13 236 0 44 82 71 0 8 15 49 109 3000 461 352 49 39 406 489 792 0 0 47 0 35 585 0 8 38 591 130 0 227 69 0 0 137 73 307 16 477 91 791 291 412 267 234 56 0 54 163 17 105 0 15 7 193 104 0 26 10 2780 748 0 2034 30 3000 0 617 243 
135 190 142 118 19 23 65 37 0 8 250 15 46 1364 2072 347 99 150 372 29 1099 42 97 188 64 991 1877 11 14 0 9 57 9 626 195 482 37 56 27 58 594 33 431 93 21 349 0 1666 664 145 568 271 73 753 519 428 0 10 163 114 53 38 12 106 11 182 610 1298 45 0 11 19 142 39 29 202 95 213 190 11 178 24 55 67 71 19 122 728 157 298 18 910 13 13 330 397 3000 11 10 441 
1764 498 32 0 262 0 0 24 0 0 17 144 100 283 132 42 1032 110 3000 13 265 381 323 0 38 63 14 0 0 9 0 96 174 423 0 3000 0 2073 31 2431 118 0 14 2167 218 51 0 529 20 0 143 208 0 25 0 119 833 9 127 0 178 108 15 0 83 3000 26 0 296 405 52 1415 460 118 104 0 146 114 12 29 0 28 0 111 0 0 34 0 11 10 0 276 13 15 0 14 0 66 0 0 
8 83 27 687 638 321 26 44 1074 92 38 431 233 340 1406 187 217 73 1855 39 35 92 413 89 2421 28 1063 0 13 57 96 0 1941 274 140 119 0 3000 61 49 93 169 153 255 24 1297 991 8 43 183 424 16 0 178 20 72 184 108 141 2184 332 485 71 157 110 71 35 0 107 865 521 323 190 1676 50 764 140 229 14 2219 1291 502 193 13 121 94 1773 255 1771 374 40 21 65 18 228 550 272 70 979 0 
11 0 22 95 48 270 348 3000 0 255 1349 194 0 9 1278 1926 0 3000 169 13 977 310 76 693 15 345 56 38 236 9 174 1941 0 7 25 576 18 91 75 3000 12 55 0 7 735 37 0 61 253 1099 31 0 68 0 384 24 0 210 226 13 1783 196 0 46 253 0 1241 1564 0 0 596 104 58 779 38 107 14 195 552 17 203 73 15 75 30 296 55 102 380 537 12 288 136 0 14 18 122 919 860 15 
34 18 123 0 42 0 0 14 0 0 70 33 430 73 370 15 279 140 32 749 14 570 53 0 123 85 77 0 0 626 423 274 7 0 1199 19 0 91 3000 126 178 102 69 55 21 13 0 121 241 0 29 140 0 37 0 13 1265 136 104 0 23 24 36 0 1343 214 48 0 1073 34 36 59 47 295 84 0 33 195 170 53 0 145 0 90 0 0 154 0 290 8 0 50 33 265 158 88 0 115 437 0 
46 102 38 17 1736 106 234 157 79 322 1522 8 0 773 1129 63 0 75 23 398 62 0 1309 3000 77 68 0 15 44 195 0 140 25 1199 0 67 58 225 199 10 16 309 1609 57 8 55 117 17 8 21 0 0 19 0 62 31 0 290 210 447 133 0 11 222 0 0 944 388 2148 290 8 207 16 232 3000 988 168 3000 114 9 32 1112 31 229 16 93 1455 26 116 22 12 137 3000 0 244 107 108 0 19 1345 
204 286 38 0 28 0 0 123 0 9 51 14 195 68 400 3000 538 52 430 86 78 14 14 0 51 487 1656 0 82 482 3000 119 576 19 67 0 0 62 770 28 29 757 209 231 639 15 0 139 565 0 471 14 0 330 243 30 3000 169 8 24 39 17 95 0 21 149 67 0 90 30 17 65 738 554 12 168 383 2116 3000 8 565 27 684 115 0 0 149 108 725 104 0 949 12 9 137 19 9 63 215 0 
170 0 585 297 0 17 1590 95 0 10 0 137 0 8 0 0 0 683 0 0 0 0 0 13 0 21 0 105 71 37 0 0 18 0 58 0 0 12 0 0 24 143 0 578 0 150 0 0 148 8 0 0 670 0 38 0 0 217 0 14 0 0 0 458 0 0 149 23 0 0 34 13 1827 0 1490 305 73 316 0 0 21 0 107 0 11 504 0 105 0 0 108 190 0 0 88 15 410 0 348 70 
51 0 1988 77 68 0 142 1512 0 61 0 430 15 1251 1450 0 865 20 169 0 609 191 27 0 0 132 283 35 0 56 2073 3000 91 91 225 62 12 0 0 0 7 0 0 1726 12 19 0 0 85 0 82 0 431 0 24 174 0 0 878 26 3000 11 0 0 8 0 3000 1031 0 0 117 323 46 0 523 673 79 100 3000 0 0 51 22 8 7 102 0 1588 557 800 503 8 0 0 2038 166 0 3000 0 69 
94 79 160 10 1689 11 216 1324 19 540 780 207 613 76 640 286 103 838 149 40 288 0 11 131 283 10 0 15 8 27 31 61 75 3000 199 770 0 0 0 21 44 1204 410 153 244 225 947 46 8 47 0 158 0 184 0 3000 18 205 23 9 37 0 84 2612 32 214 1929 0 807 102 0 78 512 221 12 0 1498 24 239 260 297 11 441 770 442 46 73 0 81 17 41 35 506 872 34 131 414 42 430 0 
42 173 115 0 302 0 0 3000 51 0 287 14 97 370 54 29 593 244 72 44 115 0 1728 0 495 11 0 0 15 58 2431 49 3000 126 10 28 0 0 21 0 276 41 191 32 269 388 160 264 9 0 69 11 0 396 0 748 467 26 786 0 205 0 24 34 99 49 500 0 14 571 0 166 16 35 2034 0 14 388 38 112 761 34 0 14 0 0 33 0 8 18 0 557 424 565 21 578 9 37 928 0 
88 0 95 27 175 193 30 2204 0 482 380 46 483 9 58 95 35 16 921 2909 40 1660 182 15 127 128 30 41 49 594 118 93 12 178 16 29 24 7 44 276 0 592 30 67 1436 1613 0 8 155 248 110 12 32 0 9 77 0 66 14 37 241 290 35 217 391 149 28 20 9 0 22 60 150 58 1464 8 1616 489 11 17 56 15 264 9 97 536 57 189 886 47 152 1439 8 829 187 102 561 411 31 705 
428 51 159 42 277 156 25 49 71 21 140 1039 0 28 31 10 0 8 13 68 0 0 830 327 74 7 0 76 109 33 0 169 55 102 309 757 143 0 1204 41 592 0 87 360 21 19 168 235 317 3000 0 0 19 0 8 1093 0 36 130 91 9 0 41 418 0 0 145 186 14 55 0 20 860 8 1092 0 17 52 0 8 14 243 182 0 3000 339 261 0 0 963 32 0 66 3000 122 59 33 0 26 912 
63 594 0 0 174 0 0 0 138 0 134 18 648 15 50 894 9 0 79 305 124 0 127 0 47 620 0 0 3000 431 14 153 0 69 1609 209 0 0 410 191 30 87 0 137 87 0 23 164 12 0 0 10 0 16 0 12 8 823 1267 0 8 0 91 0 0 12 3000 0 216 17 0 43 1345 432 321 0 106 475 37 13 30 47 0 50 0 0 166 0 2846 693 0 0 22 175 0 0 9 10 118 0 
13 55 53 171 1286 51 47 15 131 43 286 47 1031 31 409 155 18 532 117 231 153 540 47 11 39 82 1577 33 461 93 2167 255 7 55 57 231 578 1726 153 32 67 360 137 0 115 3000 36 17 337 16 66 236 111 0 2747 113 0 20 103 261 48 89 1026 25 1047 22 114 285 106 220 708 121 63 286 1852 1163 107 101 31 9 168 47 57 18 61 37 87 12 979 121 223 244 93 365 303 1305 214 53 313 1103 
413 62 117 12 167 312 1412 1287 597 23 3000 238 69 76 2284 257 106 99 19 144 29 30 56 625 102 23 49 39 352 21 218 24 735 21 8 639 0 12 244 269 1436 21 87 115 0 111 31 26 11 291 84 507 0 3000 615 377 152 19 13 1766 20 1701 3000 593 148 97 1506 13 14 419 12 24 90 56 57 739 105 42 608 15 1703 1560 21 2856 8 33 276 11 2066 33 208 2083 8 54 123 76 103 39 271 0 
22 0 28 23 18 20 110 24 0 103 430 48 0 212 116 0 16 41 8 0 13 247 284 65 693 18 212 99 49 349 51 1297 37 13 55 15 150 19 225 388 1613 19 0 3000 111 0 0 15 77 23 22 0 167 0 602 895 0 3000 1202 33 91 12 0 307 27 0 967 77 0 0 38 58 141 0 85 140 2054 2309 398 11 317 99 146 242 1669 45 31 13 36 129 9 625 31 0 11 39 73 49 79 12 
2408 28 0 316 0 35 13 0 499 0 440 0 0 48 1253 24 0 0 0 599 0 0 2420 531 205 0 0 0 39 0 0 991 0 0 117 0 0 0 947 160 0 168 23 36 31 0 0 37 1170 1188 0 0 0 0 0 0 0 183 3000 0 11 0 27 145 0 0 13 0 0 86 0 485 138 1023 590 0 460 0 0 322 10 0 0 0 174 0 186 0 0 9 1171 0 286 0 651 0 16 0 2121 0 
665 9 95 333 714 1433 35 30 101 447 381 2213 14 942 143 327 74 66 14 452 460 0 148 349 126 38 0 234 406 1666 529 8 61 121 17 139 0 0 46 264 8 235 164 17 26 15 37 0 71 41 0 238 0 183 0 675 8 642 436 53 7 0 1990 214 0 44 141 0 155 103 0 2072 2068 26 150 0 1298 1094 753 996 28 40 1059 410 1135 534 17 0 179 3000 55 0 782 1019 76 54 109 106 46 0 
818 8 3000 64 61 60 9 111 8 1443 17 180 563 12 62 16 116 10 2864 12 37 0 1151 16 56 8 0 232 489 664 20 43 253 241 8 565 148 85 8 9 155 317 12 337 11 77 1170 71 0 220 0 32 120 56 56 616 0 15 62 48 3000 0 129 162 0 252 53 3000 586 89 46 279 477 190 50 3000 981 726 372 18 13 54 29 17 64 11 173 19 332 35 10 466 49 164 2823 656 84 206 134 94 
519 0 15 818 305 16 164 15 62 104 55 211 0 18 2419 182 0 219 97 0 0 0 0 265 98 11 0 94 792 145 0 183 1099 0 21 0 8 0 47 0 248 3000 0 16 291 23 1188 41 220 0 0 0 55 0 250 0 0 42 174 91 127 0 0 179 0 0 31 210 0 345 107 2112 676 22 555 55 22 19 0 35 77 26 13 0 37 12 234 225 0 962 158 77 388 0 85 19 20 0 392 285 
32 0 266 0 3000 0 0 35 0 1475 0 537 418 19 213 0 1078 11 52 0 8 2354 20 0 0 47 24 0 0 568 143 424 31 29 0 471 0 82 0 69 110 0 0 66 84 22 0 0 0 0 0 16 0 0 22 12 0 0 73 120 2504 10 0 0 40 226 114 0 48 0 208 269 39 0 36 1369 0 38 56 0 0 1001 837 58 0 129 0 1082 13 859 488 920 0 187 11 15 0 296 0 0 
168 39 0 0 56 0 0 0 0 0 1136 41 29 72 195 941 84 0 143 107 93 0 22 0 790 14 0 0 0 271 208 16 0 140 0 14 0 0 158 11 12 0 10 236 507 0 0 238 32 0 16 0 0 21 0 255 167 171 1370 0 8 0 9 0 136 22 261 0 214 602 0 109 95 115 245 0 200 35 1689 33 0 186 0 59 0 0 409 0 8 38 0 0 254 77 0 0 0 240 0 0 
60 0 302 105 0 49 152 751 0 1547 0 0 0 1181 0 0 0 40 0 0 0 0 0 28 0 239 0 990 47 73 0 0 68 0 19 0 670 431 0 0 32 19 0 111 0 167 0 0 120 55 0 0 0 0 123 0 0 91 0 24 0 0 0 43 0 0 727 30 0 0 279 93 87 0 0 421 771 24 0 0 34 0 416 0 116 11 0 34 0 0 2192 377 0 0 25 252 1772 0 31 24 
0 20 0 0 253 0 0 0 0 0 305 59 105 328 13 186 225 0 10 105 0 0 9 0 33 217 0 0 0 753 25 178 0 37 0 330 0 0 184 396 0 0 16 0 3000 0 0 183 56 0 0 21 0 0 0 19 76 11 462 0 264 0 121 0 0 95 24 0 83 9 0 15 62 1567 229 0 3000 43 34 21 0 15 0 0 0 0 706 0 26 379 0 0 380 180 0 0 0 10 0 0 
12 0 7 3000 13 25 448 27 0 709 0 36 0 209 13 0 0 507 13 0 560 40 0 227 0 10 17 139 35 519 0 20 384 0 62 243 38 24 0 0 9 8 0 2747 615 602 0 0 56 250 22 0 123 0 0 17 0 35 88 11 120 299 0 0 11 0 86 84 0 0 530 291 611 0 234 16 205 30 469 0 16 119 320 27 97 146 0 388 15 88 1598 58 0 0 12 52 395 0 0 28 
1411 165 41 0 204 0 3000 99 0 29 18 15 53 19 16 58 35 731 384 26 21 26 136 0 63 254 1060 0 585 428 119 72 24 13 31 30 0 174 3000 748 77 1093 12 113 377 895 0 675 616 0 12 255 0 19 17 0 83 59 256 16 13 8 48 0 15 3000 14 0 549 0 115 820 285 29 754 58 874 1532 161 45 0 180 29 157 108 12 285 289 371 400 116 288 7 929 2454 2093 604 23 0 0 
0 32 0 0 960 0 0 0 0 0 304 10 43 0 452 776 10 0 61 32 0 0 1122 0 76 10 0 0 0 0 833 184 0 1265 0 3000 0 0 18 467 0 0 8 0 152 0 0 8 0 0 0 167 0 76 0 83 0 0 10 0 143 0 2567 0 0 20 14 0 656 294 0 367 138 9 12 0 0 0 539 17 0 7 0 0 0 0 108 0 0 291 0 0 171 361 0 0 0 28 0 0 
31 18 11 17 54 346 65 164 58 13 96 43 0 22 14 364 0 509 1168 78 0 0 147 208 113 1184 0 15 8 10 9 108 210 136 290 169 217 0 205 26 66 36 823 20 19 3000 183 642 15 42 0 171 91 11 35 59 0 0 111 193 49 0 1424 30 0 0 2039 1462 34 822 0 343 84 180 17 0 110 26 0 15 3000 12 28 0 121 42 129 0 0 147 764 0 196 154 25 236 253 0 313 175 
553 3000 1003 438 44 184 1245 33 303 198 788 989 9 8 9 20 49 12 835 39 63 11 22 46 83 675 10 327 38 163 127 141 226 104 210 8 0 878 23 786 14 130 1267 103 13 1202 3000 436 62 174 73 1370 0 462 88 256 10 111 0 8 310 24 11 12 267 24 392 184 24 53 188 154 49 458 73 112 29 1389 873 19 28 192 56 18 2972 57 411 182 31 50 349 14 101 11 16 24 1670 1242 30 0 
348 0 47 2236 1251 100 56 1151 0 1466 20 3000 0 275 1605 0 0 166 228 0 816 16 140 549 33 45 347 1392 591 114 0 2184 13 0 447 24 14 26 9 0 37 91 0 261 1766 33 0 53 48 91 120 0 24 0 11 16 0 193 8 0 754 124 0 935 43 0 142 87 0 0 26 20 15 0 577 55 3000 25 32 50 11 2408 29 13 11 111 2223 84 67 177 178 141 0 0 158 467 116 0 251 2262 
110 152 11 28 33 316 499 25 143 3000 18 148 96 3000 358 47 9 844 103 3000 80 143 395 200 3000 209 550 60 130 53 178 332 1783 23 133 39 0 3000 37 205 241 9 8 48 20 91 11 7 3000 127 2504 8 0 264 120 13 143 49 310 754 0 27 1105 2259 8 284 21 3000 39 18 93 18 64 57 24 737 2450 74 239 1907 28 38 1309 10 278 30 283 545 11 172 576 108 575 226 24 1349 734 1830 169 0 
492 0 3000 0 46 0 0 220 0 17 0 540 28 196 0 0 72 291 21 0 45 44 0 0 0 2063 9 0 0 38 108 485 196 24 0 17 0 11 0 0 290 0 0 89 1701 12 0 0 0 0 10 0 0 0 299 8 0 0 24 124 27 0 0 0 281 0 110 0 0 0 77 906 37 0 61 27 0 1110 219 0 0 154 46 225 0 9 0 144 148 126 318 101 0 0 15 35 0 224 0 0 
257 162 113 0 17 0 0 0 115 0 18 169 2652 392 212 54 44 435 549 24 0 0 1478 8 226 65 0 0 227 12 15 71 0 36 11 95 0 0 84 24 35 41 91 1026 3000 0 27 1990 129 0 0 9 0 121 0 48 2567 1424 11 0 1105 0 0 57 0 195 32 0 83 711 0 147 157 33 295 0 175 3000 21 63 97 164 0 0 0 0 29 0 471 341 0 0 441 1774 85 0 169 57 65 0 
1223 209 709 110 1032 638 192 0 22 14 3000 0 0 326 87 121 0 58 0 15 0 0 161 913 120 0 0 73 69 106 0 157 46 0 222 0 458 0 2612 34 217 418 0 25 593 307 145 214 162 179 0 0 43 0 0 0 0 30 12 935 2259 0 57 0 0 0 3000 21 0 35 0 122 226 633 74 0 29 1099 0 90 15 0 245 0 95 17 42 0 0 3000 32 0 35 0 362 105 1039 0 2006 403 
12 0 29 0 53 0 0 44 0 61 0 1367 2900 950 20 0 16 689 1561 0 25 30 12 0 0 21 3000 0 0 11 83 110 253 1343 0 21 0 8 32 99 391 0 0 1047 148 27 0 0 0 0 40 136 0 0 11 15 0 0 267 43 8 281 0 0 0 42 347 0 1497 0 31 284 101 0 558 130 0 3000 87 0 0 3000 20 13 0 110 0 19 751 48 74 65 0 1920 580 84 0 11 0 0 
0 901 0 0 89 0 0 0 0 0 156 432 409 220 419 129 252 0 25 1673 666 0 63 0 309 17 51 0 0 182 3000 71 0 214 0 149 0 0 214 49 149 0 12 22 97 0 0 44 252 0 226 22 0 95 0 3000 20 0 24 0 284 0 195 0 42 0 88 0 49 115 0 262 964 17 469 0 54 50 580 130 0 69 0 82 0 0 13 0 630 241 0 0 16 108 0 0 0 27 0 0 
38 8 538 85 15 49 9 171 628 3000 33 143 35 35 29 9 2625 209 172 37 55 621 24 919 208 378 189 221 137 610 26 35 1241 48 944 67 149 3000 1929 500 28 145 3000 114 1506 967 13 141 53 31 114 261 727 24 86 14 14 2039 392 142 21 110 32 3000 347 88 0 2001 478 633 152 756 222 395 28 11 11 1568 140 112 3000 29 785 138 137 887 10 460 77 119 556 181 17 34 740 3000 128 310 15 2367 
41 0 1999 191 0 2614 29 196 794 156 40 675 0 15 224 0 0 11 576 0 0 0 0 780 1149 31 0 79 73 1298 0 0 1564 0 388 0 23 1031 0 0 20 186 0 285 13 77 0 0 3000 210 0 0 30 0 84 0 0 1462 184 87 3000 0 0 21 0 0 2001 0 0 0 100 63 25 0 113 15 440 49 0 0 75 0 76 0 543 69 424 38 0 31 1651 320 0 0 121 667 360 0 638 34 
79 594 666 0 2049 0 0 0 0 0 8 1580 236 595 512 16 8 1320 195 564 211 0 1174 0 11 3000 0 0 307 45 296 107 0 1073 2148 90 0 0 807 14 9 14 216 106 14 0 0 155 586 0 48 214 0 83 0 549 656 34 24 0 39 0 83 0 1497 49 478 0 0 118 0 175 798 43 31 0 1970 3000 74 964 170 1193 0 24 0 0 1146 0 34 330 0 0 25 26 0 0 0 28 279 0 
287 1119 44 48 249 202 0 0 467 0 488 0 28 61 1607 82 151 27 0 66 0 0 9 239 34 140 0 0 16 0 405 865 0 34 290 30 0 0 102 571 0 55 17 220 419 0 86 103 89 345 0 602 0 9 0 0 294 822 53 0 18 0 711 35 0 115 633 0 118 0 0 537 520 75 17 0 352 69 621 58 1019 70 0 0 28 0 72 0 0 12 0 0 70 372 54 422 520 327 23 0 
13 0 11 25 7 19 2759 55 0 166 0 199 0 128 95 0 0 334 352 0 218 60 146 0 0 48 929 578 477 11 52 521 596 36 8 17 34 117 0 0 22 0 0 708 12 38 0 0 46 107 208 0 279 0 530 115 0 0 188 26 93 77 0 0 31 0 152 100 0 0 0 3000 117 0 33 141 547 242 468 0 0 644 179 27 499 82 0 471 93 446 173 73 0 0 14 652 43 23 0 17 
496 1156 25 8 556 54 19 1147 235 842 493 202 48 43 118 353 19 160 855 92 23 211 102 143 64 109 63 103 91 19 1415 323 104 59 207 65 13 323 78 166 60 20 43 121 24 58 485 2072 279 2112 269 109 93 15 291 820 367 343 154 20 18 906 147 122 284 262 756 63 175 537 3000 0 59 719 25 68 3000 1227 15 972 57 33 177 217 145 735 92 22 11 144 3000 47 20 164 203 1826 37 94 79 1776 
921 3000 41 3000 305 281 195 404 190 99 13 492 56 139 18 23 17 71 18 184 138 47 10 870 1439 215 3000 145 791 142 460 190 58 47 16 738 1827 46 512 16 150 860 1345 63 90 141 138 2068 477 676 39 95 87 62 611 285 138 84 49 15 64 37 157 226 101 964 222 25 798 520 117 59 0 55 136 1378 75 147 147 16 151 204 1080 96 212 134 164 81 672 11 8 566 78 52 175 91 207 64 20 338 
346 2013 485 13 49 25 0 0 105 0 50 304 23 37 637 3000 27 3000 54 1212 0 0 20 279 12 176 0 0 291 39 118 1676 779 295 232 554 0 0 221 35 58 8 432 286 56 0 1023 26 190 22 0 115 0 1567 0 29 9 180 458 0 57 0 33 633 0 17 395 0 43 75 0 719 55 0 102 0 231 9 79 2314 12 23 601 0 105 0 117 0 0 73 224 0 90 8 209 136 32 40 14 0 
108 3000 13 3000 77 329 97 100 131 35 3000 180 59 84 1801 9 55 371 165 838 84 38 552 36 44 447 188 65 412 29 104 50 38 84 3000 12 1490 523 12 2034 1464 1092 321 1852 57 85 590 150 50 555 36 245 0 229 234 754 12 17 73 577 24 61 295 74 558 469 28 113 31 17 33 25 136 102 0 17 315 60 202 9 82 327 92 8 1702 245 13 14 382 744 289 53 165 354 256 22 16 31 641 0 
35 0 3000 33 54 16 15 52 0 452 0 17 0 70 77 0 0 47 637 0 92 67 0 0 0 25 116 28 267 202 0 764 107 0 988 168 305 673 0 0 8 0 0 1163 739 140 0 0 3000 55 1369 0 421 0 16 58 0 0 112 55 737 27 0 0 130 0 11 15 0 0 141 68 1378 0 17 0 54 124 41 0 0 9 12 59 680 173 0 444 1281 540 312 3000 0 0 340 17 182 0 0 27 
11 184 713 41 770 914 495 9 1053 114 1352 315 0 245 48 323 134 265 13 18 239 0 26 20 162 67 0 167 234 95 146 140 14 33 168 383 73 79 1498 14 1616 17 106 107 105 2054 460 1298 981 22 0 200 771 3000 205 874 0 110 29 3000 2450 0 175 29 0 54 11 440 1970 352 547 3000 75 231 315 54 0 13 187 32 55 24 13 1530 21 47 871 544 465 1226 776 193 14 11 31 100 131 8 46 12 
62 131 33 389 420 16 41 23 0 58 1163 78 88 1518 1455 308 14 29 10 298 87 216 30 313 340 162 1629 404 56 213 114 229 195 195 3000 2116 316 100 24 388 489 52 475 101 42 2309 0 1094 726 19 38 35 24 43 30 1532 0 26 1389 25 74 1110 3000 1099 3000 50 1568 49 3000 69 242 1227 147 9 60 124 13 0 10 50 71 492 194 24 85 145 36 119 22 312 836 7 260 51 75 3000 93 10 30 132 
11 11 11 0 31 0 0 29 0 79 197 8 134 31 679 1962 449 69 3000 21 40 8 85 0 202 35 41 0 0 190 12 14 552 170 114 3000 0 3000 239 38 11 0 37 31 608 398 0 753 372 0 56 1689 0 34 469 161 539 0 873 32 239 219 21 0 87 580 140 0 74 621 468 15 147 79 202 41 187 10 0 3000 0 23 19 1227 0 0 15 12 29 13 0 35 239 43 37 3000 0 34 0 0 
3000 408 53 573 515 90 29 952 976 0 78 142 26 10 84 697 597 197 54 1982 737 0 496 51 68 39 0 0 54 11 29 2219 17 53 9 8 0 0 260 112 17 8 13 9 15 11 322 996 18 35 0 33 0 21 0 45 17 15 19 50 1907 0 63 90 0 130 112 0 964 58 0 972 16 2314 9 0 32 50 3000 0 28 213 20 43 65 0 325 0 82 135 1032 0 2008 10 197 291 1078 151 766 0 
11 42 26 21 570 714 71 0 300 103 161 0 0 1071 82 947 0 63 564 51 0 0 19 80 65 17 0 532 163 178 0 1291 203 0 32 565 21 0 297 761 56 14 30 168 1703 317 10 28 13 77 0 0 34 0 16 0 0 3000 28 11 28 0 97 15 0 0 3000 75 170 1019 0 57 151 12 82 0 55 71 0 28 0 198 85 0 39 8 646 0 0 112 994 0 1939 0 619 24 96 0 919 177 
196 18 40 100 1014 0 590 538 0 3000 54 20 108 616 40 37 295 74 756 240 248 837 80 0 125 92 9 8 17 24 28 502 73 145 1112 27 0 51 11 34 15 243 47 47 1560 99 0 40 54 26 1001 186 0 15 119 180 7 12 192 2408 38 154 164 0 3000 69 29 0 1193 70 644 33 204 23 327 9 24 492 23 213 198 0 72 21 237 238 155 37 10 14 38 23 36 162 476 34 110 17 2916 0 
1058 0 165 493 28 38 13 361 2321 507 270 30 0 36 1222 74 0 50 279 68 17 70 3000 172 100 571 17 151 105 55 0 193 15 0 31 684 107 22 441 0 264 182 0 57 21 146 0 1059 29 13 837 0 416 0 320 29 0 28 56 29 1309 46 0 245 20 0 785 76 0 0 179 177 1080 601 92 12 13 194 19 20 85 72 0 11 11 634 108 14 153 1018 181 229 1733 0 22 19 1702 0 31 17 
663 0 32 31 333 0 167 411 0 13 0 294 69 53 1232 0 190 58 19 0 415 141 1016 0 0 509 105 60 0 67 111 13 75 90 229 115 0 8 770 14 9 0 50 18 2856 242 0 410 17 0 58 59 0 0 27 157 0 0 18 13 10 225 0 0 13 82 138 0 24 0 27 217 96 0 8 59 1530 24 1227 43 0 21 11 0 132 76 0 124 535 16 244 3000 0 12 22 31 0 308 0 0 
226 0 12 89 690 39 473 189 191 175 53 473 0 157 54 18 0 414 317 478 9 0 102 133 178 670 0 13 15 71 0 121 30 0 16 0 11 7 442 0 97 3000 0 61 8 1669 174 1135 64 37 0 0 116 0 97 108 0 121 2972 11 278 0 0 95 0 0 137 543 0 28 499 145 212 105 1702 680 21 85 0 65 39 237 11 132 0 74 59 12 3000 87 134 60 145 0 3000 1049 8 0 336 15 
10 0 10 41 23 52 239 9 0 2688 35 20 0 29 3000 0 0 2722 17 0 307 481 0 1997 357 959 10 3000 7 19 0 94 296 0 93 0 504 102 46 0 536 339 0 37 33 45 0 534 11 12 129 0 11 0 146 12 0 42 57 111 30 9 0 17 110 0 887 69 0 0 82 735 134 0 245 173 47 145 0 0 8 238 634 76 74 0 349 64 60 65 1317 14 0 0 2249 1317 42 0 115 122 
11 8 130 241 622 21 215 0 49 534 26 373 231 26 11 236 42 90 8 164 0 0 9 46 1461 104 0 262 193 122 34 1773 55 154 1455 149 0 0 73 33 57 261 166 87 276 31 186 17 173 234 0 409 0 706 0 285 108 129 411 2223 283 0 29 42 0 13 10 424 1146 72 0 92 164 117 13 0 871 36 15 325 646 155 108 0 59 349 0 0 0 279 239 0 116 3000 3000 223 61 59 29 0 
469 0 173 315 84 0 243 3000 0 209 0 8 0 94 17 0 0 105 442 0 9 11 0 0 0 28 77 32 104 728 0 255 102 0 26 108 105 1588 0 0 189 0 0 12 11 13 0 0 19 225 1082 0 34 0 388 289 0 0 182 84 545 144 0 0 19 0 460 38 0 0 471 22 81 0 14 444 544 119 12 0 0 37 14 124 12 64 0 0 191 147 12 176 0 0 17 22 34 138 0 13 
87 0 27 22 340 0 34 117 0 20 0 3000 2497 114 27 0 321 2241 8 2576 15 422 1026 0 0 34 474 339 0 157 11 1771 380 290 116 725 0 557 81 8 886 0 2846 979 2066 36 0 179 332 0 13 8 0 26 15 371 0 0 31 67 11 148 471 0 751 630 77 0 34 0 93 11 672 0 382 1281 465 22 29 82 0 10 153 535 3000 60 0 191 0 25 46 71 0 3000 42 23 794 1045 0 0 
10 25 8 13 273 270 125 48 1270 91 103 1588 529 736 288 2151 8 349 11 121 81 92 149 849 86 114 43 152 26 298 10 374 537 8 22 104 0 800 17 18 47 963 693 121 33 129 9 3000 35 962 859 38 0 379 88 400 291 147 50 177 172 126 341 3000 48 241 119 31 330 12 446 144 11 73 744 540 1226 312 13 135 112 14 1018 16 87 65 279 147 25 0 378 322 231 260 489 18 37 32 30 0 
14 0 247 51 37 358 49 19 84 81 1217 350 0 27 1746 111 0 116 210 100 31 35 508 825 228 3000 0 9 10 18 0 40 12 0 12 0 108 503 41 0 152 32 0 223 208 9 1171 55 10 158 488 0 2192 0 1598 116 0 764 349 178 576 318 0 32 74 0 556 1651 0 0 173 3000 8 224 289 312 776 836 0 1032 994 38 181 244 134 1317 239 12 46 378 0 75 138 0 24 74 84 0 9 1164 
153 0 11 500 303 0 87 9 0 256 0 1029 264 481 3000 0 40 1324 276 0 86 59 12 0 0 162 173 77 2780 910 276 21 288 50 137 949 190 8 35 557 1439 0 0 244 2083 625 0 0 466 77 920 0 377 0 58 288 0 0 14 141 108 101 0 0 65 0 181 320 0 0 73 47 566 0 53 3000 193 7 35 0 0 23 229 3000 60 14 0 176 71 322 75 0 0 0 186 171 12 237 0 67 
30 184 3000 48 9 3000 15 0 1453 0 230 160 8 298 185 37 130 1843 8 22 0 0 536 2660 42 227 0 0 748 13 13 65 136 33 3000 12 0 0 506 424 8 66 22 93 8 31 286 782 49 388 0 254 0 380 0 7 171 196 101 0 575 0 441 35 0 16 17 0 25 70 0 20 78 90 165 0 14 260 239 2008 1939 36 1733 0 145 0 116 0 0 231 138 0 0 464 649 15 13 51 651 0 
38 24 0 0 291 0 0 0 0 0 94 29 29 534 299 50 86 0 1927 80 144 0 57 0 512 81 0 0 0 13 15 18 0 265 0 9 0 0 872 565 829 3000 175 365 54 0 0 1019 164 0 187 77 0 180 0 929 361 154 11 0 226 0 1774 0 1920 108 34 0 26 372 0 164 52 8 354 0 11 51 43 10 0 162 0 12 0 0 3000 0 3000 260 0 0 464 0 0 0 0 62 15 0 
945 118 1966 125 12 240 36 30 54 102 226 17 0 65 30 624 0 616 193 629 187 15 695 935 21 170 0 1972 2034 330 0 228 14 158 244 137 88 2038 34 21 187 122 0 303 123 11 651 76 2823 85 11 0 25 0 12 2454 0 25 16 158 24 15 85 362 580 0 740 121 0 54 14 203 175 209 256 340 31 75 37 197 619 476 22 22 3000 2249 3000 17 42 489 24 186 649 0 0 423 11 0 686 43 
118 1844 489 121 176 70 643 140 37 22 354 372 0 34 340 66 0 8 450 2270 150 31 61 82 309 834 11 213 30 397 14 550 18 88 107 19 15 166 131 578 102 59 0 1305 76 39 0 54 656 19 15 0 252 0 52 2093 0 236 24 467 1349 35 0 105 84 0 3000 667 0 422 652 1826 91 136 22 17 100 3000 3000 291 24 34 19 31 1049 1317 223 22 23 18 74 171 15 0 423 0 60 394 17 23 
11 691 87 168 508 14 1502 664 408 25 1470 146 0 1047 97 30 0 27 21 66 126 0 27 21 7 93 0 8 3000 3000 0 272 122 0 108 9 410 0 414 9 561 33 9 214 103 73 16 109 84 20 0 0 1772 0 395 604 0 253 1670 116 734 0 169 1039 0 0 128 360 0 520 43 37 207 32 16 182 131 93 0 1078 96 110 1702 0 8 42 61 34 794 37 84 12 13 0 11 60 0 0 712 208 
23 524 97 0 578 0 0 9 0 0 0 57 26 698 131 9 1797 33 704 35 86 15 43 0 81 270 662 0 0 11 66 70 919 115 0 63 0 3000 42 37 411 0 10 53 39 49 0 106 206 0 296 240 0 10 0 23 28 0 1242 0 1830 224 57 0 11 27 310 0 28 327 23 94 64 40 31 0 8 10 34 151 0 17 0 308 0 0 59 138 1045 32 0 237 51 62 0 394 0 0 0 0 
120 871 1120 457 10 76 11 0 128 10 36 0 0 2465 40 99 0 542 8 7 0 0 100 48 20 178 0 91 617 10 0 979 860 437 19 215 348 0 430 928 31 26 118 313 271 79 2121 46 134 392 0 0 31 0 0 0 0 313 30 251 169 0 65 2006 0 0 15 638 279 23 0 79 20 14 641 0 46 30 0 766 919 2916 31 0 336 115 29 0 0 30 9 0 651 15 686 17 712 0 0 269 
233 0 163 204 0 453 25 131 0 12 0 0 0 54 0 0 0 286 0 0 0 0 0 640 0 1835 0 372 243 441 0 0 15 0 1345 0 70 69 0 0 705 912 0 1103 0 12 0 0 94 285 0 0 24 0 28 0 0 175 0 2262 0 0 0 403 0 0 2367 34 0 0 17 1776 338 0 0 27 12 132 0 0 177 0 17 0 15 122 0 13 0 0 1164 67 0 0 43 23 208 0 269 0 
