100
0 96 102 52 51 22 32 18 94 95 21 100 44 30 30 54 24 111 54 63 57 96 28 122 78 18 81 44 66 45 65 11 2 19 96 34 98 69 47 71 90 28 89 63 68 44 52 58 66 102 90 86 57 47 64 103 58 88 63 75 25 8 69 61 80 13 87 76 91 66 62 49 46 41 44 59 17 26 37 83 43 72 107 90 37 98 67 57 96 66 92 112 64 26 80 82 54 21 105 71 
96 0 9 61 74 81 66 90 12 50 98 43 73 96 70 61 87 41 48 34 43 30 69 38 39 104 47 60 30 57 66 102 99 88 95 71 58 49 64 83 8 100 14 33 60 64 52 57 51 61 15 74 44 57 92 9 44 9 53 43 72 102 36 94 66 85 45 79 51 53 69 61 67 57 68 40 90 90 77 53 86 26 33 47 62 34 55 45 65 42 5 27 42 70 21 44 90 89 28 26 
102 9 0 63 76 86 71 95 10 46 102 38 76 100 77 63 91 34 52 40 51 25 74 30 38 109 45 63 37 61 67 107 104 93 92 78 53 58 67 83 16 104 14 39 60 72 60 65 59 56 14 72 48 65 93 2 52 14 54 43 78 108 45 95 64 90 43 78 48 61 69 69 69 64 71 47 94 94 80 61 88 33 26 44 69 29 56 53 61 50 12 19 44 77 23 42 92 93 21 33 
52 61 63 0 14 31 25 38 53 43 43 49 13 38 44 3 32 61 14 32 44 48 30 74 29 51 29 11 39 12 16 52 54 36 53 50 46 65 6 31 58 43 49 34 17 53 49 61 63 50 49 37 19 49 34 65 48 51 11 25 32 55 54 35 29 39 36 31 39 65 15 56 7 39 9 43 38 34 18 79 25 46 59 38 41 49 15 47 44 56 56 66 19 37 40 31 30 35 58 44 
51 74 76 14 0 30 31 34 66 50 37 57 7 30 51 13 28 70 28 45 56 59 35 84 40 46 37 21 53 23 16 49 53 33 46 58 51 77 13 21 72 35 62 48 21 63 61 72 75 53 61 35 33 59 21 77 60 65 22 35 37 52 67 22 29 39 43 25 46 76 12 66 10 49 11 56 34 28 14 92 14 59 69 45 50 59 22 60 46 69 69 77 33 44 53 40 17 31 69 58 
22 81 86 31 30 0 16 9 76 74 17 79 23 20 28 33 9 91 35 47 47 76 15 103 58 23 60 24 52 25 44 22 24 7 76 35 77 65 25 50 76 21 72 48 47 43 47 56 62 80 72 64 38 42 45 87 50 72 41 55 14 24 60 43 58 10 66 55 70 62 40 48 25 33 22 49 9 12 16 80 24 59 87 68 31 78 45 49 74 59 76 93 45 21 63 61 36 8 85 58 
32 66 71 25 31 16 0 25 62 65 33 69 25 34 20 28 24 80 23 32 32 65 5 90 47 38 51 15 37 15 41 36 34 23 77 26 70 50 21 53 61 37 58 33 42 32 33 43 48 73 58 62 25 29 51 72 35 57 34 45 8 37 44 50 54 19 57 55 62 49 39 36 22 19 21 33 24 26 21 66 33 43 76 60 19 67 38 34 69 44 61 80 33 13 49 51 43 24 73 42 
18 90 95 38 34 9 25 0 86 81 8 86 28 14 35 40 6 99 44 56 56 85 24 111 66 14 67 32 62 34 49 15 20 2 78 41 83 73 32 53 86 13 81 58 53 50 55 64 70 86 81 68 47 50 46 96 59 81 49 63 22 18 69 42 63 12 73 58 77 70 45 55 31 42 29 58 1 7 20 88 25 68 96 76 39 86 52 58 80 67 86 102 53 28 72 68 36 3 94 67 
94 12 10 53 66 76 62 86 0 38 92 31 66 90 70 53 82 31 42 31 45 18 66 32 28 100 36 54 31 52 56 98 96 83 83 72 46 56 57 73 17 94 4 31 50 66 54 61 56 49 4 62 38 59 82 12 47 9 44 33 69 99 41 85 54 81 33 68 39 58 59 65 59 57 61 42 85 84 70 62 78 28 23 35 62 22 46 48 53 47 11 20 34 69 14 32 82 84 18 27 
95 50 46 43 50 74 65 81 38 0 85 9 54 79 81 41 75 22 43 48 66 20 70 39 20 94 14 51 53 51 35 96 97 79 47 85 8 84 49 45 53 85 37 50 29 85 75 86 84 12 36 29 44 78 58 47 70 44 32 21 73 98 69 62 24 82 9 39 4 86 39 85 50 71 52 64 81 76 61 94 63 55 25 6 75 17 29 70 16 74 47 36 34 76 36 14 61 78 27 54 
21 98 102 43 37 17 33 8 92 85 0 91 32 9 43 44 11 104 50 64 64 91 32 117 72 9 72 39 69 41 52 14 22 10 78 48 87 81 37 53 93 6 88 65 57 58 63 72 78 90 88 70 54 58 44 103 67 89 54 68 30 18 77 41 66 19 78 59 81 78 48 63 36 50 33 66 9 9 24 96 25 76 101 80 47 92 56 66 83 76 93 108 59 36 79 73 35 9 100 75 
100 43 38 49 57 79 69 86 31 9 91 0 60 86 83 47 81 13 46 47 66 13 73 29 22 100 20 56 51 54 42 101 102 84 57 87 16 82 54 54 47 91 31 49 36 85 75 84 82 18 30 38 45 78 67 39 69 38 38 24 77 103 67 70 33 86 13 48 13 84 47 85 56 72 58 63 86 82 67 91 71 53 15 12 77 9 35 69 25 72 41 27 36 79 33 18 70 84 18 51 
44 73 76 13 7 23 25 28 66 54 32 60 0 26 44 14 22 73 25 42 51 61 29 87 42 40 41 16 50 19 21 43 46 26 53 51 56 72 9 28 70 31 61 44 25 56 55 66 70 58 61 41 30 53 27 77 55 64 23 37 30 46 63 26 35 32 47 32 50 71 17 60 6 43 5 52 28 23 7 87 13 56 71 49 44 61 25 55 52 64 68 79 32 37 53 42 20 25 70 55 
30 96 100 38 30 20 34 14 90 79 9 86 26 0 48 39 11 99 48 63 66 86 35 112 67 18 66 36 69 39 45 23 31 15 69 54 80 84 33 45 92 5 86 65 50 62 66 76 82 83 86 62 52 62 35 101 69 87 49 63 34 27 78 31 59 25 72 51 75 82 41 68 31 53 29 67 15 8 20 99 17 76 97 75 51 87 51 68 75 78 91 104 56 40 76 68 25 12 96 75 
30 70 77 44 51 28 20 35 70 81 43 83 44 48 0 47 37 92 38 39 28 76 16 100 62 44 67 33 40 33 60 39 32 33 97 7 87 39 40 72 63 48 66 38 60 15 23 29 37 90 66 81 38 17 71 78 29 63 52 60 15 37 39 69 73 24 72 75 78 36 58 21 42 13 40 31 33 40 40 54 51 45 87 75 8 79 56 28 87 36 66 89 47 8 57 67 62 35 84 44 
54 61 63 3 13 33 28 40 53 41 44 47 14 39 47 0 34 60 15 33 46 47 32 73 28 53 28 13 40 14 14 54 57 38 51 53 44 67 8 29 59 44 49 35 14 56 51 63 65 47 48 34 21 51 33 64 50 51 10 24 35 57 55 34 27 41 34 29 37 67 13 59 9 41 11 45 40 35 20 81 26 47 58 36 44 48 12 49 42 58 56 65 19 40 40 29 30 37 57 45 
24 87 91 32 28 9 24 6 82 75 11 81 22 11 37 34 0 93 40 53 55 80 24 106 61 19 62 28 59 30 43 21 26 6 72 43 77 73 27 46 83 13 77 55 47 52 55 65 71 80 77 62 44 51 40 93 58 78 43 57 23 24 68 37 57 16 68 52 71 71 39 57 25 42 23 57 7 3 14 88 18 66 91 70 40 81 46 57 73 67 82 98 49 29 68 63 30 4 89 65 
111 41 34 61 70 91 80 99 31 22 104 13 73 99 92 60 93 0 57 55 72 16 84 17 33 112 33 67 57 66 56 113 113 97 68 96 26 86 67 68 47 104 33 56 49 93 82 90 86 28 32 50 55 86 80 35 75 40 50 36 88 115 71 84 46 98 27 61 26 88 60 92 68 81 71 69 98 95 80 93 84 57 8 25 86 13 48 75 36 77 41 18 47 89 38 31 83 96 13 56 
54 48 52 14 28 35 23 44 42 43 50 46 25 48 38 15 40 57 0 18 31 42 27 68 25 58 29 11 25 9 28 57 56 41 65 43 49 52 16 44 45 52 38 20 25 44 38 49 50 52 38 46 5 38 48 53 35 39 15 23 31 58 40 49 37 41 34 43 40 52 28 46 19 29 20 30 43 42 28 66 38 32 53 37 33 44 20 35 49 43 44 59 10 33 29 29 44 41 51 30 
63 34 40 32 45 47 32 56 31 48 64 47 42 63 39 33 53 55 18 0 19 39 35 62 28 70 36 27 8 24 43 68 65 54 79 41 55 38 33 60 29 67 27 3 39 38 28 38 37 59 28 59 12 31 66 41 22 25 29 29 38 68 24 67 50 51 39 59 46 39 44 38 36 26 37 16 55 56 45 50 55 14 49 42 32 42 34 22 58 28 29 51 17 37 18 34 62 55 45 13 
57 43 51 44 56 47 32 56 45 66 64 66 51 66 28 46 55 72 31 19 0 56 32 77 46 68 55 35 15 33 58 65 59 54 95 28 73 21 43 75 36 69 42 17 55 21 9 19 20 77 42 76 27 14 78 51 4 37 45 48 34 64 12 78 67 47 58 74 65 21 58 20 46 16 46 3 55 58 51 36 62 18 65 61 20 60 50 4 76 12 39 66 35 30 34 53 72 55 61 18 
96 30 25 48 59 76 65 85 18 20 91 13 61 86 76 47 80 16 42 39 56 0 69 26 19 99 23 53 41 51 46 99 98 83 67 80 28 70 53 61 35 91 18 40 40 76 65 74 71 31 17 47 40 69 72 27 59 26 38 24 72 100 56 75 41 83 18 55 22 73 50 76 55 64 57 53 84 82 67 78 72 41 11 19 70 4 37 59 36 61 29 19 32 74 22 20 73 82 10 40 
28 69 74 30 35 15 5 24 66 70 32 73 29 35 16 32 24 84 27 35 32 69 0 94 52 36 56 19 39 19 46 34 30 22 81 22 75 49 25 57 63 37 61 36 47 29 32 41 47 78 62 67 29 28 55 75 35 60 39 50 3 34 45 53 59 16 61 59 67 47 43 34 26 18 25 34 23 27 24 65 35 45 80 64 17 71 43 34 73 44 64 84 37 8 52 56 47 23 77 44 
122 38 30 74 84 103 90 111 32 39 117 29 87 112 100 73 106 17 68 62 77 26 94 0 45 125 47 79 62 77 71 125 124 109 84 103 43 87 80 84 46 118 35 62 64 98 86 93 88 44 35 67 65 91 96 30 79 41 64 49 98 126 73 99 63 109 42 77 42 90 75 96 81 88 84 74 111 108 93 91 98 60 16 41 93 26 62 80 52 79 40 12 58 98 44 45 98 109 17 59 
78 39 38 29 40 58 47 66 28 20 72 22 42 67 62 28 61 33 25 28 46 19 52 45 0 80 9 34 33 33 29 80 81 64 57 66 27 65 34 45 39 72 25 30 22 64 55 66 64 31 24 36 24 58 55 40 50 30 18 5 55 82 50 58 27 65 12 40 18 66 32 65 36 51 38 44 66 63 48 76 53 37 30 14 56 20 18 50 31 55 35 38 15 58 20 7 55 64 29 35 
18 104 109 51 46 23 38 14 100 94 9 100 40 18 44 53 19 112 58 70 68 99 36 125 80 0 81 46 75 48 61 7 17 16 86 49 96 83 46 62 99 13 95 71 66 59 66 73 81 99 95 79 61 61 53 110 70 95 62 76 34 11 81 49 75 21 87 68 90 80 57 65 44 53 42 70 15 18 33 98 34 81 109 89 50 100 65 69 92 79 99 116 67 38 86 82 43 16 108 80 
81 47 45 29 37 60 51 67 36 14 72 20 41 66 67 28 62 33 29 36 55 23 56 47 9 81 0 37 42 36 24 82 83 65 48 72 19 74 35 38 48 72 33 38 17 72 63 74 73 23 32 27 30 65 49 47 58 39 18 7 59 84 59 52 19 68 6 33 11 75 28 73 36 58 39 52 67 63 47 85 51 46 32 9 62 22 16 59 22 64 44 42 21 62 29 3 51 65 32 44 
44 60 63 11 21 24 15 32 54 51 39 56 16 36 33 13 28 67 11 27 35 53 19 79 34 46 37 0 34 3 27 46 46 30 64 39 55 56 8 41 56 41 49 29 27 43 40 51 54 59 49 48 16 39 42 65 39 50 19 31 22 48 47 42 40 31 43 42 48 55 25 46 11 28 11 36 32 30 18 71 28 41 64 46 31 54 24 39 54 48 55 70 21 27 40 38 36 30 62 39 
66 30 37 39 53 52 37 62 31 53 69 51 50 69 40 40 59 57 25 8 15 41 39 62 33 75 42 34 0 31 51 73 68 59 87 41 60 31 41 68 24 73 27 5 47 36 24 33 31 64 27 66 20 29 74 38 18 23 37 36 42 72 17 75 57 55 45 66 52 33 52 35 43 27 44 12 61 62 51 43 62 7 50 48 32 45 41 18 64 21 26 51 24 40 19 40 69 60 46 6 
45 57 61 12 23 25 15 34 52 51 41 54 19 39 33 14 30 66 9 24 33 51 19 77 33 48 36 3 31 0 28 48 47 32 65 38 55 54 10 43 53 43 47 26 28 41 38 49 52 59 47 49 14 37 45 62 37 48 19 30 23 49 44 45 40 32 42 43 47 53 27 44 13 27 13 33 34 33 20 69 31 38 62 45 29 53 24 36 54 45 52 68 19 27 38 37 39 32 60 37 
65 66 67 16 16 44 41 49 56 35 52 42 21 45 60 14 43 56 28 43 58 46 46 71 29 61 24 27 51 28 0 64 67 48 37 66 35 79 20 17 66 51 53 46 7 69 65 76 78 38 52 21 32 65 26 68 62 57 14 24 48 67 67 29 14 53 29 16 30 79 4 72 20 55 22 57 49 43 29 93 29 57 56 31 57 46 11 62 31 70 62 65 27 54 46 26 27 46 56 55 
11 102 107 52 49 22 36 15 98 96 14 101 43 23 39 54 21 113 57 68 65 99 34 125 80 7 82 46 73 48 64 0 11 17 91 44 98 78 47 67 97 19 94 69 68 54 61 68 76 101 94 83 60 56 58 109 67 94 64 77 31 4 77 54 78 18 88 72 92 76 60 59 46 49 43 67 15 21 35 93 38 79 110 90 45 100 67 66 94 75 97 116 67 34 85 83 48 18 108 78 
2 99 104 54 53 24 34 20 96 97 22 102 46 31 32 57 26 113 56 65 59 98 30 124 81 17 83 46 68 47 67 11 0 21 98 35 101 71 49 73 93 28 92 65 71 45 54 60 68 104 92 88 59 49 65 106 60 90 65 78 27 7 71 62 82 15 89 78 94 67 64 51 48 43 46 61 19 27 39 85 44 74 109 92 39 100 69 59 98 68 94 114 66 29 82 84 55 23 107 74 
19 88 93 36 33 7 23 2 83 79 10 84 26 15 33 38 6 97 41 54 54 83 22 109 64 16 65 30 59 32 48 17 21 0 77 39 82 71 30 52 83 15 79 55 51 48 53 62 68 85 79 67 45 48 45 94 57 79 47 61 20 19 66 42 62 11 71 57 75 68 44 54 29 40 27 56 2 8 19 86 24 66 94 74 37 84 50 56 78 65 83 100 51 26 70 66 35 2 92 65 
96 95 92 53 46 76 77 78 83 47 78 57 53 69 97 51 72 68 65 79 95 67 81 84 57 86 48 64 87 65 37 91 98 77 0 103 41 116 57 25 96 74 81 82 40 107 102 114 115 40 80 21 69 102 34 94 99 87 50 53 83 95 103 38 30 85 49 22 45 116 39 110 55 92 57 94 79 71 60 129 53 92 72 48 95 64 45 99 32 107 91 83 62 90 77 51 43 75 75 90 
34 71 78 50 58 35 26 41 72 85 48 87 51 54 7 53 43 96 43 41 28 80 22 103 66 49 72 39 41 38 66 44 35 39 103 0 91 35 46 79 64 54 68 41 66 10 21 25 33 95 68 87 42 14 77 79 28 64 57 65 21 41 38 76 79 29 77 81 83 32 64 16 48 15 47 31 39 46 47 49 57 45 90 80 10 83 62 27 92 34 67 92 51 14 59 71 69 41 86 45 
98 58 53 46 51 77 70 83 46 8 87 16 56 80 87 44 77 26 49 55 73 28 75 43 27 96 19 55 60 55 35 98 101 82 41 91 0 92 52 43 61 86 45 57 30 91 82 93 91 4 44 25 50 85 56 55 77 52 36 26 78 101 77 60 23 86 16 36 9 93 39 92 52 77 55 71 84 78 63 102 64 63 31 13 81 24 32 77 9 82 55 42 40 81 44 21 61 81 34 61 
69 49 58 65 77 65 50 73 56 84 81 82 72 84 39 67 73 86 52 38 21 70 49 87 65 83 74 56 31 54 79 78 71 71 116 35 92 0 64 96 41 86 53 35 76 25 18 11 3 95 54 97 47 23 98 58 17 47 66 67 51 77 15 98 87 62 76 95 83 4 79 20 67 31 67 22 71 76 71 15 82 29 78 79 34 75 71 18 95 10 47 75 55 45 49 71 92 73 73 31 
47 64 67 6 13 25 21 32 57 49 37 54 9 33 40 8 27 67 16 33 43 53 25 80 34 46 35 8 41 10 20 47 49 30 57 46 52 64 0 33 61 38 53 36 22 50 48 59 62 55 53 41 21 47 34 69 47 55 17 31 28 49 54 34 34 34 41 34 45 64 18 54 3 36 4 43 32 28 13 79 22 47 64 44 38 54 20 47 49 56 59 71 23 33 44 36 29 30 63 46 
71 83 83 31 21 50 53 53 73 45 53 54 28 45 72 29 46 68 44 60 75 61 57 84 45 62 38 41 68 43 17 67 73 52 25 79 43 96 33 0 83 50 70 63 23 83 80 92 94 44 69 20 49 79 13 85 78 74 32 40 59 70 84 17 21 60 43 7 41 95 16 87 31 69 32 74 54 46 35 110 29 74 69 43 71 59 28 78 35 86 79 80 44 65 63 41 20 50 70 72 
90 8 16 58 72 76 61 86 17 53 93 47 70 92 63 59 83 47 45 29 36 35 63 46 39 99 48 56 24 53 66 97 93 83 96 64 61 41 61 83 0 96 17 28 60 57 44 49 43 65 17 75 40 50 91 16 37 9 52 44 66 97 29 93 67 79 48 79 54 45 68 54 64 51 65 33 85 85 73 46 83 19 39 50 56 39 55 38 68 34 6 34 40 64 20 45 88 84 34 19 
28 100 104 43 35 21 37 13 94 85 6 91 31 5 48 44 13 104 52 67 69 91 37 118 72 13 72 41 73 43 51 19 28 15 74 54 86 86 38 50 96 0 90 68 56 63 68 77 83 88 90 68 57 63 40 106 71 91 54 68 35 23 81 36 64 25 78 56 80 84 46 69 36 55 34 70 15 11 25 101 22 79 102 80 52 92 56 70 81 80 95 109 61 41 81 73 30 13 101 78 
89 14 14 49 62 72 58 81 4 37 88 31 61 86 66 49 77 33 38 27 42 18 61 35 25 95 33 49 27 47 53 94 92 79 81 68 45 53 53 70 17 90 0 27 46 63 51 58 54 48 1 60 34 56 79 16 44 7 40 30 65 95 39 81 52 77 32 65 38 56 56 61 55 53 57 38 81 80 66 60 74 25 25 33 58 23 42 44 52 44 11 24 30 65 10 30 78 79 20 24 
63 33 39 34 48 48 33 58 31 50 65 49 44 65 38 35 55 56 20 3 17 40 36 62 30 71 38 29 5 26 46 69 65 55 82 41 57 35 36 63 28 68 27 0 42 37 26 36 35 61 28 62 15 30 68 40 20 25 32 31 39 69 22 69 52 51 41 61 48 36 47 36 38 26 39 14 57 58 47 48 57 12 50 44 31 43 36 20 60 25 28 51 20 38 19 36 64 56 46 10 
68 60 60 17 21 47 42 53 50 29 57 36 25 50 60 14 47 49 25 39 55 40 47 64 22 66 17 27 47 28 7 68 71 51 40 66 30 76 22 23 60 56 46 42 0 68 62 74 75 33 46 21 29 63 33 62 59 51 10 17 49 70 63 36 12 56 23 20 25 76 10 71 22 54 25 54 53 48 33 89 35 52 49 25 57 39 5 59 27 66 56 58 22 54 40 20 34 50 49 50 
44 64 72 53 63 43 32 50 66 85 58 85 56 62 15 56 52 93 44 38 21 76 29 98 64 59 72 43 36 41 69 54 45 48 107 10 91 25 50 83 57 63 63 37 68 0 12 15 23 95 63 89 42 7 83 72 20 58 58 64 29 51 29 82 80 39 76 85 82 22 68 6 53 15 52 24 48 55 53 39 64 39 86 79 13 80 63 19 92 25 60 87 51 22 55 70 75 50 82 39 
52 52 60 49 61 47 33 55 54 75 63 75 55 66 23 51 55 82 38 28 9 65 32 86 55 66 63 40 24 38 65 61 54 53 102 21 82 18 48 80 44 68 51 26 62 12 0 12 16 86 52 83 34 6 82 60 8 46 52 56 33 60 17 81 74 45 67 80 74 16 64 10 50 13 50 13 54 58 53 33 65 26 75 70 16 69 57 7 85 14 48 75 43 27 44 62 75 55 71 27 
58 57 65 61 72 56 43 64 61 86 72 84 66 76 29 63 65 90 49 38 19 74 41 93 66 73 74 51 33 49 76 68 60 62 114 25 93 11 59 92 49 77 58 36 74 15 12 0 8 97 59 95 46 14 93 65 16 53 64 67 42 66 20 93 86 53 77 92 84 8 76 9 62 24 61 22 62 68 64 25 76 33 83 80 25 78 69 16 96 15 54 82 54 36 52 72 86 64 78 34 
66 51 59 63 75 62 48 70 56 84 78 82 70 82 37 65 71 86 50 37 20 71 47 88 64 81 73 54 31 52 78 76 68 68 115 33 91 3 62 94 43 83 54 35 75 23 16 8 0 95 55 96 46 20 97 59 16 48 65 66 48 74 15 96 86 60 76 94 83 2 78 17 65 29 65 21 69 74 69 18 80 29 79 78 31 75 70 16 95 10 48 76 54 42 49 71 90 70 74 31 
102 61 56 50 53 80 73 86 49 12 90 18 58 83 90 47 80 28 52 59 77 31 78 44 31 99 23 59 64 59 38 101 104 85 40 95 4 95 55 44 65 88 48 61 33 95 86 97 95 0 47 25 53 88 57 58 81 55 39 30 81 104 81 61 25 89 19 37 12 97 42 96 55 81 58 75 86 81 66 106 67 67 33 16 85 27 35 81 9 86 59 44 44 85 48 24 62 83 37 65 
90 15 14 49 61 72 58 81 4 36 88 30 61 86 66 48 77 32 38 28 42 17 62 35 24 95 32 49 27 47 52 94 92 79 80 68 44 54 53 69 17 90 1 28 46 63 52 59 55 47 0 59 34 56 78 16 44 8 40 29 65 95 40 81 51 77 31 65 37 57 55 62 55 53 57 39 81 80 66 61 74 26 24 32 59 22 42 45 51 45 12 23 29 65 10 29 78 79 19 25 
86 74 72 37 35 64 62 68 62 29 70 38 41 62 81 34 62 50 46 59 76 47 67 67 36 79 27 48 66 49 21 83 88 67 21 87 25 97 41 20 75 68 60 62 21 89 83 95 96 25 59 0 49 84 33 73 80 66 31 32 69 86 83 37 9 74 29 13 25 97 24 92 41 75 43 75 69 62 48 109 46 71 53 29 78 45 26 80 16 87 71 65 42 74 56 30 39 66 56 69 
57 44 48 19 33 38 25 47 38 44 54 45 30 52 38 21 44 55 5 12 27 40 29 65 24 61 30 16 20 14 32 60 59 45 69 42 50 47 21 49 40 57 34 15 29 42 34 46 46 53 34 49 0 35 54 49 31 34 18 23 32 61 35 55 40 44 35 48 41 48 32 43 24 27 25 25 47 46 33 61 43 26 51 38 32 42 23 31 51 38 39 55 9 34 24 29 50 45 48 25 
47 57 65 49 59 42 29 50 59 78 58 78 53 62 17 51 51 86 38 31 14 69 28 91 58 61 65 39 29 37 65 56 49 48 102 14 85 23 47 79 50 63 56 30 63 7 6 14 20 88 56 84 35 0 80 66 13 51 53 58 29 54 23 79 75 40 69 80 76 20 64 8 49 10 48 17 49 54 51 38 62 32 79 72 11 73 58 12 86 20 53 80 44 22 48 64 73 50 75 32 
64 92 93 34 21 45 51 46 82 58 44 67 27 35 71 33 40 80 48 66 78 72 55 96 55 53 49 42 74 45 26 58 65 45 34 77 56 98 34 13 91 40 79 68 33 83 82 93 97 57 78 33 54 80 0 94 81 83 39 50 56 62 88 5 34 55 54 20 54 98 23 87 32 70 32 77 47 38 31 113 21 80 81 55 70 71 37 81 48 90 88 91 51 63 71 52 10 43 82 78 
103 9 2 65 77 87 72 96 12 47 103 39 77 101 78 64 93 35 53 41 51 27 75 30 40 110 47 65 38 62 68 109 106 94 94 79 55 58 69 85 16 106 16 40 62 72 60 65 59 58 16 73 49 66 94 0 52 15 56 45 79 109 45 97 66 91 44 80 49 61 71 70 71 65 73 48 96 95 82 61 90 34 27 45 70 31 57 53 63 51 12 19 45 78 25 44 94 94 22 34 
58 44 52 48 60 50 35 59 47 70 67 69 55 69 29 50 58 75 35 22 4 59 35 79 50 70 58 39 18 37 62 67 60 57 99 28 77 17 47 78 37 71 44 20 59 20 8 16 16 81 44 80 31 13 81 52 0 39 49 51 37 65 10 81 71 49 61 78 68 17 62 18 50 17 50 6 58 61 55 32 66 19 68 64 22 63 54 1 80 9 40 67 38 32 37 56 75 58 63 20 
88 9 14 51 65 72 57 81 9 44 89 38 64 87 63 51 78 40 39 25 37 26 60 41 30 95 39 50 23 48 57 94 90 79 87 64 52 47 55 74 9 91 7 25 51 58 46 53 48 55 8 66 34 51 83 15 39 0 44 35 63 94 33 85 57 76 38 70 44 50 60 56 57 50 59 34 81 80 68 53 76 20 32 40 55 30 46 39 58 38 5 29 32 62 11 36 81 80 27 19 
63 53 54 11 22 41 34 49 44 32 54 38 23 49 52 10 43 50 15 29 45 38 39 64 18 62 18 19 37 19 14 64 65 47 50 57 36 66 17 32 52 54 40 32 10 58 52 64 65 39 40 31 18 53 39 56 49 44 0 14 42 66 53 41 22 50 24 30 29 66 16 61 18 44 20 44 49 45 30 79 35 43 48 27 47 38 5 49 35 56 49 56 13 46 33 19 37 46 47 41 
75 43 43 25 35 55 45 63 33 21 68 24 37 63 60 24 57 36 23 29 48 24 50 49 5 76 7 31 36 30 24 77 78 61 53 65 26 67 31 40 44 68 30 31 17 64 56 67 66 30 29 32 23 58 50 45 51 35 14 0 53 79 52 53 23 62 12 36 18 68 27 66 32 51 34 45 62 59 44 78 49 40 34 15 55 24 13 51 29 57 39 42 14 56 24 6 50 60 33 38 
25 72 78 32 37 14 8 22 69 73 30 77 30 34 15 35 23 88 31 38 34 72 3 98 55 34 59 22 42 23 48 31 27 20 83 21 78 51 28 59 66 35 65 39 49 29 33 42 48 81 65 69 32 29 56 79 37 63 42 53 0 30 47 54 61 13 65 62 70 49 46 34 29 20 27 36 21 26 25 66 36 48 83 68 17 74 46 36 76 45 67 87 40 7 55 59 47 22 80 47 
8 102 108 55 52 24 37 18 99 98 18 103 46 27 37 57 24 115 58 68 64 100 34 126 82 11 84 48 72 49 67 4 7 19 95 41 101 77 49 70 97 23 95 69 70 51 60 66 74 104 95 86 61 54 62 109 65 94 66 79 30 0 76 58 81 18 90 76 94 73 63 57 48 48 46 66 17 24 38 91 42 78 111 93 44 102 69 64 97 73 98 117 68 33 85 85 52 21 109 78 
69 36 45 54 67 60 44 69 41 69 77 67 63 78 39 55 68 71 40 24 12 56 45 73 50 81 59 47 17 44 67 77 71 66 103 38 77 15 54 84 29 81 39 22 63 29 17 20 15 81 40 83 35 23 88 45 10 33 53 52 47 76 0 88 74 60 61 83 68 17 67 25 57 28 57 11 67 71 63 26 74 14 64 64 32 60 58 11 81 6 33 62 41 43 34 57 83 68 59 16 
61 94 95 35 22 43 50 42 85 62 41 70 26 31 69 34 37 84 49 67 78 75 53 99 58 49 52 42 75 45 29 54 62 42 38 76 60 98 34 17 93 36 81 69 36 82 81 93 96 61 81 37 55 79 5 97 81 85 41 53 54 58 88 0 38 52 58 25 57 97 26 86 32 69 32 78 43 35 29 113 19 81 84 59 69 74 39 81 53 90 90 94 53 61 74 55 7 40 85 79 
80 66 64 29 29 58 54 63 54 24 66 33 35 59 73 27 57 46 37 50 67 41 59 63 27 75 19 40 57 40 14 78 82 62 30 79 23 87 34 21 67 64 52 52 12 80 74 86 86 25 51 9 40 75 34 66 71 57 22 23 61 81 74 38 0 67 22 15 20 88 18 83 34 66 36 65 63 57 43 100 42 62 48 22 69 39 17 71 17 78 62 59 33 67 47 22 38 60 50 60 
13 85 90 39 39 10 19 12 81 82 19 86 32 25 24 41 16 98 41 51 47 83 16 109 65 21 68 31 55 32 53 18 15 11 85 29 86 62 34 60 79 25 77 51 56 39 45 53 60 89 77 74 44 40 55 91 49 76 50 62 13 18 60 52 67 0 74 64 78 60 50 44 34 32 31 49 10 18 26 77 33 61 94 76 29 85 54 48 83 58 80 99 51 17 68 68 45 13 92 60 
87 45 43 36 43 66 57 73 33 9 78 13 47 72 72 34 68 27 34 39 58 18 61 42 12 87 6 43 45 42 29 88 89 71 49 77 16 76 41 43 48 78 32 41 23 76 67 77 76 19 31 29 35 69 54 44 61 38 24 12 65 90 61 58 22 74 0 37 7 77 33 76 42 62 45 56 73 69 54 87 57 48 26 3 67 17 22 62 20 66 42 37 25 68 29 6 57 71 28 46 
76 79 78 31 25 55 55 58 68 39 59 48 32 51 75 29 52 61 43 59 74 55 59 77 40 68 33 42 66 43 16 72 78 57 22 81 36 95 34 7 79 56 65 61 20 85 80 92 94 37 65 13 48 80 20 80 78 70 30 36 62 76 83 25 15 64 37 0 35 95 17 88 33 70 35 73 59 51 39 109 34 72 63 37 72 53 25 78 28 86 75 74 42 68 59 36 27 55 64 70 
91 51 48 39 46 70 62 77 39 4 81 13 50 75 78 37 71 26 40 46 65 22 67 42 18 90 11 48 52 47 30 92 94 75 45 83 9 83 45 41 54 80 38 48 25 82 74 84 83 12 37 25 41 76 54 49 68 44 29 18 70 94 68 57 20 78 7 35 0 84 35 83 46 69 48 62 77 72 57 94 59 55 28 4 73 19 25 69 14 73 48 39 32 73 36 12 57 74 30 53 
66 53 61 65 76 62 49 70 58 86 78 84 71 82 36 67 71 88 52 39 21 73 47 90 66 80 75 55 33 53 79 76 67 68 116 32 93 4 64 95 45 84 56 36 76 22 16 8 2 97 57 97 48 20 98 61 17 50 66 68 49 73 17 97 88 60 77 95 84 0 79 17 66 30 66 22 69 74 70 18 81 31 81 80 31 77 71 17 97 12 50 78 55 42 51 73 91 70 76 33 
62 69 69 15 12 40 39 45 59 39 48 47 17 41 58 13 39 60 28 44 58 50 43 75 32 57 28 25 52 27 4 60 64 44 39 64 39 79 18 16 68 46 56 47 10 68 64 76 78 42 55 24 32 64 23 71 62 60 16 27 46 63 67 26 18 50 33 17 35 79 0 71 17 54 19 57 46 39 25 93 25 58 59 35 56 49 14 62 35 70 64 69 29 51 48 30 23 42 60 56 
49 61 69 56 66 48 36 55 65 85 63 85 60 68 21 59 57 92 46 38 20 76 34 96 65 65 73 46 35 44 72 59 51 54 110 16 92 20 54 87 54 69 61 36 71 6 10 9 17 96 62 92 43 8 87 70 18 56 61 66 34 57 25 86 83 44 76 88 83 17 71 0 56 18 55 23 54 60 57 34 69 36 85 80 17 79 66 17 94 20 58 85 52 27 54 71 80 56 81 37 
46 67 69 7 10 25 22 31 59 50 36 56 6 31 42 9 25 68 19 36 46 55 26 81 36 44 36 11 43 13 20 46 48 29 55 48 52 67 3 31 64 36 55 38 22 53 50 62 65 55 55 41 24 49 32 71 50 57 18 32 29 48 57 32 34 34 42 33 46 66 17 56 0 38 3 46 31 27 12 82 19 50 66 45 40 56 21 49 49 58 62 73 26 35 46 37 26 28 65 49 
41 57 64 39 49 33 19 42 57 71 50 72 43 53 13 41 42 81 29 26 16 64 18 88 51 53 58 28 27 27 55 49 43 40 92 15 77 31 36 69 51 55 53 26 54 15 13 24 29 81 53 75 27 10 70 65 17 50 44 51 20 48 28 69 66 32 62 70 69 30 54 18 38 0 38 18 40 45 40 47 52 32 75 65 5 68 49 16 78 26 53 77 37 15 44 57 62 41 71 31 
44 68 71 9 11 22 21 29 61 52 33 58 5 29 40 11 23 71 20 37 46 57 25 84 38 42 39 11 44 13 22 43 46 27 57 47 55 67 4 32 65 34 57 39 25 52 50 61 65 58 57 43 25 48 32 73 50 59 20 34 27 46 57 32 36 31 45 35 48 66 19 55 3 38 0 46 29 24 9 82 18 51 68 47 39 58 23 49 52 58 64 76 27 33 48 40 26 26 67 50 
59 40 47 43 56 49 33 58 42 64 66 63 52 67 31 45 57 69 30 16 3 53 34 74 44 70 52 36 12 33 57 67 61 56 94 31 71 22 43 74 33 70 38 14 54 24 13 22 21 75 39 75 25 17 77 48 6 34 44 45 36 66 11 78 65 49 56 73 62 22 57 23 46 18 46 0 57 60 52 36 63 14 62 58 23 57 49 6 74 13 36 62 33 33 31 51 72 57 58 15 
17 90 94 38 34 9 24 1 85 81 9 86 28 15 33 40 7 98 43 55 55 84 23 111 66 15 67 32 61 34 49 15 19 2 79 39 84 71 32 54 85 15 81 57 53 48 54 62 69 86 81 69 47 49 47 96 58 81 49 62 21 17 67 43 63 10 73 59 77 69 46 54 31 40 29 57 0 8 21 87 25 67 95 76 38 86 52 57 80 66 85 102 53 27 71 68 37 3 94 66 
26 90 94 34 28 12 26 7 84 76 9 82 23 8 40 35 3 95 42 56 58 82 27 108 63 18 63 30 62 33 43 21 27 8 71 46 78 76 28 46 85 11 80 58 48 55 58 68 74 81 80 62 46 54 38 95 61 80 45 59 26 24 71 35 57 18 69 51 72 74 39 60 27 45 24 60 8 0 15 91 17 69 92 71 43 83 47 60 74 70 85 100 51 32 70 64 28 5 91 68 
37 77 80 18 14 16 21 20 70 61 24 67 7 20 40 20 14 80 28 45 51 67 24 93 48 33 47 18 51 20 29 35 39 19 60 47 63 71 13 35 73 25 66 47 33 53 53 64 69 66 66 48 33 51 31 82 55 68 30 44 25 38 63 29 43 26 54 39 57 70 25 57 12 40 9 52 21 15 0 86 11 58 77 56 40 68 32 54 59 63 72 85 37 32 57 49 22 18 76 57 
83 53 61 79 92 80 66 88 62 94 96 91 87 99 54 81 88 93 66 50 36 78 65 91 76 98 85 71 43 69 93 93 85 86 129 49 102 15 79 110 46 101 60 48 89 39 33 25 18 106 61 109 61 38 113 61 32 53 79 78 66 91 26 113 100 77 87 109 94 18 93 34 82 47 82 36 87 91 86 0 98 39 85 89 49 83 84 32 107 23 52 80 67 60 58 83 107 88 80 41 
43 86 88 25 14 24 33 25 78 63 25 71 13 17 51 26 18 84 38 55 62 72 35 98 53 34 51 28 62 31 29 38 44 24 53 57 64 82 22 29 83 22 74 57 35 64 65 76 80 67 74 46 43 62 21 90 66 76 35 49 36 42 74 19 42 33 57 34 59 81 25 69 19 52 18 63 25 17 11 98 0 69 83 59 52 73 36 65 59 75 81 91 45 43 65 53 12 22 82 67 
72 26 33 46 59 59 43 68 28 55 76 53 56 76 45 47 66 57 32 14 18 41 45 60 37 81 46 41 7 38 57 79 74 66 92 45 63 29 47 74 19 79 25 12 52 39 26 33 29 67 26 71 26 32 80 34 19 20 43 40 48 78 14 81 62 61 48 72 55 31 58 36 50 32 51 14 67 69 58 39 69 0 50 50 37 46 47 20 68 20 22 49 30 46 20 44 76 67 45 2 
107 33 26 59 69 87 76 96 23 25 101 15 71 97 87 58 91 8 53 49 65 11 80 16 30 109 32 64 50 62 56 110 109 94 72 90 31 78 64 69 39 102 25 50 49 86 75 83 79 33 24 53 51 79 81 27 68 32 48 34 83 111 64 84 48 94 26 63 28 81 59 85 66 75 68 62 95 92 77 85 83 50 0 26 80 10 47 69 40 69 33 12 43 84 31 29 83 93 5 49 
90 47 44 38 45 68 60 76 35 6 80 12 49 75 75 36 70 25 37 42 61 19 64 41 14 89 9 46 48 45 31 90 92 74 48 80 13 79 44 43 50 80 33 44 25 79 70 80 78 16 32 29 38 72 55 45 64 40 27 15 68 93 64 59 22 76 3 37 4 80 35 80 45 65 47 58 76 71 56 89 59 50 26 0 70 16 24 65 18 69 44 36 29 71 32 9 58 73 27 49 
37 62 69 41 50 31 19 39 62 75 47 77 44 51 8 44 40 86 33 32 20 70 17 93 56 50 62 31 32 29 57 45 39 37 95 10 81 34 38 71 56 52 58 31 57 13 16 25 31 85 59 78 32 11 70 70 22 55 47 55 17 44 32 69 69 29 67 72 73 31 56 17 40 5 39 23 38 43 40 49 52 37 80 70 0 73 52 20 82 29 58 82 41 11 50 61 63 39 77 37 
98 34 29 49 59 78 67 86 22 17 92 9 61 87 79 48 81 13 44 42 60 4 71 26 20 100 22 54 45 53 46 100 100 84 64 83 24 75 54 59 39 92 23 43 39 80 69 78 75 27 22 45 42 73 71 31 63 30 38 24 74 102 60 74 39 85 17 53 19 77 49 79 56 68 58 57 86 83 68 83 73 46 10 16 73 0 37 63 33 65 33 20 34 76 26 19 73 84 11 44 
67 55 56 15 22 45 38 52 46 29 56 35 25 51 56 12 46 48 20 34 50 37 43 62 18 65 16 24 41 24 11 67 69 50 45 62 32 71 20 28 55 56 42 36 5 63 57 69 70 35 42 26 23 58 37 57 54 46 5 13 46 69 58 39 17 54 22 25 25 71 14 66 21 49 23 49 52 47 32 84 36 47 47 24 52 37 0 54 30 61 51 56 17 51 35 18 37 49 47 45 
57 45 53 47 60 49 34 58 48 70 66 69 55 68 28 49 57 75 35 22 4 59 34 80 50 69 59 39 18 36 62 66 59 56 99 27 77 18 47 78 38 70 44 20 59 19 7 16 16 81 45 80 31 12 81 53 1 39 49 51 36 64 11 81 71 48 62 78 69 17 62 17 49 16 49 6 57 60 54 32 65 20 69 65 20 63 54 0 80 10 41 68 38 31 38 57 75 57 64 20 
96 65 61 44 46 74 69 80 53 16 83 25 52 75 87 42 73 36 49 58 76 36 73 52 31 92 22 54 64 54 31 94 98 78 32 92 9 95 49 35 68 81 52 60 27 92 85 96 95 9 51 16 51 86 48 63 80 58 35 29 76 97 81 53 17 83 20 28 14 97 35 94 49 78 52 74 80 74 59 107 59 68 40 18 82 33 30 80 0 86 63 52 42 81 50 24 54 77 43 66 
66 42 50 56 69 59 44 67 47 74 76 72 64 78 36 58 67 77 43 28 12 61 44 79 55 79 64 48 21 45 70 75 68 65 107 34 82 10 56 86 34 80 44 25 66 25 14 15 10 86 45 87 38 20 90 51 9 38 56 57 45 73 6 90 78 58 66 86 73 12 70 20 58 26 58 13 66 70 63 23 75 20 69 69 29 65 61 10 86 0 39 67 45 40 39 62 84 67 65 21 
92 5 12 56 69 76 61 86 11 47 93 41 68 91 66 56 82 41 44 29 39 29 64 40 35 99 44 55 26 52 62 97 94 83 91 67 55 47 59 79 6 95 11 28 56 60 48 54 48 59 12 71 39 53 88 12 40 5 49 39 67 98 33 90 62 80 42 75 48 50 64 58 62 53 64 36 85 85 72 52 81 22 33 44 58 33 51 41 63 39 0 29 37 66 16 40 86 84 28 21 
112 27 19 66 77 93 80 102 20 36 108 27 79 104 89 65 98 18 59 51 66 19 84 12 38 116 42 70 51 68 65 116 114 100 83 92 42 75 71 80 34 109 24 51 58 87 75 82 76 44 23 65 55 80 91 19 67 29 56 42 87 117 62 94 59 99 37 74 39 78 69 85 73 77 76 62 102 100 85 80 91 49 12 36 82 20 56 68 52 67 29 0 49 88 33 39 92 100 9 48 
64 42 44 19 33 45 33 53 34 34 59 36 32 56 47 19 49 47 10 17 35 32 37 58 15 67 21 21 24 19 27 67 66 51 62 51 40 55 23 44 40 61 30 20 22 51 43 54 54 44 29 42 9 44 51 45 38 32 13 14 40 68 41 53 33 51 25 42 32 55 29 52 26 37 27 33 53 51 37 67 45 30 43 29 41 34 17 38 42 45 37 49 0 43 21 20 49 51 41 28 
26 70 77 37 44 21 13 28 69 76 36 79 37 40 8 40 29 89 33 37 30 74 8 98 58 38 62 27 40 27 54 34 29 26 90 14 81 45 33 65 64 41 65 38 54 22 27 36 42 85 65 74 34 22 63 78 32 62 46 56 7 33 43 61 67 17 68 68 73 42 51 27 35 15 33 33 27 32 32 60 43 46 84 71 11 76 51 31 81 40 66 88 43 0 55 62 54 28 81 45 
80 21 23 40 53 63 49 72 14 36 79 33 53 76 57 40 68 38 29 18 34 22 52 44 20 86 29 40 19 38 46 85 82 70 77 59 44 49 44 63 20 81 10 19 40 55 44 52 49 48 10 56 24 48 71 25 37 11 33 24 55 85 34 74 47 68 29 59 36 51 48 54 46 44 48 31 71 70 57 58 65 20 31 32 50 26 35 38 50 39 16 33 21 55 0 26 70 70 27 18 
82 44 42 31 40 61 51 68 32 14 73 18 42 68 67 29 63 31 29 34 53 20 56 45 7 82 3 38 40 37 26 83 84 66 51 71 21 71 36 41 45 73 30 36 20 70 62 72 71 24 29 30 29 64 52 44 56 36 19 6 59 85 57 55 22 68 6 36 12 73 30 71 37 57 40 51 68 64 49 83 53 44 29 9 61 19 18 57 24 62 40 39 20 62 26 0 54 66 30 42 
54 90 92 30 17 36 43 36 82 61 35 70 20 25 62 30 30 83 44 62 72 73 47 98 55 43 51 36 69 39 27 48 55 35 43 69 61 92 29 20 88 30 78 64 34 75 75 86 90 62 78 39 50 73 10 94 75 81 37 50 47 52 83 7 38 45 57 27 57 91 23 80 26 62 26 72 37 28 22 107 12 76 83 58 63 73 37 75 54 84 86 92 49 54 70 54 0 33 83 74 
21 89 93 35 31 8 24 3 84 78 9 84 25 12 35 37 4 96 41 55 55 82 23 109 64 16 65 30 60 32 46 18 23 2 75 41 81 73 30 50 84 13 79 56 50 50 55 64 70 83 79 66 45 50 43 94 58 80 46 60 22 21 68 40 60 13 71 55 74 70 42 56 28 41 26 57 3 5 18 88 22 67 93 73 39 84 49 57 77 67 84 100 51 28 70 66 33 0 92 66 
105 28 21 58 69 85 73 94 18 27 100 18 70 96 84 57 89 13 51 45 61 10 77 17 29 108 32 62 46 60 56 108 107 92 75 86 34 73 63 70 34 101 20 46 49 82 71 78 74 37 19 56 48 75 82 22 63 27 47 33 80 109 59 85 50 92 28 64 30 76 60 81 65 71 67 58 94 91 76 80 82 45 5 27 77 11 47 64 43 65 28 9 41 81 27 30 83 92 0 44 
71 26 33 44 58 58 42 67 27 54 75 51 55 75 44 45 65 56 30 13 18 40 44 59 35 80 44 39 6 37 55 78 74 65 90 45 61 31 46 72 19 78 24 10 50 39 27 34 31 65 25 69 25 32 78 34 20 19 41 38 47 78 16 79 60 60 46 70 53 33 56 37 49 31 50 15 66 68 57 41 67 2 49 49 37 44 45 20 66 21 21 48 28 45 18 42 74 66 44 0 
0 244 39 8 48 125 9 73 15 615 25 27 38 19 50 2711 3000 198 494 397 45 79 54 3000 67 35 58 1246 180 106 14 127 10 1495 1071 651 3000 294 49 119 61 16 66 3000 400 125 18 124 119 19 21 0 1045 230 58 25 12 8 99 83 17 30 694 126 1895 33 36 64 73 16 10 171 23 13 159 23 204 14 941 36 56 80 122 8 0 167 424 20 601 60 550 7 26 0 724 3000 353 11 517 84 
244 0 0 35 26 0 0 358 0 0 2150 0 418 616 0 160 0 305 0 0 0 0 0 58 0 13 107 105 8 0 65 0 10 63 23 8 217 482 394 480 0 1107 361 14 1601 0 0 705 319 461 145 0 0 42 0 3000 0 312 14 0 0 0 181 82 202 0 0 2039 0 0 1391 0 49 78 103 228 0 40 0 41 0 1005 95 0 0 947 56 0 212 35 123 453 0 0 166 0 122 0 0 1642 
39 0 0 69 33 208 14 0 20 181 0 213 0 0 52 465 314 10 51 0 478 169 58 31 0 0 9 0 0 3000 0 29 27 0 24 0 0 0 508 0 0 0 0 0 208 543 15 0 0 0 0 181 38 0 61 0 31 0 1855 0 7 10 0 0 8 9 120 115 3000 94 0 8 43 0 0 43 2385 0 63 148 56 0 0 53 948 0 44 113 10 0 113 0 20 511 0 157 0 187 68 0 
8 35 69 0 32 29 12 134 58 7 17 48 0 104 48 13 65 283 39 56 14 66 11 536 243 51 45 328 105 103 2750 260 20 130 21 90 19 9 13 91 0 2673 636 291 358 132 11 12 35 32 70 17 693 8 50 15 3000 43 40 46 97 111 759 410 368 47 368 1133 33 649 36 92 526 11 193 112 9 91 739 27 47 12 547 60 62 15 58 364 188 223 95 118 37 623 0 826 54 1368 24 10 
48 26 33 32 0 3000 8 148 21 8 81 25 0 181 138 104 116 18 1268 1032 3000 52 30 248 875 868 13 12 29 376 1056 42 310 439 16 101 956 21 56 9 0 235 105 436 2349 872 544 635 163 290 269 17 158 63 56 39 739 144 198 1732 419 52 151 3000 57 189 15 1475 147 368 46 247 194 499 191 27 8 236 1908 119 236 471 90 11 1320 165 11 8 23 34 17 70 285 2828 0 42 1244 104 286 717 
125 0 208 29 3000 0 279 10 20 913 334 346 0 10 54 13 738 215 95 23 23 621 16 13 10 209 2425 0 0 1911 164 112 1406 0 237 0 0 2008 826 214 0 606 209 0 14 168 612 113 535 0 8 28 64 0 241 142 48 0 143 0 1230 271 0 0 25 1103 24 22 16 74 27 72 8 0 0 0 24 50 9 519 12 157 0 916 383 0 49 27 1149 417 1554 0 445 1221 0 67 28 0 597 0 
9 0 14 12 8 279 0 0 129 0 25 74 0 0 64 13 38 202 605 0 0 3000 247 0 0 0 0 0 0 128 0 91 223 362 0 0 414 8 477 0 34 0 2080 107 0 291 589 8 0 23 1419 623 729 11 490 0 0 158 756 125 3000 23 167 84 0 406 0 0 0 1859 0 154 249 0 277 121 134 30 0 0 64 1682 13 256 31 1516 0 423 25 145 23 0 0 0 0 0 0 134 50 1605 
73 358 0 134 148 10 0 0 0 28 132 0 102 8 0 63 0 42 0 236 179 0 0 11 33 387 372 3000 200 10 18 154 213 1005 40 42 22 36 27 80 0 100 20 0 9 0 0 487 3000 0 0 0 490 0 0 109 447 0 22 0 0 0 82 0 10 0 193 89 46 9 13 0 42 3000 89 0 92 3000 258 547 0 165 338 58 0 14 147 0 911 2379 60 18 3000 0 117 2546 56 0 0 0 
15 0 20 58 21 20 129 0 0 0 9 19 0 0 286 67 11 95 7 0 0 240 37 59 0 0 0 0 0 91 0 28 451 21 144 0 13 63 200 69 247 0 148 200 35 8 1715 15 40 33 280 466 24 66 28 0 2019 791 210 13 2624 664 54 117 679 170 28 32 0 22 0 952 57 0 780 82 90 21 16 564 441 688 9 365 45 93 20 40 324 128 78 0 0 299 0 30 0 278 1033 127 
615 0 181 7 8 913 0 28 0 0 0 0 0 22 24 2754 0 114 1661 39 1065 49 156 242 35 32 3000 0 0 298 561 31 121 0 622 12 0 0 3000 12 0 35 25 0 85 0 90 499 37 0 0 788 3000 0 265 11 31 0 10 0 0 0 0 0 44 0 131 497 2287 150 16 2354 53 0 0 0 698 0 133 19 555 0 0 107 168 0 656 47 35 0 12 0 29 14 0 494 16 0 27 0 
25 2150 0 17 81 334 25 132 9 0 0 61 310 20 0 2389 48 21 344 0 0 39 1096 151 0 1027 179 76 569 15 163 106 111 113 551 39 102 16 32 29 110 235 1807 112 87 56 17 8 356 35 404 0 121 219 35 11 0 8 758 121 88 2349 807 157 32 248 144 231 0 529 45 0 59 442 663 17 50 125 0 103 115 14 125 21 0 658 181 0 17 54 498 49 0 0 51 0 479 1054 66 51 
27 0 213 48 25 346 74 0 19 0 61 0 0 0 8 55 27 36 38 0 0 25 59 51 0 0 0 0 0 95 0 34 281 38 1383 0 58 94 3000 109 89 0 513 16 385 131 100 284 127 300 16 9 347 49 284 0 40 529 94 246 23 345 23 156 8 252 43 0 0 2341 0 25 86 0 18 205 798 379 318 69 8 224 498 53 7 726 35 109 128 107 2015 0 0 83 0 0 0 9 247 60 
38 418 0 0 0 0 0 102 0 0 310 0 0 45 0 1789 0 47 0 0 0 0 0 10 0 0 320 452 204 0 15 0 71 54 435 320 541 160 510 69 0 655 285 508 0 0 0 142 58 27 1518 0 0 847 0 0 0 45 16 0 0 0 310 8 131 0 0 0 0 0 23 0 0 1180 39 105 0 99 0 3000 0 17 196 0 0 11 18 0 82 42 33 3000 0 0 29 0 43 0 0 98 
19 616 0 104 181 10 0 8 0 22 20 0 45 0 0 1974 0 655 0 8 89 0 0 106 33 1984 9 300 16 237 54 32 106 10 152 3000 81 322 173 32 0 8 1749 0 10 0 0 49 91 0 100 0 63 0 1170 132 0 0 1893 0 0 0 73 68 19 0 2114 536 28 61 53 0 605 22 30 0 153 38 39 239 0 102 126 28 0 9 51 0 233 55 116 12 11 0 102 270 30 0 0 574 
50 0 52 48 138 54 64 0 286 24 0 8 0 0 0 0 33 27 2376 0 0 206 182 22 0 0 0 0 0 3000 0 159 0 0 0 0 0 0 1639 0 0 0 0 0 21 15 62 0 0 747 7 127 3000 0 304 0 20 0 48 0 133 210 0 312 239 37 13 0 26 104 0 8 198 0 0 79 71 0 58 43 3000 0 0 60 38 0 538 67 360 0 1136 0 0 77 0 58 0 1035 8 0 
2711 160 465 13 104 13 13 63 67 2754 2389 55 1789 1974 0 0 2412 91 2598 147 48 377 94 56 26 18 12 308 16 40 94 171 20 253 12 501 54 165 242 346 0 114 34 306 255 55 337 189 13 14 3000 0 198 216 134 18 40 66 76 3000 3000 3000 639 48 23 102 12 188 2438 822 1181 59 101 504 340 857 3000 783 32 135 230 3000 247 21 0 304 122 87 9 7 181 88 63 0 188 961 447 50 1009 1092 
3000 0 314 65 116 738 38 0 11 0 48 27 0 0 33 2412 0 2644 300 0 0 47 556 268 0 0 0 0 0 3000 0 30 159 0 0 0 524 11 15 0 928 0 20 108 0 49 758 43 0 107 56 31 151 109 127 0 526 20 141 15 19 88 40 35 0 11 167 0 0 992 0 53 3000 0 9 98 354 485 1125 25 957 43 0 1158 20 557 97 163 75 94 943 0 0 39 0 0 0 191 15 123 
198 305 10 283 18 215 202 42 95 114 21 36 47 655 27 91 2644 0 76 0 0 9 156 82 0 223 3000 778 504 91 78 360 85 36 68 156 177 109 301 11 1980 96 21 681 159 10 437 832 99 23 619 0 23 1131 58 10 192 101 155 56 300 1448 76 11 11 3000 51 206 12 44 229 72 13 970 706 161 28 88 31 79 57 455 12 235 628 354 1789 18 10 43 282 172 0 0 75 127 13 958 147 383 
494 0 51 39 1268 95 605 0 7 1661 344 38 0 0 2376 2598 300 76 0 0 0 91 74 1125 0 0 642 0 0 45 0 62 14 0 490 0 0 41 848 13 1327 0 24 26 19 54 276 593 16 234 258 51 43 142 50 0 76 184 108 259 311 182 360 97 13 194 8 88 299 94 0 37 709 0 646 80 104 2206 1890 21 10 9 123 43 36 210 2445 2671 37 98 915 0 0 235 0 117 0 378 13 11 
397 0 0 56 1032 23 0 236 0 39 0 0 0 8 0 147 0 0 0 0 22 0 0 19 46 268 85 0 309 12 595 0 459 0 1209 734 0 222 29 122 0 98 412 0 287 0 40 350 36 0 0 0 558 0 0 46 339 0 1343 0 0 0 0 0 396 0 141 235 9 77 415 45 93 65 0 0 157 0 65 2826 0 0 0 39 0 0 222 0 134 0 22 0 44 14 0 554 15 0 0 0 
45 0 478 14 3000 23 0 179 0 1065 0 0 0 89 0 48 0 0 0 22 0 0 0 12 913 146 160 0 0 2760 8 74 47 0 171 87 0 0 566 3000 0 739 472 0 53 0 129 62 17 0 0 324 3000 0 0 60 59 0 15 0 0 0 0 0 10 0 89 8 145 26 38 59 421 0 0 0 43 0 114 61 0 0 0 33 0 0 822 12 45 0 19 0 231 147 0 1298 74 0 0 0 
79 0 169 66 52 621 3000 0 240 49 39 25 0 0 206 377 47 9 91 0 0 0 44 820 0 0 0 0 0 290 0 26 364 0 35 0 0 0 155 0 77 0 7 27 106 314 110 67 961 338 171 838 81 41 877 0 158 405 20 21 15 8 1884 251 3000 1048 33 32 99 60 0 7 23 0 9 116 310 406 2463 13 113 897 0 13 48 59 555 437 7 1184 228 0 0 458 0 226 0 94 349 421 
54 0 58 11 30 16 247 0 37 156 1096 59 0 0 182 94 556 156 74 0 0 44 0 29 0 0 503 0 0 18 0 63 123 144 515 0 102 328 978 203 76 0 543 306 197 15 30 325 970 40 1574 26 29 18 3000 54 439 57 114 327 59 39 104 521 31 8 270 197 295 304 9 645 123 0 219 42 105 283 227 1126 126 669 48 149 89 40 43 1079 56 85 27 0 0 241 0 19 0 46 310 236 
3000 58 31 536 248 13 0 11 59 242 151 51 10 106 22 56 268 82 1125 19 12 820 29 0 189 61 878 13 44 62 12 78 3000 81 41 322 625 45 8 272 0 129 537 79 11 61 32 2373 31 21 709 25 29 10 23 1155 14 82 348 0 436 30 265 9 9 317 59 179 56 134 12 197 287 594 14 12 54 46 9 148 716 7 43 208 128 24 20 51 791 344 1595 24 45 16 3000 127 1078 26 458 194 
67 0 0 243 875 10 0 33 0 35 0 0 0 33 0 26 0 0 0 46 913 0 0 189 0 69 24 0 0 65 33 0 459 0 605 169 0 0 32 23 0 335 20 0 111 0 172 1649 99 0 0 0 934 0 0 20 284 0 228 0 0 0 0 0 1149 0 3000 63 14 764 785 0 127 1992 0 0 19 0 7 37 0 0 0 114 0 0 93 0 445 0 82 0 69 143 0 500 65 0 0 0 
35 13 0 51 868 209 0 387 0 32 1027 0 0 1984 0 18 0 223 0 268 146 0 0 61 69 0 1142 55 38 125 29 508 86 63 139 490 0 135 215 27 0 912 506 0 12 0 158 153 269 0 0 0 913 0 0 147 62 0 502 0 0 0 0 0 188 0 636 245 55 21 128 207 91 117 0 0 112 22 44 11 0 24 109 191 0 0 18 0 28 590 82 0 61 492 0 47 832 0 0 0 
58 107 9 45 13 2425 0 372 0 3000 179 0 320 9 0 12 0 3000 642 85 160 0 503 878 24 1142 0 382 52 34 77 116 13 103 658 477 118 47 148 119 0 368 8 0 26 0 313 22 98 0 0 70 126 0 888 27 35 0 71 0 17 0 7 0 129 241 19 299 1030 59 215 1248 1026 335 492 0 313 363 149 351 1072 116 3000 1461 0 729 83 23 33 21 109 7 249 285 66 1718 10 0 1772 0 
1246 105 0 328 12 0 0 3000 0 0 76 0 452 300 0 308 0 778 0 0 0 0 0 13 0 55 382 0 47 0 14 0 554 18 424 2899 524 71 23 1310 0 26 63 144 8 0 0 109 158 3000 18 0 0 53 0 35 0 84 16 0 0 0 10 32 481 0 0 13 0 399 820 0 856 8 151 592 0 64 0 40 0 173 566 0 0 9 2061 0 537 118 782 195 0 0 8 0 1875 0 0 90 
180 8 0 105 29 0 0 200 0 0 569 0 204 16 0 16 0 504 0 309 0 0 0 44 0 38 52 47 0 0 30 10 218 10 27 494 16 614 1089 76 0 258 414 33 3000 0 0 3000 945 25 21 0 0 64 564 1460 0 13 8 24 316 0 31 120 446 35 0 2051 0 414 154 0 135 98 111 102 61 255 0 37 0 59 25 3000 0 2112 1434 0 1068 79 3000 31 0 0 147 0 47 122 81 1102 
106 0 3000 103 376 1911 128 10 91 298 15 95 0 237 3000 40 3000 91 45 12 2760 290 18 62 65 125 34 0 0 0 179 17 546 124 115 0 0 93 65 363 0 44 61 0 27 81 43 46 8 31 3000 845 2160 0 59 925 181 0 12 0 65 536 13 1094 345 764 325 20 72 44 90 10 118 0 24 23 118 83 9 143 54 335 1106 63 342 0 826 91 38 2558 150 0 57 100 0 40 3000 34 637 0 
14 65 0 2750 1056 164 0 18 0 561 163 0 15 54 0 94 0 78 0 595 8 0 0 12 33 29 77 14 30 179 0 593 2741 16 25 1795 0 58 444 12 0 232 1217 0 433 0 100 48 471 0 0 0 22 0 0 27 98 0 33 0 0 0 17 0 1636 0 236 498 28 91 87 0 1556 334 0 0 33 808 60 82 0 57 3000 185 0 0 3000 0 583 115 216 15 297 0 0 719 13 0 0 0 
127 0 29 260 42 112 91 154 28 31 106 34 0 32 159 171 30 360 62 0 74 26 63 78 0 508 116 0 10 17 593 0 3000 8 719 698 8 111 15 395 25 0 3000 316 23 263 35 683 99 1197 62 526 47 24 37 47 35 252 31 60 630 404 54 1174 17 108 546 94 123 303 235 58 708 29 494 230 53 303 98 107 72 83 27 604 47 10 2316 675 490 28 126 0 10 846 0 147 12 25 136 2789 
10 10 27 20 310 1406 223 213 451 121 111 281 71 106 0 20 159 85 14 459 47 364 123 3000 459 86 13 554 218 546 2741 3000 0 202 129 16 316 101 11 23 222 422 64 325 436 690 3000 2716 414 3000 42 0 124 38 87 253 30 503 81 771 158 171 259 17 221 9 551 314 267 307 14 715 3000 188 97 1044 18 18 43 28 25 193 217 26 0 37 3000 299 39 8 66 10 14 0 20 75 1096 195 12 100 
1495 63 0 130 439 0 362 1005 21 0 113 38 54 10 0 253 0 36 0 0 0 0 144 81 0 63 103 18 10 124 16 8 202 0 1129 121 183 29 485 224 169 127 168 646 1829 135 0 39 689 2988 92 0 0 2003 136 425 0 193 1431 881 35 63 206 1389 14 201 915 579 0 8 184 0 98 92 195 32 17 82 0 73 0 746 969 41 0 75 407 0 9 243 41 25 0 0 10 0 3000 616 405 1348 
1071 23 24 21 16 237 0 40 144 622 551 1383 435 152 0 12 0 68 490 1209 171 35 515 41 605 139 658 424 27 115 25 719 129 1129 0 61 337 17 3000 2341 0 613 14 185 569 170 9 523 2073 12 705 0 72 27 484 1009 177 537 226 23 3000 11 1018 409 232 115 1175 890 12 684 8 1112 212 117 14 198 120 90 177 232 21 238 504 83 0 255 2114 24 102 9 506 21 14 22 39 28 31 9 98 1881 
651 8 0 90 101 0 0 42 0 12 39 0 320 3000 0 501 0 156 0 734 87 0 0 322 169 490 477 2899 494 0 1795 698 16 121 61 0 132 467 825 163 0 1668 3000 193 116 0 0 19 33 82 14 0 0 12 23 309 0 0 19 0 0 0 207 152 68 0 105 141 1409 509 189 0 2528 435 760 23 8 31 0 346 0 75 220 2933 0 1088 267 0 33 3000 15 140 494 0 602 0 67 0 0 111 
3000 217 0 19 956 0 414 22 13 0 102 58 541 81 0 54 524 177 0 0 0 0 102 625 0 0 118 524 16 0 0 8 316 183 337 132 0 105 135 38 292 0 77 39 0 11 0 15 48 21 48 0 0 400 270 0 0 74 16 23 14 20 3000 168 146 59 0 0 0 792 89 0 3000 22 1238 47 259 123 0 580 0 32 214 488 0 617 335 0 137 761 183 3000 0 0 194 0 0 2630 90 74 
294 482 0 9 21 2008 8 36 63 0 16 94 160 322 0 165 11 109 41 222 0 0 328 45 0 135 47 71 614 93 58 111 101 29 17 467 105 0 30 1720 1206 85 28 66 257 173 184 449 22 203 7 0 129 543 859 7 0 256 24 20 847 119 9 537 775 3000 44 349 0 8 649 0 11 22 155 25 152 255 0 174 0 3000 7 229 0 161 37 0 254 219 9 235 0 0 8 0 251 122 704 48 
49 394 508 13 56 826 477 27 200 3000 32 3000 510 173 1639 242 15 301 848 29 566 155 978 8 32 215 148 23 1089 65 444 15 11 485 3000 825 135 30 0 1912 36 75 268 272 414 1959 37 14 981 1570 60 11 9 15 649 467 88 29 30 2859 54 588 35 13 281 13 1102 413 13 759 17 34 219 41 11 3000 55 70 887 43 14 124 55 14 120 12 8 691 129 47 13 184 20 204 72 97 26 1000 7 49 
119 480 0 91 9 214 0 80 69 12 29 109 69 32 0 346 0 11 13 122 3000 0 203 272 23 27 119 1310 76 363 12 395 23 224 2341 163 38 1720 1912 0 0 9 90 111 101 0 113 48 14 28 191 0 238 61 19 847 719 37 75 0 122 0 274 173 240 47 15 16 164 3000 659 0 57 77 55 192 13 72 309 770 0 20 1597 18 0 19 43 0 1214 79 47 113 782 0 244 78 69 32 9 267 
61 0 0 0 0 0 34 0 247 0 110 89 0 0 0 0 928 1980 1327 0 0 77 76 0 0 0 0 0 0 0 0 25 222 169 0 0 292 1206 36 0 0 0 12 1185 0 19 0 2298 0 359 1512 0 0 239 205 0 0 168 192 207 849 284 302 954 0 38 0 0 0 0 0 0 47 0 3000 12 28 382 0 0 3000 561 72 1647 0 75 0 0 401 3000 558 0 0 0 0 0 0 157 141 228 
16 1107 0 2673 235 606 0 100 0 35 235 0 655 8 0 114 0 96 0 98 739 0 0 129 335 912 368 26 258 44 232 0 422 127 613 1668 0 85 75 9 0 0 13 0 38 0 0 349 29 0 0 0 197 0 0 69 135 0 31 0 0 0 453 0 183 0 83 19 14 1325 13 0 53 346 140 0 17 3000 739 31 0 693 726 178 0 0 73 0 303 12 409 204 41 0 22 357 3000 0 0 0 
66 361 0 636 105 209 2080 20 148 25 1807 513 285 1749 0 34 20 21 24 412 472 7 543 537 20 506 8 63 414 61 1217 3000 64 168 14 3000 77 28 268 90 12 13 0 16 7 285 1215 27 114 1233 77 0 242 555 169 49 326 397 45 66 279 1399 18 15 69 9 508 48 288 626 436 76 41 158 10 770 19 222 154 61 345 16 28 252 0 361 10 0 952 31 9 38 68 0 842 171 194 700 1468 325 
3000 14 0 291 436 0 107 0 200 0 112 16 508 0 0 306 108 681 26 0 0 27 306 79 0 0 0 144 33 0 0 316 325 646 185 193 39 66 272 111 1185 0 16 0 0 144 2124 3000 1200 23 60 0 0 580 485 0 0 10 157 343 155 342 1028 8 0 90 0 0 0 0 0 0 815 32 79 16 29 1091 0 208 19 182 1419 29 0 57 36 0 226 66 259 40 0 0 270 0 0 60 2105 114 
400 1601 208 358 2349 14 0 9 35 85 87 385 0 10 21 255 0 159 19 287 53 106 197 11 111 12 26 8 3000 27 433 23 436 1829 569 116 0 257 414 101 0 38 7 0 0 0 15 121 1299 0 0 81 21 0 22 367 426 0 15 0 8 19 152 0 1317 72 46 52 9 145 479 483 19 281 62 0 28 115 158 70 45 53 37 116 547 73 20 194 77 11 877 67 45 84 0 609 2133 0 47 0 
125 0 543 132 872 168 291 0 8 0 56 131 0 0 15 55 49 10 54 0 0 314 15 61 0 0 0 0 0 81 0 263 690 135 170 0 11 173 1959 0 19 0 285 144 0 0 48 35 706 367 18 262 3000 695 3000 0 321 196 7 89 204 2217 57 304 0 214 178 0 0 14 0 381 19 0 25 81 64 467 240 84 550 616 295 287 76 569 1785 30 22 380 26 0 0 265 0 0 0 101 65 31 
18 0 15 11 544 612 589 0 1715 90 17 100 0 0 62 337 758 437 276 40 129 110 30 32 172 158 313 0 0 43 100 35 3000 0 9 0 0 184 37 113 0 0 1215 2124 15 48 0 423 55 306 98 15 18 1496 147 37 111 834 96 0 258 8 71 52 36 308 279 481 39 11 70 9 22 0 0 97 44 41 34 31 492 240 0 180 140 37 815 3000 52 71 22 0 2142 13 0 1452 159 26 118 0 
124 705 0 12 635 113 8 487 15 499 8 284 142 49 0 189 43 832 593 350 62 67 325 2373 1649 153 22 109 3000 46 48 683 2716 39 523 19 15 449 14 48 2298 349 27 3000 121 35 423 0 2131 1150 162 0 127 1626 3000 392 98 39 23 403 3000 3000 20 74 24 3000 436 212 120 8 534 403 11 52 169 33 21 66 638 35 12 37 766 31 0 17 1505 0 21 98 71 53 20 0 76 80 43 163 653 9 
119 319 0 35 163 535 0 3000 40 37 356 127 58 91 0 13 0 99 16 36 17 961 970 31 99 269 98 158 945 8 471 99 414 689 2073 33 48 22 981 14 0 29 114 1200 1299 706 55 2131 0 534 104 0 20 37 61 136 24 299 487 424 59 42 24 84 1033 77 35 66 13 295 708 35 70 18 348 226 200 10 1783 49 233 423 55 80 0 189 166 724 1120 14 512 104 404 0 19 243 33 104 2011 364 
19 461 0 32 290 0 23 0 33 0 35 300 27 0 747 14 107 23 234 0 0 338 40 21 0 0 0 3000 25 31 0 1197 3000 2988 12 82 21 203 1570 28 359 0 1233 23 0 367 306 1150 534 0 88 0 10 165 199 0 0 220 74 19 552 41 59 663 0 23 0 0 0 25 60 0 186 12 8 8 64 19 0 822 17 64 13 50 0 21 40 0 89 21 197 83 0 0 15 0 0 12 324 28 
21 145 0 70 269 8 1419 0 280 0 404 16 1518 100 7 3000 56 619 258 0 0 171 1574 709 0 0 0 18 21 3000 0 62 42 92 705 14 48 7 60 191 1512 0 77 60 0 18 98 162 104 88 0 0 164 17 713 0 0 316 106 52 24 664 44 92 343 40 34 0 0 3000 1604 37 12 51 20 792 324 61 0 51 165 8 11 1352 0 17 49 0 2941 70 14 188 0 0 508 0 0 30 90 1519 
0 0 181 17 17 28 623 0 466 788 0 9 0 0 127 0 31 0 51 0 324 838 26 25 0 0 70 0 0 845 0 526 0 0 0 0 0 0 11 0 0 0 0 0 81 262 15 0 0 0 0 0 138 0 64 0 16 0 892 0 12 1031 0 0 35 32 117 236 25 520 0 12 142 0 0 0 25 0 17 124 177 0 0 55 215 0 20 576 1647 0 346 0 353 76 0 818 0 0 343 0 
1045 0 38 693 158 64 729 490 24 3000 121 347 0 63 3000 198 151 23 43 558 3000 81 29 29 934 913 126 0 0 2160 22 47 124 0 72 0 0 129 9 238 0 197 242 0 21 3000 18 127 20 10 164 138 0 0 3000 43 43 0 1407 0 236 178 374 175 32 7 89 653 619 1330 1203 471 160 0 0 21 262 215 112 13 768 1687 197 46 62 0 114 43 39 253 17 0 1538 8 0 756 454 440 60 0 
230 42 0 8 63 0 11 0 66 0 219 49 847 0 0 216 109 1131 142 0 0 41 18 10 0 0 0 53 64 0 0 24 38 2003 27 12 400 543 15 61 239 0 555 580 0 695 1496 1626 37 165 17 0 0 0 149 0 0 127 159 480 392 40 22 108 0 88 0 0 0 109 0 0 161 136 17 2522 1080 97 0 2584 176 282 19 167 0 109 13 0 11 94 49 90 0 0 3000 0 0 196 15 515 
58 0 61 50 56 241 490 0 28 265 35 284 0 1170 304 134 127 58 50 0 0 877 3000 23 0 0 888 0 564 59 0 37 87 136 484 23 270 859 649 19 205 0 169 485 22 3000 147 3000 61 199 713 64 3000 149 0 0 524 98 1079 87 327 256 387 37 73 1048 16 368 89 579 140 14 102 40 11 729 834 17 45 293 2109 2084 9 260 2793 41 40 32 7 225 3000 1048 0 218 0 14 0 201 181 872 
25 3000 0 15 39 142 0 109 0 11 11 0 0 132 0 18 0 10 0 46 60 0 54 1155 20 147 27 35 1460 925 27 47 253 425 1009 309 0 7 467 847 0 69 49 0 367 0 37 392 136 0 0 0 43 0 0 0 35 0 59 0 0 0 61 0 335 0 110 723 516 211 7 94 122 464 0 0 153 494 33 3000 0 55 134 492 0 0 503 21 18 485 688 0 26 455 0 571 367 0 289 0 
12 0 31 3000 739 48 0 447 2019 31 0 40 0 0 20 40 526 192 76 339 59 158 439 14 284 62 35 0 0 181 98 35 30 0 177 0 0 0 88 719 0 135 326 0 426 321 111 98 24 0 0 16 43 0 524 35 0 0 958 0 37 29 0 0 148 87 224 102 488 3000 125 277 207 0 0 0 82 0 1015 364 30 0 0 544 255 0 93 329 289 0 34 0 72 12 0 580 10 0 1571 0 
8 312 0 43 144 0 158 0 791 0 8 529 45 0 0 66 20 101 184 0 0 405 57 82 0 0 0 84 13 0 0 252 503 193 537 0 74 256 29 37 168 0 397 10 0 196 834 39 299 220 316 0 0 127 98 0 0 0 212 281 20 600 197 1261 0 157 0 0 0 0 0 0 1286 172 2176 8 95 129 0 295 22 365 421 445 0 18 21 0 48 8 11 8 0 0 35 0 0 27 3000 299 
99 14 1855 40 198 143 756 22 210 10 758 94 16 1893 48 76 141 155 108 1343 15 20 114 348 228 502 71 16 8 12 33 31 81 1431 226 19 16 24 30 75 192 31 45 157 15 7 96 23 487 74 106 892 1407 159 1079 59 958 212 0 13 48 8 68 49 1000 382 34 502 13 254 19 100 120 45 8 284 29 885 1276 14 17 1323 11 406 206 152 236 110 13 787 1217 800 509 3000 10 71 53 182 105 75 
83 0 0 46 1732 0 125 0 13 0 121 246 0 0 0 3000 15 56 259 0 0 21 327 0 0 0 0 0 24 0 0 60 771 881 23 0 23 20 2859 0 207 0 66 343 0 89 0 403 424 19 52 0 0 480 87 0 0 281 13 0 393 34 3000 317 0 39 0 0 0 0 0 0 1461 0 45 58 118 38 0 0 272 439 364 889 0 2041 21 0 2780 138 261 50 0 0 37 0 0 10 303 152 
17 0 7 97 419 1230 3000 0 2624 0 88 23 0 0 133 3000 19 300 311 0 0 15 59 436 0 0 17 0 316 65 0 630 158 35 3000 0 14 847 54 122 849 0 279 155 8 204 258 3000 59 552 24 12 236 392 327 0 37 20 48 393 0 215 438 83 10 15 421 19 0 21 282 17 13 0 88 642 52 20 114 73 129 46 49 92 772 123 546 18 375 136 878 0 0 542 0 53 0 2299 400 1599 
30 0 10 111 52 271 23 0 664 0 2349 345 0 0 210 3000 88 1448 182 0 0 8 39 30 0 0 0 0 0 536 0 404 171 63 11 0 20 119 588 0 284 0 1399 342 19 2217 8 3000 42 41 664 1031 178 40 256 0 29 600 8 34 215 0 435 15 158 81 24 0 0 799 0 91 911 0 394 103 2372 510 31 9 250 58 11 576 52 658 48 167 1050 2361 216 0 0 78 0 639 0 79 678 493 
694 181 0 759 151 0 167 82 54 0 807 23 310 73 0 639 40 76 360 0 0 1884 104 265 0 0 7 10 31 13 17 54 259 206 1018 207 3000 9 35 274 302 453 18 1028 152 57 71 20 24 59 44 0 374 22 387 61 0 197 68 3000 438 435 0 462 408 334 52 1410 0 2079 8 0 657 74 19 20 199 92 0 11 10 50 13 561 0 11 262 0 135 3000 85 121 0 0 367 0 17 425 17 110 
126 82 0 410 3000 0 84 0 117 0 157 156 8 68 312 48 35 11 97 0 0 251 521 9 0 0 0 32 120 1094 0 1174 17 1389 409 152 168 537 13 173 954 0 15 8 0 304 52 74 84 663 92 0 175 108 37 0 0 1261 49 317 83 15 462 0 106 50 0 0 0 131 11 0 44 167 643 11 25 26 0 172 10 426 713 86 0 143 291 0 25 552 383 301 0 0 58 0 0 58 38 10 
1895 202 8 368 57 25 0 10 679 44 32 8 131 19 239 23 0 11 13 396 10 3000 31 9 1149 188 129 481 446 345 1636 17 221 14 232 68 146 775 281 240 0 183 69 0 1317 0 36 24 1033 0 343 35 32 0 73 335 148 0 1000 0 10 158 408 106 0 28 13 99 427 60 19 38 93 7 42 0 940 844 7 29 14 57 128 266 33 33 118 33 69 1659 40 1689 817 437 0 1479 1149 0 32 0 
33 0 9 47 189 1103 406 0 170 0 248 252 0 0 37 102 11 3000 194 0 0 1048 8 317 0 0 241 0 35 764 0 108 9 201 115 0 59 3000 13 47 38 0 9 90 72 214 308 3000 77 23 40 32 7 88 1048 0 87 157 382 39 15 81 334 50 28 0 84 0 0 311 10 298 2161 0 2997 82 30 293 71 146 94 295 19 126 7 14 8 11 135 1013 181 0 0 69 0 185 0 449 191 1338 
36 0 120 368 15 24 0 193 28 131 144 43 0 2114 13 12 167 51 8 141 89 33 270 59 3000 636 19 0 0 325 236 546 551 915 1175 105 0 44 1102 15 0 83 508 0 46 178 279 436 35 0 34 117 89 0 16 110 224 0 34 0 421 24 52 0 13 84 0 18 3000 29 18 62 2692 0 0 0 18 106 408 964 3000 12 238 479 414 0 976 198 1936 307 9 0 86 272 0 25 169 0 32 0 
64 2039 115 1133 1475 22 0 89 32 497 231 0 0 536 0 188 0 206 88 235 8 32 197 179 63 245 299 13 2051 20 498 94 314 579 890 141 0 349 413 16 0 19 48 0 52 0 481 212 66 0 0 236 653 0 368 723 102 0 502 0 19 0 1410 0 99 0 18 0 1274 81 57 159 505 337 48 0 225 131 84 45 97 91 30 1174 0 17 15 18 130 1140 9 15 560 39 0 99 43 0 17 0 
73 0 3000 33 147 16 0 46 0 2287 0 0 0 28 26 2438 0 12 299 9 145 99 295 56 14 55 1030 0 0 72 28 123 267 0 12 1409 0 0 13 164 0 14 288 0 9 0 39 120 13 0 0 25 619 0 89 516 488 0 13 0 0 0 0 0 427 0 3000 1274 0 603 734 8 228 0 0 0 1411 0 23 160 406 0 0 70 38 0 32 747 124 0 344 0 63 34 0 32 13 0 12 0 
16 0 94 649 368 74 1859 9 22 150 529 2341 0 61 104 822 992 44 94 77 26 60 304 134 764 21 59 399 414 44 91 303 307 8 684 509 792 8 759 3000 0 1325 626 0 145 14 11 8 295 25 3000 520 1330 109 579 211 3000 0 254 0 21 799 2079 131 60 311 29 81 603 0 20 12 518 551 207 9 20 713 284 98 32 309 62 198 2206 112 572 970 28 11 387 0 280 179 0 130 1253 19 30 11 
10 1391 0 36 46 27 0 13 0 16 45 0 23 53 0 1181 0 229 0 415 38 0 9 12 785 128 215 820 154 90 87 235 14 184 8 189 89 649 17 659 0 13 436 0 479 0 70 534 708 60 1604 0 1203 0 140 7 125 0 19 0 282 0 8 11 19 10 18 57 734 20 0 0 501 61 200 42 726 1904 12 533 0 20 394 179 0 159 22 0 105 46 111 48 190 0 117 49 7 0 353 24 
171 0 8 92 247 72 154 0 952 2354 0 25 0 0 8 59 53 72 37 45 59 7 645 197 0 207 1248 0 0 10 0 58 715 0 1112 0 0 0 34 0 0 0 76 0 483 381 9 403 35 0 37 12 471 0 14 94 277 0 100 0 17 91 0 0 38 298 62 159 8 12 0 0 84 0 0 193 536 0 2783 31 1073 0 0 606 228 0 15 265 148 0 35 0 3000 93 0 37 0 479 17 0 
23 49 43 526 194 8 249 42 57 53 59 86 0 605 198 101 3000 13 709 93 421 23 123 287 127 91 1026 856 135 118 1556 708 3000 98 212 2528 3000 11 219 57 47 53 41 815 19 19 22 11 70 186 12 142 160 161 102 122 207 1286 120 1461 13 911 657 44 93 2161 2692 505 228 518 501 84 0 332 173 80 512 85 180 1518 76 55 1646 120 83 94 2205 33 26 39 201 29 132 37 0 14 3000 3000 218 1344 
13 78 0 11 499 0 0 3000 0 0 442 0 1180 22 0 504 0 970 0 65 0 0 0 594 1992 117 335 8 98 0 334 29 188 92 117 435 22 22 41 77 0 346 158 32 281 0 0 52 18 12 51 0 0 136 40 464 0 172 45 0 0 0 74 167 7 0 0 337 0 551 61 0 332 0 87 161 1104 101 0 23 0 523 20 17 0 8 79 0 104 122 22 234 0 0 2116 0 41 0 0 389 
159 103 0 193 191 0 277 89 780 0 663 18 39 30 0 340 9 706 646 0 0 9 219 14 0 0 492 151 111 24 0 494 97 195 14 760 1238 155 11 55 3000 140 10 79 62 25 0 169 348 8 20 0 0 17 11 0 0 2176 8 45 88 394 19 643 42 2997 0 48 0 207 200 0 173 87 0 8 3000 404 0 450 0 111 8 251 0 347 3000 0 142 799 962 30 0 0 8 0 36 257 127 87 
23 228 43 112 27 0 121 0 82 0 17 205 105 0 79 857 98 161 80 0 0 116 42 12 0 0 0 592 102 23 0 230 1044 32 198 23 47 25 3000 192 12 0 770 16 0 81 97 33 226 8 792 0 21 2522 729 0 0 8 284 58 642 103 20 11 0 82 0 0 0 9 42 193 80 161 8 0 97 203 0 123 36 20 610 198 0 29 28 0 166 23 24 42 0 0 411 0 0 1632 426 108 
204 0 2385 9 8 24 134 92 90 698 50 798 0 153 71 3000 354 28 104 157 43 310 105 54 19 112 313 0 61 118 33 53 18 17 120 8 259 152 55 13 28 17 19 29 28 64 44 21 200 64 324 25 262 1080 834 153 82 95 29 118 52 2372 199 25 940 30 18 225 1411 20 726 536 512 1104 3000 97 0 17 329 968 90 369 49 829 8 207 65 79 7 146 14 0 151 111 0 991 113 219 46 72 
14 40 0 91 236 50 30 3000 21 0 125 379 99 38 0 783 485 88 2206 0 0 406 283 46 0 22 363 64 255 83 808 303 18 82 90 31 123 255 70 72 382 3000 222 1091 115 467 41 66 10 19 61 0 215 97 17 494 0 129 885 38 20 510 92 26 844 293 106 131 0 713 1904 0 85 101 404 203 17 0 0 15 79 11 10 13 0 952 24 0 115 11 150 7 0 0 216 0 87 127 11 301 
941 0 63 739 1908 9 0 258 16 133 0 318 0 39 58 32 1125 31 1890 65 114 2463 227 9 7 44 149 0 0 9 60 98 43 0 177 0 0 0 887 309 0 739 154 0 158 240 34 638 1783 0 0 17 112 0 45 33 1015 0 1276 0 114 31 0 0 7 71 408 84 23 284 12 2783 180 0 0 0 329 0 0 3000 392 49 0 125 15 0 100 101 1238 0 524 0 143 20 0 71 50 0 127 0 
36 41 148 27 119 519 0 547 564 19 103 69 3000 239 43 135 25 79 21 2826 61 13 1126 148 37 11 351 40 37 143 82 107 28 73 232 346 580 174 43 770 0 31 61 208 70 84 31 35 49 822 51 124 13 2584 293 3000 364 295 14 0 73 9 11 172 29 146 964 45 160 98 533 31 1518 23 450 123 968 15 3000 0 40 1198 23 16 482 14 17 40 8 14 62 255 1203 67 34 518 598 70 360 56 
56 0 56 47 236 12 64 0 441 555 115 8 0 0 3000 230 957 57 10 0 0 113 126 716 0 0 1072 0 0 54 0 72 25 0 21 0 0 0 14 0 3000 0 345 19 45 550 492 12 233 17 165 177 768 176 2109 0 30 22 17 272 129 250 10 10 14 94 3000 97 406 32 0 1073 76 0 0 36 90 79 392 40 0 31 0 37 54 0 80 152 8 329 228 0 0 29 0 65 0 116 1188 1325 
80 1005 0 12 471 157 1682 165 688 0 14 224 17 102 0 3000 43 455 9 0 0 897 669 7 0 24 116 173 59 335 57 83 193 746 238 75 32 3000 124 20 561 693 16 182 53 616 240 37 423 64 8 0 1687 282 2084 55 0 365 1323 439 46 58 50 426 57 295 12 91 0 309 20 0 55 523 111 20 369 11 49 1198 31 0 174 634 0 3000 817 0 10 365 244 3000 0 0 115 0 414 100 118 3000 
122 95 0 547 90 0 13 338 9 0 125 498 196 126 0 247 0 12 123 0 0 0 48 43 0 109 3000 566 25 1106 3000 27 217 969 504 220 214 7 55 1597 72 726 28 1419 37 295 0 766 55 13 11 0 197 19 9 134 0 421 11 364 49 11 13 713 128 19 238 30 0 62 394 0 1646 20 8 610 49 10 0 23 0 174 0 1130 0 214 44 0 13 32 8 66 0 0 825 0 49 121 156 21 
8 0 53 60 11 916 256 58 365 107 21 53 0 28 60 21 1158 235 43 39 33 13 149 208 114 191 1461 0 3000 63 185 604 26 41 83 2933 488 229 14 18 1647 178 252 29 116 287 180 31 80 50 1352 55 46 167 260 492 544 445 406 889 92 576 561 86 266 126 479 1174 70 198 179 606 120 17 251 198 829 13 125 16 37 634 1130 0 1904 799 12 302 218 429 47 0 1215 18 0 43 148 181 1375 124 
0 0 948 62 1320 383 31 0 45 168 0 7 0 0 38 0 20 628 36 0 0 48 89 128 0 0 0 0 0 342 0 47 0 0 0 0 0 0 120 0 0 0 0 0 547 76 140 0 0 0 0 215 62 0 2793 0 255 0 206 0 772 52 0 0 33 7 414 0 38 2206 0 228 83 0 0 0 8 0 15 482 54 0 0 1904 0 0 0 718 220 0 547 0 0 21 0 3000 0 315 64 0 
167 947 0 15 165 0 1516 14 93 0 658 726 11 9 0 304 557 354 210 0 0 59 40 24 0 0 729 9 2112 0 0 10 37 75 255 1088 617 161 12 19 75 0 361 57 73 569 37 17 189 21 17 0 0 109 41 0 0 18 152 2041 123 658 11 143 33 14 0 17 0 112 159 0 94 8 347 29 207 952 0 14 0 3000 214 799 0 0 37 0 732 958 21 405 0 0 330 0 186 694 163 1364 
424 56 44 58 11 49 0 147 20 656 181 35 18 51 538 122 97 1789 2445 222 822 555 43 20 93 18 83 2061 1434 826 3000 2316 3000 407 2114 267 335 37 8 43 0 73 10 36 20 1785 815 1505 166 40 49 20 114 13 40 503 93 21 236 21 546 48 262 291 118 8 976 15 32 572 22 15 2205 79 3000 28 65 24 100 17 80 817 44 12 0 37 0 67 35 329 203 559 19 245 455 554 3000 903 80 224 
20 0 113 364 8 27 423 0 40 47 0 109 0 0 67 87 163 18 2671 0 12 437 1079 51 0 0 23 0 0 91 0 675 299 0 24 0 0 0 691 0 0 0 0 0 194 30 3000 0 724 0 0 576 43 0 32 21 329 0 110 0 18 167 0 0 33 11 198 18 747 970 0 265 33 0 0 0 79 0 101 40 152 0 0 302 718 0 67 0 160 0 59 0 66 885 0 13 0 157 89 0 
601 212 10 188 23 1149 25 911 324 35 17 128 82 233 360 9 75 10 37 134 45 7 56 791 445 28 33 537 1068 38 583 490 39 9 102 33 137 254 129 1214 401 303 952 226 77 22 52 21 1120 89 2941 1647 39 11 7 18 289 48 13 2780 375 1050 135 25 69 135 1936 130 124 28 105 148 26 104 142 166 7 115 1238 8 8 10 13 218 220 732 35 160 0 3000 43 1892 427 548 130 18 8 1925 36 471 
60 35 0 223 34 417 145 2379 128 0 54 107 42 55 0 7 94 43 98 0 0 1184 85 344 0 590 21 118 79 2558 115 28 8 243 9 3000 761 219 47 79 3000 12 31 66 11 380 71 98 14 21 70 0 253 94 225 485 0 8 787 138 136 2361 3000 552 1659 1013 307 1140 0 11 46 0 39 122 799 23 146 11 0 14 329 365 32 429 0 958 329 0 3000 0 70 58 0 0 83 0 89 157 404 117 
550 123 113 95 17 1554 23 60 78 12 498 2015 33 116 1136 181 943 282 915 22 19 228 27 1595 82 82 109 782 3000 150 216 126 66 41 506 15 183 9 13 47 558 409 9 259 877 26 22 71 512 197 14 346 17 49 3000 688 34 11 1217 261 878 216 85 383 40 181 9 9 344 387 111 35 201 22 962 24 14 150 524 62 228 244 8 47 547 21 203 59 43 70 0 14 146 2658 398 209 9 123 26 79 
7 453 0 118 70 0 0 18 0 0 49 0 3000 12 0 88 0 172 0 0 0 0 0 24 0 0 7 195 31 0 15 0 10 25 21 140 3000 235 184 113 0 204 38 40 67 0 0 53 104 83 188 0 0 90 1048 0 0 8 800 50 0 0 121 301 1689 0 0 15 0 0 48 0 29 234 30 42 0 7 0 255 0 3000 66 0 0 405 559 0 1892 58 14 0 0 0 309 0 18 0 0 246 
26 0 20 37 285 445 0 3000 0 29 0 0 0 11 0 63 0 0 0 44 231 0 0 45 69 61 249 0 0 57 297 10 14 0 14 494 0 0 20 782 0 41 68 0 45 0 2142 20 404 0 0 353 1538 0 0 26 72 0 509 0 0 0 0 0 817 0 86 560 63 280 190 3000 132 0 0 0 151 0 143 1203 0 0 0 1215 0 0 19 66 427 0 146 0 0 533 0 1123 786 0 0 0 
0 0 511 623 2828 1221 0 0 299 14 0 83 0 0 77 0 39 0 235 14 147 458 241 16 143 492 285 0 0 100 0 846 0 0 22 0 0 0 204 0 0 0 0 0 84 265 13 0 0 0 0 76 8 0 218 455 12 0 3000 0 542 78 0 0 437 69 272 39 34 179 0 93 37 0 0 0 111 0 20 67 29 0 0 18 21 0 245 885 548 0 2658 0 533 0 0 51 0 0 132 0 
724 166 0 0 0 0 0 117 0 0 51 0 29 102 0 188 0 75 0 0 0 0 0 3000 0 0 66 8 147 0 0 0 20 10 39 602 194 8 72 244 0 22 842 270 0 0 0 76 19 15 508 0 0 3000 0 0 0 35 10 37 0 0 367 58 0 0 0 0 0 0 117 0 0 2116 8 411 0 216 0 34 0 115 825 0 0 330 455 0 130 83 398 309 0 0 0 0 206 0 0 16 
3000 0 157 826 42 67 0 2546 30 494 0 0 0 270 58 961 0 127 117 554 1298 226 19 127 500 47 1718 0 0 40 719 147 75 0 28 0 0 0 97 78 0 357 171 0 609 0 1452 80 243 0 0 818 756 0 14 571 580 0 71 0 53 639 0 0 1479 185 25 99 32 130 49 37 14 0 0 0 991 0 71 518 65 0 0 43 3000 0 554 13 18 0 209 0 1123 51 0 0 19 0 260 0 
353 122 0 54 1244 28 0 56 0 16 479 0 43 30 0 447 0 13 0 15 74 0 0 1078 65 832 10 1875 47 3000 13 12 1096 3000 31 67 0 251 26 69 0 3000 194 0 2133 0 159 43 33 0 0 0 454 0 0 367 10 0 53 0 0 0 17 0 1149 0 169 43 13 1253 7 0 3000 41 36 0 113 87 50 598 0 414 49 148 0 186 3000 0 8 89 9 18 786 0 206 19 0 0 0 0 
11 0 187 1368 104 0 134 0 278 0 1054 9 0 0 1035 50 191 958 378 0 0 94 46 26 0 0 0 0 122 34 0 25 195 616 9 0 2630 122 1000 32 157 0 700 60 0 101 26 163 104 12 30 0 440 196 201 0 0 27 182 10 2299 79 425 58 0 449 0 0 0 19 0 479 3000 0 257 1632 219 127 0 70 116 100 121 181 315 694 903 157 1925 157 123 0 0 0 0 0 0 0 599 90 
517 0 68 24 286 597 50 0 1033 27 66 247 0 0 8 1009 15 147 13 0 0 349 310 458 0 0 1772 0 81 637 0 136 12 405 98 0 90 704 7 9 141 0 1468 2105 47 65 118 653 2011 324 90 343 60 15 181 289 1571 3000 105 303 400 678 17 38 32 191 32 17 12 30 353 17 218 0 127 426 46 11 127 360 1188 118 156 1375 64 163 80 89 36 404 26 0 0 132 0 260 0 599 0 609 
84 1642 0 10 717 0 1605 0 127 0 51 60 98 574 0 1092 123 383 11 0 0 421 236 194 0 0 0 90 1102 0 0 2789 100 1348 1881 111 74 48 49 267 228 0 325 114 0 31 0 9 364 28 1519 0 0 515 872 0 0 299 75 152 1599 493 110 10 0 1338 0 0 0 11 24 0 1344 389 87 108 72 301 0 56 1325 3000 21 124 0 1364 224 0 471 117 79 246 0 0 16 0 0 90 609 0 
