80
0 83 38 52 42 101 86 101 68 75 55 28 66 71 61 10 49 32 35 92 85 103 52 62 71 17 88 63 67 98 61 82 63 47 35 85 40 63 19 62 31 54 100 60 58 53 78 72 70 88 51 75 23 39 47 83 40 77 62 92 84 79 95 74 50 15 43 61 52 32 57 43 99 92 79 53 71 64 51 14 
83 0 72 31 51 37 15 18 45 32 42 87 17 32 41 80 52 53 77 9 20 20 46 47 47 66 7 58 20 25 56 45 59 47 50 40 54 50 65 33 55 61 22 38 30 35 46 31 23 28 61 10 74 55 51 51 74 16 41 43 39 7 32 61 46 77 73 21 32 69 44 59 51 18 36 46 43 61 79 69 
38 72 0 44 21 103 68 87 80 80 31 19 57 76 35 45 22 26 66 81 65 91 65 33 41 34 75 82 65 78 79 92 82 60 28 58 57 32 27 41 45 20 94 68 42 38 48 77 71 90 72 68 53 57 22 95 69 75 73 99 57 71 71 92 27 48 71 54 42 7 69 14 69 87 52 27 43 29 80 30 
52 31 44 0 23 59 35 49 42 38 21 57 15 34 25 50 27 22 53 41 35 52 31 31 37 35 36 49 21 47 46 51 49 29 19 43 32 34 34 18 27 39 51 29 12 10 41 34 28 46 45 25 46 32 25 55 53 31 34 56 42 28 47 57 21 48 52 11 4 39 33 32 58 44 36 24 34 44 60 38 
42 51 21 23 0 82 49 67 62 60 13 37 36 57 19 45 9 12 58 60 46 71 48 20 29 29 54 66 44 59 64 73 67 45 11 44 44 22 23 22 32 19 73 50 22 17 37 57 51 69 59 47 48 44 6 77 60 54 54 79 43 50 55 76 8 45 61 33 21 17 52 9 58 66 37 11 30 27 70 29 
101 37 103 59 82 0 52 39 38 26 76 114 47 30 77 95 85 79 82 35 57 36 51 83 84 85 41 51 38 56 51 26 52 55 76 77 63 86 88 68 71 95 20 42 63 66 84 29 32 13 60 36 84 64 83 31 77 28 41 16 76 34 67 46 78 91 74 49 61 97 46 90 87 20 74 80 80 97 76 90 
86 15 68 35 49 52 0 20 59 47 37 85 23 46 34 85 46 54 86 17 5 24 57 39 36 69 11 72 33 12 69 60 73 58 51 25 63 41 67 27 61 53 34 50 28 34 34 46 37 44 72 23 81 64 46 66 84 31 55 59 25 21 17 75 41 83 83 28 34 66 57 54 35 32 23 41 32 52 90 72 
101 18 87 49 67 39 20 0 60 45 56 104 35 47 54 98 66 71 95 10 25 5 63 59 56 84 13 74 38 18 72 56 75 65 67 44 72 61 83 47 73 73 19 54 46 51 53 46 39 36 78 28 92 73 65 62 92 31 58 51 43 24 30 74 60 95 90 39 49 85 61 74 49 22 43 60 52 72 96 87 
68 45 80 42 62 38 59 60 0 15 63 87 39 13 66 60 68 55 44 51 63 59 16 73 78 54 52 14 27 70 13 14 15 21 53 79 28 75 59 59 39 80 47 13 52 51 81 14 22 28 22 36 48 29 66 15 39 30 8 24 78 38 76 16 62 56 36 38 45 73 11 71 92 39 73 66 75 85 39 59 
75 32 80 38 60 26 47 45 15 0 58 90 30 4 60 69 65 55 57 36 51 44 25 67 70 60 38 29 18 56 28 14 30 29 53 68 37 69 63 52 45 76 32 16 46 47 72 3 11 14 36 24 58 38 63 20 53 16 16 18 68 25 63 29 59 65 50 30 41 74 21 69 81 24 63 61 67 80 53 65 
55 42 31 21 13 76 37 56 63 58 0 49 29 55 6 57 10 23 68 50 34 60 51 10 18 41 44 70 40 47 67 71 70 49 21 30 50 13 36 10 40 19 64 50 13 11 24 55 47 64 64 40 58 50 10 76 69 48 55 75 29 42 41 78 5 57 69 28 18 30 54 18 45 59 24 4 17 23 78 41 
28 87 19 57 37 114 85 104 87 90 49 0 71 86 53 38 40 35 62 96 82 107 71 51 59 33 91 86 77 96 83 100 85 66 38 76 61 51 28 58 48 39 108 76 58 53 67 87 82 101 74 82 50 60 39 102 67 87 79 108 76 85 90 96 44 42 69 68 55 19 75 32 88 101 71 45 61 47 78 28 
66 17 57 15 36 47 23 35 39 30 29 71 0 28 31 64 38 37 63 26 25 37 34 37 40 49 22 50 13 35 48 45 51 35 33 39 40 40 49 22 39 48 37 28 17 20 42 28 19 34 50 11 58 41 36 50 61 18 33 47 38 14 38 55 32 61 60 5 16 53 35 44 53 30 33 33 36 51 67 52 
71 32 76 34 57 30 46 47 13 4 55 86 28 0 57 65 62 51 53 38 50 46 21 64 68 55 39 27 16 57 25 17 28 25 49 67 32 67 58 49 40 73 35 11 43 43 70 1 9 18 33 23 54 33 59 22 49 16 12 22 66 25 63 29 55 60 46 28 37 70 17 66 80 27 62 58 64 77 50 60 
61 41 35 25 19 77 34 54 66 60 6 53 31 57 0 63 13 29 73 48 30 58 56 7 13 47 42 74 42 43 71 74 74 53 27 25 55 9 42 9 46 20 64 54 15 15 19 57 49 65 69 40 64 55 14 79 74 49 59 77 24 42 37 81 11 63 74 30 21 34 58 21 39 59 18 8 11 21 83 47 
10 80 45 50 45 95 85 98 60 69 57 38 64 65 63 0 53 34 25 89 84 100 45 65 74 16 86 54 62 97 52 74 54 40 36 87 33 66 22 62 25 60 96 53 58 53 81 66 65 82 42 71 13 32 50 75 30 73 55 84 86 75 95 65 52 5 33 59 51 38 50 48 102 87 80 56 74 69 41 16 
49 52 22 27 9 85 46 66 68 65 10 40 38 62 13 53 0 21 67 59 43 69 55 13 22 38 53 74 48 56 71 78 74 52 20 37 52 13 32 19 41 11 74 56 22 19 29 62 55 72 66 49 56 52 3 82 69 56 61 83 36 51 50 82 6 54 69 36 24 21 59 8 50 68 31 5 22 18 79 37 
32 53 26 22 12 79 54 71 55 55 23 35 37 51 29 34 21 0 46 62 52 73 39 32 41 18 57 57 42 66 54 67 57 35 3 53 33 34 13 29 21 30 73 43 26 20 48 52 47 66 48 47 36 33 18 70 49 52 47 74 52 50 63 67 19 34 49 33 21 19 44 19 68 66 47 22 40 39 59 18 
35 77 66 53 58 82 86 95 44 57 68 62 63 53 73 25 67 46 0 85 87 95 33 77 86 32 84 34 57 98 33 58 33 30 47 95 23 79 39 70 27 76 87 42 64 60 92 54 57 71 22 67 13 22 64 56 6 65 41 68 94 71 100 44 64 20 9 58 56 58 36 64 110 79 88 68 84 85 16 36 
92 9 81 41 60 35 17 10 51 36 50 96 26 38 48 89 59 62 85 0 23 11 54 54 53 75 7 65 28 21 63 49 66 56 59 43 62 56 74 40 64 68 17 45 38 43 51 37 30 29 68 18 82 63 59 55 83 22 48 45 42 15 32 66 54 86 81 30 41 77 52 67 51 16 40 54 48 68 86 78 
85 20 65 35 46 57 5 25 63 51 34 82 25 50 30 84 43 52 87 23 0 29 60 34 31 69 16 75 36 13 72 65 76 60 49 20 65 36 66 25 61 49 39 53 26 32 28 50 41 49 75 27 81 65 43 71 86 35 58 64 19 26 13 79 39 83 85 29 33 63 59 51 30 38 18 38 27 47 92 71 
103 20 91 52 71 36 24 5 59 44 60 107 37 46 58 100 69 73 95 11 29 0 63 63 61 86 16 73 39 23 71 54 74 66 70 48 73 65 86 50 75 77 16 54 49 54 58 45 39 34 78 29 93 74 69 60 93 31 57 48 48 25 34 73 64 97 91 42 52 88 61 77 54 20 47 64 57 76 96 89 
52 46 65 31 48 51 57 63 16 25 51 71 34 21 56 45 55 39 33 54 60 63 0 61 68 38 53 18 25 69 16 30 19 5 38 72 12 64 43 49 23 66 55 10 42 40 72 22 24 39 15 36 34 13 52 32 29 33 10 40 71 39 73 27 50 40 27 31 34 58 5 57 87 47 66 53 65 73 33 43 
62 47 33 31 20 83 39 59 73 67 10 51 37 64 7 65 13 32 77 54 34 63 61 0 9 49 47 80 49 46 77 81 80 59 30 25 60 3 44 15 50 15 70 60 21 21 16 64 56 71 74 47 68 60 15 85 79 55 65 84 24 49 39 88 13 66 79 36 27 33 64 20 38 65 20 10 10 14 88 49 
71 47 41 37 29 84 36 56 78 70 18 59 40 68 13 74 22 41 86 53 31 61 68 9 0 58 46 86 52 42 83 85 86 66 39 17 67 8 53 19 58 21 69 65 26 28 8 68 59 73 81 49 76 68 24 90 87 58 71 87 17 50 33 93 22 74 87 40 33 42 70 29 29 65 14 19 4 16 96 58 
17 66 34 35 29 85 69 84 54 60 41 33 49 55 47 16 38 18 32 75 69 86 38 49 58 0 71 52 50 81 50 68 52 33 20 71 27 51 7 46 15 45 83 45 42 37 65 56 54 72 41 58 20 27 35 70 36 61 47 77 70 62 80 63 36 16 37 45 36 26 43 33 86 75 64 40 58 55 47 5 
88 7 75 36 54 41 11 13 52 38 44 91 22 39 42 86 53 57 84 7 16 16 53 47 46 71 0 66 28 18 64 52 67 54 54 36 61 50 70 34 61 62 23 45 33 38 44 38 30 34 68 17 80 62 53 58 81 23 49 49 36 14 26 68 48 83 80 27 36 72 52 61 46 22 34 48 42 61 86 74 
63 58 82 49 66 51 72 74 14 29 70 86 50 27 74 54 74 57 34 65 75 73 18 80 86 52 66 0 39 83 3 25 1 22 56 89 25 82 58 67 38 85 61 22 60 59 90 28 35 42 13 49 41 26 71 23 29 43 17 36 88 52 88 11 68 49 25 48 53 75 16 75 103 54 83 72 83 92 26 57 
67 20 65 21 44 38 33 38 27 18 40 77 13 16 42 62 48 42 57 28 36 39 25 49 52 50 28 39 0 44 37 32 40 27 39 52 34 52 51 34 37 59 33 17 28 29 55 15 7 24 40 10 55 35 46 37 54 10 22 35 51 14 49 43 42 59 52 12 24 60 24 53 65 25 46 44 49 63 58 54 
98 25 78 47 59 56 12 18 70 56 47 96 35 57 43 97 56 66 98 21 13 23 69 46 42 81 18 83 44 0 81 69 84 70 62 27 75 48 79 38 73 61 37 61 39 45 37 56 48 51 84 34 93 76 56 75 97 41 66 66 27 31 12 85 52 95 95 40 46 76 68 64 31 38 28 51 38 58 102 84 
61 56 79 46 64 51 69 72 13 28 67 83 48 25 71 52 71 54 33 63 72 71 16 77 83 50 64 3 37 81 0 25 3 19 53 87 22 80 55 64 35 82 60 20 58 56 87 27 33 41 11 47 39 23 68 24 27 41 15 36 86 50 86 13 65 47 24 45 50 72 13 72 101 52 80 69 81 89 26 55 
82 45 92 51 73 26 60 56 14 14 71 100 45 17 74 74 78 67 58 49 65 54 30 81 85 68 52 25 32 69 25 0 26 35 64 83 42 83 72 66 53 89 40 24 60 60 86 17 25 20 36 38 62 43 76 6 53 29 21 11 82 39 77 20 72 70 50 44 54 86 25 82 95 34 78 75 81 94 50 73 
63 59 82 49 67 52 73 75 15 30 70 85 51 28 74 54 74 57 33 66 76 74 19 80 86 52 67 1 40 84 3 26 0 22 56 90 25 83 58 68 38 85 62 23 61 59 90 29 36 43 12 50 40 25 71 24 27 44 18 37 89 53 89 12 69 49 24 48 53 75 17 75 104 55 84 72 84 92 24 57 
47 47 60 29 45 55 58 65 21 29 49 66 35 25 53 40 52 35 30 56 60 66 5 59 66 33 54 22 27 70 19 35 22 0 34 71 7 61 38 47 18 63 58 14 41 38 70 26 27 43 16 37 29 9 49 37 27 36 15 45 70 41 73 32 47 36 25 31 32 53 10 53 86 50 64 50 63 70 32 38 
35 50 28 19 11 76 51 67 53 53 21 38 33 49 27 36 20 3 47 59 49 70 38 30 39 20 54 56 39 62 53 64 56 34 0 51 33 32 17 26 21 30 70 41 23 17 45 50 44 63 47 43 37 32 17 68 49 49 45 71 50 47 60 66 17 36 50 29 18 21 42 19 65 62 44 20 38 38 59 21 
85 40 58 43 44 77 25 44 79 68 30 76 39 67 25 87 37 53 95 43 20 48 72 25 17 71 36 89 52 27 87 83 90 71 51 0 74 25 66 25 68 39 59 68 31 36 11 67 58 68 87 45 87 75 39 88 95 54 73 83 1 45 16 95 35 87 95 42 40 58 73 45 15 58 7 33 15 33 103 72 
40 54 57 32 44 63 63 72 28 37 50 61 40 32 55 33 52 33 23 62 65 73 12 60 67 27 61 25 34 75 22 42 25 7 33 74 0 62 33 50 13 62 65 21 43 40 73 33 35 50 15 44 22 1 48 43 21 43 22 51 73 48 78 36 47 28 20 36 35 50 17 52 89 57 68 51 65 70 29 33 
63 50 32 34 22 86 41 61 75 69 13 51 40 67 9 66 13 34 79 56 36 65 64 3 8 51 50 82 52 48 80 83 83 61 32 25 62 0 45 18 52 14 72 63 24 24 16 67 58 74 77 49 69 62 16 88 81 58 68 87 25 51 40 90 15 67 81 39 30 33 67 20 37 67 21 12 11 12 90 50 
19 65 27 34 23 88 67 83 59 63 36 28 49 58 42 22 32 13 39 74 66 86 43 44 53 7 70 58 51 79 55 72 58 38 17 66 33 45 0 42 20 38 84 48 39 34 60 59 56 74 47 58 27 32 29 74 43 62 52 80 65 62 76 69 31 23 44 44 34 19 48 27 81 76 60 34 53 48 54 5 
62 33 41 18 22 68 27 47 59 52 10 58 22 49 9 62 19 29 70 40 25 50 49 15 19 46 34 67 34 38 64 66 68 47 26 25 50 18 42 0 43 28 55 46 7 10 23 49 41 56 63 32 62 50 19 71 70 40 52 69 24 34 34 74 14 62 70 22 15 39 51 27 40 50 18 14 16 29 78 47 
31 55 45 27 32 71 61 73 39 45 40 48 39 40 46 25 41 21 27 64 61 75 23 50 58 15 61 38 37 73 35 53 38 18 21 68 13 52 20 43 0 51 70 30 37 32 64 41 40 58 28 46 20 13 37 54 29 47 32 62 67 50 74 49 37 22 29 34 29 37 28 39 83 62 61 41 57 59 38 20 
54 61 20 39 19 95 53 73 80 76 19 39 48 73 20 60 11 30 76 68 49 77 66 15 21 45 62 85 59 61 82 89 85 63 30 39 62 14 38 28 51 0 83 67 32 29 29 73 66 83 77 59 65 62 14 94 79 67 72 94 38 61 53 94 18 61 79 47 35 23 70 12 50 78 34 15 24 10 89 43 
100 22 94 51 73 20 34 19 47 32 64 108 37 35 64 96 74 73 87 17 39 16 55 70 69 83 23 61 33 37 60 40 62 58 70 59 65 72 84 55 70 83 0 45 52 56 67 34 31 20 68 26 87 67 72 46 84 23 47 33 59 23 48 59 68 92 81 41 53 90 52 81 67 8 57 69 65 84 85 87 
60 38 68 29 50 42 50 54 13 16 50 76 28 11 54 53 56 43 42 45 53 54 10 60 65 45 45 22 17 61 20 24 23 14 41 68 21 63 48 46 30 67 45 0 40 39 69 13 15 29 23 28 43 22 53 27 39 24 5 32 67 31 66 28 50 49 36 26 33 62 7 59 82 37 61 53 62 73 41 50 
58 30 42 12 22 63 28 46 52 46 13 58 17 43 15 58 22 26 64 38 26 49 42 21 26 42 33 60 28 39 58 60 61 41 23 31 43 24 39 7 37 32 52 40 0 6 30 43 35 51 56 27 56 44 20 64 64 35 45 63 30 30 37 67 16 57 64 15 9 39 44 29 46 46 24 17 23 35 72 44 
53 35 38 10 17 66 34 51 51 47 11 53 20 43 15 53 19 20 60 43 32 54 40 21 28 37 38 59 29 45 56 60 59 38 17 36 40 24 34 10 32 29 56 39 6 0 33 44 36 53 54 30 51 40 17 65 60 38 44 65 35 34 43 66 12 52 60 17 6 34 43 25 51 50 29 15 25 34 68 38 
78 46 48 41 37 84 34 53 81 72 24 67 42 70 19 81 29 48 92 51 28 58 72 16 8 65 44 90 55 37 87 86 90 70 45 11 73 16 60 23 64 29 67 69 30 33 0 70 61 74 86 49 83 73 31 92 93 59 74 88 11 50 27 96 29 81 92 43 38 49 74 36 21 65 10 26 7 22 101 65 
72 31 77 34 57 29 46 46 14 3 55 87 28 1 57 66 62 52 54 37 50 45 22 64 68 56 38 28 15 56 27 17 29 26 50 67 33 67 59 49 41 73 34 13 43 44 70 0 9 17 34 22 55 35 59 22 50 15 13 22 66 24 62 30 55 62 48 27 38 71 18 66 80 26 61 58 64 77 52 61 
70 23 71 28 51 32 37 39 22 11 47 82 19 9 49 65 55 47 57 30 41 39 24 56 59 54 30 35 7 48 33 25 36 27 44 58 35 58 56 41 40 66 31 15 35 36 61 9 0 19 39 14 56 36 52 31 54 9 18 28 57 16 54 38 48 61 51 19 30 66 22 60 71 23 52 51 56 70 57 58 
88 28 90 46 69 13 44 36 28 14 64 101 34 18 65 82 72 66 71 29 49 34 39 71 73 72 34 42 24 51 41 20 43 43 63 68 50 74 74 56 58 83 20 29 51 53 74 17 19 0 50 25 72 51 70 26 66 16 30 15 67 24 60 39 65 78 64 36 48 84 34 77 79 14 64 68 69 85 67 77 
51 61 72 45 59 60 72 78 22 36 64 74 50 33 69 42 66 48 22 68 75 78 15 74 81 41 68 13 40 84 11 36 12 16 47 87 15 77 47 63 28 77 68 23 56 54 86 34 39 50 0 51 29 15 63 35 17 47 21 46 86 54 88 24 62 37 14 46 48 65 17 67 101 60 80 65 79 85 18 46 
75 10 68 25 47 36 23 28 36 24 40 82 11 23 40 71 49 47 67 18 27 29 36 47 49 58 17 49 10 34 47 38 50 37 43 45 44 49 58 32 46 59 26 28 27 30 49 22 14 25 51 0 64 45 47 44 64 9 32 38 44 4 40 52 42 68 63 14 26 63 34 55 57 19 40 44 45 61 69 61 
23 74 53 46 48 84 81 92 48 58 58 50 58 54 64 13 56 36 13 82 81 93 34 68 76 20 80 41 55 93 39 62 40 29 37 87 22 69 27 62 20 65 87 43 56 51 83 55 56 72 29 64 0 21 53 62 17 64 43 73 86 68 93 52 54 8 20 53 48 46 38 53 102 79 80 58 75 74 28 23 
39 55 57 32 44 64 64 73 29 38 50 60 41 33 55 32 52 33 22 63 65 74 13 60 68 27 62 26 35 76 23 43 25 9 32 75 1 62 32 50 13 62 67 22 44 40 73 35 36 51 15 45 21 0 49 44 21 44 23 53 74 49 78 36 47 27 20 36 35 50 18 51 90 58 68 51 66 70 28 32 
47 51 22 25 6 83 46 65 66 63 10 39 36 59 14 50 3 18 64 59 43 69 52 15 24 35 53 71 46 56 68 76 71 49 17 39 48 16 29 19 37 14 72 53 20 17 31 59 52 70 63 47 53 49 0 80 66 54 58 81 38 50 51 80 5 51 66 34 22 20 56 8 52 66 33 6 24 22 76 34 
83 51 95 55 77 31 66 62 15 20 76 102 50 22 79 75 82 70 56 55 71 60 32 85 90 70 58 23 37 75 24 6 24 37 68 88 43 88 74 71 54 94 46 27 64 65 92 22 31 26 35 44 62 44 80 0 51 35 23 14 88 45 83 15 76 70 48 49 59 89 27 86 101 40 83 79 86 99 48 75 
40 74 69 53 60 77 84 92 39 53 69 67 61 49 74 30 69 49 6 83 86 93 29 79 87 36 81 29 54 97 27 53 27 27 49 95 21 81 43 70 29 79 84 39 64 60 93 50 54 66 17 64 17 21 66 51 0 62 37 63 94 68 99 38 65 25 3 57 56 62 32 67 110 75 88 69 85 87 11 40 
77 16 75 31 54 28 31 31 30 16 48 87 18 16 49 73 56 52 65 22 35 31 33 55 58 61 23 43 10 41 41 29 44 36 49 54 43 58 62 40 47 67 23 24 35 38 59 15 9 16 47 9 64 44 54 35 62 0 27 29 53 10 48 45 50 69 60 20 33 70 30 62 66 15 49 52 54 70 65 65 
62 41 73 34 54 41 55 58 8 16 55 79 33 12 59 55 61 47 41 48 58 57 10 65 71 47 49 17 22 66 15 21 18 15 45 73 22 68 52 52 32 72 47 5 45 44 74 13 18 30 21 32 43 23 58 23 37 27 0 30 72 35 71 23 55 50 34 31 38 66 5 63 87 39 66 58 68 78 39 52 
92 43 99 56 79 16 59 51 24 18 75 108 47 22 77 84 83 74 68 45 64 48 40 84 87 77 49 36 35 66 36 11 37 45 71 83 51 87 80 69 62 94 33 32 63 65 88 22 28 15 46 38 73 53 81 14 63 29 30 0 82 38 75 30 77 80 60 48 59 93 35 88 94 29 78 79 83 98 61 82 
84 39 57 42 43 76 25 43 78 68 29 76 38 66 24 86 36 52 94 42 19 48 71 24 17 70 36 88 51 27 86 82 89 70 50 1 73 25 65 24 67 38 59 67 30 35 11 66 57 67 86 44 86 74 38 88 94 53 72 82 0 44 16 94 35 86 94 41 39 57 72 44 16 57 6 32 14 33 102 71 
79 7 71 28 50 34 21 24 38 25 42 85 14 25 42 75 51 50 71 15 26 25 39 49 50 62 14 52 14 31 50 39 53 41 47 45 48 51 62 34 50 61 23 31 30 34 50 24 16 24 54 4 68 49 50 45 68 10 35 38 44 0 38 54 45 72 66 18 30 67 38 58 56 16 40 46 46 63 72 65 
95 32 71 47 55 67 17 30 76 63 41 90 38 63 37 95 50 63 100 32 13 34 73 39 33 80 26 88 49 12 86 77 89 73 60 16 78 40 76 34 74 53 48 66 37 43 27 62 54 60 88 40 93 78 51 83 99 48 71 75 16 38 0 92 47 94 98 42 45 71 73 58 20 48 19 45 30 49 105 81 
74 61 92 57 76 46 75 74 16 29 78 96 55 29 81 65 82 67 44 66 79 73 27 88 93 63 68 11 43 85 13 20 12 32 66 95 36 90 69 74 49 94 59 28 67 66 96 30 38 39 24 52 52 36 80 15 38 45 23 30 94 54 92 0 77 60 35 53 60 85 24 84 108 52 89 80 90 100 33 68 
50 46 27 21 8 78 41 60 62 59 5 44 32 55 11 52 6 19 64 54 39 64 50 13 22 36 48 68 42 52 65 72 69 47 17 35 47 15 31 14 37 18 68 50 16 12 29 55 48 65 62 42 54 47 5 76 65 50 55 77 35 45 47 77 0 52 66 29 18 25 53 13 50 61 29 4 22 23 75 36 
15 77 48 48 45 91 83 95 56 65 57 42 61 60 63 5 54 34 20 86 83 97 40 66 74 16 83 49 59 95 47 70 49 36 36 87 28 67 23 62 22 61 92 49 57 52 81 62 61 78 37 68 8 27 51 70 25 69 50 80 86 72 94 60 52 0 28 56 49 41 45 49 101 84 80 56 74 71 36 18 
43 73 71 52 61 74 83 90 36 50 69 69 60 46 74 33 69 49 9 81 85 91 27 79 87 37 80 25 52 95 24 50 24 25 50 95 20 81 44 70 29 79 81 36 64 60 92 48 51 64 14 63 20 20 66 48 3 60 34 60 94 66 98 35 66 28 0 56 55 63 30 68 110 73 88 69 85 88 10 42 
61 21 54 11 33 49 28 39 38 30 28 68 5 28 30 59 36 33 58 30 29 42 31 36 40 45 27 48 12 40 45 44 48 31 29 42 36 39 44 22 34 47 41 26 15 17 43 27 19 36 46 14 53 36 34 49 57 20 31 48 41 18 42 53 29 56 56 0 12 49 32 42 56 33 35 32 37 50 63 48 
52 32 42 4 21 61 34 49 45 41 18 55 16 37 21 51 24 21 56 41 33 52 34 27 33 36 36 53 24 46 50 54 53 32 18 40 35 30 34 15 29 35 53 33 9 6 38 38 30 48 48 26 48 35 22 59 56 33 38 59 39 30 45 60 18 49 55 12 0 37 37 29 55 46 33 21 31 40 64 38 
32 69 7 39 17 97 66 85 73 74 30 19 53 70 34 38 21 19 58 77 63 88 58 33 42 26 72 75 60 76 72 86 75 53 21 58 50 33 19 39 37 23 90 62 39 34 49 71 66 84 65 63 46 50 20 89 62 70 66 93 57 67 71 85 25 41 63 49 37 0 62 13 71 83 52 26 43 32 73 23 
57 44 69 33 52 46 57 61 11 21 54 75 35 17 58 50 59 44 36 52 59 61 5 64 70 43 52 16 24 68 13 25 17 10 42 73 17 67 48 51 28 70 52 7 44 43 74 18 22 34 17 34 38 18 56 27 32 30 5 35 72 38 73 24 53 45 30 32 37 62 0 61 88 43 67 56 67 76 35 48 
43 59 14 32 9 90 54 74 71 69 18 32 44 66 21 48 8 19 64 67 51 77 57 20 29 33 61 75 53 64 72 82 75 53 19 45 52 20 27 27 39 12 81 59 29 25 36 66 60 77 67 55 53 51 8 86 67 62 63 88 44 58 58 84 13 49 68 42 29 13 61 0 58 74 39 14 30 21 77 31 
99 51 69 58 58 87 35 49 92 81 45 88 53 80 39 102 50 68 110 51 30 54 87 38 29 86 46 103 65 31 101 95 104 86 65 15 89 37 81 40 83 50 67 82 46 51 21 80 71 79 101 57 102 90 52 101 110 66 87 94 16 56 20 108 50 101 110 56 55 71 88 58 0 67 22 47 28 42 118 86 
92 18 87 44 66 20 32 22 39 24 59 101 30 27 59 87 68 66 79 16 38 20 47 65 65 75 22 54 25 38 52 34 55 50 62 58 57 67 76 50 62 78 8 37 46 50 65 26 23 14 60 19 79 58 66 40 75 15 39 29 57 16 48 52 61 84 73 33 46 83 43 74 67 0 54 63 61 79 77 79 
79 36 52 36 37 74 23 43 73 63 24 71 33 62 18 80 31 47 88 40 18 47 66 20 14 64 34 83 46 28 80 78 84 64 44 7 68 21 60 18 61 34 57 61 24 29 10 61 52 64 80 40 80 68 33 83 88 49 66 78 6 40 19 89 29 80 88 35 33 52 67 39 22 54 0 27 10 30 96 65 
53 46 27 24 11 80 41 60 66 61 4 45 33 58 8 56 5 22 68 54 38 64 53 10 19 40 48 72 44 51 69 75 72 50 20 33 51 12 34 14 41 15 69 53 17 15 26 58 51 68 65 44 58 51 6 79 69 52 58 79 32 46 45 80 4 56 69 32 21 26 56 14 47 63 27 0 19 20 79 40 
71 43 43 34 30 80 32 52 75 67 17 61 36 64 11 74 22 40 84 48 27 57 65 10 4 58 42 83 49 38 81 81 84 63 38 15 65 11 53 16 57 24 65 62 23 25 7 64 56 69 79 45 75 66 24 86 85 54 68 83 14 46 30 90 22 74 85 37 31 43 67 30 28 61 10 19 0 20 94 58 
64 61 29 44 27 97 52 72 85 80 23 47 51 77 21 69 18 39 85 68 47 76 73 14 16 55 61 92 63 58 89 94 92 70 38 33 70 12 48 29 59 10 84 73 35 34 22 77 70 85 85 61 74 70 22 99 87 70 78 98 33 63 49 100 23 71 88 50 40 32 76 21 42 79 30 20 20 0 97 53 
51 79 80 60 70 76 90 96 39 53 78 78 67 50 83 41 79 59 16 86 92 96 33 88 96 47 86 26 58 102 26 50 24 32 59 103 29 90 54 78 38 89 85 41 72 68 101 52 57 67 18 69 28 28 76 48 11 65 39 61 102 72 105 33 75 36 10 63 64 73 35 77 118 77 96 79 94 97 0 51 
14 69 30 38 29 90 72 87 59 65 41 28 52 60 47 16 37 18 36 78 71 89 43 49 58 5 74 57 54 84 55 73 57 38 21 72 33 50 5 47 20 43 87 50 44 38 65 61 58 77 46 61 23 32 34 75 40 65 52 82 71 65 81 68 36 18 42 48 38 23 48 31 86 79 65 40 58 53 51 0 
0 324 10 893 0 0 214 3000 74 24 218 868 29 0 0 210 464 0 0 0 0 0 0 0 0 86 26 34 0 0 462 116 153 8 0 0 342 0 32 0 0 20 0 0 0 18 0 96 0 0 0 22 0 21 0 0 0 13 533 2083 0 68 21 874 33 0 3000 83 771 25 0 68 965 0 0 32 122 96 271 1357 
324 0 1650 8 0 99 1178 19 230 12 150 42 55 0 0 847 2861 0 0 0 0 0 0 0 0 88 10 10 0 0 3000 23 110 54 0 0 37 0 467 0 13 383 0 0 0 74 0 747 0 0 0 262 0 527 0 0 0 160 145 430 0 93 55 24 212 0 582 12 432 3000 60 72 3000 0 0 112 265 0 473 0 
10 1650 0 335 0 174 12 479 15 88 97 27 3000 3000 220 16 11 0 54 9 419 57 56 0 816 184 1326 17 24 9 113 0 154 21 134 0 700 0 424 0 489 1334 0 511 0 15 25 636 42 338 381 625 238 139 11 53 72 125 16 105 83 181 534 735 10 48 240 14 537 3000 0 25 87 1714 1381 590 52 64 9 303 
893 8 335 0 0 3000 447 136 28 1110 3000 2630 1027 37 163 57 2405 0 16 0 90 3000 218 0 16 12 21 223 447 15 9 0 762 196 97 0 568 0 801 0 0 311 0 13 0 520 108 31 30 1109 3000 2805 0 139 334 0 67 39 17 61 0 9 11 12 130 77 54 83 380 43 0 81 26 500 20 199 370 7 19 461 
0 0 0 0 0 275 0 0 0 0 0 0 0 44 94 0 0 353 0 221 0 0 44 1612 278 0 0 41 1133 12 0 0 0 0 2102 0 0 60 0 25 17 0 458 20 0 47 0 2775 0 28 23 8 8 38 0 37 78 0 0 0 2711 0 0 0 191 12 0 0 853 0 0 0 9 0 19 0 0 0 0 0 
0 99 174 3000 275 0 0 2338 8 460 153 91 1211 153 383 15 12 17 212 106 1223 747 189 29 34 144 3000 3000 35 30 0 244 1276 262 103 0 66 177 0 2344 57 32 569 626 0 44 149 24 48 16 576 668 213 244 2991 63 108 161 334 12 149 75 578 50 74 25 23 81 101 3000 3000 9 14 31 12 10 62 80 2860 80 
214 1178 12 447 0 0 0 50 379 23 31 31 124 0 0 9 24 0 0 0 0 0 0 0 0 15 244 958 0 0 13 336 29 859 0 0 46 0 444 0 0 818 0 0 0 0 0 7 0 0 0 130 0 302 0 0 0 12 1366 11 0 2799 17 205 54 1567 109 7 72 8 0 3000 69 0 0 213 215 15 833 40 
3000 19 479 136 0 2338 50 0 325 16 486 1097 598 115 890 98 179 37 48 105 27 1078 435 85 1324 80 65 265 188 52 28 139 125 52 41 122 10 118 60 183 1821 8 491 10 77 15 17 11 110 11 2100 73 645 86 3000 726 184 220 44 191 467 107 25 3000 735 460 73 29 93 24 223 59 1162 531 183 46 3000 71 159 11 
74 230 15 28 0 8 379 325 0 28 60 13 63 0 79 62 183 0 0 1007 0 0 0 10 0 91 374 235 0 0 116 16 1253 167 0 97 288 3000 939 0 97 28 12 267 27 44 0 28 0 314 201 665 0 7 0 0 39 1417 111 115 0 71 1186 3000 187 8 1238 38 255 2771 38 20 299 0 0 225 1072 59 11 14 
24 12 88 1110 0 460 23 16 28 0 371 191 39 92 809 1030 8 0 345 0 96 68 93 0 10 29 1495 190 35 67 1636 0 3000 214 162 0 47 0 16 0 0 476 0 621 0 988 440 10 1133 753 62 17 0 28 81 0 478 7 0 2771 8 885 20 45 166 2952 338 309 352 9 0 122 249 17 76 105 0 277 1275 14 
218 150 97 3000 0 153 31 486 60 371 0 15 556 0 0 101 10 0 0 0 0 273 0 0 0 10 10 92 0 0 32 10 78 34 0 0 31 0 203 0 0 13 0 135 0 23 0 72 249 0 0 274 0 14 0 0 0 3000 20 16 0 3000 122 27 149 346 51 41 332 136 0 787 412 0 0 155 156 80 439 80 
868 42 27 2630 0 91 31 1097 13 191 15 0 1012 0 611 15 181 497 0 8 0 0 0 2557 0 44 39 143 0 0 352 24 61 20 0 168 239 8 58 0 41 197 157 21 14 525 0 565 0 910 299 61 0 60 0 0 0 237 10 15 0 1004 18 7 175 89 35 43 725 114 13 60 660 0 0 807 126 0 33 0 
29 55 3000 1027 0 1211 124 598 63 39 556 1012 0 381 24 913 91 0 112 0 229 14 0 0 0 72 38 23 0 0 25 66 62 2264 0 0 8 0 29 0 66 260 0 17 0 16 114 661 53 46 59 8 0 8 694 0 826 460 248 84 0 203 666 24 29 377 159 73 3000 57 174 1537 943 28 0 626 237 424 29 111 
0 0 3000 37 44 153 0 115 0 92 0 0 381 0 2491 0 353 28 169 637 651 26 11 0 160 18 152 3000 38 33 0 0 39 159 60 0 11 0 0 213 9 262 0 9 0 3000 14 278 138 3000 64 1171 2983 123 430 2830 69 30 0 223 661 2556 0 0 358 2652 12 349 372 0 0 138 138 315 118 307 0 1042 14 33 
0 0 220 163 94 383 0 890 79 809 0 611 24 2491 0 1269 21 3000 48 350 2101 0 25 30 24 784 31 27 574 1369 0 76 157 79 92 28 0 198 0 165 207 318 237 9 14 221 0 13 372 18 257 37 623 54 308 76 12 17 533 22 46 10 522 29 93 1057 145 136 138 239 212 545 186 0 17 9 529 374 141 60 
210 847 16 57 0 15 9 98 62 1030 101 15 913 0 1269 0 30 20 0 166 0 0 0 88 92 187 15 494 162 0 69 186 261 603 0 12 292 723 1455 0 383 14 3000 3000 49 436 0 26 32 1605 33 29 594 957 0 0 983 7 3000 404 0 42 43 380 98 130 426 409 652 203 58 113 1887 0 0 14 479 13 36 12 
464 2861 11 2405 0 12 24 179 183 8 10 181 91 353 21 30 0 46 0 25 0 0 0 169 146 140 22 10 8 0 98 49 20 70 0 112 308 802 3000 212 295 820 902 17 14 622 0 35 2699 34 15 737 189 181 0 0 18 443 16 29 0 55 53 23 330 1589 8 102 311 9 47 1351 149 0 108 445 70 119 133 22 
0 0 0 0 353 17 0 37 0 0 0 497 0 28 3000 20 46 0 0 15 0 0 849 7 242 0 59 15 59 231 0 130 0 0 76 1969 0 142 0 2221 90 0 9 30 163 7 0 28 0 238 645 282 231 341 0 76 66 0 24 0 38 1021 0 0 8 124 0 0 57 0 274 278 7 0 80 86 72 0 0 0 
0 0 54 16 0 212 0 48 0 345 0 0 112 169 48 0 0 0 0 0 11 213 86 0 54 66 0 3000 857 192 0 0 90 112 338 0 23 0 0 0 0 39 0 642 0 0 12 21 1252 87 529 369 0 234 916 0 106 22 0 11 133 0 0 0 2619 49 0 11 10 0 0 202 1138 3000 68 0 0 1503 2115 18 
0 0 9 0 221 106 0 105 1007 0 0 8 0 637 350 166 25 15 0 0 0 0 118 274 1141 0 46 109 21 1969 0 999 0 0 12 19 0 216 0 1795 38 0 48 108 9 67 0 737 0 8 1343 72 95 90 0 64 63 0 22 0 114 1921 34 27 638 46 38 0 502 3000 3000 30 451 0 124 172 64 0 0 0 
0 0 419 90 0 1223 0 27 0 96 0 0 229 651 2101 0 0 0 11 0 0 9 113 0 34 302 0 12 1258 101 0 0 76 82 48 0 148 0 0 0 0 25 0 744 0 0 24 15 86 24 16 82 0 215 3000 0 368 22 0 166 32 0 0 0 551 92 0 24 73 0 0 194 121 101 12 0 0 53 266 41 
0 0 57 3000 0 747 0 1078 0 68 273 0 14 26 0 0 0 0 213 0 9 0 1560 0 111 1323 511 46 97 249 0 0 134 1123 273 0 2660 0 0 0 0 386 0 733 0 0 138 1491 9 485 0 2684 0 179 334 0 1312 15 0 156 0 0 0 0 2746 526 3000 421 21 0 0 15 3000 56 0 30 0 1418 2505 111 
0 0 56 218 44 189 0 435 0 93 0 0 0 11 25 0 0 849 86 118 113 1560 0 0 16 0 0 309 1151 184 0 0 0 894 53 0 0 68 0 265 28 169 12 22 0 913 11 36 1535 2575 26 38 229 1047 142 44 32 0 0 0 11 323 0 0 103 775 0 225 77 0 0 0 382 23 645 0 0 150 46 11 
0 0 0 0 1612 29 0 85 10 0 0 2557 0 0 30 88 169 7 0 274 0 0 0 0 16 0 30 2014 2157 0 0 40 0 0 0 1034 0 41 0 69 12 0 15 11 1148 72 0 263 0 375 373 0 18 30 0 73 19 0 29 0 576 1911 3000 41 15 0 22 0 40 100 1269 46 175 0 9 736 208 0 0 0 
0 0 816 16 278 34 0 1324 0 10 0 0 0 160 24 92 146 242 54 1141 34 111 16 16 0 20 1449 227 2242 3000 0 37 0 241 43 0 0 111 0 42 70 8 205 23 0 23 11 65 225 16 82 211 22 19 599 11 81 244 78 181 1969 298 0 0 675 315 0 165 1371 0 0 73 40 28 37 24 663 54 22 25 
86 88 184 12 0 144 15 80 91 29 10 44 72 18 784 187 140 0 66 0 302 1323 0 0 20 0 80 12 828 697 91 0 85 54 7 0 39 0 12 0 0 161 0 25 0 0 281 82 757 16 33 351 0 127 102 0 666 3000 0 37 0 2988 80 409 53 32 59 173 419 2555 0 109 45 288 0 49 807 75 18 17 
26 10 1326 21 0 3000 244 65 374 1495 10 39 38 152 31 15 22 59 0 46 0 511 0 30 1449 80 0 213 0 0 109 359 879 744 0 557 21 20 48 0 27 20 240 20 67 23 0 354 398 8 1119 147 198 24 0 0 79 930 11 113 0 26 12 12 43 13 51 368 81 178 121 145 1298 0 0 1251 18 685 38 286 
34 10 17 223 41 3000 958 265 235 190 92 143 23 3000 27 494 10 15 3000 109 12 46 309 2014 227 12 213 0 15 71 113 10 13 641 8 69 117 3000 1016 12 144 52 46 10 62 70 520 16 361 995 3000 35 73 16 24 83 25 48 13 409 55 27 359 236 7 1461 96 49 304 187 13 49 144 148 49 9 167 94 185 1895 
0 0 24 447 1133 35 0 188 0 35 0 0 0 38 574 162 8 59 857 21 1258 97 1151 2157 2242 828 0 15 0 46 0 78 0 950 70 0 0 14 0 211 75 233 531 44 0 16 74 2072 20 62 35 16 192 18 242 17 780 251 17 53 115 506 0 0 244 87 0 229 477 0 0 29 366 8 468 0 0 122 194 53 
0 0 9 15 12 30 0 52 0 67 0 0 0 33 1369 0 0 231 192 1969 101 249 184 0 3000 697 0 71 46 0 0 0 0 20 239 0 0 0 0 424 48 700 0 25 0 223 10 186 64 701 3000 1549 48 641 9 1274 42 1582 0 432 29 15 0 0 8 2985 0 1491 8 0 0 29 8 500 24 0 0 9 214 186 
462 3000 113 9 0 0 13 28 116 1636 32 352 25 0 0 69 98 0 0 0 0 0 0 0 0 91 109 113 0 0 0 25 19 61 0 0 302 0 12 0 0 25 0 0 0 499 0 2086 0 0 0 16 0 33 0 0 0 9 650 118 0 164 28 70 43 0 1619 7 10 583 0 77 13 0 0 296 879 84 40 0 
116 23 0 0 0 244 336 139 16 0 10 24 66 0 76 186 49 130 0 999 0 0 0 40 37 0 359 10 78 0 25 0 75 0 0 44 0 29 229 547 18 0 210 106 533 663 0 1966 0 73 33 29 148 21 0 325 474 0 78 36 0 96 549 1226 91 0 101 0 505 20 18 14 51 0 3000 42 35 0 0 0 
153 110 154 762 0 1276 29 125 1253 3000 78 61 62 39 157 261 20 0 90 0 76 134 0 0 0 85 879 13 0 0 19 75 0 1300 0 0 285 0 97 0 0 19 0 31 0 15 16 267 89 2787 453 247 0 23 22 0 134 207 42 1857 0 22 168 1012 913 40 316 854 14 30 0 345 383 21 0 249 27 1068 289 34 
8 54 21 196 0 262 859 52 167 214 34 20 2264 159 79 603 70 0 112 0 82 1123 894 0 241 54 744 641 950 20 61 0 1300 0 81 0 452 0 11 0 0 217 0 42 0 0 49 1236 46 668 248 740 0 21 86 0 24 631 0 1432 0 153 7 41 8 298 1308 56 12 10 0 19 80 148 0 22 0 9 942 693 
0 0 134 97 2102 103 0 41 0 162 0 0 0 60 92 0 0 76 338 12 48 273 53 0 43 7 0 8 70 239 0 0 0 81 0 0 0 0 0 299 103 342 0 97 0 10 15 135 3000 199 36 65 216 17 1336 428 169 14 0 33 197 63 0 0 106 64 0 221 1586 0 0 2171 37 100 21 0 0 120 8 7 
0 0 0 0 0 0 0 122 97 0 0 168 0 0 28 12 112 1969 0 19 0 0 0 1034 0 0 557 69 0 0 0 44 0 0 0 0 0 3000 0 645 45 0 1899 0 8 9 0 59 0 762 1032 0 198 0 0 15 0 0 835 0 0 72 8 404 309 0 0 0 58 119 86 393 0 0 0 8 21 0 0 0 
342 37 700 568 0 66 46 10 288 47 31 239 8 11 0 292 308 0 23 0 148 2660 0 0 0 39 21 117 0 0 302 0 285 452 0 0 0 0 192 0 0 8 0 72 0 0 989 235 19 1742 0 132 0 662 21 0 12 120 0 16 0 9 8 43 16 315 26 8 295 69 0 94 1760 52 0 24 27 445 15 40 
0 0 0 0 60 177 0 118 3000 0 0 8 0 0 198 723 802 142 0 216 0 0 68 41 111 0 20 3000 14 0 0 29 0 0 0 3000 0 0 0 23 8 0 12 66 49 9 0 16 0 3000 1289 0 84 77 0 118 203 0 12 0 78 80 0 86 260 0 0 0 2078 2012 151 56 346 0 1329 626 199 0 0 0 
32 467 424 801 0 0 444 60 939 16 203 58 29 0 0 1455 3000 0 0 0 0 0 0 0 0 12 48 1016 0 0 12 229 97 11 0 0 192 0 0 0 0 259 0 0 0 0 0 117 0 0 0 35 0 20 0 0 0 117 217 15 0 39 91 50 3000 0 64 3000 0 187 0 14 762 0 0 15 161 0 48 0 
0 0 0 0 25 2344 0 183 0 0 0 0 0 213 165 0 212 2221 0 1795 0 0 265 69 42 0 0 12 211 424 0 547 0 0 299 645 0 23 0 0 12 0 82 61 20 190 0 8 0 381 26 348 20 3000 0 25 2442 0 91 0 95 11 0 0 97 80 0 0 2324 0 14 0 131 0 65 0 98 0 0 0 
0 13 489 0 17 57 0 1821 97 0 0 41 66 9 207 383 295 90 0 38 0 0 28 12 70 0 27 144 75 48 0 18 0 0 103 45 0 8 0 12 0 0 3000 272 191 246 0 1438 0 84 315 891 17 1445 0 123 201 0 228 73 16 1831 1027 181 144 198 79 0 76 123 177 819 14 0 68 411 16 0 0 0 
20 383 1334 311 0 32 818 8 28 476 13 197 260 262 318 14 820 0 39 0 25 386 169 0 8 161 20 52 233 700 25 0 19 217 342 0 8 0 259 0 0 0 0 95 0 9 549 3000 1579 35 125 40 311 91 260 0 63 313 0 243 384 1738 73 218 11 1967 20 259 152 370 0 285 235 350 309 18 0 257 53 2465 
0 0 0 0 458 569 0 491 12 0 0 157 0 0 237 3000 902 9 0 48 0 0 12 15 205 0 240 46 531 0 0 210 0 0 0 1899 0 12 0 82 3000 0 0 348 17 12 0 1063 0 344 162 0 98 109 0 28 10 0 22 0 25 152 0 0 87 0 0 0 124 0 394 28 352 0 2694 73 787 0 0 0 
0 0 511 13 20 626 0 10 267 621 135 21 17 9 9 3000 17 30 642 108 744 733 22 11 23 25 20 10 44 25 0 106 31 42 97 0 72 66 0 61 272 95 348 0 0 39 109 325 29 925 330 56 25 63 209 246 39 11 1135 109 23 12 96 128 142 31 87 1093 10 70 0 683 276 30 65 89 380 808 190 121 
0 0 0 0 0 0 0 77 27 0 0 14 0 0 14 49 14 163 0 9 0 0 0 1148 0 0 67 62 0 0 0 533 0 0 0 8 0 49 0 20 191 0 17 0 0 28 0 38 0 203 10 0 513 41 0 39 0 0 281 0 0 682 1770 29 464 0 0 0 390 110 72 32 0 0 10 1743 27 0 0 0 
18 74 15 520 47 44 0 15 44 988 23 525 16 3000 221 436 622 7 0 67 0 0 913 72 23 0 23 70 16 223 499 663 15 0 10 9 0 9 0 190 246 9 12 39 28 0 0 33 0 10 673 165 138 418 0 11 44 0 46 406 183 11 61 10 228 104 14 0 2417 115 33 68 129 0 10 38 27 0 0 19 
0 0 25 108 0 149 0 17 0 440 0 0 114 14 0 0 0 0 12 0 24 138 11 0 11 281 0 520 74 10 0 0 16 49 15 0 989 0 0 0 0 549 0 109 0 0 0 12 200 615 0 41 0 27 512 0 1107 15 0 48 37 0 0 0 20 12 0 129 295 0 0 3000 90 140 0 0 0 71 17 55 
96 747 636 31 2775 24 7 11 28 10 72 565 661 278 13 26 35 28 21 737 15 1491 36 263 65 82 354 16 2072 186 2086 1966 267 1236 135 59 235 16 117 8 1438 3000 1063 325 38 33 12 0 108 668 92 26 462 295 70 29 35 9 383 9 2132 3000 26 490 332 19 1032 194 20 17 409 80 41 25 42 192 203 154 13 30 
0 0 42 30 0 48 0 110 0 1133 249 0 53 138 372 32 2699 0 1252 0 86 9 1535 0 225 757 398 361 20 64 0 0 89 46 3000 0 19 0 0 0 0 1579 0 29 0 0 200 108 0 96 79 418 0 144 38 0 42 99 0 72 2394 32 0 712 121 47 1648 1481 261 0 0 3000 189 45 665 1667 0 444 100 38 
0 0 338 1109 28 16 0 11 314 753 0 910 46 3000 18 1605 34 238 87 8 24 485 2575 375 16 16 8 995 62 701 0 73 2787 668 199 762 1742 3000 0 381 84 35 344 925 203 10 615 668 96 0 72 94 15 570 8 181 160 7 218 78 67 15 0 38 10 126 353 25 415 19 2552 13 37 527 463 64 119 89 7 84 
0 0 381 3000 23 576 0 2100 201 62 0 299 59 64 257 33 15 645 529 1343 16 0 26 373 82 33 1119 3000 35 3000 0 33 453 248 36 1032 0 1289 0 26 315 125 162 330 10 673 0 92 79 72 0 36 1913 1152 74 3000 7 361 97 2567 77 375 174 11 793 3000 26 31 237 99 122 224 14 0 420 2288 149 541 56 114 
22 262 625 2805 8 668 130 73 665 17 274 61 8 1171 37 29 737 282 369 72 82 2684 38 0 211 351 147 35 16 1549 16 29 247 740 65 0 132 0 35 348 891 40 0 56 0 165 41 26 418 94 36 0 457 785 100 130 3000 8 513 1063 191 36 9 3000 9 2632 226 19 133 245 0 16 758 28 2549 59 128 2113 63 286 
0 0 238 0 8 213 0 645 0 0 0 0 0 2983 623 594 189 231 0 95 0 0 229 18 22 0 198 73 192 48 0 148 0 0 216 198 0 84 0 20 17 311 98 25 513 138 0 462 0 15 1913 457 0 70 0 277 95 0 3000 0 80 17 0 0 38 13 0 0 108 0 24 45 880 0 96 195 224 0 0 204 
21 527 139 139 38 244 302 86 7 28 14 60 8 123 54 957 181 341 234 90 215 179 1047 30 19 127 24 16 18 641 33 21 23 21 17 0 662 77 20 3000 1445 91 109 63 41 418 27 295 144 570 1152 785 70 0 2073 9 90 1121 10 28 9 8 1806 401 35 13 233 271 36 319 23 19 72 39 547 51 371 31 3000 107 
0 0 11 334 0 2991 0 3000 0 81 0 0 694 430 308 0 0 0 916 0 3000 334 142 0 599 102 0 24 242 9 0 0 22 86 1336 0 21 0 0 0 0 260 0 209 0 0 512 70 38 8 74 100 0 2073 0 0 3000 76 0 178 82 0 0 0 73 31 0 1695 11 0 0 67 184 209 80 0 0 78 96 16 
0 0 53 0 37 63 0 726 0 0 0 0 0 2830 76 0 0 76 0 64 0 0 44 73 11 0 0 83 17 1274 0 325 0 0 428 15 0 118 0 25 123 0 28 246 39 11 0 29 0 181 3000 130 277 9 0 0 950 0 57 0 339 750 0 0 1407 12 0 0 2103 0 384 0 1778 0 11 0 63 0 0 0 
0 0 72 67 78 108 0 184 39 478 0 0 826 69 12 983 18 66 106 63 368 1312 32 19 81 666 79 25 780 42 0 474 134 24 169 0 12 203 0 2442 201 63 10 39 0 44 1107 35 42 160 7 3000 95 90 3000 950 0 476 42 10 322 36 0 24 348 154 178 372 12 0 0 198 1402 32 21 852 651 118 184 401 
13 160 125 39 0 161 12 220 1417 7 3000 237 460 30 17 7 443 0 22 0 22 15 0 0 244 3000 930 48 251 1582 9 0 207 631 14 0 120 0 117 0 0 313 0 11 0 0 15 9 99 7 361 8 0 1121 76 0 476 0 0 43 0 523 251 1640 9 1401 181 240 1007 51 0 94 70 98 0 20 0 21 111 104 
533 145 16 17 0 334 1366 44 111 0 20 10 248 0 533 3000 16 24 0 22 0 0 0 29 78 0 11 13 17 0 650 78 42 0 0 835 0 12 217 91 228 0 22 1135 281 46 0 383 0 218 97 513 3000 10 0 57 42 0 0 197 0 473 25 44 22 0 467 0 207 11 125 18 278 0 1993 14 2007 0 0 0 
2083 430 105 61 0 12 11 191 115 2771 16 15 84 223 22 404 29 0 11 0 166 156 0 0 181 37 113 409 53 432 118 36 1857 1432 33 0 16 0 15 0 73 243 0 109 0 406 48 9 72 78 2567 1063 0 28 178 0 10 43 197 0 0 1039 43 20 52 118 465 16 50 8 0 21 226 52 0 465 31 370 107 1167 
0 0 83 0 2711 149 0 467 0 8 0 0 0 661 46 0 0 38 133 114 32 0 11 576 1969 0 0 55 115 29 0 0 0 0 197 0 0 78 0 95 16 384 25 23 0 183 37 2132 2394 67 77 191 80 9 82 339 322 0 0 0 0 29 0 0 14 13 0 7 545 0 0 0 262 108 70 0 0 189 0 393 
68 93 181 9 0 75 2799 107 71 885 3000 1004 203 2556 10 42 55 1021 0 1921 0 0 323 1911 298 2988 26 27 506 15 164 96 22 153 63 72 9 80 39 11 1831 1738 152 12 682 11 0 3000 32 15 375 36 17 8 0 750 36 523 473 1039 29 0 15 170 865 9 2952 2880 415 16 36 17 3000 0 278 34 211 253 27 199 
21 55 534 11 0 578 17 25 1186 20 122 18 666 0 522 43 53 0 0 34 0 0 0 3000 0 80 12 359 0 0 28 549 168 7 0 8 8 0 91 0 1027 73 0 96 1770 61 0 26 0 0 174 9 0 1806 0 0 0 251 25 43 0 15 0 400 988 0 1898 112 126 162 30 222 153 0 0 58 644 0 58 0 
874 24 735 12 0 50 205 3000 3000 45 27 7 24 0 29 380 23 0 0 27 0 0 0 41 0 409 12 236 0 0 70 1226 1012 41 0 404 43 86 50 0 181 218 0 128 29 10 0 490 712 38 11 3000 0 401 0 0 24 1640 44 20 0 170 400 0 110 249 47 2173 275 32 50 566 1925 0 0 170 690 1258 1815 434 
33 212 10 130 191 74 54 735 187 166 149 175 29 358 93 98 330 8 2619 638 551 2746 103 15 675 53 43 7 244 8 43 91 913 8 106 309 16 260 3000 97 144 11 87 142 464 228 20 332 121 10 793 9 38 35 73 1407 348 9 22 52 14 865 988 110 0 2090 379 3000 55 961 83 14 309 1224 527 65 28 664 9 207 
0 0 48 77 12 25 1567 460 8 2952 346 89 377 2652 1057 130 1589 124 49 46 92 526 775 0 315 32 13 1461 87 2985 0 0 40 298 64 0 315 0 0 80 198 1967 0 31 0 104 12 19 47 126 3000 2632 13 13 31 12 154 1401 0 118 13 9 0 249 2090 0 414 313 12 38 0 413 186 30 968 3000 0 86 29 152 
3000 582 240 54 0 23 109 73 1238 338 51 35 159 12 145 426 8 0 0 38 0 3000 0 22 0 59 51 96 0 0 1619 101 316 1308 0 0 26 0 64 0 79 20 0 87 0 14 0 1032 1648 353 26 226 0 233 0 0 178 181 467 465 0 2952 1898 47 379 414 0 85 105 16 338 85 102 0 0 221 82 3000 3000 41 
83 12 14 83 0 81 7 29 38 309 41 43 73 349 136 409 102 0 11 0 24 421 225 0 165 173 368 49 229 1491 7 0 854 56 221 0 8 0 3000 0 0 259 0 1093 0 0 129 194 1481 25 31 19 0 271 1695 0 372 240 0 16 7 2880 112 2173 3000 313 85 0 491 3000 0 118 142 18 743 673 0 367 14 139 
771 432 537 380 853 101 72 93 255 352 332 725 3000 372 138 652 311 57 10 502 73 21 77 40 1371 419 81 304 477 8 10 505 14 12 1586 58 295 2078 0 2324 76 152 124 10 390 2417 295 20 261 415 237 133 108 36 11 2103 12 1007 207 50 545 415 126 275 55 12 105 491 0 130 59 588 44 476 256 223 10 12 41 317 
25 3000 3000 43 0 3000 8 24 2771 9 136 114 57 0 239 203 9 0 0 3000 0 0 0 100 0 2555 178 187 0 0 583 20 30 10 0 119 69 2012 187 0 123 370 0 70 110 115 0 17 0 19 99 245 0 319 0 0 0 51 11 8 0 16 162 32 961 38 16 3000 130 0 115 2808 1292 0 0 2595 21 113 36 49 
0 60 0 0 0 3000 0 223 38 0 0 13 174 0 212 58 47 274 0 3000 0 0 0 1269 0 0 121 13 0 0 0 18 0 0 0 86 0 151 0 14 177 0 394 0 72 33 0 409 0 2552 122 0 24 23 0 384 0 0 125 0 0 36 30 50 83 0 338 0 59 115 0 18 1656 0 1531 142 267 0 0 0 
68 72 25 81 0 9 3000 59 20 122 787 60 1537 138 545 113 1351 278 202 30 194 15 0 46 73 109 145 49 29 29 77 14 345 19 2171 393 94 56 14 0 819 285 28 683 32 68 3000 80 3000 13 224 16 45 19 67 0 198 94 18 21 0 17 222 566 14 413 85 118 588 2808 18 0 54 16 80 265 52 186 40 109 
965 3000 87 26 9 14 69 1162 299 249 412 660 943 138 186 1887 149 7 1138 451 121 3000 382 175 40 45 1298 144 366 8 13 51 383 80 37 0 1760 346 762 131 14 235 352 276 0 129 90 41 189 37 14 758 880 72 184 1778 1402 70 278 226 262 3000 153 1925 309 186 102 142 44 1292 1656 54 0 66 295 205 177 1236 95 85 
0 0 1714 500 0 31 0 531 0 17 0 0 28 315 0 0 0 0 3000 0 101 56 23 0 28 288 0 148 8 500 0 0 21 148 100 0 52 0 0 0 0 350 0 30 0 0 140 25 45 527 0 28 0 39 209 0 32 98 0 52 108 0 0 0 1224 30 0 18 476 0 0 16 66 0 0 0 0 163 183 234 
0 0 1381 20 19 12 0 183 0 76 0 0 0 118 17 0 108 80 68 124 12 0 645 9 37 0 0 49 468 24 0 3000 0 0 21 0 0 1329 0 65 68 309 2694 65 10 10 0 42 665 463 420 2549 96 547 80 11 21 0 1993 0 70 278 0 0 527 968 0 743 256 0 1531 80 295 0 0 0 0 184 0 526 
32 112 590 199 0 10 213 46 225 105 155 807 626 307 9 14 445 86 0 172 0 30 0 736 24 49 1251 9 0 0 296 42 249 22 0 8 24 626 15 0 411 18 73 89 1743 38 0 192 1667 64 2288 59 195 51 0 0 852 20 14 465 0 34 58 170 65 3000 221 673 223 2595 142 265 205 0 0 0 169 28 7 137 
122 265 52 370 0 62 215 3000 1072 0 156 126 237 0 529 479 70 72 0 64 0 0 0 208 663 807 18 167 0 0 879 35 27 0 0 21 27 199 161 98 16 0 787 380 27 27 0 203 0 119 149 128 224 371 0 63 651 0 2007 31 0 211 644 690 28 0 82 0 10 21 267 52 177 0 0 169 0 0 0 0 
96 0 64 7 0 80 15 71 59 277 80 0 424 1042 374 13 119 0 1503 0 53 1418 150 0 54 75 685 94 122 9 84 0 1068 9 120 0 445 0 0 0 0 257 0 808 0 0 71 154 444 89 541 2113 0 31 78 0 118 21 0 370 189 253 0 1258 664 86 3000 367 12 113 0 186 1236 163 184 28 0 0 963 533 
271 473 9 19 0 2860 833 159 11 1275 439 33 29 14 141 36 133 0 2115 0 266 2505 46 0 22 18 38 185 194 214 40 0 289 942 8 0 15 0 48 0 0 53 0 190 0 0 17 13 100 7 56 63 0 3000 96 0 184 111 0 107 0 27 58 1815 9 29 3000 14 41 36 0 40 95 183 0 7 0 963 0 339 
1357 0 303 461 0 80 40 11 14 14 80 0 111 33 60 12 22 0 18 0 41 111 11 0 25 17 286 1895 53 186 0 0 34 693 7 0 40 0 0 0 0 2465 0 121 0 19 55 30 38 84 114 286 204 107 16 0 401 104 0 1167 393 199 0 434 207 152 41 139 317 49 0 109 85 234 526 137 0 533 339 0 
