100
0 74 55 19 20 40 69 8 39 85 33 14 14 69 77 88 34 51 56 19 61 68 44 50 25 10 61 6 38 27 46 68 77 24 64 73 44 17 15 77 36 86 45 72 8 37 30 37 31 74 29 62 38 33 73 60 24 45 67 49 63 94 28 72 53 49 16 19 74 57 12 29 24 25 73 76 74 60 26 58 32 50 44 18 16 83 53 75 60 53 37 24 22 15 65 12 27 12 27 5 
74 0 58 76 66 78 60 71 51 13 106 62 87 36 78 18 76 25 57 70 57 32 70 77 96 68 76 79 75 46 52 73 19 63 10 30 30 89 59 26 46 14 70 65 82 110 44 37 72 11 44 18 47 55 75 59 97 44 15 76 10 23 65 10 57 67 69 61 42 69 65 59 69 79 81 82 37 19 99 15 71 61 74 61 87 10 38 41 24 37 54 89 92 58 52 79 61 76 83 70 
55 58 0 41 65 28 14 47 18 63 75 55 61 28 26 62 81 53 1 67 89 77 85 22 78 45 100 57 84 41 75 102 47 31 52 36 47 62 43 42 61 63 17 18 59 78 40 40 30 50 47 61 64 22 22 89 70 68 44 92 51 67 70 50 1 11 40 58 28 11 42 26 33 39 25 27 31 39 72 49 77 5 21 37 69 64 71 29 34 21 69 53 76 45 14 66 67 65 43 56 
19 76 41 0 38 21 55 12 30 86 35 30 21 62 61 87 53 57 42 38 77 78 62 31 38 13 79 19 58 32 61 85 74 13 66 67 49 21 20 73 48 86 28 58 20 38 33 40 12 73 37 68 51 24 57 76 29 58 65 67 66 94 45 72 40 33 7 35 65 40 13 18 8 6 55 58 66 58 31 61 51 36 26 16 31 84 65 66 57 46 52 14 37 23 53 31 44 32 9 24 
20 66 65 38 0 57 78 26 47 79 49 10 31 72 90 83 17 41 65 4 42 53 24 66 33 25 41 24 20 26 28 48 74 38 57 74 37 34 23 77 21 80 60 82 26 52 28 34 47 69 24 51 22 43 86 41 39 29 63 30 57 89 8 67 63 62 32 7 78 70 26 41 39 44 87 89 77 57 40 51 13 62 60 29 24 76 38 78 60 56 18 44 27 20 73 16 8 12 47 15 
40 78 28 21 57 0 40 32 27 86 50 47 41 54 42 86 73 65 29 58 92 88 81 11 58 32 97 40 77 43 77 102 72 21 70 61 57 40 36 68 62 86 11 42 41 53 43 48 10 73 49 75 66 24 38 92 47 72 65 86 69 92 64 72 28 17 25 52 56 23 31 21 18 16 36 38 58 59 49 65 70 23 7 29 52 86 77 57 56 42 68 28 58 39 41 51 62 52 17 43 
69 60 14 55 78 40 0 62 31 63 89 68 75 25 18 60 94 61 13 80 99 84 97 31 92 59 111 71 97 53 86 113 46 45 56 33 55 76 56 39 72 62 29 5 73 92 52 51 43 51 58 67 75 35 15 100 84 78 46 104 55 65 83 51 15 23 54 72 22 18 56 40 47 53 22 21 26 43 86 54 90 19 33 51 84 64 79 23 38 27 80 67 90 58 9 80 79 79 56 70 
8 71 47 12 26 32 62 0 33 83 35 18 16 64 70 85 41 50 49 26 66 69 50 42 31 3 67 10 45 25 50 73 73 17 62 68 43 18 12 73 38 83 38 65 12 38 27 35 23 71 29 61 41 27 66 65 26 48 63 55 61 91 33 69 46 42 8 23 69 49 6 22 16 18 66 68 69 56 28 56 39 43 36 12 22 81 56 69 56 47 41 20 28 14 58 19 32 20 21 11 
39 51 18 30 47 27 31 33 0 59 65 37 48 32 44 59 64 39 18 49 72 63 67 28 63 30 82 42 66 23 58 85 46 17 43 37 32 49 26 43 43 59 20 35 45 68 22 24 23 46 29 49 46 6 40 73 57 51 38 74 42 66 52 45 16 19 26 41 36 25 27 11 21 31 42 44 37 32 60 38 60 16 23 21 54 58 55 37 29 17 51 44 61 28 26 50 49 48 35 39 
85 13 63 86 79 86 63 83 59 0 118 74 99 38 80 7 89 38 62 82 68 42 82 84 109 79 88 91 88 58 65 84 17 73 22 30 42 101 71 24 59 1 77 67 93 121 56 48 82 13 57 31 60 64 78 70 109 57 21 89 22 10 78 14 63 73 80 73 42 74 77 69 78 89 84 84 37 28 111 28 84 67 81 71 99 4 50 41 30 44 67 100 104 70 55 92 74 88 93 82 
33 106 75 35 49 50 89 35 65 118 0 47 19 97 92 120 55 84 77 46 91 101 69 61 21 38 84 27 61 60 77 93 108 48 96 102 77 17 47 107 68 118 61 91 25 3 62 70 46 106 63 95 70 59 88 89 10 77 98 71 96 126 56 104 74 66 39 51 100 73 41 53 43 36 85 88 101 91 9 91 57 70 57 47 25 116 86 101 91 81 67 22 26 48 88 33 57 37 33 38 
14 62 55 30 10 47 68 18 37 74 47 0 28 64 80 78 27 38 55 12 48 54 34 56 35 17 50 20 30 18 32 56 68 28 52 66 32 31 13 69 21 75 50 73 22 50 20 27 38 63 17 48 24 33 76 47 37 31 57 39 52 84 17 62 53 52 23 5 70 60 17 30 30 36 77 79 68 50 39 46 23 52 50 19 25 71 39 69 52 47 23 38 30 10 63 18 14 14 39 9 
14 87 61 21 31 41 75 16 48 99 19 28 0 80 81 101 41 64 63 29 73 82 54 52 17 20 70 8 47 41 59 78 89 31 77 84 58 3 28 89 49 99 49 79 6 23 43 50 33 87 43 75 51 42 78 72 10 58 79 57 77 107 38 85 60 54 22 32 84 61 23 37 29 25 76 79 84 72 12 72 41 57 47 28 12 96 67 85 73 63 49 16 17 29 73 17 39 20 24 19 
69 36 28 62 72 54 25 64 32 38 97 64 80 0 43 35 87 44 26 75 83 63 87 49 94 61 98 74 88 46 72 98 21 49 35 8 40 81 55 15 60 37 44 29 76 100 44 40 53 27 49 46 62 38 40 84 89 64 22 93 33 40 75 27 28 39 58 66 7 38 58 44 53 62 46 46 5 22 92 34 82 32 48 52 85 39 63 6 17 17 69 76 91 56 17 79 71 77 66 68 
77 78 26 61 90 42 18 70 44 80 92 80 81 43 0 77 107 78 26 92 115 101 111 30 98 68 126 79 110 67 101 128 64 53 75 51 72 82 67 57 87 80 33 14 80 94 66 66 48 69 73 85 90 47 4 115 88 94 64 118 73 82 96 69 28 28 62 84 39 20 66 50 54 57 7 5 44 61 90 72 103 28 35 62 91 82 96 40 56 45 95 70 97 70 27 89 92 89 59 79 
88 18 62 87 83 86 60 85 59 7 120 78 101 35 77 0 94 43 60 87 74 49 88 83 112 82 94 94 93 61 70 90 14 74 27 27 46 103 73 20 64 5 76 63 96 123 59 51 82 14 60 36 65 64 74 77 111 62 22 94 26 6 83 16 61 72 82 77 38 72 79 70 80 90 81 81 33 29 113 32 89 65 80 73 103 11 56 37 30 43 72 101 108 73 52 95 79 92 94 85 
34 76 81 53 17 73 94 41 64 89 55 27 41 87 107 94 0 51 82 15 38 57 14 82 36 41 29 37 6 42 28 38 87 54 67 88 50 44 39 90 30 90 76 99 37 58 44 48 63 81 38 59 29 60 102 36 47 33 76 16 68 99 12 79 80 79 48 23 94 87 42 57 55 59 103 106 92 70 47 63 5 78 76 45 31 86 42 93 74 72 23 56 30 37 89 25 16 22 61 29 
51 25 53 57 41 65 61 50 39 38 84 38 64 44 78 43 51 0 53 45 39 24 46 67 72 47 55 56 51 25 30 54 37 46 16 41 8 67 38 41 21 39 60 66 59 87 23 17 57 30 21 11 22 41 74 40 74 21 26 53 16 48 40 28 52 58 50 36 51 63 45 44 51 61 79 80 47 22 76 12 46 54 62 41 63 35 19 50 27 34 29 69 67 36 53 55 36 51 66 47 
56 57 1 42 65 29 13 49 18 62 77 55 63 26 26 60 82 53 0 68 89 77 86 23 79 46 100 58 85 41 75 102 46 32 51 34 46 63 43 41 61 62 18 17 60 80 40 40 31 49 47 60 64 23 22 89 71 68 43 92 50 66 71 49 2 13 41 59 27 12 43 27 34 41 26 27 30 39 73 48 78 7 23 38 71 63 70 28 34 20 69 54 77 46 12 67 67 66 44 57 
19 70 67 38 4 58 80 26 49 82 46 12 29 75 92 87 15 45 68 0 44 56 25 67 30 26 42 23 20 29 30 49 78 39 60 77 41 32 24 80 25 83 61 85 24 49 31 37 48 73 27 54 26 45 88 43 37 32 67 29 60 92 9 71 65 64 33 10 81 72 27 42 40 44 88 91 80 60 38 55 13 64 61 30 22 79 41 81 63 59 21 43 24 22 75 14 10 10 46 14 
61 57 89 77 42 92 99 66 72 68 91 48 73 83 115 74 38 39 89 44 0 27 24 98 72 64 21 66 33 50 16 16 73 72 51 79 43 76 57 79 30 70 91 104 68 93 50 49 83 65 44 39 27 71 111 3 81 21 63 27 52 78 35 64 88 91 70 43 90 98 64 72 75 83 114 116 86 61 82 49 35 88 92 63 66 64 20 89 66 72 25 85 67 54 91 58 35 54 86 56 
68 32 77 78 53 88 84 69 63 42 101 54 82 63 101 49 57 24 77 56 27 0 46 91 86 67 47 74 54 46 29 42 50 69 29 58 32 85 58 56 33 43 84 89 76 104 45 40 80 42 41 17 31 64 98 29 91 24 42 51 30 52 49 40 76 82 71 50 70 87 65 67 74 83 102 103 65 41 92 30 52 78 86 62 77 38 15 69 47 57 35 90 80 56 75 69 46 65 87 63 
44 70 85 62 24 81 97 50 67 82 69 34 54 87 111 88 14 46 86 25 24 46 0 89 50 50 17 48 9 44 18 24 83 61 62 86 47 57 46 87 27 84 83 102 49 72 45 48 71 76 39 52 25 64 107 22 60 25 72 7 63 93 17 74 84 84 56 29 93 92 50 63 63 69 109 111 90 67 60 58 12 83 83 52 44 79 32 93 71 72 18 68 44 43 91 37 19 34 71 39 
50 77 22 31 66 11 31 42 28 84 61 56 52 49 30 83 82 67 23 67 98 91 89 0 69 41 105 50 86 48 83 110 68 28 70 57 60 52 44 64 68 84 8 32 52 64 48 52 19 71 54 77 72 27 27 98 58 78 63 95 69 89 72 70 22 11 35 61 50 13 40 27 27 27 24 27 53 58 60 66 79 17 6 37 62 84 82 51 54 40 75 39 69 46 34 62 70 62 29 53 
25 96 78 38 33 58 92 31 63 109 21 35 17 94 98 112 36 72 79 30 72 86 50 69 0 34 64 21 41 51 59 73 102 47 87 97 67 17 40 102 54 110 66 95 19 23 54 61 50 98 52 83 55 58 95 70 14 61 91 51 87 118 38 96 76 70 38 36 99 78 37 52 45 42 93 96 99 84 13 81 38 73 63 42 10 106 71 99 85 77 51 31 6 40 89 17 40 21 41 27 
10 68 45 13 25 32 59 3 30 79 38 17 20 61 68 82 41 47 46 26 64 67 50 41 34 0 66 13 45 22 48 72 70 15 58 64 40 22 9 69 36 80 36 63 15 42 24 31 22 67 26 58 39 24 64 63 30 46 60 55 58 88 33 66 44 40 7 22 65 48 3 19 15 19 64 66 65 53 32 53 39 41 35 9 25 77 53 66 53 44 39 23 31 11 56 21 31 21 22 12 
61 76 100 79 41 97 111 67 82 88 84 50 70 98 126 94 29 55 100 42 21 47 17 105 64 66 0 65 23 59 26 10 91 77 69 96 58 73 62 96 39 89 98 116 65 87 60 60 87 84 53 58 36 80 121 18 76 34 81 13 70 98 33 82 98 100 73 45 105 107 67 79 80 85 124 126 101 77 76 66 29 98 99 68 60 84 38 104 82 85 31 84 59 59 104 53 35 50 88 56 
6 79 57 19 24 40 71 10 42 91 27 20 8 74 79 94 37 56 58 23 66 74 48 50 21 13 65 0 42 33 51 72 82 27 69 77 50 11 20 82 41 92 46 75 3 31 35 43 31 79 35 67 44 37 75 65 18 51 72 52 69 100 32 78 56 51 17 24 78 58 16 32 25 24 74 77 78 65 20 64 36 53 44 22 13 89 59 79 65 57 42 20 19 21 68 12 32 14 25 11 
38 75 84 58 20 77 97 45 66 88 61 30 47 88 110 93 6 51 85 20 33 54 9 86 41 45 23 42 0 44 25 32 87 58 66 88 50 49 43 90 30 89 80 102 42 63 46 49 67 80 40 58 28 63 105 31 52 31 76 10 67 98 14 79 83 82 52 26 95 90 46 61 60 64 107 109 93 70 52 62 7 81 80 49 36 84 39 95 74 73 21 61 36 40 91 30 18 27 66 34 
27 46 41 32 26 43 53 25 23 58 60 18 41 46 67 61 42 25 41 29 50 46 44 48 51 22 59 33 44 0 35 62 50 23 36 48 18 43 13 51 20 59 41 58 35 63 2 10 34 46 6 36 24 21 63 50 51 29 39 51 36 67 30 45 40 42 25 20 52 48 20 22 27 37 65 67 50 33 53 31 37 39 42 16 42 56 35 52 34 30 28 45 47 12 47 35 26 32 41 25 
46 52 75 61 28 77 86 50 58 65 77 32 59 72 101 70 28 30 75 30 16 29 18 83 59 48 26 51 25 35 0 27 66 56 45 70 32 62 42 71 15 66 76 91 53 79 36 35 67 59 29 34 12 56 97 15 67 8 55 24 46 75 21 57 74 77 54 28 79 83 48 57 60 67 100 102 76 51 68 41 23 74 77 48 52 61 15 78 56 59 10 70 54 39 79 44 20 40 71 41 
68 73 102 85 48 102 113 73 85 84 93 56 78 98 128 90 38 54 102 49 16 42 24 110 73 72 10 72 32 62 27 0 89 82 67 95 58 81 67 95 42 85 103 118 73 96 63 62 93 81 56 55 39 83 124 14 84 35 79 23 68 94 40 79 101 104 79 51 105 110 72 83 85 91 127 129 101 76 85 65 37 101 103 73 68 80 36 104 82 86 35 91 68 64 105 62 41 58 94 63 
77 19 47 74 74 72 46 73 46 17 108 68 89 21 64 14 87 37 46 78 73 50 83 68 102 70 91 82 87 50 66 89 0 61 22 13 38 92 62 7 57 16 62 50 85 111 48 41 68 8 51 34 59 51 61 75 100 58 11 90 21 20 75 10 47 58 69 68 25 58 67 56 66 76 67 67 20 18 102 25 82 51 66 61 92 19 54 24 17 29 66 89 97 62 38 85 71 82 81 75 
24 63 31 13 38 21 45 17 17 73 48 28 31 49 53 74 54 46 32 39 72 69 61 28 47 15 77 27 58 23 56 82 61 0 54 54 38 33 15 60 42 74 22 48 29 51 24 29 11 60 29 57 45 11 49 71 41 51 53 67 53 81 44 59 29 25 9 32 53 33 12 5 5 15 50 52 54 46 43 49 51 26 22 9 39 72 57 53 44 33 47 27 45 18 42 36 42 35 20 26 
64 10 52 66 57 70 56 62 43 22 96 52 77 35 75 27 67 16 51 60 51 29 62 70 87 58 69 69 66 36 45 67 22 54 0 29 20 80 49 28 37 23 63 61 72 100 34 27 64 14 35 12 38 46 71 53 87 36 13 68 1 32 56 13 51 60 60 51 41 63 56 50 59 70 76 77 36 13 89 6 62 54 66 51 77 20 32 40 19 31 45 80 82 49 48 69 52 66 74 60 
73 30 36 67 74 61 33 68 37 30 102 66 84 8 51 27 88 41 34 77 79 58 86 57 97 64 96 77 88 48 70 95 13 54 29 0 39 86 58 7 59 29 51 37 80 105 45 40 59 19 50 42 61 43 48 81 94 62 17 93 28 32 75 20 35 46 62 67 13 46 61 49 59 68 54 54 8 19 96 30 83 40 55 56 88 32 59 12 14 21 68 81 94 58 25 82 71 79 72 71 
44 30 47 49 37 57 55 43 32 42 77 32 58 40 72 46 50 8 46 41 43 32 47 60 67 40 58 50 50 18 32 58 38 38 20 39 0 60 31 41 20 43 52 60 52 81 16 9 49 32 15 19 22 33 68 44 68 24 26 54 20 52 38 30 45 51 42 32 47 56 37 36 43 53 72 73 44 20 70 14 44 47 55 33 58 39 24 47 25 28 29 62 62 29 48 50 34 46 58 41 
17 89 62 21 34 40 76 18 49 101 17 31 3 81 82 103 44 67 63 32 76 85 57 52 17 22 73 11 49 43 62 81 92 33 80 86 60 0 30 91 52 102 49 79 9 20 45 53 33 89 46 78 54 44 78 75 8 61 81 60 79 110 41 87 61 54 23 35 86 62 25 38 29 25 76 79 86 74 10 74 44 57 47 30 14 99 70 86 75 65 52 14 19 31 74 19 42 23 24 21 
15 59 43 20 23 36 56 12 26 71 47 13 28 55 67 73 39 38 43 24 57 58 46 44 40 9 62 20 43 13 42 67 62 15 49 58 31 30 0 62 28 71 37 61 23 50 15 23 26 59 17 49 31 21 63 57 38 38 52 51 49 80 29 57 41 40 13 17 60 47 7 18 18 26 64 66 59 44 40 44 36 39 37 6 31 69 45 60 45 38 33 32 36 3 52 25 26 23 30 14 
77 26 42 73 77 68 39 73 43 24 107 69 89 15 57 20 90 41 41 80 79 56 87 64 102 69 96 82 90 51 71 95 7 60 28 7 41 91 62 0 61 23 58 43 85 110 49 43 66 15 53 40 62 49 54 80 99 62 16 94 26 25 78 16 42 53 68 70 18 53 66 55 65 74 61 61 13 20 101 30 85 47 62 61 93 26 59 17 17 27 69 87 98 63 32 86 74 83 78 76 
36 46 61 48 21 62 72 38 43 59 68 21 49 60 87 64 30 21 61 25 30 33 27 68 54 36 39 41 30 20 15 42 57 42 37 59 20 52 28 61 0 60 61 77 44 71 21 21 53 51 14 30 3 42 83 30 59 10 46 34 38 69 19 49 59 62 41 18 67 69 35 42 46 54 85 87 64 40 60 32 25 59 63 34 45 56 18 66 45 46 9 58 48 25 65 37 15 33 58 31 
86 14 63 86 80 86 62 83 59 1 118 75 99 37 80 5 90 39 62 83 70 43 84 84 110 80 89 92 89 59 66 85 16 74 23 29 43 102 71 23 60 0 77 66 94 122 56 49 82 13 58 32 61 64 77 72 109 58 21 90 23 9 79 15 62 73 80 74 42 74 77 69 79 89 84 84 36 28 111 29 85 67 81 72 100 6 52 40 30 44 68 100 105 71 54 93 75 89 94 83 
45 70 17 28 60 11 29 38 20 77 61 50 49 44 33 76 76 60 18 61 91 84 83 8 66 36 98 46 80 41 76 103 62 22 63 51 52 49 37 58 61 77 0 31 48 63 41 44 16 64 47 69 64 20 29 91 56 70 56 89 61 82 66 63 16 6 30 54 45 12 34 20 22 25 28 30 47 51 58 58 73 12 4 31 59 77 74 46 47 33 68 38 65 40 30 57 63 57 28 48 
72 65 18 58 82 42 5 65 35 67 91 73 79 29 14 63 99 66 17 85 104 89 102 32 95 63 116 75 102 58 91 118 50 48 61 37 60 79 61 43 77 66 31 0 77 94 57 56 46 55 63 72 80 40 11 105 87 83 50 109 60 68 87 56 19 25 57 76 25 19 60 44 50 55 18 18 30 48 89 59 95 22 35 55 87 68 84 26 42 32 85 69 94 63 13 84 84 83 58 74 
8 82 59 20 26 41 73 12 45 93 25 22 6 76 80 96 37 59 60 24 68 76 49 52 19 15 65 3 42 35 53 73 85 29 72 80 52 9 23 85 44 94 48 77 0 28 38 45 32 82 38 70 46 39 76 67 16 53 74 53 72 102 33 80 58 52 19 26 81 60 18 34 27 25 75 78 81 67 17 66 37 55 46 24 11 91 61 81 68 59 44 19 17 23 70 12 33 15 25 13 
37 110 78 38 52 53 92 38 68 121 3 50 23 100 94 123 58 87 80 49 93 104 72 64 23 42 87 31 63 63 79 96 111 51 100 105 81 20 50 110 71 122 63 94 28 0 65 73 49 109 66 98 73 62 91 92 13 80 101 73 99 130 58 107 77 69 42 54 104 76 44 56 47 39 88 91 104 94 12 94 59 73 60 50 28 119 89 104 94 84 70 25 28 51 91 36 59 40 36 41 
30 44 40 33 28 43 52 27 22 56 62 20 43 44 66 59 44 23 40 31 50 45 45 48 54 24 60 35 46 2 36 63 48 24 34 45 16 45 15 49 21 56 41 57 38 65 0 7 35 44 7 34 24 21 62 50 53 29 37 52 34 65 32 42 39 41 26 22 50 48 22 22 28 38 65 66 48 30 55 29 39 38 42 18 44 54 34 50 32 28 29 46 49 14 45 37 28 34 42 27 
37 37 40 40 34 48 51 35 24 48 70 27 50 40 66 51 48 17 40 37 49 40 48 52 61 31 60 43 49 10 35 62 41 29 27 40 9 53 23 43 21 49 44 56 45 73 7 0 40 37 10 28 24 24 62 49 60 28 30 54 27 58 36 35 39 43 33 27 46 49 29 27 34 44 66 67 44 23 62 21 43 40 46 25 51 46 31 46 26 25 30 53 56 22 44 44 32 41 49 34 
31 72 30 12 47 10 43 23 23 82 46 38 33 53 48 82 63 57 31 48 83 80 71 19 50 22 87 31 67 34 67 93 68 11 64 59 49 33 26 66 53 82 16 46 32 49 35 40 0 68 40 68 56 18 44 82 41 63 61 77 63 88 54 67 29 21 15 42 56 28 21 13 8 10 43 46 58 54 43 59 60 25 14 20 43 81 69 57 52 39 58 23 49 29 43 42 52 43 13 34 
74 11 50 73 69 73 51 71 46 13 106 63 87 27 69 14 81 30 49 73 65 42 76 71 98 67 84 79 80 46 59 81 8 60 14 19 32 89 59 15 51 13 64 55 82 109 44 37 68 0 46 26 52 50 66 67 97 51 8 83 14 21 69 2 50 60 67 63 32 61 64 56 65 76 72 72 27 15 99 18 76 54 68 59 88 13 46 31 17 31 59 87 93 58 43 81 65 78 80 71 
29 44 47 37 24 49 58 29 29 57 63 17 43 49 73 60 38 21 47 27 44 41 39 54 52 26 53 35 40 6 29 56 51 29 35 50 15 46 17 53 14 58 47 63 38 66 7 10 40 46 0 32 17 28 69 44 53 23 40 46 35 66 26 44 45 48 30 17 56 54 24 28 33 42 71 73 53 33 55 29 33 45 49 21 43 54 29 55 36 34 22 49 47 15 52 35 22 32 46 26 
62 18 61 68 51 75 67 61 49 31 95 48 75 46 85 36 59 11 60 54 39 17 52 77 83 58 58 67 58 36 34 55 34 57 12 42 19 78 49 40 30 32 69 72 70 98 34 28 68 26 32 0 30 51 81 41 85 26 25 58 14 41 49 24 60 67 61 46 53 72 56 54 62 72 86 87 49 24 87 13 54 62 72 52 74 27 20 52 30 40 37 81 78 47 58 65 45 61 77 57 
38 47 64 51 22 66 75 41 46 60 70 24 51 62 90 65 29 22 64 26 27 31 25 72 55 39 36 44 28 24 12 39 59 45 38 61 22 54 31 62 3 61 64 80 46 73 24 24 56 52 17 30 0 45 86 26 60 7 47 31 39 70 19 50 62 65 44 20 69 72 38 45 49 57 89 90 66 42 62 34 24 62 66 37 47 56 16 68 47 49 7 61 50 28 68 38 16 34 60 33 
33 55 22 24 43 24 35 27 6 64 59 33 42 38 47 64 60 41 23 45 71 64 64 27 58 24 80 37 63 21 56 83 51 11 46 43 33 44 21 49 42 64 20 40 39 62 21 24 18 50 28 51 45 0 43 71 52 50 43 71 45 71 49 49 20 20 20 37 42 27 21 6 16 25 44 46 42 36 54 41 56 19 22 16 49 63 55 42 34 22 49 38 55 23 32 45 45 43 30 34 
73 75 22 57 86 38 15 66 40 78 88 76 78 40 4 74 102 74 22 88 111 98 107 27 95 64 121 75 105 63 97 124 61 49 71 48 68 78 63 54 83 77 29 11 76 91 62 62 44 66 69 81 86 43 0 111 85 90 61 113 70 79 91 66 23 24 58 80 36 16 62 45 50 53 7 7 41 58 87 69 99 24 31 57 87 79 92 37 52 41 91 66 94 66 23 85 88 85 55 75 
60 59 89 76 41 92 100 65 73 70 89 47 72 84 115 77 36 40 89 43 3 29 22 98 70 63 18 65 31 50 15 14 75 71 53 81 44 75 57 80 30 72 91 105 67 92 50 49 82 67 44 41 26 71 111 0 79 21 65 25 54 80 34 65 88 91 69 42 91 98 63 72 75 82 115 116 87 62 80 51 33 88 92 63 64 66 22 90 67 72 24 84 65 54 92 56 33 52 85 55 
24 97 70 29 39 47 84 26 57 109 10 37 10 89 88 111 47 74 71 37 81 91 60 58 14 30 76 18 52 51 67 84 100 41 87 94 68 8 38 99 59 109 56 87 16 13 53 60 41 97 53 85 60 52 85 79 0 67 89 62 87 118 46 95 69 61 32 41 94 69 33 46 37 31 82 85 94 82 2 82 48 65 53 38 16 107 76 94 83 73 58 19 18 39 82 23 47 27 29 28 
45 44 68 58 29 72 78 48 51 57 77 31 58 64 94 62 33 21 68 32 21 24 25 78 61 46 34 51 31 29 8 35 58 51 36 62 24 61 38 62 10 58 70 83 53 80 29 28 63 51 23 26 7 50 90 21 67 0 47 32 37 67 24 49 67 70 51 27 71 77 45 51 55 64 93 95 67 43 69 33 28 67 72 43 53 53 9 70 48 52 11 68 56 35 71 45 22 41 67 40 
67 15 44 65 63 65 46 63 38 21 98 57 79 22 64 22 76 26 43 67 63 42 72 63 91 60 81 72 76 39 55 79 11 53 13 17 26 81 52 16 46 21 56 50 74 101 37 30 61 8 40 25 47 43 61 65 89 47 0 79 11 28 64 7 43 53 60 57 29 55 57 48 58 68 67 67 24 7 91 14 70 47 60 52 81 20 43 28 9 23 54 80 87 51 37 74 60 71 72 64 
49 76 92 67 30 86 104 55 74 89 71 39 57 93 118 94 16 53 92 29 27 51 7 95 51 55 13 52 10 51 24 23 90 67 68 93 54 60 51 94 34 90 89 109 53 73 52 54 77 83 46 58 31 71 113 25 62 32 79 0 69 99 23 81 90 91 62 34 100 98 56 69 69 73 115 117 97 74 62 65 16 89 89 58 47 85 38 100 78 79 25 72 46 49 97 41 25 38 76 44 
63 10 51 66 57 69 55 61 42 22 96 52 77 33 73 26 68 16 50 60 52 30 63 69 87 58 70 69 67 36 46 68 21 53 1 28 20 79 49 26 38 23 61 60 72 99 34 27 63 14 35 14 39 45 70 54 87 37 11 69 0 32 56 12 50 59 59 51 40 62 55 50 59 69 75 76 35 12 89 5 63 53 65 50 77 20 33 39 18 30 46 79 82 48 46 69 52 66 74 60 
94 23 67 94 89 92 65 91 66 10 126 84 107 40 82 6 99 48 66 92 78 52 93 89 118 88 98 100 98 67 75 94 20 81 32 32 52 110 80 25 69 9 82 68 102 130 65 58 88 21 66 41 70 71 79 80 118 67 28 99 32 0 88 22 67 78 88 83 43 78 85 76 86 96 86 86 38 35 120 37 94 71 86 80 109 14 61 42 37 50 77 108 114 79 57 101 84 98 100 92 
28 65 70 45 8 64 83 33 52 78 56 17 38 75 96 83 12 40 71 9 35 49 17 72 38 33 33 32 14 30 21 40 75 44 56 75 38 41 29 78 19 79 66 87 33 58 32 36 54 69 26 49 19 49 91 34 46 24 64 23 56 88 0 67 69 68 39 12 82 76 33 47 46 52 93 95 79 58 47 51 7 67 66 35 31 75 33 81 61 60 13 51 32 26 77 23 4 19 54 22 
72 10 50 72 67 72 51 69 45 14 104 62 85 27 69 16 79 28 49 71 64 40 74 70 96 66 82 78 79 45 57 79 10 59 13 20 30 87 57 16 49 15 63 56 80 107 42 35 67 2 44 24 50 49 66 65 95 49 7 81 12 22 67 0 49 59 66 61 33 61 63 54 64 74 72 73 28 13 97 16 74 53 67 58 86 14 44 32 16 30 57 86 92 57 43 79 63 76 79 69 
53 57 1 40 63 28 15 46 16 63 74 53 60 28 28 61 80 52 2 65 88 76 84 22 76 44 98 56 83 40 74 101 47 29 51 35 45 61 41 42 59 62 16 19 58 77 39 39 29 50 45 60 62 20 23 88 69 67 43 90 50 67 69 49 0 11 39 57 28 12 41 24 32 38 27 28 31 38 71 48 76 5 21 36 68 63 69 29 34 20 67 52 75 44 14 65 65 64 42 54 
49 67 11 33 62 17 23 42 19 73 66 52 54 39 28 72 79 58 13 64 91 82 84 11 70 40 100 51 82 42 77 104 58 25 60 46 51 54 40 53 62 73 6 25 52 69 41 43 21 60 48 67 65 20 24 91 61 70 53 91 59 78 68 59 11 0 34 56 40 8 37 22 26 30 25 27 42 48 64 56 75 7 10 34 63 73 74 40 43 30 69 44 69 42 25 61 65 60 33 51 
16 69 40 7 32 25 54 8 26 80 39 23 22 58 62 82 48 50 41 33 70 71 56 35 38 7 73 17 52 25 54 79 69 9 60 62 42 23 13 68 41 80 30 57 19 42 26 33 15 67 30 61 44 20 58 69 32 51 60 62 59 88 39 66 39 34 0 28 62 41 6 15 8 13 57 60 62 53 34 54 45 35 28 9 30 78 58 62 52 42 45 20 36 16 51 27 37 27 17 19 
19 61 58 35 7 52 72 23 41 73 51 5 32 66 84 77 23 36 59 10 43 50 29 61 36 22 45 24 26 20 28 51 68 32 51 67 32 35 17 70 18 74 54 76 26 54 22 27 42 63 17 46 20 37 80 42 41 27 57 34 51 83 12 61 57 56 28 0 72 64 22 35 35 41 81 83 70 50 42 46 19 56 54 23 27 70 35 72 53 49 18 42 31 14 66 19 9 15 44 13 
74 42 28 65 78 56 22 69 36 42 100 70 84 7 39 38 94 51 27 81 90 70 93 50 99 65 105 78 95 52 79 105 25 53 41 13 47 86 60 18 67 42 45 25 81 104 50 46 56 32 56 53 69 42 36 91 94 71 29 100 40 43 82 33 28 40 62 72 0 37 62 48 57 65 43 43 5 29 96 41 89 33 49 57 90 44 69 1 23 22 76 79 96 61 15 85 78 83 69 74 
57 69 11 40 70 23 18 49 25 74 73 60 61 38 20 72 87 63 12 72 98 87 92 13 78 48 107 58 90 48 83 110 58 33 63 46 56 62 47 53 69 74 12 19 60 76 48 49 28 61 54 72 72 27 16 98 69 77 55 98 62 78 76 61 12 8 41 64 37 0 45 29 34 37 17 19 41 50 71 60 83 10 16 41 71 75 80 38 46 32 76 51 77 50 22 69 73 68 40 59 
12 65 42 13 26 31 56 6 27 77 41 17 23 58 66 79 42 45 43 27 64 65 50 40 37 3 67 16 46 20 48 72 67 12 56 61 37 25 7 66 35 77 34 60 18 44 22 29 21 64 24 56 38 21 62 63 33 45 57 56 55 85 33 63 41 37 6 22 62 45 0 17 13 19 62 64 62 50 35 50 40 38 33 6 28 75 52 63 50 41 39 25 34 10 53 24 31 23 23 14 
29 59 26 18 41 21 40 22 11 69 53 30 37 44 50 70 57 44 27 42 72 67 63 27 52 19 79 32 61 22 57 83 56 5 50 49 36 38 18 55 42 69 20 44 34 56 22 27 13 56 28 54 45 6 45 72 46 51 48 69 50 76 47 54 24 22 15 35 48 29 17 0 10 20 46 49 48 41 48 45 54 22 21 12 44 68 56 48 40 28 48 32 50 21 37 40 44 39 24 30 
24 69 33 8 39 18 47 16 21 78 43 30 29 53 54 80 55 51 34 40 75 74 63 27 45 15 80 25 60 27 60 85 66 5 59 59 43 29 18 65 46 79 22 50 27 47 28 34 8 65 33 62 49 16 50 75 37 55 58 69 59 86 46 64 32 26 8 35 57 34 13 10 0 10 50 52 58 51 39 54 53 28 21 12 37 77 62 57 49 38 51 22 44 21 45 35 44 35 15 26 
25 79 39 6 44 16 53 18 31 89 36 36 25 62 57 90 59 61 41 44 83 83 69 27 42 19 85 24 64 37 67 91 76 15 70 68 53 25 26 74 54 89 25 55 25 39 38 44 10 76 42 72 57 25 53 82 31 64 68 73 69 96 52 74 38 30 13 41 65 37 19 20 10 0 51 54 67 61 34 64 57 34 22 21 36 87 70 66 59 47 58 14 42 28 52 36 50 37 5 30 
73 81 25 55 87 36 22 66 42 84 85 77 76 46 7 81 103 79 26 88 114 102 109 24 93 64 124 74 107 65 100 127 67 50 76 54 72 76 64 61 85 84 28 18 75 88 65 66 43 72 71 86 89 44 7 115 82 93 67 115 75 86 93 72 27 25 57 81 43 17 62 46 50 51 0 3 48 63 85 74 100 26 30 58 86 85 96 44 58 46 93 64 93 67 30 85 90 85 53 76 
76 82 27 58 89 38 21 68 44 84 88 79 79 46 5 81 106 80 27 91 116 103 111 27 96 66 126 77 109 67 102 129 67 52 77 54 73 79 66 61 87 84 30 18 78 91 66 67 46 72 73 87 90 46 7 116 85 95 67 117 76 86 95 73 28 27 60 83 43 19 64 49 52 54 3 0 48 64 87 75 102 28 32 60 89 86 97 44 58 47 95 67 95 69 30 87 92 87 56 78 
74 37 31 66 77 58 26 69 37 37 101 68 84 5 44 33 92 47 30 80 86 65 90 53 99 65 101 78 93 50 76 101 20 54 36 8 44 86 59 13 64 36 47 30 81 104 48 44 58 27 53 49 66 42 41 87 94 67 24 97 35 38 79 28 31 42 62 70 5 41 62 48 58 67 48 48 0 25 96 37 86 36 52 56 90 39 65 4 20 21 73 80 95 60 19 84 75 81 71 73 
60 19 39 58 57 59 43 56 32 28 91 50 72 22 61 29 70 22 39 60 61 41 67 58 84 53 77 65 70 33 51 76 18 46 13 19 20 74 44 20 40 28 51 48 67 94 30 23 54 15 33 24 42 36 58 62 82 43 7 74 12 35 58 13 38 48 53 50 29 50 50 41 51 61 63 64 25 0 84 12 65 42 55 44 74 27 40 28 6 18 49 73 80 44 35 67 54 64 66 57 
26 99 72 31 40 49 86 28 60 111 9 39 12 92 90 113 47 76 73 38 82 92 60 60 13 32 76 20 52 53 68 85 102 43 89 96 70 10 40 101 60 111 58 89 17 12 55 62 43 99 55 87 62 54 87 80 2 69 91 62 89 120 47 97 71 64 34 42 96 71 35 48 39 34 85 87 96 84 0 84 48 67 55 40 16 108 77 96 85 75 59 21 17 41 84 24 48 28 32 30 
58 15 49 61 51 65 54 56 38 28 91 46 72 34 72 32 63 12 48 55 49 30 58 66 81 53 66 64 62 31 41 65 25 49 6 30 14 74 44 30 32 29 58 59 66 94 29 21 59 18 29 13 34 41 69 51 82 33 14 65 5 37 51 16 48 56 54 46 41 60 50 45 54 64 74 75 37 12 84 0 57 50 62 45 72 25 29 40 18 28 41 74 76 43 46 64 47 60 69 55 
32 71 77 51 13 70 90 39 60 84 57 23 41 82 103 89 5 46 78 13 35 52 12 79 38 39 29 36 7 37 23 37 82 51 62 83 44 44 36 85 25 85 73 95 37 59 39 43 60 76 33 54 24 56 99 33 48 28 70 16 63 94 7 74 76 75 45 19 89 83 40 54 53 57 100 102 86 65 48 57 0 75 73 42 32 80 37 88 68 67 17 55 32 33 84 25 11 22 59 27 
50 61 5 36 62 23 19 43 16 67 70 52 57 32 28 65 78 54 7 64 88 78 83 17 73 41 98 53 81 39 74 101 51 26 54 40 47 57 39 47 59 67 12 22 55 73 38 40 25 54 45 62 62 19 24 88 65 67 47 89 53 71 67 53 5 7 35 56 33 10 38 22 28 34 26 28 36 42 67 50 75 0 16 34 65 67 70 34 37 23 67 48 71 42 19 62 64 61 38 52 
44 74 21 26 60 7 33 36 23 81 57 50 47 48 35 80 76 62 23 61 92 86 83 6 63 35 99 44 80 42 77 103 66 22 66 55 55 47 37 62 63 81 4 35 46 60 42 46 14 68 49 72 66 22 31 92 53 72 60 89 65 86 66 67 21 10 28 54 49 16 33 21 21 22 30 32 52 55 55 62 73 16 0 31 57 81 76 50 51 37 69 35 63 40 35 56 64 56 24 47 
18 61 37 16 29 29 51 12 21 71 47 19 28 52 62 73 45 41 38 30 63 62 52 37 42 9 68 22 49 16 48 73 61 9 51 56 33 30 6 61 34 72 31 55 24 50 18 25 20 59 21 52 37 16 57 63 38 43 52 58 50 80 35 58 36 34 9 23 57 41 6 12 12 21 58 60 56 44 40 45 42 34 31 0 33 70 50 57 44 35 39 29 40 9 47 29 33 28 25 18 
16 87 69 31 24 52 84 22 54 99 25 25 12 85 91 103 31 63 71 22 66 77 44 62 10 25 60 13 36 42 52 68 92 39 77 88 58 14 31 93 45 100 59 87 11 28 44 51 43 88 43 74 47 49 87 64 16 53 81 47 77 109 31 86 68 63 30 27 90 71 28 44 37 36 86 89 90 74 16 72 32 65 57 33 0 97 62 90 76 68 43 28 6 30 80 8 32 12 36 17 
83 10 64 84 76 86 64 81 58 4 116 71 96 39 82 11 86 35 63 79 64 38 79 84 106 77 84 89 84 56 61 80 19 72 20 32 39 99 69 26 56 6 77 68 91 119 54 46 81 13 54 27 56 63 79 66 107 53 20 85 20 14 75 14 63 73 78 70 44 75 75 68 77 87 85 86 39 27 108 25 80 67 81 70 97 0 47 43 30 44 63 98 101 68 56 89 71 85 92 80 
53 38 71 65 38 77 79 56 55 50 86 39 67 63 96 56 42 19 70 41 20 15 32 82 71 53 38 59 39 35 15 36 54 57 32 59 24 70 45 59 18 52 74 84 61 89 34 31 69 46 29 20 16 55 92 22 76 9 43 38 33 61 33 44 69 74 58 35 69 80 52 56 62 70 96 97 65 40 77 29 37 70 76 50 62 47 0 69 46 52 20 76 65 42 71 54 31 50 74 49 
75 41 29 66 78 57 23 69 37 41 101 69 85 6 40 37 93 50 28 81 89 69 93 51 99 66 104 79 95 52 78 104 24 53 40 12 47 86 60 17 66 40 46 26 81 104 50 46 57 31 55 52 68 42 37 90 94 70 28 100 39 42 81 32 29 40 62 72 1 38 63 48 57 66 44 44 4 28 96 40 88 34 50 57 90 43 69 0 23 22 75 79 96 61 16 85 77 83 70 74 
60 24 34 57 60 56 38 56 29 30 91 52 73 17 56 30 74 27 34 63 66 47 71 54 85 53 82 65 74 34 56 82 17 44 19 14 25 75 45 17 45 30 47 42 68 94 32 26 52 17 36 30 47 34 52 67 83 48 9 78 18 37 61 16 34 43 52 53 23 46 50 40 49 59 58 58 20 6 85 18 68 37 51 44 76 30 46 23 0 14 54 72 81 46 29 69 57 66 64 58 
53 37 21 46 56 42 27 47 17 44 81 47 63 17 45 43 72 34 20 59 72 57 72 40 77 44 85 57 73 30 59 86 29 33 31 21 28 65 38 27 46 44 33 32 59 84 28 25 39 31 34 40 49 22 41 72 73 52 23 79 30 50 60 30 20 30 42 49 22 32 41 28 38 47 46 47 21 18 75 28 67 23 37 35 68 44 52 22 14 0 55 60 74 39 19 63 56 60 52 52 
37 54 69 52 18 68 80 41 51 67 67 23 49 69 95 72 23 29 69 21 25 35 18 75 51 39 31 42 21 28 10 35 66 47 45 68 29 52 33 69 9 68 68 85 44 70 29 30 58 59 22 37 7 49 91 24 58 11 54 25 46 77 13 57 67 69 45 18 76 76 39 48 51 58 93 95 73 49 59 41 17 67 69 39 43 63 20 75 54 55 0 60 45 30 73 35 11 31 61 31 
24 89 53 14 44 28 67 20 44 100 22 38 16 76 70 101 56 69 54 43 85 90 68 39 31 23 84 20 61 45 70 91 89 27 80 81 62 14 32 87 58 100 38 69 19 25 46 53 23 87 49 81 61 38 66 84 19 68 80 72 79 108 51 86 52 44 20 42 79 51 25 32 22 14 64 67 80 73 21 74 55 48 35 29 28 98 76 79 72 60 60 0 33 34 66 31 51 34 11 29 
22 92 76 37 27 58 90 28 61 104 26 30 17 91 97 108 30 67 77 24 67 80 44 69 6 31 59 19 36 47 54 68 97 45 82 94 62 19 36 98 48 105 65 94 17 28 49 56 49 93 47 78 50 55 94 65 18 56 87 46 82 114 32 92 75 69 36 31 96 77 34 50 44 42 93 95 95 80 17 76 32 71 63 40 6 101 65 96 81 74 45 33 0 36 87 12 34 16 41 23 
15 58 45 23 20 39 58 14 28 70 48 10 29 56 70 73 37 36 46 22 54 56 43 46 40 11 59 21 40 12 39 64 62 18 49 58 29 31 3 63 25 71 40 63 23 51 14 22 29 58 15 47 28 23 66 54 39 35 51 49 48 79 26 57 44 42 16 14 61 50 10 21 21 28 67 69 60 44 41 43 33 42 40 9 30 68 42 61 46 39 30 34 36 0 54 24 23 21 32 13 
65 52 14 53 73 41 9 58 26 55 88 63 73 17 27 52 89 53 12 75 91 75 91 34 89 56 104 68 91 47 79 105 38 42 48 25 48 74 52 32 65 54 30 13 70 91 45 44 43 43 52 58 68 32 23 92 82 71 37 97 46 57 77 43 14 25 51 66 15 22 53 37 45 52 30 30 19 35 84 46 84 19 35 47 80 56 71 16 29 19 73 66 87 54 0 76 73 75 56 65 
12 79 66 31 16 51 80 19 50 92 33 18 17 79 89 95 25 55 67 14 58 69 37 62 17 21 53 12 30 35 44 62 85 36 69 82 50 19 25 86 37 93 57 84 12 36 37 44 42 81 35 65 38 45 85 56 23 45 74 41 69 101 23 79 65 61 27 19 85 69 24 40 35 36 85 87 84 67 24 64 25 62 56 29 8 89 54 85 69 63 35 31 12 24 76 0 24 4 37 11 
27 61 67 44 8 62 79 32 49 74 57 14 39 71 92 79 16 36 67 10 35 46 19 70 40 31 35 32 18 26 20 41 71 42 52 71 34 42 26 74 15 75 63 84 33 59 28 32 52 65 22 45 16 45 88 33 47 22 60 25 52 84 4 63 65 65 37 9 78 73 31 44 44 50 90 92 75 54 48 47 11 64 64 33 32 71 31 77 57 56 11 51 34 23 73 24 0 20 53 22 
12 76 65 32 12 52 79 20 48 88 37 14 20 77 89 92 22 51 66 10 54 65 34 62 21 21 50 14 27 32 40 58 82 35 66 79 46 23 23 83 33 89 57 83 15 40 34 41 43 78 32 61 34 43 85 52 27 41 71 38 66 98 19 76 64 60 27 15 83 68 23 39 35 37 85 87 81 64 28 60 22 61 56 28 12 85 50 83 66 60 31 34 16 21 75 4 20 0 39 9 
27 83 43 9 47 17 56 21 35 93 33 39 24 66 59 94 61 66 44 46 86 87 71 29 41 22 88 25 66 41 71 94 81 20 74 72 58 24 30 78 58 94 28 58 25 36 42 49 13 80 46 77 60 30 55 85 29 67 72 76 74 100 54 79 42 33 17 44 69 40 23 24 15 5 53 56 71 66 32 69 59 38 24 25 36 92 74 70 64 52 61 11 41 32 56 37 53 39 0 32 
5 70 56 24 15 43 70 11 39 82 38 9 19 68 79 85 29 47 57 14 56 63 39 53 27 12 56 11 34 25 41 63 75 26 60 71 41 21 14 76 31 83 48 74 13 41 27 34 34 71 26 57 33 34 75 55 28 40 64 44 60 92 22 69 54 51 19 13 74 59 14 30 26 30 76 78 73 57 30 55 27 52 47 18 17 80 49 74 58 52 31 29 23 13 65 11 22 9 32 0 
0 51 1243 114 166 72 238 600 2466 17 40 505 92 43 19 110 13 2838 9 446 11 20 579 33 46 9 258 354 10 135 378 180 232 13 54 0 340 20 16 322 25 65 549 18 46 146 17 1283 94 16 571 207 12 125 43 498 142 36 158 1213 243 3000 25 63 58 9 3000 129 1627 1200 31 55 24 53 63 465 1061 642 33 24 250 497 3000 48 258 3000 783 32 2545 207 37 10 103 77 23 187 143 21 50 204 
51 0 44 38 148 584 0 117 690 16 3000 0 0 210 14 36 0 168 729 146 69 3000 0 88 234 1068 589 866 122 0 55 8 76 332 346 3000 773 0 2030 285 337 37 37 1307 38 8 0 24 108 976 1159 52 12 0 676 162 2712 106 133 160 45 0 20 174 1261 0 242 131 0 140 2337 108 98 0 50 0 175 25 46 0 485 272 13 487 709 8 200 458 11 0 0 142 153 35 242 0 15 763 334 82 
1243 44 0 3000 35 3000 323 104 12 48 323 0 38 117 218 115 0 171 585 41 48 12 0 143 246 317 193 3000 9 0 19 1446 290 52 54 199 1389 0 40 8 1237 11 814 7 8 278 63 220 18 801 247 1845 17 30 35 53 788 252 69 233 1409 0 21 58 117 0 35 536 419 525 229 116 30 0 10 0 60 30 2147 0 1892 1865 247 332 113 151 1383 823 30 0 0 2910 1180 63 456 0 32 3000 184 62 
114 38 3000 0 65 516 215 43 307 37 0 3000 40 41 2931 153 8 43 21 700 1730 975 0 51 71 180 33 30 192 22 9 47 55 277 2258 0 102 33 0 2980 0 18 1045 33 180 0 97 17 146 208 1287 142 188 7 200 86 150 470 1021 15 1699 0 84 0 130 91 14 204 47 1013 474 326 61 194 770 8 135 929 637 111 118 15 36 670 37 53 20 330 9 82 99 354 10 35 7 32 101 55 935 293 
166 148 35 65 0 13 0 13 7 8 456 0 0 61 50 9 0 62 18 354 1475 0 0 330 218 26 12 29 3000 0 20 56 610 904 3000 10 518 0 31 20 379 722 20 1736 269 8 0 1067 34 15 0 695 16 0 263 50 65 37 3000 46 9 0 452 14 612 0 16 417 0 102 26 199 21 0 96 0 830 898 215 0 18 80 55 16 20 58 586 73 1691 0 0 10 37 166 12 0 481 606 10 15 
72 584 3000 516 13 0 10 85 2359 34 0 52 15 123 49 19 63 503 10 2623 39 1250 0 29 8 216 319 414 757 1007 97 3000 155 375 139 0 85 8 111 12 0 505 1105 9 280 0 46 38 727 1319 1573 1881 612 1478 25 94 128 19 1198 469 9 0 157 21 67 36 136 13 36 35 27 15 28 13 61 21 20 462 1489 118 234 106 39 239 2765 178 130 10 27 375 17 54 130 14 33 11 14 367 11 3000 
238 0 323 215 0 10 0 0 29 10 0 1763 84 3000 993 123 851 1041 9 12 2048 171 158 957 265 119 0 22 53 19 0 9 32 0 0 0 326 244 0 25 0 40 14 337 23 0 13 8 182 1290 52 45 10 113 0 0 644 22 79 0 0 1501 0 0 43 957 0 0 785 479 33 26 116 82 32 194 0 509 24 23 610 8 16 157 78 279 25 49 0 48 17 0 0 35 8 11 193 775 16 1435 
600 117 104 43 13 85 0 0 111 65 0 0 821 10 13 1561 0 0 1668 169 293 0 0 232 331 592 0 196 131 0 23 391 189 15 0 0 108 0 480 295 0 9 558 929 19 0 43 436 0 76 0 91 118 0 0 1628 54 3000 860 12 12 0 11 0 0 0 3000 55 0 28 3000 74 0 0 9 0 97 0 86 0 674 242 27 14 0 0 16 41 43 0 0 29 48 270 36 0 13 26 203 219 
2466 690 12 307 7 2359 29 111 0 26 1373 169 673 87 52 12 51 439 396 8 28 276 0 48 119 45 3000 225 19 2944 104 61 9 235 759 191 449 968 83 105 228 112 755 422 219 511 366 175 1484 97 59 48 105 1896 21 22 733 321 23 26 3000 676 50 37 8 93 96 14 37 34 26 552 18 38 392 3000 3000 590 40 13 22 14 245 3000 721 907 625 1130 1178 923 51 98 32 53 568 62 67 311 357 124 
17 16 48 37 8 34 10 65 26 0 0 0 657 8 1931 9 0 0 547 8 295 0 0 14 305 673 0 104 33 0 47 99 119 458 0 0 293 0 18 337 0 270 1120 23 69 0 350 41 0 816 0 25 882 0 0 109 481 3000 89 10 18 0 63 0 28 0 2487 89 30 59 3000 1872 0 0 211 0 28 0 99 0 80 11 19 235 0 0 181 577 293 0 0 126 1038 622 231 0 73 499 104 33 
40 3000 323 0 456 0 0 0 1373 0 0 0 0 0 0 2304 0 25 18 10 3000 238 8 918 0 129 24 255 75 0 11 0 0 61 503 48 37 0 17 0 101 13 335 0 951 131 0 52 158 0 51 0 42 0 15 26 819 11 39 0 0 428 0 265 48 0 1141 14 0 0 820 0 9 1252 884 0 193 63 0 0 72 67 0 0 127 472 0 0 308 0 9 969 735 36 72 70 0 28 1219 404 
505 0 0 3000 0 52 1763 0 169 0 0 0 546 87 55 324 109 0 0 0 0 14 0 0 0 8 0 36 577 174 0 0 0 0 0 0 0 163 0 0 0 19 0 100 164 0 2569 0 0 0 2920 118 0 13 0 0 235 0 668 0 0 0 0 0 3000 254 0 0 10 369 213 0 0 33 29 695 0 298 28 1173 2150 113 262 581 0 0 38 669 0 126 383 0 0 18 587 0 26 0 0 0 
92 0 38 40 0 15 84 821 673 657 0 546 0 10 59 54 494 60 54 23 648 510 0 0 275 23 0 1134 11 467 0 90 3000 0 0 0 12 189 0 700 0 143 973 217 3000 0 262 7 724 27 66 30 0 913 0 0 271 201 12 0 434 0 0 0 9 103 0 0 119 10 518 157 111 136 83 26 0 28 10 3000 87 95 208 72 1094 38 144 24 0 3000 37 0 0 97 3000 15 452 180 528 40 
43 210 117 41 61 123 3000 10 87 8 0 87 10 0 673 561 30 0 14 22 18 27 0 469 104 25 0 1162 76 403 132 116 1117 12 0 0 1510 68 0 240 0 83 7 1333 3000 0 396 93 0 116 26 288 177 108 0 168 28 11 25 1071 17 0 1014 0 24 19 63 0 255 88 94 258 0 0 69 774 0 20 954 3000 491 252 9 292 0 702 14 27 23 632 1158 0 26 542 104 0 94 118 1237 91 
19 14 218 2931 50 49 993 13 52 1931 0 55 59 673 0 152 29 693 13 14 477 808 0 782 95 426 0 403 547 460 34 14 329 103 30 0 688 328 13 79 0 49 52 179 165 0 51 102 129 63 329 348 244 77 14 594 161 35 59 155 157 0 141 19 160 98 8 1886 164 395 571 10 37 0 26 1154 354 229 8 175 117 665 269 30 7 159 113 442 289 266 73 1220 21 52 20 0 15 18 703 390 
110 36 115 153 9 19 123 1561 12 9 2304 324 54 561 152 0 83 74 143 1003 198 1197 0 402 22 2401 82 459 130 263 60 26 83 82 189 138 3000 26 73 10 786 2369 127 10 320 185 161 3000 49 283 823 11 12 179 237 440 604 7 14 1463 46 241 18 12 235 380 20 1939 101 540 2299 46 727 3000 45 29 8 828 8 15 204 268 16 8 28 35 53 296 36 50 577 22 336 8 46 226 8 102 84 986 
13 0 0 8 0 63 851 0 51 0 0 109 494 30 29 83 0 35 14 21 2189 160 11 0 0 129 10 12 30 17 0 0 0 0 8 0 43 199 0 0 0 11 26 680 12 0 107 0 161 0 246 1009 74 116 987 0 62 90 33 0 0 272 0 0 126 869 0 0 55 292 30 0 458 3000 410 1284 0 640 365 624 277 232 27 0 1850 836 12 94 0 43 93 0 0 41 153 10 1866 0 304 71 
2838 168 171 43 62 503 1041 0 439 0 25 0 60 0 693 74 35 0 13 19 172 169 156 8 0 24 46 547 27 416 0 0 0 0 960 13 13 86 9 0 151 347 37 16 445 26 22 856 793 0 690 97 264 261 3000 8 11 3000 19 0 0 109 0 495 44 29 9 11 568 0 208 0 1191 56 7 57 103 207 0 0 98 23 9 0 764 3000 155 934 303 0 118 288 50 26 598 140 502 241 288 138 
9 729 585 21 18 10 9 1668 396 547 18 0 54 14 13 143 14 13 0 200 73 152 0 342 217 19 280 755 43 0 44 23 1443 365 15 96 355 180 32 35 156 180 36 124 553 481 17 33 264 20 124 180 49 128 148 347 355 45 66 8 2561 306 435 12 51 0 88 71 24 524 1490 9 134 164 11 124 51 60 57 0 258 10 351 16 863 184 1210 232 190 0 685 1381 140 13 751 78 740 1010 120 53 
446 146 41 700 354 2623 12 169 8 8 10 0 23 22 14 1003 21 19 200 0 1713 166 28 314 550 1118 586 25 1074 0 27 0 644 15 536 976 48 9 45 93 8 3000 84 401 350 984 40 3000 1183 344 301 2308 33 112 13 1184 499 57 66 0 910 128 1219 192 435 222 131 106 614 185 66 0 27 3000 2836 100 93 362 9 0 14 125 454 0 265 53 15 832 12 0 414 357 3000 14 26 391 70 29 336 21 
11 69 48 1730 1475 39 2048 293 28 295 3000 0 648 18 477 198 2189 172 73 1713 0 346 179 30 115 391 938 46 51 327 236 653 61 3000 48 145 213 3000 909 138 32 1106 725 10 22 9 856 397 635 1632 399 20 43 1694 17 202 338 936 25 0 51 621 332 46 129 889 53 25 1319 2136 9 38 238 107 8 2657 1583 38 232 0 78 13 16 3000 180 1042 140 7 36 0 9 86 256 942 766 65 59 158 13 22 
20 3000 12 975 0 1250 171 0 276 0 238 14 510 27 808 1197 160 169 152 166 346 0 1698 9 0 232 95 27 99 736 0 0 104 0 29 0 1117 13 0 696 0 15 33 1206 305 0 169 36 269 0 203 42 197 13 17 73 33 206 248 0 0 520 0 66 24 41 281 32 754 48 2104 0 818 15 23 34 0 3000 33 12 137 115 776 309 8 281 650 3000 56 906 25 1041 0 35 15 107 2190 235 179 1040 
579 0 0 0 0 0 158 0 0 0 8 0 0 0 0 0 11 156 0 28 179 1698 0 54 0 220 111 530 674 0 0 0 0 0 640 0 80 17 0 0 114 154 283 0 93 23 0 0 885 0 93 0 11 100 54 0 0 27 174 0 0 47 0 2804 152 0 0 133 0 0 295 0 344 764 151 90 0 90 0 0 1184 9 61 0 1547 21 0 0 0 0 3000 14 0 9 10 59 0 0 0 100 
33 88 143 51 330 29 957 232 48 14 918 0 0 469 782 402 0 8 342 314 30 9 54 0 1644 138 8 209 35 0 73 187 27 226 1150 365 65 0 163 27 145 9 822 648 152 67 0 24 3000 123 107 69 95 0 71 859 16 12 145 62 561 51 118 918 58 0 126 58 0 73 29 94 21 619 10 0 2539 262 333 0 62 133 12 72 16 413 893 7 41 0 73 2102 59 42 23 362 1471 650 16 90 
46 234 246 71 218 8 265 331 119 305 0 0 275 104 95 22 0 0 217 550 115 0 0 1644 0 34 0 468 175 0 688 14 757 331 0 0 9 0 2077 3000 0 212 608 936 3000 0 53 2167 0 14 0 90 567 0 0 769 349 17 1788 213 18 0 146 0 0 0 1234 41 227 33 413 20 0 0 500 0 377 0 11 0 567 19 71 3000 0 0 707 13 477 0 0 0 144 21 60 0 43 3000 90 18 
9 1068 317 180 26 216 119 592 45 673 129 8 23 25 426 2401 129 24 19 1118 391 232 220 138 34 0 10 920 87 451 655 0 24 23 105 0 1015 215 178 9 0 2033 593 179 905 17 213 255 3000 874 2948 20 421 296 301 3000 32 9 23 0 148 469 0 488 37 480 266 20 1710 18 27 0 65 98 356 16 32 48 316 1559 476 56 3000 319 12 175 12 18 47 124 188 162 528 41 12 133 36 1234 346 1319 
258 589 193 33 12 319 0 0 3000 0 24 0 0 0 0 82 10 46 280 586 938 95 111 8 0 10 0 66 1407 0 60 0 0 0 82 9 220 0 54 0 30 15 58 0 195 29 0 21 247 0 405 0 1054 0 8 9 479 33 65 0 0 96 0 32 213 0 51 45 0 0 128 0 222 620 40 98 62 21 0 0 173 125 435 0 1651 23 0 71 305 0 58 37 20 18 15 29 0 192 35 8 
354 866 3000 30 29 414 22 196 225 104 255 36 1134 1162 403 459 12 547 755 25 46 27 530 209 468 920 66 0 33 48 546 271 725 1935 348 1756 1796 680 115 24 23 3000 51 8 2540 162 8 105 1095 489 173 397 1014 1418 18 1002 87 116 763 54 1037 191 265 10 3000 1071 2252 231 11 40 69 1063 51 180 195 186 63 1104 443 202 9 79 12 11 119 3000 81 48 209 416 1020 837 59 81 54 66 75 142 72 17 
10 122 9 192 3000 757 53 131 19 33 75 577 11 76 547 130 30 27 43 1074 51 99 674 35 175 87 1407 33 0 2930 19 62 395 224 79 0 411 52 1225 296 0 808 50 9 40 15 126 59 226 69 46 2275 174 786 356 172 127 155 94 110 41 50 520 34 14 38 67 3000 2401 352 74 14 1403 688 15 47 174 82 112 70 179 104 853 9 453 2364 11 299 38 21 50 7 262 37 19 21 62 603 21 117 
135 0 0 22 0 1007 19 0 2944 0 0 174 467 403 460 263 17 416 0 0 327 736 0 0 0 451 0 48 2930 0 0 0 3000 0 0 0 0 53 0 0 0 44 0 109 61 0 270 0 52 0 12 433 0 133 0 0 201 0 17 0 0 0 0 0 22 64 0 0 66 3000 93 0 0 99 20 44 0 28 137 317 288 52 82 36 249 3000 102 2785 0 1112 98 0 0 760 1078 966 190 0 18 0 
378 55 19 9 20 97 0 23 104 47 11 0 0 132 34 60 0 0 44 27 236 0 0 73 688 655 60 546 19 0 0 237 52 24 40 9 133 0 303 78 35 54 1315 85 125 56 0 82 0 1207 0 0 16 0 24 26 269 651 182 31 159 0 478 439 31 0 14 114 0 9 186 41 45 0 69 0 95 0 0 0 9 49 0 1337 0 39 280 34 740 0 0 525 185 825 395 0 270 147 3000 1482 
180 8 1446 47 56 3000 9 391 61 99 0 0 90 116 14 26 0 0 23 0 653 0 0 187 14 0 0 271 62 0 237 0 1199 24 0 0 16 0 0 8 0 0 0 60 93 0 896 11 0 1618 0 586 96 0 0 35 37 20 246 30 402 0 684 0 0 0 15 0 78 61 469 703 0 0 431 0 0 0 37 0 44 110 127 254 0 0 548 118 45 0 0 0 26 23 0 0 22 1043 80 1372 
232 76 290 55 610 155 32 189 9 119 0 0 3000 1117 329 83 0 0 1443 644 61 104 0 27 757 24 0 725 395 3000 52 1199 0 61 0 0 8 1537 99 118 0 536 837 88 208 0 45 11 0 49 363 7 9 352 0 1091 168 61 140 9 17 0 36 0 304 112 157 1032 284 52 24 117 0 0 864 0 87 854 44 18 16 118 232 299 0 267 7 19 46 292 0 556 1467 8 45 0 531 94 1155 285 
13 332 52 277 904 375 0 15 235 458 61 0 0 12 103 82 0 0 365 15 3000 0 0 226 331 23 0 1935 224 0 24 24 61 0 370 240 31 0 211 388 19 129 1391 830 238 88 0 806 0 1278 0 81 10 0 130 47 43 330 2547 15 18 0 33 53 72 0 451 2024 0 789 51 90 108 0 551 0 388 0 2183 0 732 18 120 237 0 27 442 58 3000 0 0 86 2934 914 99 0 3000 313 127 22 
54 346 54 2258 3000 139 0 0 759 0 503 0 0 0 30 189 8 960 15 536 48 29 640 1150 0 105 82 348 79 0 40 0 0 370 0 3000 247 0 365 3000 54 94 495 0 145 10 0 140 19 0 8 0 1874 0 30 55 41 7 319 0 0 30 0 29 260 0 204 11 0 0 8 0 59 59 29 683 43 126 0 0 7 79 17 0 41 1130 0 46 55 0 374 21 21 791 47 55 25 60 3000 60 
0 3000 199 0 10 0 0 0 191 0 48 0 0 0 0 138 0 13 96 976 145 0 0 365 0 0 9 1756 0 0 9 0 0 240 3000 0 40 0 29 461 284 33 11 0 0 17 0 633 12 166 0 0 221 0 54 351 0 31 0 0 358 466 14 582 2821 0 46 27 0 0 0 0 349 0 0 0 456 0 0 0 116 515 0 0 9 695 0 0 78 0 0 180 1472 796 143 0 0 653 9 120 
340 773 1389 102 518 85 326 108 449 293 37 0 12 1510 688 3000 43 13 355 48 213 1117 80 65 9 1015 220 1796 411 0 133 16 8 31 247 40 0 85 724 1509 26 17 2142 306 53 34 13 1681 133 721 9 15 50 34 15 351 355 28 580 265 86 7 3000 592 313 19 10 81 290 692 547 363 14 1920 75 29 2563 39 146 0 1684 52 222 36 2939 254 104 460 19 0 57 365 25 86 319 175 90 1358 46 36 
20 0 0 33 0 8 244 0 968 0 0 163 189 68 328 26 199 86 180 9 3000 13 17 0 0 215 0 680 52 53 0 0 1537 0 0 0 85 0 0 0 0 83 108 155 38 0 78 0 409 0 25 58 0 50 0 0 1278 3000 510 0 0 2049 0 0 79 43 0 0 70 19 153 0 151 20 107 676 0 1048 45 21 462 388 427 33 99 399 10 3000 0 268 37 0 0 384 85 290 152 0 418 95 
16 2030 40 0 31 111 0 480 83 18 17 0 0 0 13 73 0 9 32 45 909 0 0 163 2077 178 54 115 1225 0 303 0 99 211 365 29 724 0 0 213 518 929 42 0 0 36 0 8 184 69 0 0 1091 0 66 94 2216 466 299 0 155 1220 67 52 350 0 8 7 0 0 74 0 3000 0 91 0 40 10 0 0 131 10 0 0 108 419 0 0 57 0 0 1182 107 15 97 0 9 51 94 781 
322 285 8 2980 20 12 25 295 105 337 0 0 700 240 79 10 0 0 35 93 138 696 0 27 3000 9 0 24 296 0 78 8 118 388 3000 461 1509 0 213 0 0 1177 3000 365 302 0 130 15 0 639 0 838 71 1100 1370 154 47 84 8 18 400 0 236 210 91 0 36 213 942 51 17 49 0 0 17 0 18 45 36 0 103 463 61 2241 0 173 10 93 25 0 0 63 38 17 55 0 634 344 408 92 
25 337 1237 0 379 0 0 0 228 0 101 0 0 0 0 786 0 151 156 8 32 0 114 145 0 0 30 23 0 0 35 0 0 19 54 284 26 0 518 0 0 11 2085 0 0 3000 0 120 1321 0 0 0 1454 0 285 142 0 2108 0 0 0 829 108 22 44 0 107 3000 0 0 0 0 37 0 301 0 82 633 0 0 78 457 0 0 41 33 0 0 644 0 0 1254 743 1819 12 0 0 53 94 370 
65 37 11 18 722 505 40 9 112 270 13 19 143 83 49 2369 11 347 180 3000 1106 15 154 9 212 2033 15 3000 808 44 54 0 536 129 94 33 17 83 929 1177 11 0 147 12 145 203 216 20 99 11 68 94 13 781 219 50 49 364 542 0 1043 57 0 2085 132 340 122 11 128 28 147 0 26 273 47 2452 24 438 119 1115 1873 106 167 20 3000 2495 40 24 2014 86 11 9 9 112 111 596 20 144 1259 85 
549 37 814 1045 20 1105 14 558 755 1120 335 0 973 7 52 127 26 37 36 84 725 33 283 822 608 593 58 51 50 0 1315 0 837 1391 495 11 2142 108 42 3000 2085 147 0 36 1919 65 254 437 127 12 67 152 24 3000 14 25 129 15 28 0 9 18 83 357 203 0 56 1317 16 303 213 0 184 28 39 99 35 146 166 0 100 537 75 143 49 446 20 107 27 0 418 19 20 859 15 32 115 550 319 10 
18 1307 7 33 1736 9 337 929 422 23 0 100 217 1333 179 10 680 16 124 401 10 1206 0 648 936 179 0 8 9 109 85 60 88 830 0 0 306 155 0 365 0 12 36 0 299 0 761 293 66 49 998 1647 218 106 0 8 551 16 299 29 466 0 96 0 80 76 90 0 15 16 1302 79 10 40 1543 54 0 17 9 43 73 478 153 17 174 26 33 1195 43 188 65 0 132 27 12 0 25 104 118 33 
46 38 8 180 269 280 23 19 219 69 951 164 3000 3000 165 320 12 445 553 350 22 305 93 152 3000 905 195 2540 40 61 125 93 208 238 145 0 53 38 0 302 0 145 1919 299 0 0 13 54 44 91 546 131 60 478 30 114 116 195 9 0 17 43 24 9 126 32 22 316 37 316 269 24 1148 17 39 296 0 517 711 13 12 47 12 327 665 11 16 166 21 625 241 22 15 15 471 8 33 290 1544 811 
146 8 278 0 8 0 0 0 511 0 131 0 0 0 0 185 0 26 481 984 9 0 23 67 0 17 29 162 15 0 56 0 0 88 10 17 34 0 36 0 3000 203 65 0 0 0 0 42 18 0 500 0 62 0 167 50 0 96 24 0 0 838 0 21 12 0 661 18 0 0 0 0 442 89 18 0 20 152 0 0 163 3000 0 0 27 1824 0 0 3000 0 0 1242 174 38 160 140 0 104 15 329 
17 0 63 97 0 46 13 43 366 350 0 2569 262 396 51 161 107 22 17 40 856 169 0 0 53 213 0 8 126 270 0 896 45 0 0 0 13 78 0 130 0 216 254 761 13 0 0 0 1292 196 1008 165 0 107 0 0 236 0 9 0 1711 0 0 0 233 61 0 0 494 249 43 2375 0 27 410 256 0 14 49 23 20 119 69 39 374 36 15 278 0 85 14 0 0 90 1380 0 20 501 288 0 
1283 24 220 17 1067 38 8 436 175 41 52 0 7 93 102 3000 0 856 33 3000 397 36 0 24 2167 255 21 105 59 0 82 11 11 806 140 633 1681 0 8 15 120 20 437 293 54 42 0 0 10 459 59 3000 263 0 8 9 22 77 63 13 780 2910 244 70 85 0 63 90 0 8 40 802 34 79 49 0 227 653 17 0 155 429 668 192 8 3000 165 8 15 0 117 1953 49 1585 78 0 860 43 180 16 
94 108 18 146 34 727 182 0 1484 0 158 0 724 0 129 49 161 793 264 1183 635 269 885 3000 0 3000 247 1095 226 52 0 0 0 0 19 12 133 409 184 0 1321 99 127 66 44 18 1292 10 0 0 762 706 9 14 8 94 572 1460 29 0 0 209 0 2467 196 49 211 415 1058 0 3000 0 24 144 11 49 447 51 310 0 46 754 22 0 27 50 77 73 851 41 157 297 31 23 144 865 150 246 25 45 
16 976 801 208 15 1319 1290 76 97 816 0 0 27 116 63 283 0 0 20 344 1632 0 0 123 14 874 0 489 69 0 1207 1618 49 1278 0 166 721 0 69 639 0 11 12 49 91 0 196 459 0 0 0 61 9 0 1958 283 14 1085 17 175 180 0 22 13 33 0 17 241 13 15 24 40 0 0 726 0 1940 0 2092 0 1150 35 340 212 0 0 17 131 20 0 0 101 56 49 549 0 2484 16 32 1784 
571 1159 247 1287 0 1573 52 0 59 0 51 2920 66 26 329 823 246 690 124 301 399 203 93 107 0 2948 405 173 46 12 0 0 363 0 8 0 9 25 0 0 0 68 67 998 546 500 1008 59 762 0 0 49 128 42 1385 40 587 106 171 0 0 308 0 9 174 933 550 148 2791 542 88 0 97 224 20 46 0 456 67 280 149 295 24 0 3000 3000 877 35 51 538 32 316 491 268 21 82 163 60 55 1871 
207 52 1845 142 695 1881 45 91 48 25 0 118 30 288 348 11 1009 97 180 2308 20 42 0 69 90 20 0 397 2275 433 0 586 7 81 0 0 15 58 0 838 0 94 152 1647 131 0 165 3000 706 61 49 0 110 1156 0 0 15 16 10 90 30 0 479 0 203 10 1060 0 1153 645 82 71 91 54 1330 567 0 83 259 957 17 18 13 103 216 200 12 773 13 247 1237 0 793 17 532 29 814 226 995 20 
12 12 17 188 16 612 10 118 105 882 42 0 0 177 244 12 74 264 49 33 43 197 11 95 567 421 1054 1014 174 0 16 96 9 10 1874 221 50 0 1091 71 1454 13 24 218 60 62 0 263 9 9 128 110 0 0 327 63 144 113 1214 3000 2389 630 188 1595 36 0 589 9 0 13 247 299 65 852 3000 52 644 63 762 0 92 153 142 316 153 81 306 149 9 0 216 72 47 27 32 8 9 28 281 1076 
125 0 30 7 0 1478 113 0 1896 0 0 13 913 108 77 179 116 261 128 112 1694 13 100 0 0 296 0 1418 786 133 0 0 352 0 0 0 34 50 0 1100 0 781 3000 106 478 0 107 0 14 0 42 1156 0 0 0 0 7 143 53 0 0 27 0 0 1468 726 0 0 112 267 1030 0 641 19 44 25 0 45 769 18 1159 423 62 21 14 30 322 133 0 1017 493 0 0 310 1747 880 2833 0 215 30 
43 676 35 200 263 25 0 0 21 0 15 0 0 0 14 237 987 3000 148 13 17 17 54 71 0 301 8 18 356 0 24 0 0 130 30 54 15 0 66 1370 285 219 14 0 30 167 0 8 8 1958 1385 0 327 0 0 24 163 295 10 0 0 65 0 83 1318 0 50 10 0 0 874 0 301 98 522 1565 182 83 0 0 18 17 292 0 42 148 0 892 68 0 163 42 269 601 7 451 26 18 14 54 
498 162 53 86 50 94 0 1628 22 109 26 0 0 168 594 440 0 8 347 1184 202 73 0 859 769 3000 9 1002 172 0 26 35 1091 47 55 351 351 0 94 154 142 50 25 8 114 50 0 9 94 283 40 0 63 0 24 0 13 65 2324 1621 127 403 12 75 140 0 13 1564 0 0 60 54 281 0 545 0 20 881 0 0 623 162 124 705 907 158 51 8 578 0 0 108 85 17 12 0 189 71 568 24 
142 2712 788 150 65 128 644 54 733 481 819 235 271 28 161 604 62 11 355 499 338 33 0 16 349 32 479 87 127 201 269 37 168 43 41 0 355 1278 2216 47 0 49 129 551 116 0 236 22 572 14 587 15 144 7 163 13 0 207 78 1206 101 0 24 430 114 152 3000 526 45 62 221 199 370 79 39 9 2187 10 136 64 360 19 20 8 45 101 824 1219 571 169 90 323 58 16 18 0 207 49 65 74 
36 106 252 470 37 19 22 3000 321 3000 11 0 201 11 35 7 90 3000 45 57 936 206 27 12 17 9 33 116 155 0 651 20 61 330 7 31 28 3000 466 84 2108 364 15 16 195 96 0 77 1460 1085 106 16 113 143 295 65 207 0 781 59 29 99 16 79 23 0 10 240 0 9 118 1085 69 1430 52 364 81 365 216 0 393 1821 16 68 198 15 28 28 1700 0 1899 85 12 35 27 388 29 55 117 26 
158 133 69 1021 3000 1198 79 860 23 89 39 668 12 25 59 14 33 19 66 66 25 248 174 145 1788 23 65 763 94 17 182 246 140 2547 319 0 580 510 299 8 0 542 28 299 9 24 9 63 29 17 171 10 1214 53 10 2324 78 781 0 0 596 10 8 21 307 19 1021 42 151 170 1471 81 138 950 21 607 3000 66 179 14 868 16 54 31 9 376 60 8 26 17 19 27 10 76 39 150 215 124 540 1304 
1213 160 233 15 46 469 0 12 26 10 0 0 0 1071 155 1463 0 0 8 0 0 0 0 62 213 0 0 54 110 0 31 30 9 15 0 0 265 0 0 18 0 0 0 29 0 0 0 13 0 175 0 90 3000 0 0 1621 1206 59 0 0 7 0 2517 0 0 0 709 0 0 372 65 106 0 0 51 0 0 0 26 0 120 0 0 52 0 0 23 22 204 0 0 0 26 16 0 0 441 493 370 19 
243 45 1409 1699 9 9 0 12 3000 18 0 0 434 17 157 46 0 0 2561 910 51 0 0 561 18 148 0 1037 41 0 159 402 17 18 0 358 86 0 155 400 0 1043 9 466 17 0 1711 780 0 180 0 30 2389 0 0 127 101 29 596 7 0 0 8 350 2757 0 60 144 0 296 486 68 0 0 150 0 25 0 240 0 17 50 725 513 0 0 38 34 558 0 0 863 53 12 55 0 131 64 213 1435 
3000 0 0 0 0 0 1501 0 676 0 428 0 0 0 0 241 272 109 306 128 621 520 47 51 0 469 96 191 50 0 0 0 0 0 30 466 7 2049 1220 0 829 57 18 0 43 838 0 2910 209 0 308 0 630 27 65 403 0 99 10 0 0 0 0 918 2864 0 214 93 0 0 909 0 18 3000 290 53 24 218 0 0 58 156 739 0 179 492 0 55 22 0 510 93 0 98 192 9 0 0 0 1371 
25 20 21 84 452 157 0 11 50 63 0 0 0 1014 141 18 0 0 435 1219 332 0 0 118 146 0 0 265 520 0 478 684 36 33 0 14 3000 0 67 236 108 0 83 96 24 0 0 244 0 22 0 479 188 0 0 12 24 16 8 2517 8 0 0 989 0 0 37 10 0 24 93 30 0 0 350 0 1201 0 202 0 518 335 47 58 0 0 476 444 37 0 0 232 1845 266 10 0 68 206 135 233 
63 174 58 0 14 21 0 0 37 0 265 0 0 0 19 12 0 495 12 192 46 66 2804 918 0 488 32 10 34 0 439 0 0 53 29 582 592 0 52 210 22 2085 357 0 9 21 0 70 2467 13 9 0 1595 0 83 75 430 79 21 0 350 918 989 0 12 0 321 286 0 0 34 0 21 24 3000 0 3000 53 0 0 354 255 0 0 563 34 0 0 236 0 0 538 1338 39 566 3000 354 190 249 11 
58 1261 117 130 612 67 43 0 8 28 48 3000 9 24 160 235 126 44 51 435 129 24 152 58 0 37 213 3000 14 22 31 0 304 72 260 2821 313 79 350 91 44 132 203 80 126 12 233 85 196 33 174 203 36 1468 1318 140 114 23 307 0 2757 2864 0 12 0 3000 37 48 301 124 289 0 2565 850 3000 137 8 450 545 36 194 247 26 144 607 71 8 26 9 134 46 23 401 10 215 309 26 153 147 12 
9 0 0 91 0 36 957 0 93 0 0 254 103 19 98 380 869 29 0 222 889 41 0 0 0 480 0 1071 38 64 0 0 112 0 0 0 19 43 0 0 0 340 0 76 32 0 61 0 49 0 933 10 0 726 0 0 152 0 19 0 0 0 0 0 3000 0 0 0 2204 13 3000 0 0 18 114 42 0 87 86 324 16 1288 534 41 754 181 43 32 0 55 294 0 0 24 244 527 60 0 43 0 
3000 242 35 14 16 136 0 3000 96 2487 1141 0 0 63 8 20 0 9 88 131 53 281 0 126 1234 266 51 2252 67 0 14 15 157 451 204 46 10 0 8 36 107 122 56 90 22 661 0 63 211 17 550 1060 589 0 50 13 3000 10 1021 709 60 214 37 321 37 0 0 303 0 219 14 165 37 0 1239 0 689 26 77 0 56 106 157 14 10 102 32 818 34 0 0 188 239 346 867 0 80 53 1911 15 
129 131 536 204 417 13 0 55 14 89 14 0 0 0 1886 1939 0 11 71 106 25 32 133 58 41 20 45 231 3000 0 114 0 1032 2024 11 27 81 0 7 213 3000 11 1317 0 316 18 0 90 415 241 148 0 9 0 10 1564 526 240 42 0 144 93 10 286 48 0 303 0 0 0 613 0 8 0 738 0 14 725 0 0 500 819 0 0 20 45 3000 155 126 0 0 1447 48 18 117 11 88 82 135 43 
1627 0 419 47 0 36 785 0 37 30 0 10 119 255 164 101 55 568 24 614 1319 754 0 0 227 1710 0 11 2401 66 0 78 284 0 0 0 290 70 0 942 0 128 16 15 37 0 494 0 1058 13 2791 1153 0 112 0 0 45 0 151 0 0 0 0 0 301 2204 0 0 0 1158 43 14 0 157 16 30 0 40 210 61 88 1088 1533 95 43 108 13 2341 0 616 287 0 0 362 556 73 7 0 202 0 
1200 140 525 1013 102 35 479 28 34 59 0 369 10 88 395 540 292 0 524 185 2136 48 0 73 33 18 0 40 352 3000 9 61 52 789 0 0 692 19 0 51 0 28 303 16 316 0 249 8 0 15 542 645 13 267 0 0 62 9 170 372 296 0 24 0 124 13 219 0 1158 0 17 9 0 0 118 0 0 12 50 89 22 795 24 687 0 0 61 68 282 42 0 0 24 22 449 0 3000 273 62 24 
31 2337 229 474 26 27 33 3000 26 3000 820 213 518 94 571 2299 30 208 1490 66 9 2104 295 29 413 27 128 69 74 93 186 469 24 51 8 0 547 153 74 17 0 147 213 1302 269 0 43 40 3000 24 88 82 247 1030 874 60 221 118 1471 65 486 909 93 34 289 3000 14 613 43 17 0 238 63 8 193 790 143 14 292 82 2784 8 1089 15 70 105 305 88 9 513 14 423 115 251 55 1445 9 195 173 12 
55 108 116 326 199 15 26 74 552 1872 0 0 157 258 10 46 0 0 9 0 38 0 0 94 20 0 0 1063 14 0 41 703 117 90 0 0 363 0 0 49 0 0 0 79 24 0 2375 802 0 40 0 71 299 0 0 54 199 1085 81 106 68 0 30 0 0 0 165 0 14 9 238 0 0 0 19 0 0 0 3000 0 9 395 117 2635 0 0 1110 201 19 0 0 0 13 50 260 0 154 1369 49 13 
24 98 30 61 21 28 116 0 18 0 9 0 111 0 37 727 458 1191 134 27 238 818 344 21 0 65 222 51 1403 0 45 0 0 108 59 349 14 151 3000 0 37 26 184 10 1148 442 0 34 24 0 97 91 65 641 301 281 370 69 138 0 0 18 0 21 2565 0 37 8 0 0 63 0 0 72 200 18 1091 3000 0 0 1334 444 337 0 62 244 54 2820 31 0 136 17 137 81 280 385 1360 3000 52 10 
53 0 0 194 0 13 82 0 38 0 1252 33 136 0 0 3000 3000 56 164 3000 107 15 764 619 0 98 620 180 688 99 0 0 0 0 59 0 1920 20 0 0 0 273 28 40 17 89 27 79 144 0 224 54 852 19 98 0 79 1430 950 0 0 3000 0 24 850 18 0 0 157 0 8 0 72 0 171 3000 0 200 35 16 177 107 973 0 274 2671 209 100 0 411 26 0 0 603 45 378 1922 0 45 23 
63 50 10 770 96 61 32 9 392 211 884 29 83 69 26 45 410 7 11 2836 8 23 151 10 500 356 40 195 15 20 69 431 864 551 29 0 75 107 91 17 301 47 39 1543 39 18 410 49 11 726 20 1330 3000 44 522 545 39 52 21 51 150 290 350 3000 3000 114 1239 738 16 118 193 19 200 171 0 504 1304 99 748 10 118 154 1015 21 3000 9 99 48 8 10 1631 134 110 938 72 64 186 25 213 15 
465 0 0 8 0 21 194 0 3000 0 0 695 26 774 1154 29 1284 57 124 100 2657 34 90 0 0 16 98 186 47 44 0 0 0 0 683 0 29 676 0 0 0 2452 99 54 296 0 256 0 49 0 46 567 52 25 1565 0 9 364 607 0 0 53 0 0 137 42 0 0 30 0 790 0 18 3000 504 0 0 35 219 198 11 633 245 0 11 36 57 177 0 8 253 0 0 203 34 671 261 0 177 12 
1061 175 60 135 830 20 0 97 3000 28 193 0 0 0 354 8 0 103 51 93 1583 0 0 2539 377 32 62 63 174 0 95 0 87 388 43 456 2563 0 40 18 82 24 35 0 0 20 0 227 447 1940 0 0 644 0 182 20 2187 81 3000 0 25 24 1201 3000 8 0 689 14 0 0 143 0 1091 0 1304 0 0 12 0 0 2307 191 0 0 204 31 63 204 116 0 0 90 938 84 47 0 11 10 979 2247 
642 25 30 929 898 462 509 0 590 0 63 298 28 20 229 828 640 207 60 362 38 3000 90 262 0 48 21 1104 82 28 0 0 854 0 126 0 39 1048 10 45 633 438 146 17 517 152 14 653 51 0 456 83 63 45 83 881 10 365 66 0 0 218 0 53 450 87 26 725 40 12 14 0 3000 200 99 35 12 0 898 18 297 3000 38 0 101 279 1093 3000 224 184 916 222 304 26 83 106 84 557 100 13 
33 46 2147 637 215 1489 24 86 40 99 0 28 10 954 8 8 365 0 57 9 232 33 0 333 11 316 0 443 112 137 0 37 44 2183 0 0 146 45 0 36 0 119 166 9 711 0 49 17 310 2092 67 259 762 769 0 0 136 216 179 26 240 0 202 0 545 86 77 0 210 50 292 3000 0 35 748 219 0 898 0 191 64 21 3000 337 1447 568 870 3000 1301 56 85 0 12 384 651 0 446 108 99 36 
24 0 0 111 0 118 23 0 13 0 0 1173 3000 3000 175 15 624 0 0 0 0 12 0 0 0 1559 0 202 70 317 0 0 18 0 0 0 0 21 0 0 0 1115 0 43 13 0 23 0 0 0 280 957 0 18 0 0 64 0 14 0 0 0 0 0 36 324 0 0 61 89 82 0 0 16 10 198 0 18 191 0 179 157 173 77 0 0 352 283 0 44 865 0 0 40 84 0 163 0 0 0 
250 485 1892 118 18 234 610 674 22 80 72 2150 87 491 117 204 277 98 258 14 78 137 1184 62 567 476 173 9 179 288 9 44 16 732 7 116 1684 462 131 103 78 1873 100 73 12 163 20 155 46 1150 149 17 92 1159 18 623 360 393 868 120 17 58 518 354 194 16 56 500 88 22 2784 9 1334 177 118 11 2307 297 64 179 0 132 18 334 17 8 23 12 12 17 16 28 157 11 9 162 1019 115 23 184 
497 272 1865 15 80 106 8 242 14 11 67 113 95 252 665 268 232 23 10 125 13 115 9 133 19 56 125 79 104 52 49 110 118 18 79 515 52 388 10 463 457 106 537 478 47 3000 119 429 754 35 295 18 153 423 17 162 19 1821 16 0 50 156 335 255 247 1288 106 819 1088 795 8 395 444 107 154 633 191 3000 21 157 132 0 760 42 16 119 227 89 3000 61 288 734 525 532 8 36 17 21 1094 9 
3000 13 247 36 55 39 16 27 245 19 0 262 208 9 269 16 27 9 351 454 16 776 61 12 71 3000 435 12 853 82 0 127 232 120 17 0 222 427 0 61 0 167 75 153 12 0 69 668 22 340 24 13 142 62 292 124 20 16 54 0 725 739 47 0 26 534 157 0 1533 24 1089 117 337 973 1015 245 0 38 3000 173 18 760 0 3000 30 156 1649 9 678 210 77 0 31 1111 14 22 727 309 3000 395 
48 487 332 670 16 239 157 14 3000 235 0 581 72 292 30 8 0 0 16 0 3000 309 0 72 3000 319 0 11 9 36 1337 254 299 237 0 0 36 33 0 2241 0 20 143 17 327 0 39 192 0 212 0 103 316 21 0 705 8 68 31 52 513 0 58 0 144 41 14 0 95 687 15 2635 0 0 21 0 0 0 337 77 334 42 3000 0 0 0 1030 270 34 19 0 0 1940 1464 90 0 38 295 396 300 
258 709 113 37 20 2765 78 0 721 0 127 0 1094 0 7 28 1850 764 863 265 180 8 1547 16 0 12 1651 119 453 249 0 0 0 0 41 9 2939 99 108 0 41 3000 49 174 665 27 374 8 27 0 3000 216 153 14 42 907 45 198 9 0 0 179 0 563 607 754 10 20 43 0 70 0 62 274 3000 11 204 101 1447 0 17 16 30 0 0 42 77 83 39 240 46 978 171 924 8 17 2322 68 85 45 
3000 8 151 53 58 178 279 0 907 0 472 0 38 702 159 35 836 3000 184 53 1042 281 21 413 0 175 23 3000 2364 3000 39 0 267 27 1130 695 254 399 419 173 33 2495 446 26 11 1824 36 3000 50 0 3000 200 81 30 148 158 101 15 376 0 0 492 0 34 71 181 102 45 108 0 105 0 244 2671 9 36 31 279 568 0 8 119 156 0 42 0 1240 62 23 0 647 11 14 76 13 379 37 38 2041 464 
783 200 1383 20 586 130 25 16 625 181 0 38 144 14 113 53 12 155 1210 15 140 650 0 893 707 12 0 81 11 102 280 548 7 442 0 0 104 10 0 10 0 40 20 33 16 0 15 165 77 17 877 12 306 322 0 51 824 28 60 23 38 0 476 0 8 43 32 3000 13 61 305 1110 54 209 99 57 63 1093 870 352 23 227 1649 1030 77 1240 0 416 20 106 52 0 48 50 38 0 191 84 74 1420 
32 458 823 330 73 10 49 41 1130 577 0 669 24 27 442 296 94 934 232 832 7 3000 0 7 13 18 71 48 299 2785 34 118 19 58 46 0 460 3000 0 93 0 24 107 1195 166 0 278 8 73 131 35 773 149 133 892 8 1219 28 8 22 34 55 444 0 26 32 818 155 2341 68 88 201 2820 100 48 177 204 3000 3000 283 12 89 9 270 83 62 416 0 13 188 293 8 27 15 224 10 711 39 237 121 
2545 11 30 9 1691 27 0 43 1178 293 308 0 0 23 289 36 0 303 190 12 36 56 0 41 477 47 305 209 38 0 740 45 46 3000 55 78 19 0 57 25 644 2014 27 43 21 3000 0 15 851 20 51 13 9 0 68 578 571 1700 26 204 558 22 37 236 9 0 34 126 0 282 9 19 31 0 8 0 116 224 1301 0 12 3000 678 34 39 23 20 13 0 0 0 123 1080 1233 420 0 12 49 46 50 
207 0 0 82 0 375 48 0 923 0 0 126 3000 632 266 50 43 0 0 0 0 906 0 0 0 124 0 416 21 1112 0 0 292 0 0 0 0 268 0 0 0 86 0 188 625 0 85 0 41 0 538 247 0 1017 0 0 169 0 17 0 0 0 0 0 134 55 0 0 616 42 513 0 0 411 10 8 0 184 56 44 17 61 210 19 240 0 106 188 0 0 684 0 0 49 783 88 19 0 0 0 
37 0 0 99 0 17 17 0 51 0 9 383 37 1158 73 577 93 118 685 414 9 25 3000 73 0 188 58 1020 50 98 0 0 0 0 374 0 57 37 0 0 0 11 418 65 241 0 14 117 157 0 32 1237 216 493 163 0 90 1899 19 0 0 510 0 0 46 294 0 0 287 0 14 0 136 26 1631 253 0 916 85 865 16 288 77 0 46 647 52 293 0 684 0 0 0 28 281 70 36 0 3000 474 
10 142 2910 354 10 54 0 29 98 126 969 0 0 0 1220 22 0 288 1381 357 86 1041 14 2102 0 162 37 837 7 0 525 0 556 86 21 180 365 0 1182 63 1254 9 19 0 22 1242 0 1953 297 101 316 0 72 0 42 108 323 85 27 0 863 93 232 538 23 0 188 1447 0 0 423 0 17 0 134 0 90 222 0 0 28 734 0 0 978 11 0 8 123 0 0 0 74 113 15 332 19 372 143 25 
103 153 1180 10 37 130 0 48 32 1038 735 0 0 26 21 336 0 50 140 3000 256 0 0 59 144 528 20 59 262 0 185 26 1467 2934 21 1472 25 0 107 38 743 9 20 132 15 174 0 49 31 56 491 793 47 0 269 85 58 12 10 26 53 0 1845 1338 401 0 239 48 0 24 115 13 137 0 110 0 938 304 12 0 157 525 31 1940 171 14 48 27 1080 0 0 74 0 1197 1728 0 851 1745 583 282 
77 35 63 35 166 14 35 270 53 622 36 18 97 542 52 8 41 26 13 14 942 35 9 42 21 41 18 81 37 760 825 23 8 914 791 796 86 384 15 17 1819 112 859 27 15 38 90 1585 23 49 268 17 27 310 601 17 16 35 76 16 12 98 266 39 10 24 346 18 362 22 251 50 81 603 938 203 84 26 384 40 11 532 1111 1464 924 76 50 15 1233 49 28 113 1197 0 160 37 30 37 30 1945 
23 242 456 7 12 33 8 36 568 231 72 587 3000 104 20 46 153 598 751 26 766 15 10 23 60 12 15 54 19 1078 395 0 45 99 47 143 319 85 97 55 12 111 15 12 471 160 1380 78 144 549 21 532 32 1747 7 12 18 27 39 0 55 192 10 566 215 244 867 117 556 449 55 260 280 45 72 34 47 83 651 84 9 8 14 90 8 13 38 224 420 783 281 15 1728 160 0 24 278 2883 166 814 
187 0 0 32 0 11 11 0 62 0 70 0 15 0 0 226 10 140 78 391 65 107 59 362 0 133 29 66 21 966 0 0 0 0 55 0 175 290 0 0 0 596 32 0 8 140 0 0 865 0 82 29 8 880 451 0 0 388 150 0 0 9 0 3000 309 527 0 11 73 0 1445 0 385 378 64 671 0 106 0 0 162 36 22 0 17 379 0 10 0 88 70 332 0 37 24 0 0 0 0 417 
143 15 32 101 481 14 193 13 67 73 0 26 452 94 15 8 1866 502 740 70 59 2190 0 1471 43 36 0 75 62 190 270 22 531 3000 25 0 90 152 9 634 0 20 115 25 33 0 20 860 150 2484 163 814 9 2833 26 189 207 29 215 441 131 0 68 354 26 60 80 88 7 3000 9 154 1360 1922 186 261 11 84 446 163 1019 17 727 38 2322 37 191 711 12 19 36 19 851 30 278 0 0 40 485 8 
21 763 3000 55 606 367 775 26 311 499 28 0 180 118 18 102 0 241 1010 29 158 235 0 650 3000 1234 192 142 603 0 147 1043 94 313 60 653 1358 0 51 344 53 144 550 104 290 104 501 43 246 16 60 226 28 0 18 71 49 55 124 493 64 0 206 190 153 0 53 82 0 273 195 1369 3000 0 25 0 10 557 108 0 115 21 309 295 68 38 84 39 49 0 0 372 1745 37 2883 0 40 0 452 60 
50 334 184 935 10 11 16 203 357 104 1219 0 528 1237 703 84 304 288 120 336 13 179 0 16 90 346 35 72 21 18 3000 80 1155 127 3000 9 46 418 94 408 94 1259 319 118 1544 15 288 180 25 32 55 995 281 215 14 568 65 117 540 370 213 0 135 249 147 43 1911 135 202 62 173 49 52 45 213 177 979 100 99 0 23 1094 3000 396 85 2041 74 237 46 0 3000 143 583 30 166 0 485 452 0 147 
204 82 62 293 15 3000 1435 219 124 33 404 0 40 91 390 986 71 138 53 21 22 1040 100 90 18 1319 8 17 117 0 1482 1372 285 22 60 120 36 95 781 92 370 85 10 33 811 329 0 16 45 1784 1871 20 1076 30 54 24 74 26 1304 19 1435 1371 233 11 12 0 15 43 0 24 12 13 10 23 15 12 2247 13 36 0 184 9 395 300 45 464 1420 121 50 0 474 25 282 1945 814 417 8 60 147 0 
