100
0 22 92 67 71 92 61 74 44 58 51 76 4 76 92 75 23 24 81 47 70 75 38 87 9 60 105 42 12 24 87 77 82 79 24 64 28 68 92 83 23 57 20 72 20 46 17 3 10 82 79 30 86 12 80 29 16 78 76 31 70 76 57 45 28 77 42 36 77 72 57 69 58 78 50 46 49 68 37 59 8 65 68 8 33 75 78 42 57 20 12 77 48 27 100 45 64 81 45 70 
22 0 80 52 58 81 42 64 30 36 51 74 22 66 79 74 3 20 81 24 47 64 41 75 20 45 93 57 29 5 82 86 64 65 6 47 27 48 77 76 1 69 14 50 35 43 19 26 22 65 61 46 77 15 62 7 31 83 58 40 65 55 59 37 32 72 22 52 58 79 56 79 69 65 61 28 30 56 20 37 30 63 58 29 14 74 83 20 43 36 30 70 37 6 87 27 62 82 38 49 
92 80 0 29 23 5 46 18 51 67 50 39 88 17 8 41 83 68 45 73 74 17 61 6 96 37 13 88 104 76 26 78 37 17 86 38 64 52 20 21 80 83 95 63 83 49 75 94 98 26 32 86 14 93 35 75 84 63 36 72 31 56 54 47 68 26 62 89 36 68 46 79 79 15 78 53 54 25 61 82 98 41 24 100 67 39 65 69 37 85 87 22 45 75 11 56 40 50 47 53 
67 52 29 0 6 31 19 16 23 40 37 43 63 19 27 44 55 42 52 44 50 16 43 23 70 8 41 73 77 48 40 76 24 13 57 11 41 28 26 33 52 74 67 40 62 31 50 69 71 17 17 67 30 66 20 46 61 64 18 53 31 35 46 25 47 32 33 72 18 66 37 74 70 14 66 24 25 8 33 55 73 37 15 74 38 43 66 40 9 63 64 28 19 47 35 27 35 56 25 30 
71 58 23 6 0 25 24 11 28 45 38 40 68 15 21 42 60 47 49 50 55 11 46 17 75 14 36 75 82 53 36 76 25 7 63 16 45 32 22 28 57 74 72 44 66 33 54 73 77 16 18 70 25 71 21 52 65 62 20 56 28 39 46 28 50 29 39 74 20 65 37 74 70 8 67 30 31 6 38 61 78 36 13 79 44 40 65 46 15 67 68 24 24 52 29 32 34 53 28 34 
92 81 5 31 25 0 49 18 51 70 47 34 88 16 13 37 84 68 41 75 78 17 59 10 97 39 14 85 104 77 21 73 42 21 87 41 64 55 25 16 81 80 96 67 82 48 75 93 98 30 36 84 10 93 39 76 83 58 40 70 28 60 51 47 67 22 63 87 40 64 44 75 75 17 75 55 56 26 62 85 97 38 24 99 68 35 61 71 39 83 86 18 45 76 16 57 37 46 46 57 
61 42 46 19 24 49 0 35 21 21 48 60 58 38 41 61 44 40 69 28 31 35 50 39 62 12 57 78 70 39 59 90 21 28 46 8 42 11 36 51 42 83 56 22 63 40 47 64 64 24 19 71 49 57 19 35 61 79 16 58 48 20 58 31 49 51 21 76 16 79 50 86 80 31 75 16 13 26 24 37 69 53 33 69 29 60 81 26 16 64 62 47 24 37 49 16 50 72 32 14 
74 64 18 16 11 18 35 0 34 55 33 30 70 4 20 31 66 50 38 59 66 1 43 14 79 23 31 71 86 59 25 67 35 13 69 27 46 44 27 17 63 68 78 55 65 31 57 76 81 25 28 68 15 76 32 59 66 53 31 54 18 50 39 29 50 18 46 72 31 56 31 66 64 8 62 38 40 9 45 71 80 28 6 81 50 30 55 55 22 67 69 13 27 59 28 40 26 42 29 46 
44 30 51 23 28 51 21 34 0 32 31 49 40 37 49 49 32 20 57 30 46 35 29 45 47 17 63 57 54 25 53 72 41 36 35 22 21 32 49 47 29 62 44 41 42 21 27 46 48 39 36 49 48 43 38 25 40 64 34 36 38 41 41 12 28 44 15 55 34 62 34 67 60 36 54 8 13 26 11 44 50 39 29 51 17 49 65 24 14 43 42 42 8 25 58 10 37 59 14 34 
58 36 67 40 45 70 21 55 32 0 63 79 57 59 62 79 36 44 87 12 14 55 60 60 56 32 78 86 64 34 79 104 36 49 37 29 48 17 55 72 35 94 46 14 66 54 48 61 57 43 37 76 70 50 36 29 63 96 33 65 67 21 73 45 56 71 20 82 33 95 66 99 91 52 85 24 19 47 27 16 66 70 53 65 27 78 97 17 35 67 63 67 39 32 69 22 68 90 46 17 
51 51 50 37 38 47 48 33 31 63 0 25 47 33 53 23 54 31 31 60 76 34 14 47 58 38 61 38 63 47 36 42 61 44 57 44 25 60 59 34 51 37 63 70 37 9 36 52 60 53 54 37 39 57 57 50 39 33 55 24 21 68 10 18 23 28 45 39 55 32 6 38 33 40 30 39 44 32 40 75 55 13 27 57 43 24 34 53 32 38 43 29 24 48 60 41 13 31 17 62 
76 74 39 43 40 34 60 30 49 79 25 0 72 27 45 3 77 55 9 79 91 31 38 39 83 48 47 56 88 70 15 39 65 42 80 54 49 70 55 18 74 48 87 82 61 32 61 77 85 54 58 59 25 82 61 72 63 24 60 48 12 78 22 38 48 13 64 59 60 29 19 41 43 38 44 56 60 35 60 93 80 12 28 82 64 1 26 73 44 62 67 18 41 71 50 59 13 13 37 73 
4 22 88 63 68 88 58 70 40 57 47 72 0 72 88 70 23 20 77 46 69 71 34 83 12 57 101 39 16 23 82 74 79 75 24 61 24 66 89 79 22 54 22 70 17 42 13 6 14 79 75 27 82 14 77 28 12 74 73 27 66 74 53 41 24 73 39 33 74 68 53 65 54 74 47 43 46 64 34 58 10 60 64 11 30 71 74 40 53 17 10 73 44 25 97 42 60 77 41 68 
76 66 17 19 15 16 38 4 37 59 33 27 72 0 21 29 69 52 35 63 69 4 44 14 81 27 29 71 88 61 21 65 39 16 72 31 48 47 29 13 66 68 80 59 66 32 59 77 83 27 31 69 11 78 35 62 67 51 35 55 16 54 38 31 51 15 50 72 34 54 30 64 63 11 61 41 43 12 48 74 82 26 8 83 53 27 53 58 25 68 71 10 29 61 28 43 24 40 31 49 
92 79 8 27 21 13 41 20 49 62 53 45 88 21 0 47 81 68 52 69 69 19 63 6 96 34 16 91 103 74 34 84 31 14 84 34 65 46 12 27 78 88 93 57 85 51 75 94 98 19 26 89 21 92 28 73 85 69 30 75 36 50 58 48 69 32 59 92 30 74 50 84 83 14 82 51 51 24 59 78 98 46 26 100 65 45 71 66 36 86 88 28 44 73 8 53 45 57 48 47 
75 74 41 44 42 37 61 31 49 79 23 3 70 29 47 0 76 54 8 79 92 32 36 42 82 49 49 54 87 69 18 37 67 44 79 55 48 71 57 21 73 45 86 83 59 31 59 75 84 56 59 57 27 81 63 71 61 22 62 46 13 79 19 38 46 15 64 57 62 27 18 38 40 40 41 56 60 37 60 93 78 10 29 80 64 2 24 73 45 60 65 20 41 70 52 59 12 11 36 74 
23 3 83 55 60 84 44 66 32 36 54 77 23 69 81 76 0 23 84 24 47 67 44 77 20 47 96 59 28 7 84 89 65 67 3 49 30 49 79 79 3 72 12 50 37 46 21 26 21 67 63 48 80 14 63 9 33 85 60 42 68 56 62 40 35 74 24 54 60 81 59 82 71 68 64 31 32 58 22 36 30 66 61 29 16 77 86 20 45 38 32 73 39 8 89 29 64 85 41 50 
24 20 68 42 47 68 40 50 20 44 31 55 20 52 68 54 23 0 62 36 58 51 21 63 29 37 81 42 36 17 64 67 60 55 26 42 7 49 68 59 20 51 32 56 23 24 7 26 31 59 56 32 62 27 58 21 20 63 54 22 48 58 39 21 13 54 25 38 54 59 37 60 50 54 43 25 29 43 18 51 31 44 44 32 17 55 63 29 33 24 22 54 23 18 76 25 43 62 21 52 
81 81 45 52 49 41 69 38 57 87 31 9 77 35 52 8 84 62 0 87 100 39 43 47 89 57 52 57 93 77 19 34 74 51 87 62 55 79 63 25 81 46 93 91 65 39 67 81 91 63 66 61 31 88 70 79 68 18 69 52 21 87 25 46 53 21 73 61 69 25 25 37 41 46 44 64 69 44 68 101 84 18 37 87 72 9 21 81 53 65 71 26 49 78 56 67 20 5 44 82 
47 24 73 44 50 75 28 59 30 12 60 79 46 63 69 79 24 36 87 0 23 60 55 67 44 36 85 78 52 23 82 100 46 56 25 35 42 28 63 75 24 87 34 27 57 51 39 50 45 52 46 67 74 38 46 18 53 93 42 58 68 33 70 42 49 72 15 73 43 91 64 94 85 58 79 23 20 51 21 15 54 69 56 54 19 78 94 7 38 58 53 70 38 21 77 20 67 89 43 29 
70 47 74 50 55 78 31 66 46 14 76 91 69 69 69 92 47 58 100 23 0 66 74 68 67 43 84 99 75 46 90 118 40 58 47 38 62 23 60 82 47 107 56 12 80 67 62 73 68 50 43 89 80 61 41 41 76 109 39 79 79 20 86 58 70 82 33 96 39 108 79 113 105 61 99 38 33 58 40 15 77 83 64 77 41 91 110 29 47 80 76 78 52 44 75 36 81 103 59 21 
75 64 17 16 11 17 35 1 35 55 34 31 71 4 19 32 67 51 39 60 66 0 45 13 80 23 30 72 87 60 25 68 35 12 70 27 47 43 26 17 64 70 79 55 67 32 58 77 82 24 28 70 15 76 31 59 67 54 31 56 20 50 40 30 51 18 47 73 30 57 32 67 65 7 63 38 40 9 46 71 81 29 8 83 51 31 56 55 22 68 70 14 28 59 27 41 27 43 30 45 
38 41 61 43 46 59 50 43 29 60 14 38 34 44 63 36 44 21 43 55 74 45 0 58 46 41 73 29 50 37 50 46 66 53 47 48 14 61 68 47 41 34 51 70 23 13 24 38 47 60 60 25 51 45 63 41 25 42 60 11 34 70 19 19 10 41 41 29 60 38 19 40 31 50 25 37 42 40 34 70 42 27 37 44 36 37 42 48 36 24 29 42 26 39 71 38 26 43 18 63 
87 75 6 23 17 10 39 14 45 60 47 39 83 14 6 42 77 63 47 67 68 13 58 0 91 31 18 85 99 70 29 78 32 11 80 32 60 46 16 22 74 82 89 57 80 45 70 89 93 20 26 83 16 88 29 69 80 63 30 69 30 50 52 43 64 27 56 86 30 68 44 78 77 9 76 47 48 19 55 76 93 40 21 95 61 40 66 63 32 81 83 22 40 69 14 50 39 52 43 47 
9 20 96 70 75 97 62 79 47 56 58 83 12 81 96 82 20 29 89 44 67 80 46 91 0 63 109 50 8 24 93 86 83 82 20 66 34 68 95 89 21 65 13 70 29 52 23 11 2 84 80 39 91 6 81 28 24 86 78 39 77 75 65 50 36 83 42 44 78 80 64 78 66 82 59 47 50 72 38 54 13 72 73 11 33 82 86 40 60 29 21 83 52 26 104 46 71 89 51 70 
60 45 37 8 14 39 12 23 17 32 38 48 57 27 34 49 47 37 57 36 43 23 41 31 63 0 49 71 71 40 47 79 25 20 50 7 37 23 32 39 44 73 59 34 58 30 44 63 65 22 19 64 38 59 21 39 57 67 19 51 36 31 47 22 43 38 25 69 18 68 39 75 70 22 66 17 17 15 25 47 67 41 21 68 31 47 69 32 5 59 59 35 16 39 42 19 39 60 23 25 
105 93 13 41 36 14 57 31 63 78 61 47 101 29 16 49 96 81 52 85 84 30 73 18 109 49 0 99 117 89 32 85 45 29 98 50 77 62 25 29 93 93 108 72 96 61 88 107 111 35 41 98 23 106 44 88 97 70 46 84 42 65 64 60 80 36 74 101 45 76 58 87 88 28 88 66 66 38 74 93 111 52 37 112 79 47 72 81 50 97 100 32 57 88 10 68 51 57 60 63 
42 57 88 73 75 85 78 71 57 86 38 56 39 71 91 54 59 42 57 78 99 72 29 85 50 71 99 0 50 56 71 39 95 81 62 77 37 89 97 71 58 16 61 97 22 41 39 40 51 90 89 12 76 53 92 61 27 46 89 21 57 98 35 48 29 64 66 6 89 38 41 30 19 78 13 64 69 69 59 92 40 48 65 42 59 56 44 71 65 22 29 67 55 58 98 65 48 54 48 91 
12 29 104 77 82 104 70 86 54 64 63 88 16 88 103 87 28 36 93 52 75 87 50 99 8 71 117 50 0 32 99 88 92 90 28 74 40 76 103 95 30 66 20 78 31 58 29 12 7 92 88 39 98 14 89 36 26 89 86 42 82 84 69 57 40 89 50 44 86 83 69 79 67 89 60 55 58 79 46 62 10 77 80 8 41 87 89 48 68 30 23 89 59 34 112 54 76 93 57 78 
24 5 76 48 53 77 39 59 25 34 47 70 23 61 74 69 7 17 77 23 46 60 37 70 24 40 89 56 32 0 77 83 60 60 11 43 23 45 72 71 4 67 19 48 34 38 17 27 25 61 57 45 72 19 58 6 30 79 54 37 61 52 55 33 29 67 18 51 54 75 52 76 66 61 59 24 26 51 15 37 32 59 54 32 10 69 79 18 38 35 30 66 32 3 82 23 57 78 34 46 
87 82 26 40 36 21 59 25 53 79 36 15 82 21 34 18 84 64 19 82 90 25 50 29 93 47 32 71 99 77 0 53 59 35 87 52 59 68 45 8 81 63 95 80 73 41 70 88 95 47 52 73 13 91 55 78 75 37 55 60 17 75 36 44 59 10 68 74 55 44 31 55 58 31 59 59 62 33 65 94 91 24 26 93 70 16 40 76 44 74 79 12 46 77 37 62 24 25 43 70 
77 86 78 76 76 73 90 67 72 104 42 39 74 65 84 37 89 67 34 100 118 68 46 78 86 79 85 39 88 83 53 0 100 80 92 85 60 101 93 57 87 23 95 112 57 51 68 76 87 91 93 49 64 88 97 87 62 16 95 47 48 110 32 60 54 52 86 45 95 11 40 9 20 75 28 80 85 70 80 115 77 39 63 80 82 39 13 93 74 58 65 56 66 85 89 83 41 29 59 104 
82 64 37 24 25 42 21 35 41 36 61 65 79 39 31 67 65 60 74 46 40 35 66 32 83 25 45 95 92 60 59 100 0 23 67 19 61 19 20 51 63 97 77 27 82 54 67 85 85 12 7 89 47 78 4 56 81 87 6 75 53 20 70 47 68 53 42 94 6 90 61 98 94 28 90 37 34 31 45 51 90 61 38 90 50 65 89 46 30 83 83 48 41 58 36 38 59 78 48 19 
79 65 17 13 7 21 28 13 36 49 44 42 75 16 14 44 67 55 51 56 58 12 53 11 82 20 29 81 90 60 35 80 23 0 70 21 52 35 15 28 64 80 79 46 73 40 62 81 84 12 17 77 23 78 20 59 73 66 20 63 31 40 51 36 57 30 45 81 20 69 43 78 76 5 73 37 37 12 45 65 85 40 17 86 51 42 68 52 22 74 76 25 31 59 22 39 38 55 36 37 
24 6 86 57 63 87 46 69 35 37 57 80 24 72 84 79 3 26 87 25 47 70 47 80 20 50 98 62 28 11 87 92 67 70 0 51 33 50 81 82 6 74 10 51 39 49 24 27 21 70 65 50 83 14 65 11 35 89 62 45 71 56 65 43 38 77 26 56 62 84 62 84 74 70 67 33 34 61 24 35 31 69 64 30 19 80 89 21 48 40 33 76 42 10 92 31 68 88 44 52 
64 47 38 11 16 41 8 27 22 29 44 54 61 31 34 55 49 42 62 35 38 27 48 32 66 7 50 77 74 43 52 85 19 21 51 0 42 17 30 44 46 80 61 28 63 37 49 67 68 18 14 70 42 61 16 40 62 74 13 57 42 25 54 29 49 44 26 75 13 75 46 82 77 24 72 19 17 19 28 44 72 47 26 72 33 53 76 32 12 65 64 40 22 42 42 20 45 66 30 19 
28 27 64 41 45 64 42 46 21 48 25 49 24 48 65 48 30 7 55 42 62 47 14 60 34 37 77 37 40 23 59 60 61 52 33 42 0 52 67 54 27 46 38 59 21 18 12 30 36 58 56 29 57 33 58 27 20 56 55 17 42 61 33 17 8 49 29 34 55 52 30 53 44 51 37 27 32 41 22 56 34 38 40 35 22 48 56 34 32 23 23 49 21 25 73 28 36 56 17 54 
68 48 52 28 32 55 11 44 32 17 60 70 66 47 46 71 49 49 79 28 23 43 61 46 68 23 62 89 76 45 68 101 19 35 50 17 52 0 38 60 47 94 60 12 72 51 55 71 69 27 21 81 57 63 19 40 70 90 16 68 58 9 69 42 59 60 27 86 17 91 62 97 91 39 86 25 21 36 32 32 76 64 43 76 36 70 92 29 28 73 71 56 36 42 53 25 61 83 43 3 
92 77 20 26 22 25 36 27 49 55 59 55 89 29 12 57 79 68 63 63 60 26 68 16 95 32 25 97 103 72 45 93 20 15 81 30 67 38 0 38 76 95 91 48 88 55 76 94 97 11 17 93 32 91 19 70 87 79 22 79 45 40 66 50 72 42 55 97 21 83 58 93 91 19 89 48 47 28 57 70 99 55 32 100 63 55 81 62 35 89 90 37 45 71 15 50 53 68 51 39 
83 76 21 33 28 16 51 17 47 72 34 18 79 13 27 21 79 59 25 75 82 17 47 22 89 39 29 71 95 71 8 57 51 28 82 44 54 60 38 0 75 65 90 72 70 37 66 84 90 39 44 71 6 86 47 72 72 42 47 58 14 67 36 39 56 7 61 73 47 48 30 59 60 23 60 52 55 25 58 87 88 23 19 90 64 19 45 70 37 72 76 6 39 71 32 55 22 30 38 62 
23 1 80 52 57 81 42 63 29 35 51 74 22 66 78 73 3 20 81 24 47 64 41 74 21 44 93 58 30 4 81 87 63 64 6 46 27 47 76 75 0 70 15 49 36 43 19 27 23 65 60 46 77 16 61 7 31 83 57 40 65 54 59 37 33 71 21 53 58 79 56 79 69 65 62 28 29 55 19 36 31 63 58 30 13 73 83 19 42 36 31 70 36 5 86 26 61 82 38 48 
57 69 83 74 74 80 83 68 62 94 37 48 54 68 88 45 72 51 46 87 107 70 34 82 65 73 93 16 66 67 63 23 97 80 74 80 46 94 95 65 70 0 75 103 37 43 51 55 67 90 91 27 70 68 94 72 41 32 91 30 52 103 30 52 38 58 74 22 91 23 38 14 5 76 8 70 75 69 67 102 55 42 63 58 68 47 30 80 68 37 44 62 58 69 95 72 43 43 51 96 
20 14 95 67 72 96 56 78 44 46 63 87 22 80 93 86 12 32 93 34 56 79 51 89 13 59 108 61 20 19 95 95 77 79 10 61 38 60 91 90 15 75 0 61 39 55 27 23 13 79 75 49 91 8 75 21 34 93 72 47 79 66 70 51 42 85 36 56 72 88 68 87 76 80 68 43 44 70 34 42 26 75 72 24 28 86 93 31 57 39 32 84 51 20 101 41 74 94 52 61 
72 50 63 40 44 67 22 55 41 14 70 82 70 59 57 83 50 56 91 27 12 55 70 57 70 34 72 97 78 48 80 112 27 46 51 28 59 12 48 72 49 103 61 0 79 61 61 75 71 38 31 88 69 64 29 43 76 101 27 76 70 8 80 52 67 72 31 94 27 101 72 107 100 50 95 33 28 48 38 25 80 75 55 79 40 82 103 30 39 80 76 68 46 45 63 32 73 94 53 10 
20 35 83 62 66 82 63 65 42 66 37 61 17 66 85 59 37 23 65 57 80 67 23 80 29 58 96 22 31 34 73 57 82 73 39 63 21 72 88 70 36 37 39 79 0 35 18 19 30 79 77 11 75 31 79 40 5 59 76 13 57 81 40 37 16 64 47 17 76 52 42 49 37 71 30 47 52 61 41 71 20 50 59 23 39 60 58 50 53 1 8 65 43 37 93 48 49 63 37 75 
46 43 49 31 33 48 40 31 21 54 9 32 42 32 51 31 46 24 39 51 67 32 13 45 52 30 61 41 58 38 41 51 54 40 49 37 18 51 55 37 43 43 55 61 35 0 29 47 54 48 48 38 40 51 51 41 36 43 48 24 24 60 19 9 19 31 36 41 48 41 14 46 40 37 35 29 34 28 30 65 51 20 25 53 34 31 44 44 25 36 39 31 16 39 59 32 19 40 8 54 
17 19 75 50 54 75 47 57 27 48 36 61 13 59 75 59 21 7 67 39 62 58 24 70 23 44 88 39 29 17 70 68 67 62 24 49 12 55 76 66 19 51 27 61 18 29 0 19 25 66 63 28 69 22 65 22 14 66 61 21 54 64 43 28 14 61 30 34 61 61 42 60 50 61 43 31 35 51 23 53 23 49 51 25 21 60 66 33 40 19 16 60 31 19 83 31 48 67 28 58 
3 26 94 69 73 93 64 76 46 61 52 77 6 77 94 75 26 26 81 50 73 77 38 89 11 63 107 40 12 27 88 76 85 81 27 67 30 71 94 84 27 55 23 75 19 47 19 0 12 84 81 28 87 15 82 32 14 77 79 31 71 79 57 47 29 78 45 34 79 71 57 68 56 80 49 48 52 70 40 62 5 65 70 6 36 76 77 45 59 19 11 78 50 30 102 48 64 81 47 73 
10 22 98 71 77 98 64 81 48 57 60 85 14 83 98 84 21 31 91 45 68 82 47 93 2 65 111 51 7 25 95 87 85 84 21 68 36 69 97 90 23 67 13 71 30 54 25 12 0 86 82 40 93 7 83 29 26 88 79 41 78 76 66 52 37 85 43 45 79 82 66 79 68 84 60 49 51 74 40 55 13 74 75 11 35 84 88 41 62 30 22 85 54 27 106 47 72 90 52 71 
82 65 26 17 16 30 24 25 39 43 53 54 79 27 19 56 67 59 63 52 50 24 60 20 84 22 35 90 92 61 47 91 12 12 70 18 58 27 11 39 65 90 79 38 79 48 66 84 86 0 6 85 35 80 9 59 78 77 11 71 43 31 61 42 64 42 44 89 10 80 53 89 86 17 83 37 36 21 46 59 89 51 28 90 51 54 79 50 26 80 81 37 36 60 25 39 49 67 43 28 
79 61 32 17 18 36 19 28 36 37 54 58 75 31 26 59 63 56 66 46 43 28 60 26 80 19 41 89 88 57 52 93 7 17 65 14 56 21 17 44 60 91 75 31 77 48 63 81 82 6 0 83 40 75 4 54 76 80 4 70 46 24 63 41 62 46 39 88 4 82 54 91 87 21 83 33 31 23 42 53 86 54 30 86 47 58 82 45 24 78 78 41 35 55 32 34 52 71 42 22 
30 46 86 67 70 84 71 68 49 76 37 59 27 69 89 57 48 32 61 67 89 70 25 83 39 64 98 12 39 45 73 49 89 77 50 70 29 81 93 71 46 27 49 88 11 38 28 28 40 85 83 0 76 42 86 50 15 53 83 14 57 89 37 43 21 64 56 6 83 46 42 40 29 75 21 55 60 65 50 81 28 49 62 31 49 58 52 60 59 10 18 66 49 47 96 56 49 59 42 83 
86 77 14 30 25 10 49 15 48 70 39 25 82 11 21 27 80 62 31 74 80 15 51 16 91 38 23 76 98 72 13 64 47 23 83 42 57 57 32 6 77 70 91 69 75 40 69 87 93 35 40 76 0 88 43 73 76 49 44 63 19 63 41 41 59 13 61 78 43 54 35 65 66 19 65 52 54 23 59 85 91 29 19 93 64 25 51 69 37 76 79 9 40 72 25 55 28 36 41 59 
12 15 93 66 71 93 57 76 43 50 57 82 14 78 92 81 14 27 88 38 61 76 45 88 6 59 106 53 14 19 91 88 78 78 14 61 33 63 91 86 16 68 8 64 31 51 22 15 7 80 75 42 88 0 76 22 26 86 73 40 75 70 64 47 35 81 37 48 73 81 63 79 68 78 61 43 45 68 34 48 18 71 70 17 28 81 87 34 56 31 24 81 49 20 100 41 69 88 48 64 
80 62 35 20 21 39 19 32 38 36 57 61 77 35 28 63 63 58 70 46 41 31 63 29 81 21 44 92 89 58 55 97 4 20 65 16 58 19 19 47 61 94 75 29 79 51 65 82 83 9 4 86 43 76 0 55 78 84 4 72 50 22 66 44 64 50 40 91 3 86 58 94 90 25 86 34 32 27 43 51 87 57 34 88 48 61 86 45 26 80 80 45 37 56 34 35 55 74 44 20 
29 7 75 46 52 76 35 59 25 29 50 72 28 62 73 71 9 21 79 18 41 59 41 69 28 39 88 61 36 6 78 87 56 59 11 40 27 40 70 72 7 72 21 43 40 41 22 32 29 59 54 50 73 22 55 0 36 82 51 42 62 47 59 34 34 68 15 56 51 79 55 81 71 60 64 22 23 51 14 31 37 61 54 37 8 71 83 12 37 40 36 66 33 3 81 20 59 81 35 42 
16 31 84 61 65 83 61 66 40 63 39 63 12 67 85 61 33 20 68 53 76 67 25 80 24 57 97 27 26 30 75 62 81 73 35 62 20 70 87 72 31 41 34 76 5 36 14 14 26 78 76 15 76 26 78 36 0 63 74 16 59 78 43 37 16 66 44 22 75 57 44 53 42 71 35 45 49 61 38 67 17 52 60 19 35 63 62 47 52 5 4 67 42 33 93 45 52 67 37 72 
78 83 63 64 62 58 79 53 64 96 33 24 74 51 69 22 85 63 18 93 109 54 42 63 86 67 70 46 89 79 37 16 87 66 89 74 56 90 79 42 83 32 93 101 59 43 66 77 88 77 80 53 49 86 84 82 63 0 82 47 34 99 24 51 51 37 79 51 82 8 29 20 27 61 32 72 76 57 73 108 79 27 50 82 76 24 2 86 63 59 66 42 57 80 74 74 29 13 50 93 
76 58 36 18 20 40 16 31 34 33 55 60 73 35 30 62 60 54 69 42 39 31 60 30 78 19 46 89 86 54 55 95 6 20 62 13 55 16 22 47 57 91 72 27 76 48 61 79 79 11 4 83 44 73 4 51 74 82 0 69 49 20 64 41 61 49 36 88 0 84 56 92 88 25 84 31 28 25 40 48 84 56 33 84 44 60 84 41 24 77 77 44 34 53 36 32 54 73 42 17 
31 40 72 53 56 70 58 54 36 65 24 48 27 55 75 46 42 22 52 58 79 56 11 69 39 51 84 21 42 37 60 47 75 63 45 57 17 68 79 58 40 30 47 76 13 24 21 31 41 71 70 14 63 40 72 42 16 47 69 0 45 77 27 29 9 52 46 19 69 41 29 39 29 61 22 43 48 51 39 73 33 37 48 35 39 47 46 51 46 14 20 53 35 39 82 44 37 50 28 71 
70 65 31 31 28 28 48 18 38 67 21 12 66 16 36 13 68 48 21 68 79 20 34 30 77 36 42 57 82 61 17 48 53 31 71 42 42 58 45 14 65 52 79 70 57 24 54 71 78 43 46 57 19 75 50 62 59 34 49 45 0 66 23 28 43 7 53 59 48 38 16 48 47 27 47 45 49 23 50 81 75 10 16 77 54 12 37 62 32 58 63 9 30 61 42 48 9 25 27 61 
76 55 56 35 39 60 20 50 41 21 68 78 74 54 50 79 56 58 87 33 20 50 70 50 75 31 65 98 84 52 75 110 20 40 56 25 61 9 40 67 54 103 66 8 81 60 64 79 76 31 24 89 63 70 22 47 78 99 20 77 66 0 78 51 68 68 35 95 21 99 70 106 100 45 95 34 29 43 41 33 84 72 51 84 44 78 100 35 36 82 80 63 45 50 55 33 70 91 52 7 
57 59 54 46 46 51 58 39 41 73 10 22 53 38 58 19 62 39 25 70 86 40 19 52 65 47 64 35 69 55 36 32 70 51 65 54 33 69 66 36 59 30 70 80 40 19 43 57 66 61 63 37 41 64 66 59 43 24 64 27 23 78 0 28 29 29 55 38 64 22 8 28 25 47 24 49 54 40 49 85 60 13 34 62 52 21 24 63 42 41 47 32 34 57 65 51 14 24 27 72 
45 37 47 25 28 47 31 29 12 45 18 38 41 31 48 38 40 21 46 42 58 30 19 43 50 22 60 48 57 33 44 60 47 36 43 29 17 42 50 39 37 52 51 52 37 9 28 47 52 42 41 43 41 47 44 34 37 51 41 29 28 51 28 0 22 34 27 47 41 50 22 55 49 34 44 20 25 24 22 57 51 27 23 52 26 37 53 35 17 39 40 33 7 33 56 23 26 48 1 45 
28 32 68 47 50 67 49 50 28 56 23 48 24 51 69 46 35 13 53 49 70 51 10 64 36 43 80 29 40 29 59 54 68 57 38 49 8 59 72 56 33 38 42 67 16 19 14 29 37 64 62 21 59 35 64 34 16 51 61 9 43 68 29 22 0 50 37 27 61 47 29 47 37 55 30 34 39 45 30 64 32 37 43 34 30 47 52 42 38 17 20 51 27 31 77 36 36 53 22 62 
77 72 26 32 29 22 51 18 44 71 28 13 73 15 32 15 74 54 21 72 82 18 41 27 83 38 36 64 89 67 10 52 53 30 77 44 49 60 42 7 71 58 85 72 64 31 61 78 85 42 46 64 13 81 50 68 66 37 49 52 7 68 29 34 50 0 58 66 49 41 23 52 53 25 53 50 53 25 55 85 82 16 17 84 60 13 39 67 35 65 70 5 36 67 38 52 16 25 33 63 
42 22 62 33 39 63 21 46 15 20 45 64 39 50 59 64 24 25 73 15 33 47 41 56 42 25 74 66 50 18 68 86 42 45 26 26 29 27 55 61 21 74 36 31 47 36 30 45 43 44 39 56 61 37 40 15 44 79 36 46 53 35 55 27 37 58 0 62 37 77 49 80 72 46 66 9 8 38 7 29 49 54 42 50 9 64 80 9 25 48 45 56 23 16 67 6 52 75 29 29 
36 52 89 72 74 87 76 72 55 82 39 59 33 72 92 57 54 38 61 73 96 73 29 86 44 69 101 6 44 51 74 45 94 81 56 75 34 86 97 73 53 22 56 94 17 41 34 34 45 89 88 6 78 48 91 56 22 51 88 19 59 95 38 47 27 66 62 0 88 43 43 36 25 78 18 61 66 69 56 88 33 50 66 36 55 59 50 67 64 17 24 69 53 53 99 62 51 58 47 89 
77 58 36 18 20 40 16 31 34 33 55 60 74 34 30 62 60 54 69 43 39 30 60 30 78 18 45 89 86 54 55 95 6 20 62 13 55 17 21 47 58 91 72 27 76 48 61 79 79 10 4 83 43 73 3 51 75 82 0 69 48 21 64 41 61 49 37 88 0 84 55 92 87 24 84 31 28 25 40 49 84 56 32 84 45 60 84 42 24 77 77 44 34 53 36 32 53 73 42 18 
72 79 68 66 65 64 79 56 62 95 32 29 68 54 74 27 81 59 25 91 108 57 38 68 80 68 76 38 83 75 44 11 90 69 84 75 52 91 83 48 79 23 88 101 52 41 61 71 82 80 82 46 54 81 86 79 57 8 84 41 38 99 22 50 47 41 77 43 84 0 29 12 19 65 25 70 75 59 71 106 73 29 52 75 73 29 7 84 63 53 60 46 56 77 79 73 31 20 49 93 
57 56 46 37 37 44 50 31 34 66 6 19 53 30 50 18 59 37 25 64 79 32 19 44 64 39 58 41 69 52 31 40 61 43 62 46 30 62 58 30 56 38 68 72 42 14 42 57 66 53 54 42 35 63 58 55 44 29 56 29 16 70 8 22 29 23 49 43 55 29 0 37 33 39 31 42 47 31 44 79 61 8 25 63 48 18 31 57 34 43 48 25 27 53 57 45 7 26 21 64 
69 79 79 74 74 75 86 66 67 99 38 41 65 64 84 38 82 60 37 94 113 67 40 78 78 75 87 30 79 76 55 9 98 78 84 82 53 97 93 59 79 14 87 107 49 46 60 68 79 89 91 40 65 79 94 81 53 20 92 39 48 106 28 55 47 52 80 36 92 12 37 0 12 74 19 75 80 68 74 109 68 38 61 71 76 40 18 87 70 49 57 57 62 78 90 77 40 32 54 100 
58 69 79 70 70 75 80 64 60 91 33 43 54 63 83 40 71 50 41 85 105 65 31 77 66 70 88 19 67 66 58 20 94 76 74 77 44 91 91 60 69 5 76 100 37 40 50 56 68 86 87 29 66 68 90 71 42 27 88 29 47 100 25 49 37 53 72 25 87 19 33 12 0 72 8 67 73 64 65 100 57 37 59 60 66 42 26 78 65 38 45 57 55 68 90 69 39 38 47 93 
78 65 15 14 8 17 31 8 36 52 40 38 74 11 14 40 68 54 46 58 61 7 50 9 82 22 28 78 89 61 31 75 28 5 70 24 51 39 19 23 65 76 80 50 71 37 61 80 84 17 21 75 19 78 25 60 71 61 25 61 27 45 47 34 55 25 46 78 24 65 39 74 72 0 70 38 39 10 46 68 84 36 13 86 52 38 63 54 22 72 74 20 30 60 22 40 34 50 34 41 
50 61 78 66 67 75 75 62 54 85 30 44 47 61 82 41 64 43 44 79 99 63 25 76 59 66 88 13 60 59 59 28 90 73 67 72 37 86 89 60 62 8 68 95 30 35 43 49 60 83 83 21 65 61 86 64 35 32 84 22 47 95 24 44 30 53 66 18 84 25 31 19 8 70 0 62 67 62 59 94 50 37 57 52 60 43 31 72 60 30 38 56 50 61 89 64 38 41 43 88 
46 28 53 24 30 55 16 38 8 24 39 56 43 41 51 56 31 25 64 23 38 38 37 47 47 17 66 64 55 24 59 80 37 37 33 19 27 25 48 52 28 70 43 33 47 29 31 48 49 37 33 55 52 43 34 22 45 72 31 43 45 34 49 20 34 50 9 61 31 70 42 75 67 38 62 0 5 29 9 37 53 47 33 54 14 56 73 17 16 48 47 47 15 23 59 3 45 67 22 28 
49 30 54 25 31 56 13 40 13 19 44 60 46 43 51 60 32 29 69 20 33 40 42 48 50 17 66 69 58 26 62 85 34 37 34 17 32 21 47 55 29 75 44 28 52 34 35 52 51 36 31 60 54 45 32 23 49 76 28 48 49 29 54 25 39 53 8 66 28 75 47 80 73 39 67 5 0 31 12 33 56 51 36 57 16 60 78 15 18 53 51 50 19 24 59 4 49 71 27 23 
68 56 25 8 6 26 26 9 26 47 32 35 64 12 24 37 58 43 44 51 58 9 40 19 72 15 38 69 79 51 33 70 31 12 61 19 41 36 28 25 55 69 70 48 61 28 51 70 74 21 23 65 23 68 27 51 61 57 25 51 23 43 40 24 45 25 38 69 25 59 31 68 64 10 62 29 31 0 37 62 74 31 7 75 42 35 59 46 13 62 64 20 20 51 33 32 28 48 24 38 
37 20 61 33 38 62 24 45 11 27 40 60 34 48 59 60 22 18 68 21 40 46 34 55 38 25 74 59 46 15 65 80 45 45 24 28 22 32 57 58 19 67 34 38 41 30 23 40 40 46 42 50 59 34 43 14 38 73 40 39 50 41 49 22 30 55 7 56 40 71 44 74 65 46 59 9 12 37 0 36 44 50 40 45 6 59 74 14 24 42 39 53 19 14 67 8 48 70 23 34 
59 37 82 55 61 85 37 71 44 16 75 93 58 74 78 93 36 51 101 15 15 71 70 76 54 47 93 92 62 37 94 115 51 65 35 44 56 32 70 87 36 102 42 25 71 65 53 62 55 59 53 81 85 48 51 31 67 108 48 73 81 33 85 57 64 85 29 88 49 106 79 109 100 68 94 37 33 62 36 0 66 83 68 65 34 92 109 22 50 72 67 82 52 34 84 34 81 104 58 32 
8 30 98 73 78 97 69 80 50 66 55 80 10 82 98 78 30 31 84 54 77 81 42 93 13 67 111 40 10 32 91 77 90 85 31 72 34 76 99 88 31 55 26 80 20 51 23 5 13 89 86 28 91 18 87 37 17 79 84 33 75 84 60 51 32 82 49 33 84 73 61 68 57 84 50 53 56 74 44 66 0 69 74 3 40 79 79 49 64 20 13 82 54 34 107 52 68 83 51 78 
65 63 41 37 36 38 53 28 39 70 13 12 60 26 46 10 66 44 18 69 83 29 27 40 72 41 52 48 77 59 24 39 61 40 69 47 38 64 55 23 63 42 75 75 50 20 49 65 74 51 54 49 29 71 57 61 52 27 56 37 10 72 13 27 37 16 54 50 56 29 8 38 37 36 37 47 51 31 50 83 69 0 24 71 54 11 29 63 36 51 56 20 32 60 53 49 2 20 26 66 
68 58 24 15 13 24 33 6 29 53 27 28 64 8 26 29 61 44 37 56 64 8 37 21 73 21 37 65 80 54 26 63 38 17 64 26 40 43 32 19 58 63 72 55 59 25 51 70 75 28 30 62 19 70 34 54 60 50 33 48 16 51 34 23 43 17 42 66 32 52 25 61 59 13 57 33 36 7 40 68 74 24 0 75 45 28 52 51 18 60 63 14 22 53 34 36 22 40 23 45 
8 29 100 74 79 99 69 81 51 65 57 82 11 83 100 80 29 32 87 54 77 83 44 95 11 68 112 42 8 32 93 80 90 86 30 72 35 76 100 90 30 58 24 79 23 53 25 6 11 90 86 31 93 17 88 37 19 82 84 35 77 84 62 52 34 84 50 36 84 75 63 71 60 86 52 54 57 75 45 65 3 71 75 0 41 81 81 49 65 22 15 84 55 34 108 53 70 86 53 78 
33 14 67 38 44 68 29 50 17 27 43 64 30 53 65 64 16 17 72 19 41 51 36 61 33 31 79 59 41 10 70 82 50 51 19 33 22 36 63 64 13 68 28 40 39 34 21 36 35 51 47 49 64 28 48 8 35 76 44 39 54 44 52 26 30 60 9 55 45 73 48 76 66 52 60 14 16 42 6 34 40 54 45 41 0 64 77 12 29 40 36 58 24 9 73 13 52 74 28 38 
75 74 39 43 40 35 60 30 49 78 24 1 71 27 45 2 77 55 9 78 91 31 37 40 82 47 47 56 87 69 16 39 65 42 80 53 48 70 55 19 73 47 86 82 60 31 60 76 84 54 58 58 25 81 61 71 63 24 60 47 12 78 21 37 47 13 64 59 60 29 18 40 42 38 43 56 60 35 59 92 79 11 28 81 64 0 26 72 43 61 66 18 41 70 50 58 12 13 36 73 
78 83 65 66 65 61 81 55 65 97 34 26 74 53 71 24 86 63 21 94 110 56 42 66 86 69 72 44 89 79 40 13 89 68 89 76 56 92 81 45 83 30 93 103 58 44 66 77 88 79 82 52 51 87 86 83 62 2 84 46 37 100 24 53 52 39 80 50 84 7 31 18 26 63 31 73 78 59 74 109 79 29 52 81 77 26 0 87 64 59 66 44 58 81 76 75 31 16 51 94 
42 20 69 40 46 71 26 55 24 17 53 73 40 58 66 73 20 29 81 7 29 55 48 63 40 32 81 71 48 18 76 93 46 52 21 32 34 29 62 70 19 80 31 30 50 44 33 45 41 50 45 60 69 34 45 12 47 86 41 51 62 35 63 35 42 67 9 67 42 84 57 87 78 54 72 17 15 46 14 22 49 63 51 49 12 72 87 0 33 51 47 64 32 15 74 14 61 83 37 30 
57 43 37 9 15 39 16 22 14 35 32 44 53 25 36 45 45 33 53 38 47 22 36 32 60 5 50 65 68 38 44 74 30 22 48 12 32 28 35 37 42 68 57 39 53 25 40 59 62 26 24 59 37 56 26 37 52 63 24 46 32 36 42 17 38 35 25 64 24 63 34 70 65 22 60 16 18 13 24 50 64 36 18 65 29 43 64 33 0 55 55 32 11 38 44 18 34 56 18 30 
20 36 85 63 67 83 64 67 43 67 38 62 17 68 86 60 38 24 65 58 80 68 24 81 29 59 97 22 30 35 74 58 83 74 40 65 23 73 89 72 36 37 39 80 1 36 19 19 30 80 78 10 76 31 80 40 5 59 77 14 58 82 41 39 17 65 48 17 77 53 43 49 38 72 30 48 53 62 42 72 20 51 60 22 40 61 59 51 55 0 8 67 44 37 94 49 50 64 38 76 
12 30 87 64 68 86 62 69 42 63 43 67 10 71 88 65 32 22 71 53 76 70 29 83 21 59 100 29 23 30 79 65 83 76 33 64 23 71 90 76 31 44 32 76 8 39 16 11 22 81 78 18 79 24 80 36 4 66 77 20 63 80 47 40 20 70 45 24 77 60 48 57 45 74 38 47 51 64 39 67 13 56 63 15 36 66 66 47 55 8 0 70 45 32 96 47 55 70 40 73 
77 70 22 28 24 18 47 13 42 67 29 18 73 10 28 20 73 54 26 70 78 14 42 22 83 35 32 67 89 66 12 56 48 25 76 40 49 56 37 6 70 62 84 68 65 31 60 78 85 37 41 66 9 81 45 66 67 42 44 53 9 63 32 33 51 5 56 69 44 46 25 57 57 20 56 47 50 20 53 82 82 20 14 84 58 18 44 64 32 67 70 0 34 66 33 50 19 30 33 58 
48 37 45 19 24 45 24 27 8 39 24 41 44 29 44 41 39 23 49 38 52 28 26 40 52 16 57 55 59 32 46 66 41 31 42 22 21 36 45 39 36 58 51 46 43 16 31 50 54 36 35 49 40 49 37 33 42 57 34 35 30 45 34 7 27 36 23 53 34 56 27 62 55 30 50 15 19 20 19 52 54 32 22 55 24 41 58 32 11 44 45 34 0 32 53 18 30 52 8 38 
27 6 75 47 52 76 37 59 25 32 48 71 25 61 73 70 8 18 78 21 44 59 39 69 26 39 88 58 34 3 77 85 58 59 10 42 25 42 71 71 5 69 20 45 37 39 19 30 27 60 55 47 72 20 56 3 33 80 53 39 61 50 57 33 31 67 16 53 53 77 53 78 68 60 61 23 24 51 14 34 34 60 53 34 9 70 81 15 38 37 32 66 32 0 82 21 58 79 34 44 
100 87 11 35 29 16 49 28 58 69 60 50 97 28 8 52 89 76 56 77 75 27 71 14 104 42 10 98 112 82 37 89 36 22 92 42 73 53 15 32 86 95 101 63 93 59 83 102 106 25 32 96 25 100 34 81 93 74 36 82 42 55 65 56 77 38 67 99 36 79 57 90 90 22 89 59 59 33 67 84 107 53 34 108 73 50 76 74 44 94 96 33 53 82 0 61 51 61 56 54 
45 27 56 27 32 57 16 40 10 22 41 59 42 43 53 59 29 25 67 20 36 41 38 50 46 19 68 65 54 23 62 83 38 39 31 20 28 25 50 55 26 72 41 32 48 32 31 48 47 39 34 56 55 41 35 20 45 74 32 44 48 33 51 23 36 52 6 62 32 73 45 77 69 40 64 3 4 32 8 34 52 49 36 53 13 58 75 14 18 49 47 50 18 21 61 0 47 70 24 27 
64 62 40 35 34 37 50 26 37 68 13 13 60 24 45 12 64 43 20 67 81 27 26 39 71 39 51 48 76 57 24 41 59 38 68 45 36 61 53 22 61 43 74 73 49 19 48 64 72 49 52 49 28 69 55 59 52 29 54 37 9 70 14 26 36 16 52 51 53 31 7 40 39 34 38 45 49 28 48 81 68 2 22 70 52 12 31 61 34 50 55 19 30 58 51 47 0 22 24 64 
81 82 50 56 53 46 72 42 59 90 31 13 77 40 57 11 85 62 5 89 103 43 43 52 89 60 57 54 93 78 25 29 78 55 88 66 56 83 68 30 82 43 94 94 63 40 67 81 90 67 71 59 36 88 74 81 67 13 73 50 25 91 24 48 53 25 75 58 73 20 26 32 38 50 41 67 71 48 70 104 83 20 40 86 74 13 16 83 56 64 70 30 52 79 61 70 22 0 46 85 
45 38 47 25 28 46 32 29 14 46 17 37 41 31 48 36 41 21 44 43 59 30 18 43 51 23 60 48 57 34 43 59 48 36 44 30 17 43 51 38 38 51 52 53 37 8 28 47 52 43 42 42 41 48 44 35 37 50 42 28 27 52 27 1 22 33 29 47 42 49 21 54 47 34 43 22 27 24 23 58 51 26 23 53 28 36 51 37 18 38 40 33 8 34 56 24 24 46 0 46 
70 49 53 30 34 57 14 46 34 17 62 73 68 49 47 74 50 52 82 29 21 45 63 47 70 25 63 91 78 46 70 104 19 37 52 19 54 3 39 62 48 96 61 10 75 54 58 73 71 28 22 83 59 64 20 42 72 93 17 71 61 7 72 45 62 63 29 89 18 93 64 100 93 41 88 28 23 38 34 32 78 66 45 78 38 73 94 30 30 76 73 58 38 44 54 27 64 85 46 0 
0 0 0 183 8 20 0 0 0 0 1563 25 89 523 0 14 19 32 260 16 24 272 0 295 0 0 23 132 0 16 21 0 1537 53 700 1664 0 33 0 37 245 109 3000 0 0 31 281 844 8 28 82 0 9 35 0 378 45 29 0 146 561 21 8 0 314 161 0 84 32 105 58 14 0 189 313 0 0 0 0 0 500 0 17 442 70 303 533 556 11 567 56 57 23 140 199 0 521 0 174 53 
0 0 685 41 79 0 107 169 8 0 36 91 255 1395 32 37 0 13 10 2641 0 0 269 519 55 890 0 228 108 42 0 62 37 15 0 0 3000 631 154 19 0 153 0 44 995 34 37 1489 0 0 10 10 270 0 0 0 621 189 321 0 0 0 0 110 73 0 1460 12 0 0 9 482 11 102 784 22 144 183 19 0 0 60 0 36 3000 193 15 0 774 282 1999 0 0 323 0 148 65 570 210 93 
0 685 0 96 164 3000 52 3000 266 640 1030 617 842 372 59 154 449 464 53 7 654 0 15 18 18 259 81 940 83 340 426 171 164 685 873 0 388 349 2039 3000 63 286 773 2231 97 18 2265 190 0 0 0 740 26 1348 0 173 434 106 16 0 0 16 146 170 0 0 16 403 119 0 2655 110 114 70 149 208 656 518 102 271 65 3000 0 35 258 1644 150 2772 268 136 413 165 0 527 316 162 61 129 46 89 
183 41 96 0 18 20 23 47 253 51 411 16 219 3000 251 32 131 165 100 118 32 1132 8 10 704 502 34 14 11 10 150 8 284 1779 668 3000 67 51 59 198 102 319 410 197 2197 60 24 737 10 13 0 17 129 83 818 26 803 102 19 103 109 15 48 14 1384 161 29 22 250 260 379 15 17 222 2229 323 15 11 118 1095 350 3000 379 387 48 565 733 112 13 10 55 278 23 16 39 258 11 19 19 773 
8 79 164 18 0 153 380 0 12 0 12 18 77 8 140 230 8 946 48 45 3000 1838 557 169 72 3000 3000 9 40 28 0 33 1251 869 169 3000 992 100 286 14 925 8 76 223 45 365 29 800 73 9 926 32 34 81 0 12 332 68 115 538 65 45 293 12 233 485 20 3000 130 32 117 15 198 31 109 87 19 100 3000 290 280 24 113 11 7 73 49 32 22 17 86 55 17 16 127 489 170 99 318 177 
20 0 3000 20 153 0 0 0 37 92 303 257 40 541 10 185 1812 17 21 402 104 161 55 32 3000 11 504 46 12 49 9 1310 66 86 10 168 2060 96 81 64 65 336 173 104 468 1191 24 367 172 54 302 191 9 175 2497 1318 23 636 0 172 1574 867 7 1008 468 909 31 144 2116 9 40 84 0 627 24 0 159 80 147 9 11 156 737 349 396 15 954 16 65 230 16 148 104 10 875 97 101 50 173 100 
0 107 52 23 380 0 0 2949 14 0 0 8 312 15 67 33 0 426 159 47 0 0 538 15 403 149 0 30 303 581 0 49 695 284 0 0 53 1390 111 71 0 933 1652 109 2748 42 54 0 0 0 0 3000 33 0 0 1048 100 77 158 0 0 0 294 23 0 0 830 300 497 0 62 8 3000 230 32 612 27 13 2450 191 0 10 0 0 14 49 456 0 692 115 8 0 0 185 0 61 37 26 100 13 
0 169 3000 47 0 0 2949 0 31 109 0 882 19 3000 8 55 0 391 46 57 0 0 65 0 65 13 0 7 11 114 0 1019 60 10 0 0 2715 0 7 235 0 80 17 11 35 2492 84 0 0 0 0 135 28 0 0 0 135 1834 25 0 0 0 3000 754 0 0 567 100 7 0 179 70 696 23 157 23 815 49 404 811 0 110 0 0 616 18 355 0 44 0 20 0 0 25 0 87 44 0 0 430 
0 8 266 253 12 37 14 31 0 296 0 324 12 14 951 10 19 120 28 21 746 0 50 169 17 59 76 242 782 65 0 205 834 3000 0 0 10 1338 390 82 3000 95 2575 273 34 394 69 881 0 0 0 445 122 2099 0 36 1745 764 7 0 0 0 555 123 0 0 7 313 562 0 32 11 146 23 106 18 46 8 38 3000 0 25 0 0 421 27 134 0 19 33 22 0 0 11 237 30 261 9 11 48 
0 0 640 51 0 92 0 109 296 0 0 0 0 242 60 57 10 624 29 23 12 0 0 0 26 0 56 0 68 93 796 0 0 2772 16 349 0 0 60 1363 318 230 123 594 47 1110 1075 0 349 425 0 665 98 1542 297 159 0 0 0 0 0 0 121 225 0 0 182 17 15 144 77 74 0 156 276 0 0 0 0 1335 1357 199 0 0 0 289 62 74 0 0 64 9 577 350 25 0 71 0 117 9 
1563 36 1030 411 12 303 0 0 0 0 0 39 735 376 63 0 186 166 189 321 0 207 450 8 0 333 0 3000 0 330 0 142 168 32 827 26 25 62 2449 56 0 342 0 2476 0 91 3000 386 0 53 59 0 31 798 0 0 176 169 0 571 33 373 0 0 27 11 623 15 0 33 0 0 329 283 83 16 885 179 793 0 0 188 13 838 99 129 218 35 29 60 349 42 262 317 126 3000 80 28 55 484 
25 91 617 16 18 257 8 882 324 0 39 0 20 125 116 437 10 42 314 348 13 564 8 140 11 20 204 786 128 559 0 45 16 55 8 8 962 19 61 963 0 277 963 350 109 1512 851 1340 0 133 23 34 251 671 0 3000 8 14 261 117 681 568 0 0 428 788 386 15 363 115 1049 430 39 3000 25 219 280 3000 61 0 0 393 467 33 10 189 1785 638 13 75 161 28 24 22 13 361 432 30 599 110 
89 255 842 219 77 40 312 19 12 0 735 20 0 84 63 46 116 29 420 10 549 616 8 41 14 12 8 11 77 1247 0 46 2836 65 101 19 19 14 81 17 0 1680 30 293 22 106 82 67 0 34 112 23 260 202 0 354 2896 207 560 0 25 1269 137 12 672 8 52 36 650 0 609 154 190 8 16 22 1495 1723 17 0 0 295 316 31 2338 3000 487 377 3000 130 228 72 0 9 135 18 76 283 62 22 
523 1395 372 3000 8 541 15 3000 14 242 376 125 84 0 2044 17 682 572 11 1475 568 18 34 138 110 328 742 239 543 3000 241 22 11 113 8 34 81 18 25 37 448 813 68 447 250 85 53 29 62 119 336 197 1466 192 0 156 729 1558 554 9 875 10 61 80 53 3000 175 31 1569 131 805 14 29 16 35 43 64 274 736 672 354 745 93 1932 44 1227 3000 1405 276 352 140 10 95 45 3000 1592 19 129 50 77 
0 32 59 251 140 10 67 8 951 60 63 116 63 2044 0 563 68 78 345 65 51 0 3000 63 32 29 2834 342 26 336 0 360 1391 17 1081 0 7 100 55 83 32 26 893 631 227 12 1312 95 0 0 3000 125 113 60 0 261 19 34 127 0 0 341 1606 22 341 0 586 87 8 0 404 28 376 23 22 636 20 65 411 161 0 54 0 11 30 16 138 0 156 113 1989 388 0 10 69 281 200 457 3000 323 
14 37 154 32 230 185 33 55 10 57 0 437 46 17 563 0 49 27 35 108 122 120 0 77 13 13 83 0 36 42 10 0 37 25 10 764 0 20 14 10 172 558 171 193 361 157 89 283 10 397 0 33 16 354 22 2531 299 170 207 0 789 0 162 29 0 3000 13 120 24 16 414 1821 488 101 664 34 13 46 234 503 67 488 0 0 1734 26 35 78 53 638 466 411 150 36 992 16 27 0 13 16 
19 0 449 131 8 1812 0 0 19 10 186 10 116 682 68 49 0 17 11 269 3000 344 3000 42 2896 62 107 145 46 10 1685 115 444 365 10 1957 42 179 26 536 107 988 551 749 3000 774 314 45 126 19 230 54 33 16 12 11 23 2537 0 273 624 8 74 566 9 15 1348 3000 56 123 231 21 0 3000 261 0 21 183 235 8 243 173 78 757 41 105 101 87 9 43 8 185 675 3000 131 454 1222 12 669 9 
32 13 464 165 946 17 426 391 120 624 166 42 29 572 78 27 17 0 97 103 365 74 51 9 712 3000 488 465 796 127 56 13 1005 39 237 19 430 150 490 69 16 114 298 83 50 46 62 58 22 24 0 152 202 282 218 7 252 12 33 0 14 86 771 9 0 302 15 113 36 235 23 189 68 10 28 10 26 464 47 20 908 298 0 21 367 222 136 2057 166 236 40 200 218 47 312 149 71 33 752 150 
260 10 53 100 48 21 159 46 28 29 189 314 420 11 345 35 11 97 0 42 1427 543 607 9 64 14 3000 197 742 449 13 23 287 242 526 56 76 47 19 406 225 1260 15 9 327 136 126 66 12 208 8 98 349 32 921 42 173 14 202 70 175 340 18 1057 65 78 174 66 2020 677 266 260 177 76 507 711 56 74 652 274 616 11 186 11 36 18 933 95 28 44 625 9 8 143 2312 47 3000 287 840 3000 
16 2641 7 118 45 402 47 57 21 23 321 348 10 1475 65 108 269 103 42 0 13 670 124 888 47 22 87 28 40 23 39 242 261 37 44 12 3000 1134 30 1507 241 39 94 25 91 50 114 36 490 496 10 807 43 43 1141 39 1106 1360 174 504 261 9 172 292 1239 92 21 407 1152 7 141 18 1321 392 685 21 307 131 53 1298 1600 634 17 141 224 14 38 1266 56 491 357 12 9 141 1888 291 183 10 200 131 
24 0 654 32 3000 104 0 0 746 12 0 13 549 568 51 122 3000 365 1427 13 0 28 0 3000 331 0 62 0 84 214 89 0 31 8 1943 16 0 32 59 98 89 884 66 18 60 3000 346 86 703 73 0 104 28 28 31 40 1627 46 0 462 65 586 311 10 0 889 153 25 92 2150 13 8 0 43 296 0 595 0 0 93 31 421 0 172 20 217 43 11 1158 119 1157 731 85 3000 630 145 43 0 239 13 
272 0 0 1132 1838 161 0 0 0 0 207 564 616 18 0 120 344 74 543 670 28 0 38 143 0 0 508 151 0 35 0 12 590 60 43 33 325 26 489 88 27 68 43 59 0 16 1807 957 139 31 795 0 981 101 0 335 3000 274 0 344 462 61 13 0 1358 89 53 21 29 28 29 0 0 797 51 0 25 47 44 0 491 0 175 301 82 28 40 382 19 130 108 475 14 200 290 108 292 543 64 63 
0 269 15 8 557 55 538 65 50 0 450 8 8 34 3000 0 3000 51 607 124 0 38 0 47 454 390 0 451 22 45 0 10 168 34 34 0 344 29 54 15 0 38 0 1199 250 43 46 11 0 0 2235 89 7 94 0 0 98 284 74 0 0 112 0 865 490 11 61 33 0 0 652 570 500 32 20 59 157 70 3000 0 0 1505 29 25 661 58 32 0 178 267 245 8 0 266 1094 414 107 249 170 36 
295 519 18 10 169 32 15 0 169 0 8 140 41 138 63 77 42 9 9 888 3000 143 47 0 401 29 31 2392 153 73 0 2959 64 53 81 15 812 7 71 11 691 348 303 38 191 36 12 34 50 489 230 53 67 604 0 24 32 36 92 116 20 89 564 320 26 178 631 20 21 16 2366 17 1510 74 76 135 98 48 1983 0 160 720 1114 41 155 478 201 482 85 15 22 883 93 26 134 473 218 57 15 75 
0 55 18 704 72 3000 403 65 17 26 0 11 14 110 32 13 2896 712 64 47 331 0 454 401 0 47 16 186 25 3000 225 125 276 266 0 0 180 119 106 27 151 119 316 22 60 59 48 9 0 0 0 1083 24 128 0 64 46 18 1586 0 0 0 13 72 0 0 128 12 1269 0 3000 305 183 41 48 24 1008 205 45 373 0 109 0 0 172 8 405 0 168 57 77 0 0 850 28 1312 10 397 25 636 
0 890 259 502 3000 11 149 13 59 0 333 20 12 328 29 13 62 3000 14 22 0 0 390 29 47 0 23 1004 107 358 0 10 611 10 0 0 209 10 3000 224 0 99 31 410 9 106 153 203 0 0 0 111 46 0 0 171 29 51 52 0 0 28 363 9 0 0 150 633 3000 0 256 302 23 433 143 19 251 405 2777 155 0 16 0 80 317 211 51 0 724 24 8 0 0 56 3000 3000 74 802 336 1029 
23 0 81 34 3000 504 0 0 76 56 0 204 8 742 2834 83 107 488 3000 87 62 508 0 31 16 23 0 0 60 34 8 0 36 44 137 76 0 245 1428 492 46 194 275 8 87 3000 803 12 96 39 0 36 27 381 44 436 73 84 0 16 1920 560 431 60 0 34 12 1014 79 1163 149 154 0 265 1210 0 154 0 8 21 196 110 0 43 12 88 9 64 822 10 472 1652 34 8 33 8 76 0 34 83 
132 228 940 14 9 46 30 7 242 0 3000 786 11 239 342 0 145 465 197 28 0 151 451 2392 186 1004 0 0 74 67 0 8 56 77 3000 172 418 224 64 266 0 100 130 184 516 54 888 130 0 365 18 158 36 260 0 3000 241 180 479 0 43 63 0 0 75 60 78 45 0 0 106 13 37 23 51 50 32 685 1409 0 0 65 54 1488 155 51 22 0 38 256 21 294 0 329 712 9 222 37 83 116 
0 108 83 11 40 12 303 11 782 68 0 128 77 543 26 36 46 796 742 40 84 0 22 153 25 107 60 74 0 149 11 85 233 3000 10 0 287 122 1526 280 188 116 29 1290 1735 27 778 13 0 0 0 24 100 40 12 23 21 14 2015 0 0 0 122 1368 0 0 1387 663 46 0 50 19 44 20 2598 206 160 273 781 295 48 65 0 0 169 257 174 78 145 21 117 524 0 33 19 107 67 60 15 145 
16 42 340 10 28 49 581 114 65 93 330 559 1247 3000 336 42 10 127 449 23 214 35 45 73 3000 358 34 67 149 0 0 763 15 161 405 474 26 61 11 306 11 530 12 45 334 368 303 44 140 40 13 3000 180 808 0 184 55 17 2979 845 32 10 2377 403 9 1373 57 18 128 14 108 52 142 274 357 624 11 3000 144 971 271 31 10 3000 472 468 17 13 41 11 115 145 55 520 183 370 135 40 66 108 
21 0 426 150 0 9 0 0 0 796 0 0 0 241 0 10 1685 56 13 39 89 0 0 0 225 0 8 0 11 0 0 0 0 0 236 40 0 0 0 157 196 207 608 100 16 0 155 0 571 34 0 798 188 54 19 147 0 0 0 0 360 0 142 519 0 0 12 1513 184 1020 176 14 0 9 979 0 0 0 0 60 995 61 0 0 0 110 17 240 0 0 49 1204 106 19 714 0 26 0 557 245 
0 62 171 8 33 1310 49 1019 205 0 142 45 46 22 360 0 115 13 23 242 0 12 10 2959 125 10 0 8 85 763 0 0 51 1370 516 0 206 87 73 9 0 28 0 210 136 35 656 8 0 0 269 92 223 1399 0 0 9 3000 420 0 0 76 0 45 320 240 55 79 12 0 13 399 14 20 46 29 230 105 132 0 0 98 1343 268 38 47 243 0 7 12 914 725 0 24 46 30 85 29 195 87 
1537 37 164 284 1251 66 695 60 834 0 168 16 2836 11 1391 37 444 1005 287 261 31 590 168 64 276 611 36 56 233 15 0 51 0 660 419 128 16 100 118 547 0 148 13 26 7 1336 22 24 0 1176 35 93 3000 84 0 137 12 77 464 209 12 142 38 43 96 338 28 905 43 18 1725 35 24 18 224 33 35 39 284 0 132 3000 1680 197 124 32 130 47 36 46 10 121 399 1193 383 45 74 12 261 14 
53 15 685 1779 869 86 284 10 3000 2772 32 55 65 113 17 25 365 39 242 37 8 60 34 53 266 10 44 77 3000 161 0 1370 660 0 23 106 168 421 480 35 224 33 322 747 193 2235 69 16 829 23 46 423 109 896 0 898 74 361 119 0 62 117 65 56 72 378 50 1227 36 120 17 14 19 13 19 689 339 108 15 1901 153 3000 17 818 19 95 324 51 112 8 44 3000 3000 164 45 114 14 337 35 20 
700 0 873 668 169 10 0 0 0 16 827 8 101 8 1081 10 10 237 526 44 1943 43 34 81 0 0 137 3000 10 405 236 516 419 23 0 43 3000 90 126 17 32 22 10 66 242 28 210 357 40 538 25 0 802 368 1019 56 140 124 0 131 469 375 1104 0 785 3000 29 610 929 21 3000 86 0 19 692 0 131 0 127 192 37 1900 1385 398 7 25 7 19 65 493 399 20 49 71 595 12 89 1447 106 389 
1664 0 0 3000 3000 168 0 0 0 349 26 8 19 34 0 764 1957 19 56 12 16 33 0 15 0 0 76 172 0 474 40 0 128 106 43 0 0 101 83 15 3000 252 547 3000 0 458 17 81 353 18 201 0 940 15 201 1721 98 16 0 38 152 547 349 0 1015 267 15 19 687 13 35 282 0 42 319 0 1201 0 0 61 316 0 136 159 3000 98 130 75 19 28 22 16 11 10 28 0 15 0 221 22 
0 3000 388 67 992 2060 53 2715 10 0 25 962 19 81 7 0 42 430 76 3000 0 325 344 812 180 209 0 418 287 26 0 206 16 168 3000 0 0 97 1091 213 0 523 0 19 15 431 1019 168 0 0 80 46 394 0 0 0 188 279 784 0 0 1369 0 14 118 43 2277 177 1307 0 183 686 309 562 41 3000 94 204 91 0 0 270 396 803 23 108 10 0 11 79 99 267 0 485 616 151 297 147 74 175 
33 631 349 51 100 96 1390 0 1338 0 62 19 14 18 100 20 179 150 47 1134 32 26 29 7 119 10 245 224 122 61 0 87 100 421 90 101 97 0 63 228 1118 61 9 823 219 7 1188 115 693 107 42 10 716 1182 0 40 25 2235 63 23 114 194 7 53 245 557 383 55 125 180 211 146 1255 146 200 1563 53 205 756 0 244 122 19 86 221 55 567 1228 101 425 31 16 102 2558 8 10 768 1385 402 13 
0 154 2039 59 286 81 111 7 390 60 2449 61 81 25 55 14 26 490 19 30 59 489 54 71 106 3000 1428 64 1526 11 0 73 118 480 126 83 1091 63 0 1277 94 77 29 21 26 40 20 155 0 0 54 596 83 37 0 2050 170 147 247 0 0 18 173 3000 42 656 194 84 55 0 17 817 253 52 88 207 8 31 351 178 350 9 91 33 479 22 37 592 177 305 1173 10 0 285 37 1937 111 7 9 42 
37 19 3000 198 14 64 71 235 82 1363 56 963 17 37 83 10 536 69 406 1507 98 88 15 11 27 224 492 266 280 306 157 9 547 35 17 15 213 228 1277 0 342 45 40 19 26 363 2281 26 172 580 630 56 781 3000 348 392 37 562 23 36 126 47 14 2402 11 80 87 821 28 40 189 48 15 1229 3000 10 13 24 272 160 8 13 3000 595 406 13 28 125 2094 59 114 138 17 57 197 230 220 674 263 384 
245 0 63 102 925 65 0 0 3000 318 0 0 0 448 32 172 107 16 225 241 89 27 0 691 151 0 46 0 188 11 196 0 0 224 32 3000 0 1118 94 342 0 19 431 72 15 1657 123 8 84 449 0 354 48 149 1045 1337 18 3000 0 529 44 0 55 694 0 318 212 539 181 45 117 33 0 168 118 0 23 0 0 133 8 42 0 0 0 115 9 391 0 0 258 3000 2023 9 10 0 20 0 8 30 
109 153 286 319 8 336 933 80 95 230 342 277 1680 813 26 558 988 114 1260 39 884 68 38 348 119 99 194 100 116 530 207 28 148 33 22 252 523 61 77 45 19 0 626 17 357 19 18 1017 528 67 691 14 10 8 23 38 494 24 646 1207 687 21 425 810 1653 29 235 723 81 25 886 79 678 101 631 1238 462 7 2540 14 344 33 114 259 29 536 23 776 131 214 26 1621 152 116 519 397 293 70 15 21 
3000 0 773 410 76 173 1652 17 2575 123 0 963 30 68 893 171 551 298 15 94 66 43 0 303 316 31 275 130 29 12 608 0 13 322 10 547 0 9 29 40 431 626 0 20 389 112 380 108 220 13 0 257 17 145 8 663 68 520 196 10 2099 638 9 7 0 152 26 23 42 15 1147 20 0 50 12 0 231 0 16 47 242 50 0 145 1867 10 1579 62 33 707 23 716 523 583 3000 41 29 0 93 11 
0 44 2231 197 223 104 109 11 273 594 2476 350 293 447 631 193 749 83 9 25 18 59 1199 38 22 410 8 184 1290 45 100 210 26 747 66 3000 19 823 21 19 72 17 20 0 283 1069 69 8 0 0 7 85 67 585 0 3000 515 1278 281 0 0 61 199 12 113 300 514 51 3000 0 9 123 110 3000 156 33 65 330 25 162 63 159 1071 142 188 333 43 392 3000 13 268 29 0 27 44 2405 495 3000 16 37 
0 995 97 2197 45 468 2748 35 34 47 0 109 22 250 227 361 3000 50 327 91 60 0 250 191 60 9 87 516 1735 334 16 136 7 193 242 0 15 219 26 26 15 357 389 283 0 3000 23 54 0 0 0 142 670 655 18 162 203 535 23 0 0 0 31 543 0 0 110 37 25 0 291 35 62 57 21 48 33 121 53 175 812 16 0 0 676 565 200 12 871 15 76 10 0 192 32 16 14 0 823 21 
31 34 18 60 365 1191 42 2492 394 1110 91 1512 106 85 12 157 774 46 136 50 3000 16 43 36 59 106 3000 54 27 368 0 35 1336 2235 28 458 431 7 40 363 1657 19 112 1069 3000 0 324 3000 1021 13 55 503 191 1483 0 573 913 13 28 396 722 7 15 500 59 11 164 114 8 3000 491 1642 157 22 163 86 169 263 7 35 231 214 621 142 10 3000 83 1091 54 18 3000 62 198 20 518 1055 3000 498 1142 188 
281 37 2265 24 29 24 54 84 69 1075 3000 851 82 53 1312 89 314 62 126 114 346 1807 46 12 48 153 803 888 778 303 155 656 22 69 210 17 1019 1188 20 2281 123 18 380 69 23 324 0 1573 159 105 24 860 741 9 23 691 13 893 41 341 351 198 19 12 708 304 38 448 36 66 24 303 53 387 497 103 479 80 14 10 94 31 47 613 456 261 100 18 115 288 13 182 75 3000 495 1389 15 765 12 59 
844 1489 190 737 800 367 0 0 881 0 386 1340 67 29 95 283 45 58 66 36 86 957 11 34 9 203 12 130 13 44 0 8 24 16 357 81 168 115 155 26 8 1017 108 8 54 3000 1573 0 96 57 55 1311 15 1659 0 36 171 169 47 930 17 29 896 0 39 965 96 1099 155 77 99 44 147 58 3000 610 698 8 21 0 338 334 111 730 88 121 1281 64 426 56 375 791 180 24 52 77 12 3000 76 64 
8 0 0 10 73 172 0 0 0 349 0 0 0 62 0 10 126 22 12 490 703 139 0 50 0 0 96 0 0 140 571 0 0 829 40 353 0 693 0 172 84 528 220 0 0 1021 159 96 0 7 0 0 287 2234 623 1008 172 860 0 67 12 2539 71 0 69 45 0 14 3000 80 2055 291 0 29 76 0 0 0 0 22 34 0 474 12 215 200 26 28 0 8 269 301 433 346 87 0 174 0 250 8 
28 0 0 13 9 54 0 0 0 425 53 133 34 119 0 397 19 24 208 496 73 31 0 489 0 0 39 365 0 40 34 0 1176 23 538 18 0 107 0 580 449 67 13 0 0 13 105 57 7 0 25 0 543 10 0 25 171 3000 0 1629 810 3000 7 0 32 631 0 82 33 1154 200 647 0 682 1381 0 0 0 0 0 980 0 1112 92 225 430 31 82 14 45 1020 251 45 207 42 0 42 0 361 590 
82 10 0 0 926 302 0 0 0 0 59 23 112 336 3000 0 230 0 8 10 0 795 2235 230 0 0 0 18 0 13 0 269 35 46 25 201 80 42 54 630 0 691 0 7 0 55 24 55 0 25 0 0 168 153 0 0 145 37 0 28 458 12 0 0 64 250 0 61 0 17 0 0 0 0 3000 0 255 1876 1367 0 0 0 14 11 185 21 0 0 105 764 17 109 0 54 947 1057 58 228 14 0 
0 10 740 17 32 191 3000 135 445 665 0 34 23 197 125 33 54 152 98 807 104 0 89 53 1083 111 36 158 24 3000 798 92 93 423 0 0 46 10 596 56 354 14 257 85 142 503 860 1311 0 0 0 0 42 51 358 68 24 3000 490 0 0 0 187 35 0 0 179 354 906 0 19 78 94 63 100 277 824 58 105 38 110 464 0 0 909 40 12 82 19 102 128 0 0 124 84 38 12 143 908 11 
9 270 26 129 34 9 33 28 122 98 31 251 260 1466 113 16 33 202 349 43 28 981 7 67 24 46 27 36 100 180 188 223 3000 109 802 940 394 716 83 781 48 10 17 67 670 191 741 15 287 543 168 42 0 192 880 17 8 19 12 0 14 27 76 2701 346 32 27 829 766 384 2664 827 3000 33 23 290 13 42 20 19 261 29 146 13 19 171 111 962 365 22 22 10 7 62 69 124 15 42 36 1342 
35 0 1348 83 81 175 0 0 2099 1542 798 671 202 192 60 354 16 282 32 43 28 101 94 604 128 0 381 260 40 808 54 1399 84 896 368 15 0 1182 37 3000 149 8 145 585 655 1483 9 1659 2234 10 153 51 192 0 71 2684 87 101 0 28 37 1237 245 105 26 14 12 21 43 205 137 86 0 1748 939 0 67 0 993 2699 332 1107 537 12 20 40 1244 120 2555 202 73 123 1329 155 158 71 351 0 1532 764 
0 0 0 818 0 2497 0 0 0 297 0 0 0 0 0 22 12 218 921 1141 31 0 0 0 0 0 44 0 12 0 19 0 0 0 1019 201 0 0 0 348 1045 23 8 0 18 0 23 0 623 0 0 358 880 71 0 2781 0 0 0 0 0 0 15 18 0 0 405 1134 887 217 468 260 0 8 12 0 0 0 0 668 411 36 0 0 0 0 150 41 0 0 9 0 126 1270 3000 0 33 0 358 12 
378 0 173 26 12 1318 1048 0 36 159 0 3000 354 156 261 2531 11 7 42 39 40 335 0 24 64 171 436 3000 23 184 147 0 137 898 56 1721 0 40 2050 392 1337 38 663 3000 162 573 691 36 1008 25 0 68 17 2684 2781 0 21 433 13 1028 17 25 575 21 0 120 51 52 7 1169 11 125 0 49 53 0 349 0 36 334 154 173 0 34 265 823 3000 21 143 473 12 3000 1186 13 95 310 169 0 11 361 
45 621 434 803 332 23 100 135 1745 0 176 8 2896 729 19 299 23 252 173 1106 1627 3000 98 32 46 29 73 241 21 55 0 9 12 74 140 98 188 25 170 37 18 494 68 515 203 913 13 171 172 171 145 24 8 87 0 21 0 92 22 354 36 43 50 147 8 169 273 40 803 72 54 27 19 297 110 11 429 72 244 0 11 459 254 40 670 312 259 564 143 49 767 685 14 542 10 107 595 323 239 77 
29 189 106 102 68 636 77 1834 764 0 169 14 207 1558 34 170 2537 12 14 1360 46 274 284 36 18 51 84 180 14 17 0 3000 77 361 124 16 279 2235 147 562 3000 24 520 1278 535 13 893 169 860 3000 37 3000 19 101 0 433 92 0 8 203 29 84 67 256 7 1539 1258 145 11 500 324 24 37 1032 2571 139 1032 881 542 187 61 1710 696 31 87 57 217 592 2997 30 43 21 15 76 24 20 327 1195 1843 102 
0 321 16 19 115 0 158 25 7 0 0 261 560 554 127 207 0 33 202 174 0 0 74 92 1586 52 0 479 2015 2979 0 420 464 119 0 0 784 63 247 23 0 646 196 281 23 28 41 47 0 0 0 490 12 0 0 13 22 8 0 0 0 0 1338 345 0 0 425 1129 219 0 147 3000 46 265 69 1218 202 187 372 82 0 27 0 0 11 79 46 0 65 3000 121 0 0 92 127 1469 287 81 48 891 
146 0 0 103 538 172 0 0 0 0 571 117 0 9 0 0 273 0 70 504 462 344 0 116 0 0 16 0 0 845 0 0 209 0 131 38 0 23 0 36 529 1207 10 0 0 396 341 930 67 1629 28 0 0 28 0 1028 354 203 0 0 29 52 8 0 635 373 0 188 293 38 0 0 0 80 11 0 0 0 0 0 116 0 877 95 15 713 8 58 0 44 394 263 85 351 103 0 264 0 58 382 
561 0 0 109 65 1574 0 0 0 0 33 681 25 875 0 789 624 14 175 261 65 462 0 20 0 0 1920 43 0 32 360 0 12 62 469 152 0 114 0 126 44 687 2099 0 0 722 351 17 12 810 458 0 14 37 0 17 36 29 0 29 0 12 124 0 23 20 0 116 3000 138 348 1552 0 11 15 0 0 0 0 0 132 0 934 2809 53 272 1791 8 18 62 33 314 484 9 25 0 33 0 61 164 
21 0 16 15 45 867 0 0 0 0 373 568 1269 10 341 0 8 86 340 9 586 61 112 89 0 28 560 63 0 10 0 76 142 117 375 547 1369 194 18 47 0 21 638 61 0 7 198 29 2539 3000 12 0 27 1237 0 25 43 84 0 52 12 0 0 0 20 240 45 30 247 450 116 0 0 41 228 0 2156 567 170 0 30 0 12 22 27 616 17 19 113 261 38 31 16 139 2150 99 291 219 71 36 
8 0 146 48 293 7 294 3000 555 121 0 0 137 61 1606 162 74 771 18 172 311 13 0 564 13 363 431 0 122 2377 142 0 38 65 1104 349 0 7 173 14 55 425 9 199 31 15 19 896 71 7 0 187 76 245 15 575 50 67 1338 8 124 0 0 57 0 3000 58 185 136 48 1947 48 0 1649 2234 0 103 0 0 196 267 9 0 0 0 11 752 14 23 124 150 60 62 143 88 76 27 0 85 1320 
0 110 170 14 12 1008 23 754 123 225 0 0 12 80 22 29 566 9 1057 292 10 0 865 320 72 9 60 0 1368 403 519 45 43 56 0 0 14 53 3000 2402 694 810 7 12 543 500 12 0 0 0 0 35 2701 105 18 21 147 256 345 0 0 0 57 0 0 0 740 103 21 0 8 277 736 39 2830 662 339 23 354 216 25 701 0 0 147 264 35 0 1135 0 87 0 0 591 655 159 110 0 28 397 
314 73 0 1384 233 468 0 0 0 0 27 428 672 53 341 0 9 0 65 1239 0 1358 490 26 0 0 0 75 0 9 0 320 96 72 785 1015 118 245 42 11 0 1653 0 113 0 59 708 39 69 32 64 0 346 26 0 0 8 7 0 635 23 20 0 0 0 20 0 767 0 9 0 0 0 21 59 0 1094 33 92 0 0 0 137 433 117 106 42 34 3000 3000 61 45 140 133 16 969 194 7 472 160 
161 0 0 161 485 909 0 0 0 0 11 788 8 3000 0 3000 15 302 78 92 889 89 11 178 0 0 34 60 0 1373 0 240 338 378 3000 267 43 557 656 80 318 29 152 300 0 11 304 965 45 631 250 0 32 14 0 120 169 1539 0 373 20 240 3000 0 20 0 14 134 13 45 167 24 0 16 117 0 509 10 32 0 61 0 516 440 993 19 46 1824 106 68 14 18 285 508 82 40 236 334 1159 999 
0 1460 16 29 20 31 830 567 7 182 623 386 52 175 586 13 1348 15 174 21 153 53 61 631 128 150 12 78 1387 57 12 55 28 50 29 15 2277 383 194 87 212 235 26 514 110 164 38 96 0 0 0 179 27 12 405 51 273 1258 425 0 0 45 58 740 0 14 0 501 18 0 43 115 13 250 13 172 338 12 739 286 40 396 0 24 77 337 9 3000 2886 101 14 203 0 334 21 12 208 141 8 719 
84 12 403 22 3000 144 300 100 313 17 15 15 36 31 87 120 3000 113 66 407 25 21 33 20 12 633 1014 45 663 18 1513 79 905 1227 610 19 177 55 84 821 539 723 23 51 37 114 448 1099 14 82 61 354 829 21 1134 52 40 145 1129 188 116 30 185 103 767 134 501 0 481 230 79 3000 396 609 351 15 659 1303 1679 254 18 293 10 26 3000 9 33 946 12 9 40 254 423 41 637 3000 511 20 15 377 
32 0 119 250 130 2116 497 7 562 15 0 363 650 1569 8 24 56 36 2020 1152 92 29 0 21 1269 3000 79 0 46 128 184 12 43 36 929 687 1307 125 55 28 181 81 42 3000 25 8 36 155 3000 33 0 906 766 43 887 7 803 11 219 293 3000 247 136 21 0 13 18 481 0 55 43 463 33 727 97 72 150 1422 244 736 404 35 0 0 17 17 67 191 16 107 1184 106 968 1958 3000 232 550 0 64 2072 
105 0 0 260 32 9 0 0 0 144 33 115 0 131 0 16 123 235 677 7 2150 28 0 16 0 0 1163 0 0 14 1020 0 18 120 21 13 0 180 0 40 45 25 15 0 0 3000 66 77 80 1154 17 0 384 205 217 1169 72 500 0 38 138 450 48 0 9 45 0 230 55 0 451 646 0 387 303 0 0 0 0 0 75 0 10 224 412 2899 42 234 0 16 24 286 401 109 118 0 177 0 846 144 
58 9 2655 379 117 40 62 179 32 77 0 1049 609 805 404 414 231 23 266 141 13 29 652 2366 3000 256 149 106 50 108 176 13 1725 17 3000 35 183 211 17 189 117 886 1147 9 291 491 24 99 2055 200 0 19 2664 137 468 11 54 324 147 0 348 116 1947 8 0 167 43 79 43 451 0 37 231 32 63 151 65 88 26 25 12 114 0 205 14 405 2348 7 157 156 18 87 38 188 1470 298 42 364 148 467 
14 482 110 15 15 84 8 70 11 74 0 430 154 14 28 1821 21 189 260 18 8 0 570 17 305 302 154 13 19 52 14 399 35 14 86 282 686 146 817 48 33 79 20 123 35 1642 303 44 291 647 0 78 827 86 260 125 27 24 3000 0 1552 0 48 277 0 24 115 3000 463 646 37 0 537 18 454 79 14 17 104 222 216 7 0 0 24 18 191 23 83 116 294 23 7 111 191 188 14 0 43 160 
0 11 114 17 198 0 3000 696 146 0 329 39 190 29 376 488 0 68 177 1321 0 0 500 1510 183 23 0 37 44 142 0 14 24 19 0 0 309 1255 253 15 0 678 0 110 62 157 53 147 0 0 0 94 3000 0 0 0 19 37 46 0 0 0 0 736 0 0 13 396 33 0 231 537 0 217 249 194 207 102 697 0 0 3000 0 143 714 231 409 0 177 187 634 0 0 240 0 241 134 9 31 9 
189 102 70 222 31 627 230 23 23 156 283 3000 8 16 23 101 3000 10 76 392 43 797 32 74 41 433 265 23 20 274 9 20 18 13 19 42 562 146 52 1229 168 101 50 3000 57 22 387 58 29 682 0 63 33 1748 8 49 297 1032 265 80 11 41 1649 39 21 16 250 609 727 387 32 18 217 0 12 13 95 63 428 305 59 111 160 15 1263 28 1535 21 633 89 55 10 868 1584 690 8 554 946 34 66 
313 784 149 2229 109 24 32 157 106 276 83 25 16 35 22 664 261 28 507 685 296 51 20 76 48 143 1210 51 2598 357 979 46 224 19 692 319 41 200 88 3000 118 631 12 156 21 163 497 3000 76 1381 3000 100 23 939 12 53 110 2571 69 11 15 228 2234 2830 59 117 13 351 97 303 63 454 249 12 0 9 549 21 787 483 45 798 1459 591 561 11 13 54 70 3000 12 916 505 8 28 644 25 126 571 60 
0 22 208 323 87 0 612 23 18 0 16 219 22 43 636 34 0 10 711 21 0 0 59 135 24 19 0 50 206 624 0 29 33 689 0 0 3000 1563 207 10 0 1238 0 33 48 86 103 610 0 0 0 277 290 0 0 0 11 139 1218 0 0 0 0 662 0 0 172 15 72 0 151 79 194 13 9 0 3000 81 27 0 0 155 0 566 46 25 20 0 186 297 706 0 0 28 0 327 3000 312 344 507 
0 144 656 15 19 159 27 815 46 0 885 280 1495 64 20 13 21 26 56 307 595 25 157 98 1008 251 154 32 160 11 0 230 35 339 131 1201 94 53 8 13 23 462 231 65 33 169 479 698 0 0 255 824 13 67 0 349 429 1032 202 0 0 2156 103 339 1094 509 338 659 150 0 65 14 207 95 549 3000 0 369 149 780 0 1264 734 350 336 1578 386 8 9 44 545 149 0 7 51 10 47 212 173 130 
0 183 518 11 100 80 13 49 8 0 179 3000 1723 274 65 46 183 464 74 131 0 47 70 48 205 405 0 685 273 3000 0 105 39 108 0 0 204 205 31 24 0 7 0 330 121 263 80 8 0 0 1876 58 42 0 0 0 72 881 187 0 0 567 0 23 33 10 12 1303 1422 0 88 17 102 63 21 81 369 0 8 0 0 31 100 330 15 26 118 0 30 39 425 119 0 13 206 101 252 672 206 18 
0 19 102 118 3000 147 2450 404 38 0 793 61 17 736 411 234 235 47 652 53 0 44 3000 1983 45 2777 8 1409 781 144 0 132 284 15 127 0 91 756 351 272 0 2540 16 25 53 7 14 21 0 0 1367 105 20 993 0 36 244 542 372 0 0 170 0 354 92 32 739 1679 244 0 26 104 697 428 787 27 149 8 0 0 0 10 11 590 686 48 546 0 40 22 13 36 0 987 22 139 74 2238 448 9 
0 0 271 1095 290 9 191 811 3000 1335 0 0 0 672 161 503 8 20 274 1298 93 0 0 0 373 155 21 0 295 971 60 0 0 1901 192 61 0 0 178 160 133 14 47 162 175 35 10 0 22 0 0 38 19 2699 668 334 0 187 82 0 0 0 196 216 0 0 286 254 736 0 25 222 0 305 483 0 780 0 0 0 24 452 0 0 0 10 98 203 0 0 3000 1933 15 485 1317 2297 211 0 317 12 
500 0 65 350 280 11 0 0 0 1357 0 0 0 354 0 67 243 908 616 1600 31 491 0 160 0 0 196 0 48 271 995 0 132 153 37 316 0 244 350 8 8 344 242 63 812 231 94 338 34 980 0 110 261 332 411 154 11 61 0 116 132 30 267 25 0 61 40 18 404 75 12 216 0 59 45 0 0 0 0 24 0 14 0 781 169 51 8 280 0 2459 43 48 908 195 104 0 12 0 36 648 
0 60 3000 3000 24 156 10 110 25 199 188 393 295 745 54 488 173 298 11 634 421 0 1505 720 109 16 110 65 65 31 61 98 3000 3000 1900 0 270 122 9 13 42 33 50 159 16 214 31 334 0 0 0 464 29 1107 36 173 459 1710 27 0 0 0 9 701 0 0 396 293 35 0 114 7 3000 111 798 155 1264 31 10 452 14 0 0 0 1238 11 528 225 16 37 89 49 0 41 27 203 23 236 415 113 
17 0 0 379 113 737 0 0 0 0 13 467 316 93 0 0 78 0 186 17 0 175 29 1114 0 0 0 54 0 10 0 1343 1680 17 1385 136 396 19 91 3000 0 114 0 1071 0 621 47 111 474 1112 14 0 146 537 0 0 254 696 0 877 934 12 0 0 137 516 0 10 0 10 0 0 0 160 1459 0 734 100 11 0 0 0 0 229 22 330 12 196 61 25 22 11 1444 8 2028 30 391 50 742 0 
442 36 35 387 11 349 0 0 0 0 838 33 31 1932 11 0 757 21 11 141 172 301 25 41 0 80 43 1488 0 3000 0 268 197 818 398 159 803 86 33 595 0 259 145 142 0 142 613 730 12 92 11 0 13 12 0 34 40 31 0 95 2809 22 0 0 433 440 24 26 0 224 205 0 143 15 591 566 350 330 590 0 781 0 229 0 159 261 676 109 36 271 9 92 890 12 137 69 263 43 47 1411 
70 3000 258 48 7 396 14 616 421 0 99 10 2338 44 30 1734 41 367 36 224 20 82 661 155 172 317 12 155 169 472 0 38 124 19 7 3000 23 221 479 406 0 29 1867 188 676 10 456 88 215 225 185 909 19 20 0 265 670 87 11 15 53 27 0 147 117 993 77 3000 17 412 14 24 714 1263 561 46 336 15 686 0 169 1238 22 159 0 10 9 36 163 80 1081 41 657 19 498 215 18 83 36 218 
303 193 1644 565 73 15 49 18 27 289 129 189 3000 1227 16 26 105 222 18 14 217 28 58 478 8 211 88 51 257 468 110 47 32 95 25 98 108 55 22 13 115 536 10 333 565 3000 261 121 200 430 21 40 171 40 0 823 312 57 79 713 272 616 11 264 106 19 337 9 17 2899 405 18 231 28 11 25 1578 26 48 10 51 11 330 261 10 0 42 3000 63 804 165 86 12 31 641 49 489 117 17 12 
533 15 150 733 49 954 456 355 134 62 218 1785 487 3000 138 35 101 136 933 38 43 40 32 201 405 51 9 22 174 17 17 243 130 324 7 130 10 567 37 28 9 23 1579 43 200 83 100 1281 26 31 0 12 111 1244 150 3000 259 217 46 8 1791 17 752 35 42 46 9 33 67 42 2348 191 409 1535 13 20 386 118 546 98 8 528 12 676 9 42 0 107 177 3000 285 236 42 13 200 351 1588 31 489 29 
556 0 2772 112 32 16 0 0 0 74 35 638 377 1405 0 78 87 2057 95 1266 11 382 0 482 0 0 64 0 78 13 240 0 47 51 19 75 0 1228 592 125 391 776 62 392 12 1091 18 64 28 82 0 82 962 120 41 21 564 592 0 58 8 19 14 0 34 1824 3000 946 191 234 7 23 0 21 54 0 8 0 0 203 280 225 196 109 36 3000 107 0 125 126 20 2799 12 2574 365 298 993 0 1265 13 
11 774 268 13 22 65 692 44 19 0 29 13 3000 276 156 53 9 166 28 56 1158 19 178 85 168 724 822 38 145 41 0 7 36 112 65 19 11 101 177 2094 0 131 33 3000 871 54 115 426 0 14 105 19 365 2555 0 143 143 2997 65 0 18 113 23 1135 3000 106 2886 12 16 0 157 83 177 633 70 186 9 30 40 0 0 16 61 36 163 63 177 125 0 1339 32 53 0 27 100 46 2751 214 259 590 
567 282 136 10 17 230 115 0 33 0 60 75 130 352 113 638 43 236 44 491 119 130 267 15 57 24 10 256 21 11 0 12 46 8 493 28 79 425 305 59 0 214 707 13 15 18 288 56 8 45 764 102 22 202 0 473 49 30 3000 44 62 261 124 0 3000 68 101 9 107 16 156 116 187 89 3000 297 44 39 22 0 2459 37 25 271 80 804 3000 126 1339 0 481 94 28 127 15 20 2191 108 135 28 
56 1999 413 55 86 16 8 20 22 64 349 161 228 140 1989 466 8 40 625 357 1157 108 245 22 77 8 472 21 117 115 49 914 10 44 399 22 99 31 1173 114 258 26 23 268 76 3000 13 375 269 1020 17 128 22 73 9 12 767 43 121 394 33 38 150 87 61 14 14 40 1184 24 18 294 634 55 12 706 545 425 13 3000 43 89 22 9 1081 165 285 20 32 481 0 33 38 358 381 1042 221 355 103 10 
57 0 165 278 55 148 0 0 0 9 42 28 72 10 388 411 185 200 9 12 731 475 8 883 0 0 1652 294 524 145 1204 725 121 3000 20 16 267 16 10 138 3000 1621 716 29 10 62 182 791 301 251 109 0 10 123 0 3000 685 21 0 263 314 31 60 0 45 18 203 254 106 286 87 23 0 10 916 0 149 119 36 1933 48 49 11 92 41 86 236 2799 53 94 33 0 41 27 2309 19 3000 3000 55 55 
23 0 0 23 17 104 0 0 0 577 262 24 0 95 0 150 675 218 8 9 85 14 0 93 0 0 34 0 0 55 106 0 399 3000 49 11 0 102 0 17 2023 152 523 0 0 198 75 180 433 45 0 0 7 1329 126 1186 14 15 0 85 484 16 62 0 140 285 0 423 968 401 38 7 0 868 505 0 0 0 0 15 908 0 1444 890 657 12 42 12 0 28 38 41 0 47 513 0 1478 0 100 369 
140 323 527 16 16 10 185 25 11 350 317 22 9 45 10 36 3000 47 143 141 3000 200 266 26 850 56 8 329 33 520 19 24 1193 164 71 10 485 2558 285 57 9 116 583 27 192 20 3000 24 346 207 54 124 62 155 1270 13 542 76 92 351 9 139 143 591 133 508 334 41 1958 109 188 111 240 1584 8 28 7 13 987 485 195 41 8 12 19 31 13 2574 27 127 358 27 47 0 476 26 222 33 928 16 
199 0 316 39 127 875 0 0 237 25 126 13 135 3000 69 992 131 312 2312 1888 630 290 1094 134 28 3000 33 712 19 183 714 46 383 45 595 28 616 8 37 197 10 519 3000 44 32 518 495 52 87 42 947 84 69 158 3000 95 10 24 127 103 25 2150 88 655 16 82 21 637 3000 118 1470 191 0 690 28 0 51 206 22 1317 104 27 2028 137 498 641 200 365 100 15 381 2309 513 476 0 3000 53 743 101 96 
0 148 162 258 489 97 61 87 30 0 3000 361 18 1592 281 16 454 149 47 291 145 108 414 473 1312 3000 8 9 107 370 0 30 45 114 12 0 151 10 1937 230 0 397 41 2405 16 1055 1389 77 0 0 1057 38 124 71 0 310 107 20 1469 0 0 99 76 159 969 40 12 3000 232 0 298 188 241 8 644 327 10 101 139 2297 0 203 30 69 215 49 351 298 46 20 1042 19 0 26 3000 0 11 16 321 66 
521 65 61 11 170 101 37 44 261 71 80 432 76 19 200 27 1222 71 3000 183 43 292 107 218 10 74 76 222 67 135 26 85 74 14 89 15 297 768 111 220 20 293 29 495 14 3000 15 12 174 42 58 12 15 351 33 169 595 327 287 264 33 291 27 110 194 236 208 511 550 177 42 14 134 554 25 3000 47 252 74 211 12 23 391 263 18 489 1588 993 2751 2191 221 3000 1478 222 53 11 0 3000 1382 21 
0 570 129 19 99 50 26 0 9 0 28 30 283 129 457 0 12 33 287 10 0 543 249 57 397 802 0 37 60 40 0 29 12 337 1447 0 147 1385 7 674 0 70 0 3000 0 498 765 3000 0 0 228 143 42 0 0 0 323 1195 81 0 0 219 0 0 7 334 141 20 0 0 364 0 9 946 126 312 212 672 2238 0 0 236 50 43 83 117 31 0 214 108 355 3000 0 33 743 16 3000 0 171 711 
174 210 46 19 318 173 100 0 11 117 55 599 62 50 3000 13 669 752 840 200 239 64 170 15 25 336 34 83 15 66 557 195 261 35 106 221 74 402 9 263 8 15 93 16 823 1142 12 76 250 361 14 908 36 1532 358 11 239 1843 48 58 61 71 85 28 472 1159 8 15 64 846 148 43 31 34 571 344 173 206 448 317 36 415 742 47 36 17 489 1265 259 135 103 55 100 928 101 321 1382 171 0 78 
53 93 89 773 177 100 13 430 48 9 484 110 22 77 323 16 9 150 3000 131 13 63 36 75 636 1029 83 116 145 108 245 87 14 20 389 22 175 13 42 384 30 21 11 37 21 188 59 64 8 590 0 11 1342 764 12 361 77 102 891 382 164 36 1320 397 160 999 719 377 2072 144 467 160 9 66 60 507 130 18 9 12 648 113 0 1411 218 12 29 13 590 28 10 55 369 16 96 66 21 711 78 0 
