100
0 38 86 34 85 46 93 54 62 72 32 72 65 84 93 82 66 99 69 84 30 108 90 80 35 46 113 42 59 111 82 78 71 34 81 63 82 106 75 56 62 105 16 14 69 69 38 5 70 84 89 85 41 68 52 27 27 75 84 32 100 95 94 64 2 90 73 41 60 90 92 54 68 81 22 20 21 45 65 66 51 96 84 77 31 63 50 93 47 32 66 88 96 60 12 38 92 82 30 106 
38 0 51 8 65 13 74 62 58 40 13 35 50 63 56 44 77 80 34 81 14 82 71 55 16 27 86 29 22 88 45 58 34 29 44 58 57 88 38 18 57 84 23 45 77 31 50 43 38 51 66 47 5 42 66 30 29 53 47 6 73 59 65 75 38 57 85 34 23 71 56 50 30 77 38 17 17 47 57 32 13 71 79 66 7 25 13 81 15 11 31 78 72 57 34 26 80 66 25 78 
86 51 0 53 46 40 53 82 66 17 62 32 49 42 12 15 94 55 17 82 64 43 52 33 52 45 48 52 37 55 8 44 20 61 11 65 32 65 15 35 65 54 73 89 92 30 79 91 18 10 41 32 50 29 91 66 65 38 13 56 34 9 26 94 87 11 103 58 29 50 9 65 31 76 77 67 65 69 61 20 42 39 78 62 56 29 38 67 52 54 20 69 41 66 78 54 68 53 60 36 
34 8 53 0 61 12 70 54 50 40 17 41 44 58 60 49 68 75 36 74 18 79 66 52 8 20 84 22 28 85 48 54 38 21 48 50 54 84 42 23 50 80 21 39 69 37 41 38 38 51 62 54 14 39 58 21 21 49 51 6 71 61 63 67 35 57 77 26 27 66 59 43 36 69 30 15 13 39 50 33 20 68 72 60 4 30 16 75 23 3 33 72 69 49 27 18 74 61 16 76 
85 65 46 61 0 53 9 52 33 35 78 70 21 4 58 59 59 15 47 38 78 28 6 14 54 41 31 43 67 26 51 7 57 51 55 31 14 23 54 61 32 20 79 80 55 67 58 88 36 37 7 75 68 25 62 58 58 12 58 67 25 52 26 59 87 38 66 44 56 6 54 37 67 33 66 73 70 46 26 42 66 16 34 20 65 60 56 21 76 60 47 24 15 34 74 48 22 8 55 31 
46 13 40 12 53 0 62 58 50 28 25 33 39 50 48 37 72 68 23 72 27 69 59 43 14 17 74 23 21 76 36 46 26 27 36 49 45 76 30 14 49 71 33 50 72 28 48 50 26 39 54 44 15 30 63 29 29 41 39 16 60 49 52 71 47 45 81 29 16 59 46 43 27 67 40 27 25 42 48 21 15 58 70 56 15 20 6 70 24 14 20 68 59 49 39 21 69 55 23 65 
93 74 53 70 9 62 0 55 37 43 86 79 28 12 64 66 61 6 55 37 87 26 3 22 63 50 28 51 76 20 59 16 65 59 62 35 21 14 62 69 36 13 87 87 57 75 63 96 45 44 12 83 77 34 66 66 65 21 65 76 27 58 30 61 94 44 67 52 65 3 60 43 75 32 73 82 78 52 31 51 75 17 32 22 74 69 65 15 85 69 55 20 15 39 81 56 17 11 63 31 
54 62 82 54 52 58 55 0 19 65 69 89 35 53 94 88 14 61 71 31 68 80 53 56 46 41 83 35 79 75 83 47 79 33 85 21 58 64 81 72 20 69 59 43 16 84 16 55 64 74 58 100 67 53 11 34 35 49 88 59 76 91 74 13 56 79 23 29 71 54 91 17 84 31 33 57 53 15 26 66 72 67 33 34 56 76 63 49 77 51 69 42 66 18 44 36 46 45 38 82 
62 58 66 50 33 50 37 19 0 49 67 78 17 34 78 74 29 43 58 24 67 60 34 38 42 32 64 28 70 57 68 28 67 32 70 2 40 47 67 63 1 50 62 53 26 74 27 64 49 58 39 87 62 37 30 36 36 31 74 56 57 74 55 28 64 62 37 24 61 35 75 9 74 20 40 58 54 17 6 52 65 48 22 16 53 65 55 33 72 48 56 27 47 2 50 32 30 26 37 63 
72 40 17 40 35 28 43 65 49 0 52 35 33 31 29 25 77 47 11 67 54 43 41 22 37 29 48 36 34 52 19 31 21 44 21 48 22 57 19 28 48 49 60 73 75 32 61 76 2 12 32 41 41 13 74 50 49 24 25 44 33 26 25 77 73 18 86 41 23 40 26 48 32 61 61 54 52 52 44 8 35 34 63 47 43 26 27 56 46 41 12 56 35 50 63 38 56 40 44 38 
32 13 62 17 78 25 86 69 67 52 0 42 61 75 66 54 83 92 45 91 2 94 83 68 25 38 99 39 29 101 56 71 44 37 55 68 70 101 49 28 67 96 16 43 84 38 55 37 50 63 79 54 12 55 71 34 34 66 57 11 85 70 77 81 33 69 91 43 33 83 66 59 38 87 40 14 17 55 67 45 21 84 89 77 14 34 25 92 15 19 43 89 84 66 33 35 92 78 31 90 
72 35 32 41 70 33 79 89 78 35 42 0 64 67 30 18 103 82 24 99 44 74 77 57 46 48 79 54 14 85 24 65 14 59 21 78 57 92 18 18 77 83 57 80 103 5 80 77 34 38 67 12 31 47 96 62 61 59 20 41 65 36 56 102 73 42 112 61 18 76 31 74 5 94 72 52 52 74 75 28 22 68 96 80 42 13 27 90 28 44 24 91 69 78 69 54 91 75 56 68 
65 50 49 44 21 39 28 35 17 33 61 64 0 20 61 57 46 34 42 35 61 47 25 21 36 23 51 24 57 46 51 14 51 31 54 16 23 41 51 50 16 40 60 59 43 59 38 68 33 40 26 72 53 19 46 38 37 14 57 50 42 57 38 46 66 45 54 24 47 25 57 19 59 30 45 55 51 26 12 36 53 34 32 17 47 51 43 32 63 42 40 29 34 18 53 28 31 18 35 48 
84 63 42 58 4 50 12 53 34 31 75 67 20 0 54 55 61 17 43 41 76 27 10 10 52 39 31 42 64 27 48 6 53 50 51 32 10 26 50 57 33 21 77 79 58 63 58 87 33 33 5 72 66 22 64 57 56 9 54 65 23 48 23 61 85 35 69 44 53 9 50 38 63 36 65 71 68 46 27 39 63 14 37 22 63 56 53 25 73 58 43 27 14 35 72 46 26 11 53 29 
93 56 12 60 58 48 64 94 78 29 66 30 61 54 0 13 106 66 25 94 69 52 63 45 60 56 55 63 39 65 12 56 23 70 12 77 44 75 18 39 77 64 79 97 104 30 89 98 29 21 53 25 54 41 102 75 74 50 10 62 43 8 36 105 94 20 115 69 34 62 4 76 31 88 86 73 72 80 73 29 45 49 90 74 62 32 44 79 55 62 28 81 51 78 86 64 80 65 69 44 
82 44 15 49 59 37 66 88 74 25 54 18 57 55 13 0 101 69 17 92 56 58 65 45 50 48 63 55 26 70 8 55 11 62 4 73 45 79 7 27 73 69 67 87 99 18 82 87 25 23 55 17 42 38 96 66 65 49 3 50 49 18 41 100 83 26 110 61 22 64 14 71 18 86 76 62 61 73 69 22 33 53 88 72 51 20 32 80 42 51 19 81 55 74 76 56 81 65 60 51 
66 77 94 68 59 72 61 14 29 77 83 103 46 61 106 101 0 66 84 29 82 87 59 66 61 55 89 49 93 80 96 56 93 47 98 30 68 67 94 86 30 74 73 53 5 99 29 66 77 86 66 113 82 65 14 48 49 59 101 73 84 103 83 2 68 91 9 43 85 60 103 30 98 31 45 70 67 30 35 79 86 75 32 40 71 90 78 51 92 66 83 44 74 28 56 51 48 52 52 90 
99 80 55 75 15 68 6 61 43 47 92 82 34 17 66 69 66 0 59 40 93 23 10 26 69 56 24 58 80 14 61 22 68 65 65 41 25 10 65 74 42 7 94 93 62 79 70 102 49 46 15 86 83 39 72 72 72 27 68 82 26 59 31 67 101 46 72 58 69 9 62 49 79 36 80 88 84 58 37 55 79 17 36 27 79 73 70 17 90 75 59 24 15 45 87 62 20 17 69 29 
69 34 17 36 47 23 55 71 58 11 45 24 42 43 25 17 84 59 0 77 47 53 53 33 36 31 58 38 23 63 13 42 10 46 14 56 34 68 10 19 56 60 56 73 83 20 65 74 10 18 44 30 33 23 79 50 50 35 17 39 43 26 35 84 70 24 93 45 13 52 23 54 21 71 61 50 49 57 53 6 26 45 73 57 39 15 21 67 37 38 3 67 46 58 62 40 67 51 44 47 
84 81 82 74 38 72 37 31 24 67 91 99 35 41 94 92 29 40 77 0 90 63 35 49 66 55 64 52 92 54 85 38 86 55 88 23 51 39 86 84 24 48 85 73 24 95 46 85 67 72 45 107 86 54 40 59 59 44 92 80 63 89 64 30 85 75 33 48 82 37 90 32 95 6 62 81 77 38 25 71 87 53 4 20 77 87 77 24 95 72 76 17 51 25 72 56 21 30 60 68 
30 14 64 18 78 27 87 68 67 54 2 44 61 76 69 56 82 93 47 90 0 96 84 69 25 38 100 39 31 102 58 71 46 36 57 67 71 101 51 30 66 97 14 41 83 41 53 35 52 65 80 56 14 56 70 33 33 66 59 11 87 72 79 80 30 71 90 42 36 84 68 59 40 86 39 12 16 54 67 46 24 85 89 77 14 37 27 93 17 19 44 90 85 66 31 35 92 79 31 92 
108 82 43 79 28 69 26 80 60 43 94 74 47 27 52 58 87 23 53 63 96 0 28 28 75 62 5 67 76 14 51 33 61 75 54 58 26 29 57 71 59 17 100 105 82 72 85 112 45 36 21 75 83 41 90 82 81 34 56 85 10 44 18 87 110 33 93 69 65 26 48 65 73 58 91 94 90 73 54 51 78 13 58 47 83 68 70 40 89 80 55 46 13 62 97 71 43 35 78 8 
90 71 52 66 6 59 3 53 34 41 83 77 25 10 63 65 59 10 53 35 84 28 0 20 60 47 30 48 73 23 57 13 63 56 61 32 20 17 60 67 33 16 84 84 55 73 60 92 43 42 11 81 74 31 64 62 62 19 64 73 27 57 30 59 91 43 65 49 62 1 59 40 73 30 70 79 75 49 28 49 72 18 31 19 71 66 62 15 83 66 53 20 16 36 78 53 17 8 60 32 
80 55 33 52 14 43 22 56 38 22 68 57 21 10 45 45 66 26 33 49 69 28 20 0 47 34 33 38 55 33 38 11 43 47 41 36 2 35 41 48 36 28 72 77 63 53 58 83 23 24 11 62 58 13 67 54 53 7 44 58 21 40 17 66 81 26 74 41 44 19 41 40 54 43 63 66 63 47 31 29 54 16 45 29 56 47 45 34 65 52 34 36 16 39 69 42 35 20 50 27 
35 16 52 8 54 14 63 46 42 37 25 46 36 52 60 50 61 69 36 66 25 75 60 47 0 13 79 14 34 79 49 47 40 14 49 42 49 77 43 28 42 74 25 37 61 41 35 39 35 49 56 58 21 34 51 16 15 43 52 14 66 61 59 60 36 55 70 18 30 60 59 35 41 61 26 19 16 31 42 32 26 63 64 52 11 33 19 68 31 6 33 64 63 41 26 10 67 54 10 72 
46 27 45 20 41 17 50 41 32 29 38 48 23 39 56 48 55 56 31 55 38 62 47 34 13 0 67 7 38 66 44 34 38 15 45 32 36 64 40 31 31 60 38 45 55 43 34 50 27 40 43 58 31 22 48 21 20 30 49 27 55 55 48 54 47 47 64 13 30 46 53 26 43 50 32 32 29 26 31 26 32 50 53 40 24 35 23 55 40 19 29 52 50 31 36 9 54 41 16 60 
113 86 48 84 31 74 28 83 64 48 99 79 51 31 55 63 89 24 58 64 100 5 30 33 79 67 0 71 81 13 55 37 66 80 59 62 30 29 61 76 63 17 104 110 85 77 89 116 50 41 25 79 88 45 94 86 86 38 61 90 14 48 23 89 114 37 96 74 70 29 52 69 77 60 96 98 95 77 57 56 82 17 60 49 88 73 75 41 94 85 60 48 17 65 102 75 44 38 82 11 
42 29 52 22 43 23 51 35 28 36 39 54 24 42 63 55 49 58 38 52 39 67 48 38 14 7 71 0 44 69 51 36 45 9 52 29 41 65 47 37 28 63 36 39 49 50 27 45 34 47 47 65 34 28 42 15 15 33 56 28 59 62 54 48 43 53 58 6 37 48 60 21 49 48 26 31 27 20 28 33 37 54 50 39 25 41 28 55 44 20 36 51 54 27 31 4 54 42 11 65 
59 22 37 28 67 21 76 79 70 34 29 14 57 64 39 26 93 80 23 92 31 76 73 55 34 38 81 44 0 86 30 61 17 47 28 69 56 90 22 7 69 82 43 67 93 10 68 64 32 41 66 26 18 42 84 49 48 55 29 27 66 43 58 92 60 46 102 50 11 73 39 64 9 86 59 38 39 63 67 25 8 68 89 74 29 8 15 86 16 31 21 85 69 69 55 42 86 70 43 71 
111 88 55 85 26 76 20 75 57 52 101 85 46 27 65 70 80 14 63 54 102 14 23 33 79 66 13 69 86 0 63 33 72 77 66 55 31 16 68 80 56 7 104 106 76 83 83 114 54 47 22 87 90 46 86 84 83 36 69 91 22 57 30 81 112 45 86 70 75 22 61 63 83 50 92 98 95 71 51 60 86 18 50 41 89 78 77 30 97 85 64 37 17 58 99 73 33 31 80 22 
82 45 8 48 51 36 59 83 68 19 56 24 51 48 12 8 96 61 13 85 58 51 57 38 49 44 55 51 30 63 0 48 13 59 4 67 38 71 8 28 67 61 68 86 94 23 78 87 19 16 47 25 44 32 91 64 63 42 6 51 41 14 33 95 83 18 104 57 23 56 10 66 23 79 74 62 61 69 63 18 35 46 82 65 51 22 33 72 46 50 16 74 47 68 75 53 73 58 57 44 
78 58 44 54 7 46 16 47 28 31 71 65 14 6 56 55 56 22 42 38 71 33 13 11 47 34 37 36 61 33 48 0 52 44 51 26 12 30 50 54 27 27 72 73 53 61 52 81 32 34 12 71 61 19 58 51 51 6 54 60 29 50 27 56 79 37 64 38 50 13 52 32 62 33 59 66 63 40 22 37 59 20 34 19 58 54 49 25 70 53 41 26 20 30 67 41 26 10 48 35 
71 34 20 38 57 26 65 79 67 21 44 14 51 53 23 11 93 68 10 86 46 61 63 43 40 38 66 45 17 72 13 52 0 52 11 66 44 78 5 16 66 69 56 76 92 11 72 76 20 25 54 21 32 33 87 55 55 45 13 39 51 26 43 92 72 30 102 52 11 62 23 63 11 81 66 51 50 65 63 15 22 54 83 67 40 9 22 77 33 40 11 77 56 67 65 46 77 61 49 55 
34 29 61 21 51 27 59 33 32 44 37 59 31 50 70 62 47 65 46 55 36 75 56 47 14 15 80 9 47 77 59 44 52 0 60 32 50 72 54 41 31 71 30 30 48 54 21 37 43 56 55 71 35 37 37 7 6 42 63 26 68 70 63 46 35 62 56 8 42 56 68 23 54 51 17 26 22 18 33 41 40 63 54 44 24 46 32 61 44 19 43 56 63 30 22 6 59 49 5 74 
81 44 11 48 55 36 62 85 70 21 55 21 54 51 12 4 98 65 14 88 57 54 61 41 49 45 59 52 28 66 4 51 11 60 0 69 41 74 6 27 69 65 67 86 96 20 79 86 21 19 51 21 43 34 93 64 63 45 4 50 45 16 37 97 82 22 107 59 22 59 12 68 21 82 75 61 61 71 66 19 34 49 85 68 50 20 32 76 44 50 17 77 51 70 75 54 77 61 58 47 
63 58 65 50 31 49 35 21 2 48 68 78 16 32 77 73 30 41 56 23 67 58 32 36 42 32 62 29 69 55 67 26 66 32 69 0 38 45 66 62 1 48 63 55 28 73 29 65 48 56 37 87 62 35 32 37 37 29 73 57 55 73 53 30 65 61 38 25 60 33 73 10 73 19 42 58 54 18 5 51 64 46 22 14 54 65 55 31 72 49 55 25 45 4 52 32 29 24 37 61 
82 57 32 54 14 45 21 58 40 22 70 57 23 10 44 45 68 25 34 51 71 26 20 2 49 36 30 41 56 31 38 12 44 50 41 38 0 34 41 50 39 27 74 80 65 54 61 86 24 23 10 62 59 15 69 56 56 9 44 60 19 38 15 68 84 25 76 44 45 18 40 42 54 45 66 68 65 49 33 30 55 14 47 31 58 48 46 35 66 54 35 37 14 41 72 45 36 21 52 25 
106 88 65 84 23 76 14 64 47 57 101 92 41 26 75 79 67 10 68 39 101 29 17 35 77 64 29 65 90 16 71 30 78 72 74 45 34 0 75 83 46 12 101 99 62 88 74 108 58 55 24 95 91 48 74 79 78 35 77 90 34 68 40 68 107 55 72 65 79 17 71 54 89 36 85 96 92 63 42 64 89 26 35 31 88 82 79 16 99 83 69 23 24 49 94 69 19 23 76 36 
75 38 15 42 54 30 62 81 67 19 49 18 51 50 18 7 94 65 10 86 51 57 60 41 43 40 61 47 22 68 8 50 5 54 6 66 41 75 0 21 66 66 61 80 92 16 74 80 18 21 51 21 37 32 89 59 58 44 9 44 47 21 39 93 76 25 103 54 16 59 18 64 16 80 69 55 55 66 63 15 28 50 82 66 44 15 26 75 38 44 12 76 52 67 69 48 75 60 52 50 
56 18 35 23 61 14 69 72 63 28 28 18 50 57 39 27 86 74 19 84 30 71 67 48 28 31 76 37 7 80 28 54 16 41 27 62 50 83 21 0 62 76 41 62 86 14 62 61 26 37 59 30 16 36 78 43 43 48 29 24 62 42 53 85 57 42 95 43 6 66 38 57 13 79 53 35 35 57 60 20 7 62 82 67 25 7 9 79 18 26 17 78 63 62 51 36 79 64 37 66 
62 57 65 50 32 49 36 20 1 48 67 77 16 33 77 73 30 42 56 24 66 59 33 36 42 31 63 28 69 56 67 27 66 31 69 1 39 46 66 62 0 49 62 54 27 73 28 64 48 56 38 86 62 35 31 36 36 30 73 56 56 73 54 29 64 61 38 24 60 34 73 9 73 20 41 57 53 17 5 51 64 47 23 16 53 64 54 32 71 48 55 26 46 3 50 31 30 25 36 62 
105 84 54 80 20 71 13 69 50 49 96 83 40 21 64 69 74 7 60 48 97 17 16 28 74 60 17 63 82 7 61 27 69 71 65 48 27 12 66 76 49 0 99 100 69 80 77 108 50 46 17 86 86 42 79 78 77 31 67 86 22 57 29 74 106 44 79 64 71 15 61 56 81 43 86 93 89 65 44 57 82 16 43 34 84 75 73 24 93 79 61 31 14 52 93 68 27 24 75 24 
16 23 73 21 79 33 87 59 62 60 16 57 60 77 79 67 73 94 56 85 14 100 84 72 25 38 104 36 43 104 68 72 56 30 67 63 74 101 61 41 62 99 0 27 75 53 44 21 58 72 82 69 26 59 60 26 26 68 70 17 91 81 84 71 16 78 80 38 45 84 78 53 52 82 27 6 9 47 63 54 35 88 84 75 17 48 35 91 31 20 53 87 88 60 18 32 90 78 26 97 
14 45 89 39 80 50 87 43 53 73 43 80 59 79 97 87 53 93 73 73 41 105 84 77 37 45 110 39 67 106 86 73 76 30 86 55 80 99 80 62 54 100 27 0 57 76 27 13 72 85 85 92 50 67 39 24 24 72 89 39 98 98 93 51 15 91 59 36 65 84 96 45 75 72 14 29 28 36 58 69 58 93 74 69 38 69 55 86 57 36 70 80 92 52 11 36 84 76 29 105 
69 77 92 69 55 72 57 16 26 75 84 103 43 58 104 99 5 62 83 24 83 82 55 63 61 55 85 49 93 76 94 53 92 48 96 28 65 62 92 86 27 69 75 57 0 98 31 69 75 84 62 112 83 63 19 50 51 56 100 75 80 100 80 7 71 88 11 43 85 56 101 29 98 26 48 72 68 30 32 77 87 71 27 36 72 90 78 46 92 67 81 39 70 26 59 51 43 47 53 86 
69 31 30 37 67 28 75 84 74 32 38 5 59 63 30 18 99 79 20 95 41 72 73 53 41 43 77 50 10 83 23 61 11 54 20 73 54 88 16 14 73 80 53 76 98 0 75 73 30 36 64 17 27 43 91 57 56 55 20 37 62 35 54 97 69 40 107 56 13 72 31 69 1 89 67 48 48 69 70 24 18 65 92 76 38 8 22 86 25 40 20 86 66 73 64 49 87 71 51 66 
38 50 79 41 58 48 63 16 27 61 55 80 38 58 89 82 29 70 65 46 53 85 60 58 35 34 89 27 68 83 78 52 72 21 79 29 61 74 74 62 28 77 44 27 31 75 0 39 60 72 63 91 55 51 17 20 21 52 83 46 79 88 75 27 40 78 37 21 63 61 87 20 75 45 17 42 38 12 33 60 61 72 47 44 43 67 53 60 64 39 63 54 71 26 28 26 58 52 25 86 
5 43 91 38 88 50 96 55 64 76 37 77 68 87 98 87 66 102 74 85 35 112 92 83 39 50 116 45 64 114 87 81 76 37 86 65 86 108 80 61 64 108 21 13 69 73 39 0 74 88 92 90 46 72 51 30 30 78 89 37 104 99 98 64 5 94 72 44 65 93 97 55 73 83 23 25 26 47 67 71 56 99 85 79 36 67 54 96 52 36 71 90 99 62 14 41 94 85 34 110 
70 38 18 38 36 26 45 64 49 2 50 34 33 33 29 25 77 49 10 67 52 45 43 23 35 27 50 34 32 54 19 32 20 43 21 48 24 58 18 26 48 50 58 72 75 30 60 74 0 14 34 40 39 13 73 48 47 25 25 42 36 27 27 76 71 20 86 40 21 42 26 47 31 62 59 52 50 51 45 6 33 36 64 48 41 24 25 57 44 39 11 57 37 50 61 37 57 41 42 40 
84 51 10 51 37 39 44 74 58 12 63 38 40 33 21 23 86 46 18 72 65 36 42 24 49 40 41 47 41 47 16 34 25 56 19 56 23 55 21 37 56 46 72 85 84 36 72 88 14 0 32 40 51 21 84 61 61 29 22 55 26 17 18 86 85 6 95 52 31 41 18 57 37 67 72 66 64 62 52 18 44 30 69 52 54 33 38 57 55 52 20 60 32 58 75 50 59 44 56 30 
89 66 41 62 7 54 12 58 39 32 79 67 26 5 53 55 66 15 44 45 80 21 11 11 56 43 25 47 66 22 47 12 54 55 51 37 10 24 51 59 38 17 82 85 62 64 63 92 34 32 0 71 69 24 69 62 61 14 54 68 18 46 19 66 90 33 73 49 54 9 49 43 64 40 71 76 72 52 33 40 65 9 41 27 66 58 56 26 76 62 45 30 8 41 77 51 28 15 58 24 
85 47 32 54 75 44 83 100 87 41 54 12 72 72 25 17 113 86 30 107 56 75 81 62 58 58 79 65 26 87 25 71 21 71 21 87 62 95 21 30 86 86 69 92 112 17 91 90 40 40 71 0 44 53 107 74 73 65 19 53 66 32 57 112 85 42 122 72 29 80 28 84 17 101 84 64 65 85 83 36 34 70 104 88 55 24 38 96 40 56 31 97 72 87 81 65 97 81 68 68 
41 5 50 14 68 15 77 67 62 41 12 31 53 66 54 42 82 83 33 86 14 83 74 58 21 31 88 34 18 90 44 61 32 35 43 62 59 91 37 16 62 86 26 50 83 27 55 46 39 51 69 44 0 44 72 35 34 56 45 10 74 58 66 80 42 57 91 39 21 74 54 55 27 81 43 21 22 53 61 33 10 73 84 70 12 22 13 85 10 16 31 82 74 61 38 31 84 70 30 79 
68 42 29 39 25 30 34 53 37 13 55 47 19 22 41 38 65 39 23 54 56 41 31 13 34 22 45 28 42 46 32 19 33 37 34 35 15 48 32 36 35 42 59 67 63 43 51 72 13 21 24 53 44 0 62 43 43 13 38 45 32 38 26 64 70 27 73 32 31 30 38 36 43 48 53 53 50 41 31 18 41 29 50 34 43 35 32 44 52 39 23 44 30 37 58 31 44 29 38 38 
52 66 91 58 62 63 66 11 30 74 71 96 46 64 102 96 14 72 79 40 70 90 64 67 51 48 94 42 84 86 91 58 87 37 93 32 69 74 89 78 31 79 60 39 19 91 17 51 73 84 69 107 72 62 0 37 38 60 97 63 86 100 84 13 53 89 21 35 78 65 100 27 91 40 32 58 54 22 36 74 77 78 42 45 60 83 69 59 81 55 77 52 77 28 43 42 56 56 42 93 
27 30 66 21 58 29 66 34 36 50 34 62 38 57 75 66 48 72 50 59 33 82 62 54 16 21 86 15 49 84 64 51 55 7 64 37 56 79 59 43 36 78 26 24 50 57 20 30 48 61 62 74 35 43 37 0 1 48 67 26 75 75 69 47 29 68 57 14 45 63 73 28 57 56 11 22 18 21 39 46 41 69 59 50 23 49 35 67 44 19 48 62 69 35 16 12 65 55 6 81 
27 29 65 21 58 29 65 35 36 49 34 61 37 56 74 65 49 72 50 59 33 81 62 53 15 20 86 15 48 83 63 51 55 6 63 37 56 78 58 43 36 77 26 24 51 56 21 30 47 61 61 73 34 43 38 1 0 48 67 25 74 74 68 48 29 67 57 13 44 62 72 28 56 56 12 22 18 22 39 45 41 69 59 50 22 48 34 67 43 18 47 62 69 35 16 11 65 55 5 80 
75 53 38 49 12 41 21 49 31 24 66 59 14 9 50 49 59 27 35 44 66 34 19 7 43 30 38 33 55 36 42 6 45 42 45 29 9 35 44 48 30 31 68 72 56 55 52 78 25 29 14 65 56 13 60 48 48 0 49 55 28 45 24 59 77 32 67 36 44 18 46 33 55 38 58 62 59 40 25 31 53 21 40 24 53 48 44 31 64 49 35 32 21 32 64 37 32 16 45 34 
84 47 13 51 58 39 65 88 74 25 57 20 57 54 10 3 101 68 17 92 59 56 64 44 52 49 61 56 29 69 6 54 13 63 4 73 44 77 9 29 73 67 70 89 100 20 83 89 25 22 54 19 45 38 97 67 67 49 0 52 47 15 39 101 85 24 110 62 24 63 11 71 21 86 78 64 63 74 69 23 35 52 88 72 53 22 35 79 45 53 20 80 54 74 78 57 80 64 61 49 
32 6 56 6 67 16 76 59 56 44 11 41 50 65 62 50 73 82 39 80 11 85 73 58 14 27 90 28 27 91 51 60 39 26 50 57 60 90 44 24 56 86 17 39 75 37 46 37 42 55 68 53 10 45 63 26 25 55 52 0 76 64 68 72 33 61 82 32 28 72 61 49 36 76 33 12 12 45 56 37 19 74 78 66 3 31 18 81 19 8 36 78 74 55 28 24 81 67 21 81 
100 73 34 71 25 60 27 76 57 33 85 65 42 23 43 49 84 26 43 63 87 10 27 21 66 55 14 59 66 22 41 29 51 68 45 55 19 34 47 62 56 22 91 98 80 62 79 104 36 26 18 66 74 32 86 75 74 28 47 76 0 36 9 84 102 23 91 63 56 26 39 60 63 57 85 85 82 68 50 42 68 9 58 45 75 58 61 42 80 71 45 47 11 58 90 63 44 33 70 6 
95 59 9 61 52 49 58 91 74 26 70 36 57 48 8 18 103 59 26 89 72 44 57 40 61 55 48 62 43 57 14 50 26 70 16 73 38 68 21 42 73 57 81 98 100 35 88 99 27 17 46 32 58 38 100 75 74 45 15 64 36 0 29 102 96 14 111 67 36 56 4 73 36 83 86 75 74 78 69 29 49 42 85 69 64 36 46 73 59 63 29 75 44 75 87 64 74 59 69 36 
94 65 26 63 26 52 30 74 55 25 77 56 38 23 36 41 83 31 35 64 79 18 30 17 59 48 23 54 58 30 33 27 43 63 37 53 15 40 39 53 54 29 84 93 80 54 75 98 27 18 19 57 66 26 84 69 68 24 39 68 9 29 0 83 95 15 91 57 47 28 32 57 54 58 79 78 75 64 49 33 60 14 60 45 67 50 52 45 71 64 37 49 16 56 84 57 47 34 64 13 
64 75 94 67 59 71 61 13 28 77 81 102 46 61 105 100 2 67 84 30 80 87 59 66 60 54 89 48 92 81 95 56 92 46 97 30 68 68 93 85 29 74 71 51 7 97 27 64 76 86 66 112 80 64 13 47 48 59 101 72 84 102 83 0 66 90 10 42 84 60 102 29 97 32 44 69 65 28 34 78 85 75 33 40 69 89 76 52 90 64 82 44 74 27 54 50 49 52 51 90 
2 38 87 35 87 47 94 56 64 73 33 73 66 85 94 83 68 101 70 85 30 110 91 81 36 47 114 43 60 112 83 79 72 35 82 65 84 107 76 57 64 106 16 15 71 69 40 5 71 85 90 85 42 70 53 29 29 77 85 33 102 96 95 66 0 91 74 42 61 91 93 55 68 83 24 21 22 47 67 67 51 97 85 78 32 63 50 95 47 33 67 90 97 62 14 39 94 84 32 108 
90 57 11 57 38 45 44 79 62 18 69 42 45 35 20 26 91 46 24 75 71 33 43 26 55 47 37 53 46 45 18 37 30 62 22 61 25 55 25 42 61 44 78 91 88 40 78 94 20 6 33 42 57 27 89 68 67 32 24 61 23 14 15 90 91 0 99 58 36 42 16 62 41 70 79 72 70 68 56 25 49 29 71 55 61 38 44 59 61 59 26 62 31 63 81 56 60 46 62 26 
73 85 103 77 66 81 67 23 37 86 91 112 54 69 115 110 9 72 93 33 90 93 65 74 70 64 96 58 102 86 104 64 102 56 107 38 76 72 103 95 38 79 80 59 11 107 37 72 86 95 73 122 91 73 21 57 57 67 110 82 91 111 91 10 74 99 0 52 94 67 111 39 107 36 53 78 75 38 43 88 95 82 37 47 79 99 87 56 100 74 91 49 81 36 63 60 53 58 61 97 
41 34 58 26 44 29 52 29 24 41 43 61 24 44 69 61 43 58 45 48 42 69 49 41 18 13 74 6 50 70 57 38 52 8 59 25 44 65 54 43 24 64 38 36 43 56 21 44 40 52 49 72 39 32 35 14 13 36 62 32 63 67 57 42 42 58 52 0 43 49 66 16 56 44 22 33 29 14 26 40 43 57 47 37 29 48 35 53 49 24 42 49 56 23 29 8 52 41 12 69 
60 23 29 27 56 16 65 71 61 23 33 18 47 53 34 22 85 69 13 82 36 65 62 44 30 30 70 37 11 75 23 50 11 42 22 60 45 79 16 6 60 71 45 65 85 13 63 65 21 31 54 29 21 31 78 45 44 44 24 28 56 36 47 84 61 36 94 43 0 62 33 56 13 77 56 40 39 56 58 14 13 57 79 64 29 5 11 75 24 29 11 75 58 60 54 36 75 60 39 60 
90 71 50 66 6 59 3 54 35 40 83 76 25 9 62 64 60 9 52 37 84 26 1 19 60 46 29 48 73 22 56 13 62 56 59 33 18 17 59 66 34 15 84 84 56 72 61 93 42 41 9 80 74 30 65 63 62 18 63 72 26 56 28 60 91 42 67 49 62 0 58 41 72 32 70 79 75 50 29 48 71 16 33 20 70 65 62 17 82 66 52 21 15 37 78 53 19 9 60 31 
92 56 9 59 54 46 60 91 75 26 66 31 57 50 4 14 103 62 23 90 68 48 59 41 59 53 52 60 39 61 10 52 23 68 12 73 40 71 18 38 73 61 78 96 101 31 87 97 26 18 49 28 54 38 100 73 72 46 11 61 39 4 32 102 93 16 111 66 33 58 0 73 32 84 84 72 71 77 69 27 45 45 86 70 61 32 43 75 55 61 26 77 47 75 85 62 76 61 67 40 
54 50 65 43 37 43 43 17 9 48 59 74 19 38 76 71 30 49 54 32 59 65 40 40 35 26 69 21 64 63 66 32 63 23 68 10 42 54 64 57 9 56 53 45 29 69 20 55 47 57 43 84 55 36 27 28 28 33 71 49 60 73 57 29 55 62 39 16 56 41 73 0 69 28 32 49 45 9 12 49 58 52 31 24 46 61 49 40 65 41 52 35 52 7 42 24 39 32 28 66 
68 30 31 36 67 27 75 84 74 32 38 5 59 63 31 18 98 79 21 95 40 73 73 54 41 43 77 49 9 83 23 62 11 54 21 73 54 89 16 13 73 81 52 75 98 1 75 73 31 37 64 17 27 43 91 57 56 55 21 36 63 36 54 97 68 41 107 56 13 72 32 69 0 89 67 47 48 69 70 25 17 65 92 76 37 8 22 87 24 39 20 87 67 73 64 49 87 71 51 66 
81 77 76 69 33 67 32 31 20 61 87 94 30 36 88 86 31 36 71 6 86 58 30 43 61 50 60 48 86 50 79 33 81 51 82 19 45 36 80 79 20 43 82 72 26 89 45 83 62 67 40 101 81 48 40 56 56 38 86 76 57 83 58 32 83 70 36 44 77 32 84 28 89 0 59 78 73 36 20 66 82 48 3 14 73 81 72 20 91 68 70 12 46 21 70 52 17 24 56 62 
22 38 77 30 66 40 73 33 40 61 40 72 45 65 86 76 45 80 61 62 39 91 70 63 26 32 96 26 59 92 74 59 66 17 75 42 66 85 69 53 41 86 27 14 48 67 17 23 59 72 71 84 43 53 32 11 12 58 78 33 85 86 79 44 24 79 53 22 56 70 84 32 67 59 0 26 23 24 44 57 51 79 62 56 31 60 45 72 52 28 58 67 78 39 11 23 71 62 17 91 
20 17 67 15 73 27 82 57 58 54 14 52 55 71 73 62 70 88 50 81 12 94 79 66 19 32 98 31 38 98 62 66 51 26 61 58 68 96 55 35 57 93 6 29 72 48 42 25 52 66 76 64 21 53 58 22 22 62 64 12 85 75 78 69 21 72 78 33 40 79 72 49 47 78 26 0 4 43 59 48 30 82 80 70 11 42 30 86 27 14 47 82 82 56 19 27 85 72 21 91 
21 17 65 13 70 25 78 53 54 52 17 52 51 68 72 61 67 84 49 77 16 90 75 63 16 29 95 27 39 95 61 63 50 22 61 54 65 92 55 35 53 89 9 28 68 48 38 26 50 64 72 65 22 50 54 18 18 59 63 12 82 74 75 65 22 70 75 29 39 75 71 45 48 73 23 4 0 39 55 46 31 79 76 66 10 42 29 82 29 11 45 78 79 52 17 23 81 69 17 88 
45 47 69 39 46 42 52 15 17 52 55 74 26 46 80 73 30 58 57 38 54 73 49 47 31 26 77 20 63 71 69 40 65 18 71 18 49 63 66 57 17 65 47 36 30 69 12 47 51 62 52 85 53 41 22 21 22 40 74 45 68 78 64 28 47 68 38 14 56 50 77 9 69 36 24 43 39 0 21 52 57 60 38 33 42 61 48 49 62 37 55 43 60 15 34 21 47 41 23 74 
65 57 61 50 26 48 31 26 6 44 67 75 12 27 73 69 35 37 53 25 67 54 28 31 42 31 57 28 67 51 63 22 63 33 66 5 33 42 63 60 5 44 63 58 32 70 33 67 45 52 33 83 61 31 36 39 39 25 69 56 50 69 49 34 67 56 43 26 58 29 69 12 70 20 44 59 55 21 0 48 63 42 22 12 53 62 53 28 71 48 52 23 41 8 53 32 27 20 38 56 
66 32 20 33 42 21 51 66 52 8 45 28 36 39 29 22 79 55 6 71 46 51 49 29 32 26 56 33 25 60 18 37 15 41 19 51 30 64 15 20 51 57 54 69 77 24 60 71 6 18 40 36 33 18 74 46 45 31 23 37 42 29 33 78 67 25 88 40 14 48 27 49 25 66 57 48 46 52 48 0 26 42 68 52 36 18 19 62 38 35 5 62 44 52 58 35 63 47 40 46 
51 13 42 20 66 15 75 72 65 35 21 22 53 63 45 33 86 79 26 87 24 78 72 54 26 32 82 37 8 86 35 59 22 40 34 64 55 89 28 7 64 82 35 58 87 18 61 56 33 44 65 34 10 41 77 41 41 53 35 19 68 49 60 85 51 49 95 43 13 71 45 58 17 82 51 30 31 57 63 26 0 68 85 70 21 13 10 83 11 23 23 82 69 64 47 36 83 68 36 73 
96 71 39 68 16 58 17 67 48 34 84 68 34 14 49 53 75 17 45 53 85 13 18 16 63 50 17 54 68 18 46 20 54 63 49 46 14 26 50 62 47 16 88 93 71 65 72 99 36 30 9 70 73 29 78 69 69 21 52 74 9 42 14 75 97 29 82 57 57 16 45 52 65 48 79 82 79 60 42 42 68 0 49 36 72 60 60 33 79 68 46 37 2 50 85 58 35 24 65 15 
84 79 78 72 34 70 32 33 22 63 89 96 32 37 90 88 32 36 73 4 89 58 31 45 64 53 60 50 89 50 82 34 83 54 85 22 47 35 82 82 23 43 84 74 27 92 47 85 64 69 41 104 84 50 42 59 59 40 88 78 58 85 60 33 85 71 37 47 79 33 86 31 92 3 62 80 76 38 22 68 85 49 0 16 76 84 75 20 93 70 73 12 47 24 72 54 17 26 59 63 
77 66 62 60 20 56 22 34 16 47 77 80 17 22 74 72 40 27 57 20 77 47 19 29 52 40 49 39 74 41 65 19 67 44 68 14 31 31 66 67 16 34 75 69 36 76 44 79 48 52 27 88 70 34 45 50 50 24 72 66 45 69 45 40 78 55 47 37 64 20 70 24 76 14 56 70 66 33 12 52 70 36 16 0 64 68 60 17 80 58 57 12 34 18 65 43 15 12 49 50 
31 7 56 4 65 15 74 56 53 43 14 42 47 63 62 51 71 79 39 77 14 83 71 56 11 24 88 25 29 89 51 58 40 24 50 54 58 88 44 25 53 84 17 38 72 38 43 36 41 54 66 55 12 43 60 23 22 53 53 3 75 64 67 69 32 61 79 29 29 70 61 46 37 73 31 11 10 42 53 36 21 72 76 64 0 32 18 79 21 5 36 76 73 52 26 22 78 65 18 80 
63 25 29 30 60 20 69 76 65 26 34 13 51 56 32 20 90 73 15 87 37 68 66 47 33 35 73 41 8 78 22 54 9 46 20 65 48 82 15 7 64 75 48 69 90 8 67 67 24 33 58 24 22 35 83 49 48 48 22 31 58 36 50 89 63 38 99 48 5 65 32 61 8 81 60 42 42 61 62 18 13 60 84 68 32 0 14 79 23 33 14 79 61 65 57 41 80 64 43 62 
50 13 38 16 56 6 65 63 55 27 25 27 43 53 44 32 78 70 21 77 27 70 62 45 19 23 75 28 15 77 33 49 22 32 32 55 46 79 26 9 54 73 35 55 78 22 53 54 25 38 56 38 13 32 69 35 34 44 35 18 61 46 52 76 50 44 87 35 11 62 43 49 22 72 45 30 29 48 53 19 10 60 75 60 18 14 0 74 20 19 18 72 61 54 44 27 73 58 29 65 
93 81 67 75 21 70 15 49 33 56 92 90 32 25 79 80 51 17 67 24 93 40 15 34 68 55 41 55 86 30 72 25 77 61 76 31 35 16 75 79 32 24 91 86 46 86 60 96 57 57 26 96 85 44 59 67 67 31 79 81 42 73 45 52 95 59 56 53 75 17 75 40 87 20 72 86 82 49 28 62 83 33 20 17 79 79 74 0 93 74 67 7 30 34 82 59 3 15 65 46 
47 15 52 23 76 24 85 77 72 46 15 28 63 73 55 42 92 90 37 95 17 89 83 65 31 40 94 44 16 97 46 70 33 44 44 72 66 99 38 18 71 93 31 57 92 25 64 52 44 55 76 40 10 52 81 44 43 64 45 19 80 59 71 90 47 61 100 49 24 82 55 65 24 91 52 27 29 62 71 38 11 79 93 80 21 23 20 93 0 26 35 91 81 71 46 41 93 78 40 84 
32 11 54 3 60 14 69 51 48 41 19 44 42 58 62 51 66 75 38 72 19 80 66 52 6 19 85 20 31 85 50 53 40 19 50 49 54 83 44 26 48 79 20 36 67 40 39 36 39 52 62 56 16 39 55 19 18 49 53 8 71 63 64 64 33 59 74 24 29 66 61 41 39 68 28 14 11 37 48 35 23 68 70 58 5 33 19 74 26 0 34 71 69 47 25 16 73 60 14 77 
66 31 20 33 47 20 55 69 56 12 43 24 40 43 28 19 83 59 3 76 44 55 53 34 33 29 60 36 21 64 16 41 11 43 17 55 35 69 12 17 55 61 53 70 81 20 63 71 11 20 45 31 31 23 77 48 47 35 20 36 45 29 37 82 67 26 91 42 11 52 26 52 20 70 58 47 45 55 52 5 23 46 73 57 36 14 18 67 35 34 0 67 48 56 59 37 67 51 41 50 
88 78 69 72 24 68 20 42 27 56 89 91 29 27 81 81 44 24 67 17 90 46 20 36 64 52 48 51 85 37 74 26 77 56 77 25 37 23 76 78 26 31 87 80 39 86 54 90 57 60 30 97 82 44 52 62 62 32 80 78 47 75 49 44 90 62 49 49 75 21 77 35 87 12 67 82 78 43 23 62 82 37 12 12 76 79 72 7 91 71 67 0 35 28 76 55 5 16 61 51 
96 72 41 69 15 59 15 66 47 35 84 69 34 14 51 55 74 15 46 51 85 13 16 16 63 50 17 54 69 17 47 20 56 63 51 45 14 24 52 63 46 14 88 92 70 66 71 99 37 32 8 72 74 30 77 69 69 21 54 74 11 44 16 74 97 31 81 56 58 15 47 52 67 46 78 82 79 60 41 44 69 2 47 34 73 61 61 30 81 69 48 35 0 49 85 58 33 22 65 16 
60 57 66 49 34 49 39 18 2 50 66 78 18 35 78 74 28 45 58 25 66 62 36 39 41 31 65 27 69 58 68 30 67 30 70 4 41 49 67 62 3 52 60 52 26 73 26 62 50 58 41 87 61 37 28 35 35 32 74 55 58 75 56 27 62 63 36 23 60 37 75 7 73 21 39 56 52 15 8 52 64 50 24 18 52 65 54 34 71 47 56 28 49 0 49 31 32 28 35 64 
12 34 78 27 74 39 81 44 50 63 33 69 53 72 86 76 56 87 62 72 31 97 78 69 26 36 102 31 55 99 75 67 65 22 75 52 72 94 69 51 50 93 18 11 59 64 28 14 61 75 77 81 38 58 43 16 16 64 78 28 90 87 84 54 14 81 63 29 54 78 85 42 64 70 11 19 17 34 53 58 47 85 72 65 26 57 44 82 46 25 59 76 85 49 0 27 80 71 20 96 
38 26 54 18 48 21 56 36 32 38 35 54 28 46 64 56 51 62 40 56 35 71 53 42 10 9 75 4 42 73 53 41 46 6 54 32 45 69 48 36 31 68 32 36 51 49 26 41 37 50 51 65 31 31 42 12 11 37 57 24 63 64 57 50 39 56 60 8 36 53 62 24 49 52 23 27 23 21 32 35 36 58 54 43 22 41 27 59 41 16 37 55 58 31 27 0 58 46 7 69 
92 80 68 74 22 69 17 46 30 56 92 91 31 26 80 81 48 20 67 21 92 43 17 35 67 54 44 54 86 33 73 26 77 59 77 29 36 19 75 79 30 27 90 84 43 87 58 94 57 59 28 97 84 44 56 65 65 32 80 81 44 74 47 49 94 60 53 52 75 19 76 39 87 17 71 85 81 47 27 63 83 35 17 15 78 80 73 3 93 73 67 5 33 32 80 58 0 16 64 48 
82 66 53 61 8 55 11 45 26 40 78 75 18 11 65 65 52 17 51 30 79 35 8 20 54 41 38 42 70 31 58 10 61 49 61 24 21 23 60 64 25 24 78 76 47 71 52 85 41 44 15 81 70 29 56 55 55 16 64 67 33 59 34 52 84 46 58 41 60 9 61 32 71 24 62 72 69 41 20 47 68 24 26 12 65 64 58 15 78 60 51 16 22 28 71 46 16 0 53 39 
30 25 60 16 55 23 63 38 37 44 31 56 35 53 69 60 52 69 44 60 31 78 60 50 10 16 82 11 43 80 57 48 49 5 58 37 52 76 52 37 36 75 26 29 53 51 25 34 42 56 58 68 30 38 42 6 5 45 61 21 70 69 64 51 32 62 61 12 39 60 67 28 51 56 17 21 17 23 38 40 36 65 59 49 18 43 29 65 40 14 41 61 65 35 20 7 64 53 0 76 
106 78 36 76 31 65 31 82 63 38 90 68 48 29 44 51 90 29 47 68 92 8 32 27 72 60 11 65 71 22 44 35 55 74 47 61 25 36 50 66 62 24 97 105 86 66 86 110 40 30 24 68 79 38 93 81 80 34 49 81 6 36 13 90 108 26 97 69 60 31 40 66 66 62 91 91 88 74 56 46 73 15 63 50 80 62 65 46 84 77 50 51 16 64 96 69 48 39 76 0 
0 76 163 29 58 0 434 42 21 72 3000 3000 2296 0 1247 120 78 0 84 312 63 3000 373 0 0 47 0 34 0 93 0 96 0 23 325 37 1314 874 3000 0 8 0 717 0 0 2729 35 32 70 0 0 2087 2170 0 9 0 3000 717 0 0 9 0 1146 0 30 0 29 0 990 78 0 817 78 90 0 0 63 133 1787 0 0 13 13 426 73 35 543 32 133 692 0 150 1545 0 2759 0 0 0 3000 2357 
76 0 32 61 0 78 59 31 7 377 305 242 1226 331 558 0 327 14 603 189 27 82 25 361 16 22 0 190 1694 30 597 9 707 101 272 537 16 1082 185 920 788 163 37 1889 470 68 232 824 233 140 98 162 16 0 621 156 148 29 7 0 104 0 234 0 99 0 85 263 63 111 476 52 179 687 18 14 1949 77 148 19 3000 360 24 27 42 3000 182 49 239 13 0 1244 187 820 68 0 0 331 59 88 
163 32 0 145 0 0 222 29 87 60 10 45 1774 16 26 0 7 104 0 2321 285 604 120 2691 259 39 0 237 0 11 262 165 0 1341 194 27 22 20 131 769 303 14 10 767 25 288 29 312 20 50 523 2023 71 0 76 0 111 24 186 0 55 0 14 0 897 0 12 659 99 111 0 64 27 379 9 120 18 3000 75 777 53 46 78 10 29 140 186 33 31 325 0 124 1502 62 256 0 0 37 278 8 
29 61 145 0 45 0 78 12 883 690 57 102 42 0 62 0 208 0 585 16 52 634 498 0 0 3000 0 13 0 308 0 41 0 727 46 345 346 119 914 0 23 0 704 0 0 3000 137 535 494 0 0 142 654 0 52 0 998 11 0 0 52 0 31 0 199 0 223 0 13 23 0 479 228 76 0 0 13 122 415 0 0 124 37 107 262 386 2891 387 284 21 0 1427 8 0 37 0 0 0 0 32 
58 0 0 45 0 73 0 0 137 0 0 19 57 0 19 8 280 0 238 0 67 83 45 0 3000 0 0 87 10 0 31 1517 0 50 124 0 37 70 918 0 30 1254 8 0 0 0 51 812 10 0 0 1100 15 0 0 0 0 578 263 59 252 79 280 1193 67 209 0 0 13 25 0 49 2033 118 0 109 21 66 291 28 0 319 0 47 883 0 65 135 9 508 325 63 1874 290 312 21 20 0 12 7 
0 78 0 0 73 0 538 451 0 0 0 0 324 241 0 513 110 29 16 0 157 0 372 70 509 0 52 359 45 19 516 0 698 0 3000 0 0 983 0 42 0 20 86 19 0 1629 33 30 26 0 215 0 0 3000 0 489 0 0 7 29 24 3000 0 15 7 8 0 33 3000 197 265 156 0 10 0 19 687 7 453 168 69 0 18 112 22 18 0 63 848 28 1290 481 2757 111 169 144 465 568 28 3000 
434 59 222 78 0 538 0 15 220 33 30 696 197 204 12 0 512 203 95 313 266 742 89 12 341 17 0 20 71 161 157 3000 1655 27 15 26 55 381 206 94 41 357 1983 37 19 68 1709 67 57 9 17 455 300 0 98 112 46 3000 563 0 105 0 13 417 14 0 1028 29 201 353 2337 28 17 13 47 1272 453 513 42 264 440 162 270 716 92 293 3000 9 41 226 0 73 897 14 293 0 0 434 261 873 
42 31 29 12 0 451 15 0 74 90 341 122 305 164 103 0 143 83 8 623 461 34 1008 956 57 45 0 49 0 284 259 18 1132 103 697 39 684 28 47 100 27 81 57 276 8 513 882 53 71 14 323 65 706 0 34 26 50 319 3000 0 113 0 107 0 202 0 100 1145 178 153 380 54 127 156 261 144 185 138 272 162 89 605 109 28 155 91 112 272 244 120 0 64 744 40 25 0 0 403 103 9 
21 7 87 883 137 0 220 74 0 20 227 18 30 16 45 0 628 242 91 50 72 147 11 37 69 33 0 77 0 284 145 13 0 14 60 34 159 292 340 51 289 56 131 1833 9 52 36 552 12 205 283 13 41 0 577 0 16 174 26 0 67 0 41 0 3000 0 190 366 401 8 0 274 381 974 180 82 117 2409 7 9 32 560 127 302 11 3000 13 35 498 50 0 3000 23 369 440 0 0 120 1204 132 
72 377 60 690 0 0 33 90 20 0 38 253 227 216 81 0 10 9 14 3000 44 16 246 856 579 21 0 242 0 21 1209 249 0 49 73 15 589 39 36 396 192 10 7 29 29 30 1489 16 382 25 276 76 637 0 14 0 82 57 111 0 2451 0 12 0 148 0 143 158 106 184 0 1203 25 8 14 12 149 83 900 1768 36 614 43 37 3000 723 86 21 31 394 0 491 68 11 1148 0 0 634 1237 1427 
3000 305 10 57 0 0 30 341 227 38 0 21 53 32 0 0 21 72 0 66 1041 178 72 174 0 29 0 54 0 279 26 336 0 3000 19 245 2678 1123 77 349 115 0 591 101 21 932 83 134 23 391 240 170 505 0 680 0 373 146 10 0 973 0 20 0 482 0 58 35 8 333 0 2063 80 29 83 50 25 17 0 149 14 3000 201 38 103 34 273 608 29 264 0 114 3000 371 164 0 0 937 0 861 
3000 242 45 102 19 0 696 122 18 253 21 0 68 0 88 499 11 0 279 921 53 93 820 0 0 779 0 209 0 17 56 148 0 25 1680 124 34 9 44 0 3000 0 129 0 0 0 1246 1368 175 0 0 60 162 0 10 0 19 98 0 287 272 25 1389 15 990 0 0 0 454 36 0 7 231 863 0 0 171 45 31 37 0 18 15 13 36 76 69 49 64 311 18 3000 15 0 659 285 32 0 39 21 
2296 1226 1774 42 57 324 197 305 30 227 53 68 0 215 16 12 15 347 135 242 99 17 151 0 7 13 0 489 34 1878 1404 8 0 24 3000 154 27 7 613 126 3000 140 22 0 0 90 20 2084 67 0 35 113 87 0 123 0 0 51 424 3000 342 149 397 123 36 48 43 0 233 321 0 66 32 57 0 25 1074 328 18 42 1380 10 33 52 272 102 29 312 27 8 376 1380 1572 107 514 842 127 0 65 16 
0 331 16 0 0 241 204 164 16 216 32 0 215 0 0 0 20 695 189 157 80 0 1160 725 271 12 74 310 144 24 76 0 10 0 124 14 0 67 0 378 2249 19 1556 15 33 23 125 24 18 164 90 18 0 20 39 26 3000 0 66 0 233 0 0 10 2690 14 337 18 104 1316 475 117 0 58 3000 814 1080 84 0 458 75 0 7 36 13 1918 0 462 144 9 0 28 417 13 46 0 0 179 256 230 
1247 558 26 62 19 0 12 103 45 81 0 88 16 0 0 409 20 0 21 176 278 1427 366 0 0 14 0 33 0 312 0 34 0 61 45 114 36 378 30 0 2157 0 904 0 0 0 321 10 26 0 0 27 181 0 168 0 0 28 0 52 10 3000 965 84 16 0 0 0 8 20 0 16 80 0 0 0 2432 12 1135 0 0 2222 0 310 1321 0 1332 113 19 166 86 41 2627 0 1604 105 9 0 56 143 
120 0 0 0 8 513 0 0 0 0 0 499 12 0 409 0 678 0 10 0 580 1443 533 0 32 0 0 490 2824 0 52 10 0 0 160 0 0 2207 90 0 9 34 1639 0 0 0 92 0 20 0 0 0 0 0 0 0 0 0 15 2016 317 603 0 54 605 276 0 0 759 64 0 274 48 0 0 426 0 1994 136 208 0 36 0 0 2982 0 169 424 0 20 49 1954 140 0 26 1085 81 0 12 2741 
78 327 7 208 280 110 512 143 628 10 21 11 15 20 20 678 0 99 69 3000 10 80 548 106 42 3000 0 14 132 11 8 11 0 180 836 375 291 89 71 49 54 32 154 15 3000 263 2851 8 665 658 31 207 14 0 492 0 727 9 403 0 12 0 222 113 31 122 47 82 49 28 0 2093 145 1849 506 869 177 22 26 543 42 25 19 31 106 432 23 17 144 669 3000 44 1046 31 75 0 0 60 29 8 
0 14 104 0 0 29 203 83 242 9 72 0 347 695 0 0 99 0 357 0 527 0 179 156 892 9 3000 167 16 78 220 0 24 0 17 64 0 287 0 66 0 3000 36 8 1718 15 44 332 44 19 258 0 0 40 0 13 148 0 49 0 131 0 0 23 0 630 390 38 527 69 8 19 0 11 397 21 113 36 0 86 1767 0 56 7 140 333 0 26 12 741 94 643 473 12 0 0 0 42 31 77 
84 603 0 585 238 16 95 8 91 14 0 279 135 189 21 10 69 357 0 0 299 158 134 0 2104 0 361 153 103 102 85 235 0 113 248 0 0 21 3000 104 9 29 2576 8 0 1485 234 133 266 0 243 138 0 0 0 24 0 506 154 110 253 152 0 10 24 60 0 0 63 17 0 66 114 11 0 31 14 361 36 22 0 212 22 531 128 0 70 537 20 10 23 51 236 138 10 49 148 38 35 21 
312 189 2321 16 0 0 313 623 50 3000 66 921 242 157 176 0 3000 0 0 0 1138 208 113 0 0 2165 0 1113 0 302 2746 252 0 29 26 2270 1964 419 130 1355 9 0 13 0 2403 8 492 72 86 34 12 22 71 0 105 0 120 80 0 0 33 0 142 0 75 0 20 223 20 71 0 10 300 287 337 0 30 57 46 1467 299 231 18 311 250 715 134 13 2643 555 0 471 67 0 184 0 0 0 0 26 
63 27 285 52 67 157 266 461 72 44 1041 53 99 80 278 580 10 527 299 1138 0 8 38 11 1218 1513 541 19 11 535 70 3000 92 22 12 78 47 112 3000 37 24 50 967 319 47 286 12 19 170 9 91 111 260 12 326 125 1485 459 943 34 82 66 3000 25 233 21 1308 55 187 3000 279 38 20 11 15 23 64 46 193 758 49 8 20 1335 1168 57 317 12 621 148 147 426 2343 21 41 2939 23 140 61 26 
3000 82 604 634 83 0 742 34 147 16 178 93 17 0 1427 1443 80 0 158 208 8 0 60 0 0 17 0 9 0 49 153 43 0 172 1126 29 28 129 19 0 240 0 150 0 140 10 164 17 152 9 740 17 295 0 51 0 28 819 0 0 248 0 41 0 70 0 8 0 447 85 0 38 465 14 0 0 29 296 2111 72 10 86 28 468 389 49 193 469 2523 23 0 279 48 0 124 0 0 0 38 17 
373 25 120 498 45 372 89 1008 11 246 72 820 151 1160 366 533 548 179 134 113 38 60 0 47 650 132 28 100 48 11 306 360 18 3000 200 51 10 81 9 872 89 3000 11 1542 49 475 72 1381 750 86 15 219 1999 0 747 10 44 1453 706 0 54 0 935 86 59 3000 7 1041 432 8 164 80 11 17 43 1381 781 522 83 22 28 72 285 165 99 663 1061 383 27 127 12 23 7 3000 124 0 3000 309 490 132 
0 361 2691 0 0 70 12 956 37 856 174 0 0 725 0 0 106 156 0 0 11 0 47 0 125 15 23 358 369 130 18 0 80 0 1963 7 0 91 0 124 0 51 34 152 30 10 153 194 563 17 39 0 0 390 21 198 440 0 11 0 29 0 0 47 0 163 216 199 34 1349 59 13 0 277 8 30 493 7 0 444 42 0 161 783 287 492 0 9 1084 0 0 377 469 388 0 0 0 15 116 121 
0 16 259 0 3000 509 341 57 69 579 0 0 7 271 0 32 42 892 2104 0 1218 0 650 125 0 0 3000 39 356 72 58 0 36 0 1044 0 0 106 0 865 0 52 61 452 0 11 39 523 68 0 30 0 0 21 0 347 0 0 533 20 41 17 0 28 39 61 19 8 385 26 61 3000 0 77 0 289 3000 38 235 57 8 0 10 2210 301 184 0 8 20 298 10 16 18 39 52 114 69 93 10 103 
47 22 39 3000 0 0 17 45 33 21 29 779 13 12 14 0 3000 9 0 2165 1513 17 132 15 0 0 0 109 0 269 124 78 0 96 2361 454 181 113 31 106 15 0 40 19 27 65 294 21 38 438 273 276 903 0 269 0 157 51 517 0 141 0 372 0 3000 0 155 32 8 25 0 158 948 743 10 1295 1043 18 0 122 1056 935 58 404 646 188 964 16 15 50 0 226 288 121 10 0 0 103 0 588 
0 0 0 0 0 52 0 0 0 0 0 0 0 74 0 0 0 3000 361 0 541 0 28 23 3000 0 0 295 15 0 11 0 23 0 8 0 0 50 0 3000 0 126 83 790 0 274 57 0 31 0 63 0 0 3000 0 106 0 0 66 0 60 0 0 403 0 24 0 9 130 123 12 52 0 89 0 148 0 15 0 1165 176 0 38 0 0 0 0 0 0 0 785 0 91 98 0 0 883 78 8 1180 
34 190 237 13 87 359 20 49 77 242 54 209 489 310 33 490 14 167 153 1113 19 9 100 358 39 109 295 0 1111 347 100 18 356 937 803 41 136 12 714 491 2692 1050 174 3000 124 71 904 304 8 9 943 20 379 0 113 369 1424 41 1012 2080 26 749 56 12 581 414 44 13 60 33 25 37 23 48 14 100 18 200 3000 96 553 2642 215 2514 28 207 3000 10 10 173 526 102 87 2681 139 1980 43 77 349 1277 
0 1694 0 0 10 45 71 0 0 0 0 0 34 144 0 2824 132 16 103 0 11 0 48 369 356 0 15 1111 0 0 53 0 14 0 1319 0 0 240 0 254 0 7 74 14 0 489 140 136 106 0 611 0 0 15 0 1008 0 0 21 15 14 290 0 15 373 316 0 12 31 771 373 893 0 11 0 175 74 33 568 1729 96 0 125 0 0 0 0 253 170 139 769 363 12 38 687 100 12 145 997 355 
93 30 11 308 0 19 161 284 284 21 279 17 1878 24 312 0 11 78 102 302 535 49 11 130 72 269 0 347 0 0 7 282 162 167 179 941 715 83 41 1391 148 98 139 562 9 11 3000 25 84 61 816 62 1787 0 49 204 76 115 73 0 40 0 373 0 322 0 747 311 28 38 1069 34 3000 981 26 13 32 14 49 40 20 126 614 233 550 98 14 11 49 76 0 39 332 1251 378 0 0 370 331 15 
0 597 262 0 31 516 157 259 145 1209 26 56 1404 76 0 52 8 220 85 2746 70 153 306 18 58 124 11 100 53 7 0 1363 47 2071 733 88 9 30 25 1051 111 36 25 28 1038 96 15 195 665 245 50 3000 0 96 70 237 16 0 1070 0 262 0 0 59 14 58 61 71 2096 85 299 149 0 126 81 13 202 498 410 40 10 0 57 273 657 21 0 1465 898 9 588 244 163 53 77 421 263 99 43 23 
96 9 165 41 1517 0 3000 18 13 249 336 148 8 0 34 10 11 0 235 252 3000 43 360 0 0 78 0 18 0 282 1363 0 0 67 96 77 85 15 347 0 10 0 16 0 0 0 23 52 89 0 0 908 21 0 9 0 0 26 97 10 12 234 194 257 236 258 0 0 63 60 0 34 645 920 0 0 95 2143 45 101 0 111 74 830 117 0 130 23 120 57 817 231 55 0 531 36 14 0 251 51 
0 707 0 0 0 698 1655 1132 0 0 0 0 0 10 0 0 0 24 0 0 92 0 18 80 36 0 23 356 14 162 47 0 0 0 810 0 0 53 0 49 0 508 38 176 0 1896 7 9 278 0 25 0 0 117 0 83 0 0 17 0 54 0 0 76 0 16 32 106 3000 9 149 9 0 20 0 3000 0 150 0 304 845 0 91 0 0 769 0 0 36 0 0 0 28 267 0 0 0 149 172 1022 
23 101 1341 727 50 0 27 103 14 49 3000 25 24 0 61 0 180 0 113 29 22 172 3000 0 0 96 0 937 0 167 2071 67 0 0 155 177 146 1994 265 0 18 0 98 0 47 651 2254 28 116 330 1169 131 15 0 240 0 55 2108 0 0 327 0 16 0 247 0 27 0 766 2576 0 172 74 16 533 0 100 34 526 422 38 34 66 410 2637 30 38 797 22 11 0 194 43 0 195 0 0 0 85 44 
325 272 194 46 124 3000 15 697 60 73 19 1680 3000 124 45 160 836 17 248 26 12 1126 200 1963 1044 2361 8 803 1319 179 733 96 810 155 0 66 581 26 1511 12 210 48 174 121 369 36 33 605 910 502 35 40 476 104 53 188 34 1299 84 194 382 917 678 1913 894 84 161 365 558 20 299 417 122 363 68 61 9 576 67 65 48 111 734 698 660 194 261 388 1006 344 104 73 20 854 727 298 8 451 51 833 
37 537 27 345 0 0 26 39 34 15 245 124 154 14 114 0 375 64 0 2270 78 29 51 7 0 454 0 41 0 941 88 77 0 177 66 0 14 103 19 23 142 0 12 376 26 1401 22 85 1777 96 150 1418 2191 0 256 0 1738 298 313 0 1144 0 10 0 3000 0 109 46 684 101 0 993 551 29 41 1058 422 322 1345 3000 46 31 78 3000 13 10 696 16 357 14 0 87 865 191 32 0 0 689 0 129 
1314 16 22 346 37 0 55 684 159 589 2678 34 27 0 36 0 291 0 0 1964 47 28 10 0 0 181 0 136 0 715 9 85 0 146 581 14 0 77 88 0 23 0 20 0 1266 919 3000 911 70 3000 715 509 406 0 9 0 11 12 0 0 65 0 29 0 20 0 110 0 412 85 0 467 75 1590 94 0 37 8 129 54 111 36 274 288 84 64 240 57 10 12 0 654 40 0 13 0 0 0 0 289 
874 1082 20 119 70 983 381 28 292 39 1123 9 7 67 378 2207 89 287 21 419 112 129 81 91 106 113 50 12 240 83 30 15 53 1994 26 103 77 0 13 9 63 9 950 560 0 72 41 29 717 0 21 101 0 77 466 28 97 0 697 176 80 22 0 867 9 166 11 38 15 8 45 774 21 623 0 36 56 38 18 129 27 711 93 125 7 344 12 295 127 7 24 23 33 91 28 44 134 2058 66 59 
3000 185 131 914 918 0 206 47 340 36 77 44 613 0 30 90 71 0 3000 130 3000 19 9 0 0 31 0 714 0 41 25 347 0 265 1511 19 88 13 0 0 12 0 348 0 14 44 1108 30 46 0 707 21 127 0 285 0 1628 2299 665 0 31 0 123 0 38 0 73 0 35 359 0 120 28 117 0 0 82 26 943 24 147 314 151 271 117 401 1164 894 11 279 971 52 41 0 74 268 102 0 1057 16 
0 920 769 0 0 42 94 100 51 396 349 0 126 378 0 0 49 66 104 1355 37 0 872 124 865 106 3000 491 254 1391 1051 0 49 0 12 23 0 9 0 0 12 207 159 446 51 204 253 43 121 527 23 316 0 45 15 46 90 0 951 0 368 0 0 145 14 622 102 162 69 31 331 786 0 380 27 25 135 60 0 3000 205 0 19 24 547 214 0 86 898 185 32 20 7 341 54 0 0 29 15 574 
8 788 303 23 30 0 41 27 289 192 115 3000 3000 2249 2157 9 54 0 9 9 24 240 89 0 0 15 0 2692 0 148 111 10 0 18 210 142 23 63 12 12 0 0 565 0 8 48 145 13 549 264 179 9 424 0 1400 0 32 79 297 0 55 0 26 0 187 0 162 0 555 259 0 34 311 1780 47 0 125 34 464 17 1432 11 116 1178 243 15 184 33 21 39 0 36 86 0 497 0 0 0 130 476 
0 163 14 0 1254 20 357 81 56 10 0 0 140 19 0 34 32 3000 29 0 50 0 3000 51 52 0 126 1050 7 98 36 0 508 0 48 0 0 9 0 207 0 0 246 34 0 295 1361 1554 226 0 9 0 0 972 0 211 0 0 9 28 7 32 0 57 333 217 27 158 93 18 54 354 0 12 0 26 43 1267 62 106 40 0 138 72 8 3000 0 8 9 609 154 41 16 93 208 459 302 30 28 90 
717 37 10 704 8 86 1983 57 131 7 591 129 22 1556 904 1639 154 36 2576 13 967 150 11 34 61 40 83 174 74 139 25 16 38 98 174 12 20 950 348 159 565 246 0 146 858 203 62 50 230 543 130 52 41 309 2522 36 50 128 299 61 788 3000 25 33 93 219 83 11 81 289 776 273 39 389 61 38 17 837 73 143 235 12 1061 864 1532 126 573 1281 17 652 429 3000 10 42 59 2588 47 25 378 86 
0 1889 767 0 0 19 37 276 1833 29 101 0 0 15 0 0 15 8 8 0 319 0 1542 152 452 19 790 3000 14 562 28 0 176 0 121 376 0 560 0 446 0 34 146 0 459 10 9 537 33 48 13 0 0 1517 0 3000 260 0 487 0 34 0 0 73 0 169 1141 1586 162 33 12 72 0 721 489 20 22 460 0 223 339 0 235 53 48 502 0 38 16 24 0 2065 48 311 0 0 0 64 34 410 
0 470 25 0 0 0 19 8 9 29 21 0 0 33 0 0 3000 1718 0 2403 47 140 49 30 0 27 0 124 0 9 1038 0 0 47 369 26 1266 0 14 51 8 0 858 459 0 591 71 186 0 83 164 57 0 0 263 0 697 0 0 0 62 0 0 0 2352 0 9 65 0 0 0 803 0 1473 80 0 658 1799 0 18 13 0 401 18 255 37 0 0 11 0 0 12 0 31 399 0 0 389 0 18 
2729 68 288 3000 0 1629 68 513 52 30 932 0 90 23 0 0 263 15 1485 8 286 10 475 10 11 65 274 71 489 11 96 0 1896 651 36 1401 919 72 44 204 48 295 203 10 591 0 2199 37 66 393 351 201 0 13 177 90 12 0 2636 0 167 0 0 223 28 2964 2271 180 8 794 104 41 0 61 210 59 184 10 0 1202 2125 0 11 744 19 419 0 3000 15 11 0 17 42 29 9 0 0 57 9 820 
35 232 29 137 51 33 1709 882 36 1489 83 1246 20 125 321 92 2851 44 234 492 12 164 72 153 39 294 57 904 140 3000 15 23 7 2254 33 22 3000 41 1108 253 145 1361 62 9 71 2199 0 3000 36 51 99 180 457 94 19 9 31 13 80 13 7 23 31 11 53 3000 1916 1882 54 152 67 11 159 14 37 10 16 97 227 559 56 424 2162 25 82 1488 872 9 997 262 445 38 18 67 151 12 244 13 3000 459 
32 824 312 535 812 30 67 53 552 16 134 1368 2084 24 10 0 8 332 133 72 19 17 1381 194 523 21 0 304 136 25 195 52 9 28 605 85 911 29 30 43 13 1554 50 537 186 37 3000 0 85 9 3000 133 8 0 36 52 329 15 56 0 241 0 38 401 184 0 170 1932 281 44 51 145 62 91 19 146 48 1621 23 17 216 3000 71 41 155 12 11 638 271 30 0 35 99 37 144 0 0 96 15 277 
70 233 20 494 10 26 57 71 12 382 23 175 67 18 26 20 665 44 266 86 170 152 750 563 68 38 31 8 106 84 665 89 278 116 910 1777 70 717 46 121 549 226 230 33 0 66 36 85 0 0 46 17 429 0 132 228 29 184 20 2194 12 10 169 8 205 1753 22 520 247 94 124 165 1787 146 0 45 456 97 214 60 19 131 25 13 626 989 257 26 46 78 13 120 500 619 576 34 85 1110 9 43 
0 140 50 0 0 0 9 14 205 25 391 0 0 164 0 0 658 19 0 34 9 9 86 17 0 438 0 9 0 61 245 0 0 330 502 96 3000 0 0 527 264 0 543 48 83 393 51 9 0 0 38 1276 0 0 9 0 235 0 0 0 61 0 0 0 0 0 163 177 0 0 0 109 0 53 55 0 23 190 0 0 9 0 7 107 258 2088 0 0 89 0 0 9 0 63 151 0 0 87 0 299 
0 98 523 0 0 215 17 323 283 276 240 0 35 90 0 0 31 258 243 12 91 740 15 39 30 273 63 943 611 816 50 0 25 1169 35 150 715 21 707 23 179 9 130 13 164 351 99 3000 46 38 0 611 0 176 440 1608 1750 0 142 0 13 0 0 48 95 798 9 10 39 62 229 69 0 1531 49 9 20 1487 1917 33 2348 0 575 940 440 27 0 129 43 381 24 596 29 11 18 0 0 256 34 652 
2087 162 2023 142 1100 0 455 65 13 76 170 60 113 18 27 0 207 0 138 22 111 17 219 0 0 276 0 20 0 62 3000 908 0 131 40 1418 509 101 21 316 9 0 52 0 57 201 180 133 17 1276 611 0 62 0 12 0 194 76 0 0 51 0 782 0 556 0 631 0 141 1419 0 77 14 78 370 0 13 57 266 9 43 3000 167 51 192 714 77 2697 32 21 0 12 25 0 148 0 0 0 61 33 
2170 16 71 654 15 0 300 706 41 637 505 162 87 0 181 0 14 0 0 71 260 295 1999 0 0 903 0 379 0 1787 0 21 0 15 476 2191 406 0 127 0 424 0 41 0 0 0 457 8 429 0 0 62 0 0 8 0 0 183 0 0 46 0 3000 0 131 0 0 0 120 9 0 194 109 0 0 0 23 142 185 0 0 8 0 785 8 0 263 20 210 298 0 9 0 0 399 0 0 0 0 205 
0 0 0 0 0 3000 0 0 0 0 0 0 0 20 0 0 0 40 0 0 12 0 0 390 21 0 3000 0 15 0 96 0 117 0 104 0 0 77 0 45 0 972 309 1517 0 13 94 0 0 0 176 0 0 0 0 2576 0 0 12 0 83 0 0 269 0 167 0 592 95 441 705 68 0 3000 0 413 0 589 0 9 46 0 3000 0 0 0 0 0 0 0 0 0 107 125 0 0 0 35 2531 7 
9 621 76 52 0 0 98 34 577 14 680 10 123 39 168 0 492 0 0 105 326 51 747 21 0 269 0 113 0 49 70 9 0 240 53 256 9 466 285 15 1400 0 2522 0 263 177 19 36 132 9 440 12 8 0 0 0 11 132 0 0 208 0 198 0 86 0 192 554 19 118 0 753 8 32 24 0 572 36 8 22 55 120 136 17 21 516 1490 47 41 971 0 731 21 0 12 0 0 0 0 89 
0 156 0 0 0 489 112 26 0 0 0 0 0 26 0 0 0 13 24 0 125 0 10 198 347 0 106 369 1008 204 237 0 83 0 188 0 0 28 0 46 0 211 36 3000 0 90 9 52 228 0 1608 0 0 2576 0 0 0 0 74 0 333 0 0 301 0 862 67 1031 85 3000 715 8 0 617 0 392 0 32 0 15 155 0 30 0 0 35 0 0 2946 583 17 0 82 461 0 0 50 77 8 95 
3000 148 111 998 0 0 46 50 16 82 373 19 0 3000 0 0 727 148 0 120 1485 28 44 440 0 157 0 1424 0 76 16 0 0 55 34 1738 11 97 1628 90 32 0 50 260 697 12 31 329 29 235 1750 194 0 0 11 0 0 0 0 0 2312 0 0 0 747 0 24 27 345 0 0 995 197 213 75 118 83 282 0 8 236 76 14 382 116 2954 372 1436 19 0 0 15 0 214 2896 0 0 1370 0 84 
717 29 24 11 578 0 3000 319 174 57 146 98 51 0 28 0 9 0 506 80 459 819 1453 0 0 51 0 41 0 115 0 26 0 2108 1299 298 12 0 2299 0 79 0 128 0 0 0 13 15 184 0 0 76 183 0 132 0 0 0 0 0 35 0 25 0 18 0 0 0 197 84 0 17 183 0 0 0 63 62 130 0 0 1912 0 123 344 0 544 55 736 1628 0 27 0 0 1271 0 0 0 0 202 
0 7 186 0 263 7 563 3000 26 111 10 0 424 66 0 15 403 49 154 0 943 0 706 11 533 517 66 1012 21 73 1070 97 17 0 84 313 0 697 665 951 297 9 299 487 0 2636 80 56 20 0 142 0 0 12 0 74 0 0 0 981 673 8 0 199 232 121 34 241 302 445 2334 11 0 17 0 31 470 972 16 1093 2796 0 494 12 124 29 0 143 311 55 64 41 65 20 813 114 434 729 116 69 
0 0 0 0 59 29 0 0 0 0 0 287 3000 0 52 2016 0 0 110 0 34 0 0 0 20 0 0 2080 15 0 0 10 0 0 194 0 0 176 0 0 0 28 61 0 0 0 13 0 2194 0 0 0 0 0 0 0 0 0 981 0 0 458 0 1535 15 105 0 0 11 263 0 201 0 0 0 325 0 168 9 90 0 0 0 0 0 0 3000 17 0 58 612 0 438 0 9 164 20 0 28 2627 
9 104 55 52 252 24 105 113 67 2451 973 272 342 233 10 317 12 131 253 33 82 248 54 29 41 141 60 26 14 40 262 12 54 327 382 1144 65 80 31 368 55 7 788 34 62 167 7 241 12 61 13 51 46 83 208 333 2312 35 673 0 0 0 0 41 425 685 79 436 1187 21 288 483 18 13 16 71 32 49 37 1163 86 69 427 20 57 3000 15 276 161 306 8 33 353 26 9 2517 327 8 456 104 
0 0 0 0 79 3000 0 0 0 0 0 25 149 0 3000 603 0 0 152 0 66 0 0 0 17 0 0 749 290 0 0 234 0 0 917 0 0 22 0 0 0 32 3000 0 0 0 23 0 10 0 0 0 0 0 0 0 0 0 8 458 0 0 0 12 51 359 0 0 42 876 0 49 628 0 0 11 0 595 503 898 0 0 0 0 0 0 81 174 0 719 13 0 15 0 55 10 985 0 78 1198 
1146 234 14 31 280 0 13 107 41 12 20 1389 397 0 965 0 222 0 0 142 3000 41 935 0 0 372 0 56 0 373 0 194 0 16 678 10 29 0 123 0 26 0 25 0 0 0 31 38 169 0 0 782 3000 0 198 0 0 25 0 0 0 0 0 0 51 0 0 0 237 1211 0 0 599 0 0 0 571 290 1350 0 0 314 0 226 8 0 148 569 36 72 0 413 0 0 102 0 0 0 0 474 
0 0 0 0 1193 15 417 0 0 0 0 15 123 10 84 54 113 23 10 0 25 0 86 47 28 0 403 12 15 0 59 257 76 0 1913 0 0 867 0 145 0 57 33 73 0 223 11 401 8 0 48 0 0 269 0 301 0 0 199 1535 41 12 0 0 33 27 0 8 138 16 33 111 0 8 0 376 8 451 95 34 27 0 84 125 156 0 0 819 602 635 178 738 17 506 18 27 569 709 227 190 
30 99 897 199 67 7 14 202 3000 148 482 990 36 2690 16 605 31 0 24 75 233 70 59 0 39 3000 0 581 373 322 14 236 0 247 894 3000 20 9 38 14 187 333 93 0 2352 28 53 184 205 0 95 556 131 0 86 0 747 18 232 15 425 51 51 33 0 219 76 53 1909 1398 0 22 181 25 0 1033 41 39 252 22 1691 281 2235 43 55 227 18 572 167 34 423 12 323 14 36 61 2375 0 41 51 
0 0 0 0 209 8 0 0 0 0 0 0 48 14 0 276 122 630 60 0 21 0 3000 163 61 0 24 414 316 0 58 258 16 0 84 0 0 166 0 622 0 217 219 169 0 2964 3000 0 1753 0 798 0 0 167 0 862 0 0 121 105 685 359 0 27 219 0 0 400 33 22 1614 13 0 349 0 92 0 131 550 27 14 0 42 0 0 0 0 404 67 19 553 0 1872 24 2310 21 308 97 248 19 
29 85 12 223 0 0 1028 100 190 143 58 0 43 337 0 0 47 390 0 20 1308 8 7 216 19 155 0 44 0 747 61 0 32 27 161 109 110 11 73 102 162 27 83 1141 9 2271 1916 170 22 163 9 631 0 0 192 67 24 0 34 0 79 0 0 0 76 0 0 27 16 13 70 135 0 106 3000 36 27 385 0 27 373 0 26 2386 11 1066 0 300 134 0 0 67 158 546 8 0 0 48 0 235 
0 263 659 0 0 33 29 1145 366 158 35 0 0 18 0 0 82 38 0 223 55 0 1041 199 8 32 9 13 12 311 71 0 106 0 365 46 0 38 0 162 0 158 11 1586 65 180 1882 1932 520 177 10 0 0 592 554 1031 27 0 241 0 436 0 0 8 53 400 27 0 75 32 23 172 0 195 22 46 299 1026 0 11 407 0 341 14 17 88 0 411 1294 0 0 28 20 89 134 0 0 116 11 12 
990 63 99 13 13 3000 201 178 401 106 8 454 233 104 8 759 49 527 63 20 187 447 432 34 385 8 130 60 31 28 2096 63 3000 766 558 684 412 15 35 69 555 93 81 162 0 8 54 281 247 0 39 141 120 95 19 85 345 197 302 11 1187 42 237 138 1909 33 16 75 0 10 96 10 58 111 0 39 8 99 187 377 98 21 1044 13 1236 35 27 36 36 3000 8 938 277 30 36 273 25 60 8 65 
78 111 111 23 25 197 353 153 8 184 333 36 321 1316 20 64 28 69 17 71 3000 85 8 1349 26 25 123 33 771 38 85 60 9 2576 20 101 85 8 359 31 259 18 289 33 0 794 152 44 94 0 62 1419 9 441 118 3000 0 84 445 263 21 876 1211 16 1398 22 13 32 10 0 11 32 11 1575 0 2562 9 30 220 181 258 29 106 199 12 83 18 1552 70 127 793 150 183 17 1146 50 20 30 114 81 
0 476 0 0 0 265 2337 380 0 0 0 0 0 475 0 0 0 8 0 0 279 0 164 59 61 0 12 25 373 1069 299 0 149 0 299 0 0 45 0 331 0 54 776 12 0 104 67 51 124 0 229 0 0 705 0 715 0 0 2334 0 288 0 0 33 0 1614 70 23 96 11 0 97 0 108 0 21 0 392 0 18 39 0 15 0 0 41 0 0 11 0 0 0 201 235 0 0 0 211 753 1688 
817 52 64 479 49 156 28 54 274 1203 2063 7 66 117 16 274 2093 19 66 10 38 38 80 13 3000 158 52 37 893 34 149 34 9 172 417 993 467 774 120 786 34 354 273 72 803 41 11 145 165 109 69 77 194 68 753 8 995 17 11 201 483 49 0 111 22 13 135 172 10 32 97 0 161 2133 179 30 111 485 185 110 40 485 67 534 219 3000 12 8 33 34 119 10 58 111 51 13 2718 299 15 166 
78 179 27 228 2033 0 17 127 381 25 80 231 32 0 80 48 145 0 114 300 20 465 11 0 0 948 0 23 0 3000 0 645 0 74 122 551 75 21 28 0 311 0 39 0 0 0 159 62 1787 0 0 14 109 0 8 0 197 183 0 0 18 628 599 0 181 0 0 0 58 11 0 161 0 107 0 0 44 229 106 1511 0 193 685 9 1719 1035 1516 176 250 150 704 12 13 0 13 220 992 0 109 92 
90 687 379 76 118 10 13 156 974 8 29 863 57 58 0 0 1849 11 11 287 11 14 17 277 77 743 89 48 11 981 126 920 20 16 363 29 1590 623 117 380 1780 12 389 721 1473 61 14 91 146 53 1531 78 0 3000 32 617 213 0 17 0 13 0 0 8 25 349 106 195 111 1575 108 2133 107 0 159 75 865 11 373 25 1444 122 92 10 426 18 84 266 23 114 160 191 700 69 2397 0 17 151 11 128 
0 18 9 0 0 0 47 261 180 14 83 0 0 3000 0 0 506 397 0 337 15 0 43 8 0 10 0 14 0 26 81 0 0 533 68 41 94 0 0 27 47 0 61 489 80 210 37 19 0 55 49 370 0 0 24 0 75 0 0 0 16 0 0 0 0 0 3000 22 0 0 0 179 0 159 0 0 16 864 0 0 81 0 385 2962 31 444 0 0 261 0 0 59 0 196 134 0 0 19 0 128 
0 14 120 0 109 19 1272 144 82 12 50 0 25 814 0 426 869 21 31 0 23 0 1381 30 289 1295 148 100 175 13 13 0 3000 0 61 1058 0 36 0 25 0 26 38 20 0 59 10 146 45 0 9 0 0 413 0 392 118 0 31 325 71 11 0 376 1033 92 36 46 39 2562 21 30 0 75 0 0 36 148 398 23 147 0 59 43 76 291 0 116 8 3000 10 152 270 82 9 40 201 382 1001 18 
63 1949 18 13 21 687 453 185 117 149 25 171 1074 1080 2432 0 177 113 14 30 64 29 781 493 3000 1043 0 18 74 32 202 95 0 100 9 422 37 56 82 135 125 43 17 22 658 184 16 48 456 23 20 13 23 0 572 0 83 63 470 0 32 0 571 8 41 0 27 299 8 9 0 111 44 865 16 36 0 29 1412 28 568 1025 70 44 40 62 15 1298 17 1661 567 53 2605 11 223 0 0 848 219 58 
133 77 3000 122 66 7 513 138 2409 83 17 45 328 84 12 1994 22 36 361 57 46 296 522 7 38 18 15 200 33 14 498 2143 150 34 576 322 8 38 26 60 34 1267 837 460 1799 10 97 1621 97 190 1487 57 142 589 36 32 282 62 972 168 49 595 290 451 39 131 385 1026 99 30 392 485 229 11 864 148 29 0 88 139 67 10 32 33 2672 54 198 129 118 586 189 48 8 1929 655 48 124 208 10 77 
1787 148 75 415 291 453 42 272 7 900 0 31 18 0 1135 136 26 0 36 46 193 2111 83 0 235 0 0 3000 568 49 410 45 0 526 67 1345 129 18 943 0 464 62 73 0 0 0 227 23 214 0 1917 266 185 0 8 0 0 130 16 9 37 503 1350 95 252 550 0 0 187 220 0 185 106 373 0 398 1412 88 0 1090 0 126 121 10 71 0 2455 21 17 38 285 1653 17 11 531 584 13 0 60 32 
0 19 777 0 28 168 264 162 9 1768 149 37 42 458 0 208 543 86 22 1467 758 72 22 444 57 122 1165 96 1729 40 40 101 304 422 65 3000 54 129 24 3000 17 106 143 223 18 1202 559 17 60 0 33 9 0 9 22 15 8 0 1093 90 1163 898 0 34 22 27 27 11 377 181 18 110 1511 25 0 23 28 139 1090 0 52 0 56 3000 669 104 180 49 302 143 8 1285 416 10 166 120 785 2639 390 144 
0 3000 53 0 0 69 440 89 32 36 14 0 1380 75 0 0 42 1767 0 299 49 10 28 42 8 1056 176 553 96 20 10 0 845 38 48 46 111 27 147 205 1432 40 235 339 13 2125 56 216 19 9 2348 43 0 46 55 155 236 0 2796 0 86 0 0 27 1691 14 373 407 98 258 39 40 0 1444 81 147 568 67 0 52 0 0 350 101 240 27 0 8 957 21 0 30 3000 128 1495 0 0 138 8 40 
13 360 46 124 319 0 162 605 560 614 3000 18 10 0 2222 36 25 0 212 231 8 86 72 0 0 935 0 2642 0 126 0 111 0 34 111 31 36 711 314 0 11 0 12 0 0 0 424 3000 131 0 0 3000 8 0 120 0 76 1912 0 0 69 0 314 0 281 0 0 0 21 29 0 485 193 122 0 0 1025 10 126 0 0 0 93 689 282 613 1055 35 119 57 93 15 1733 0 562 1665 0 0 1814 950 
13 24 78 37 0 18 270 109 127 43 201 15 33 7 0 0 19 56 22 18 20 28 285 161 10 58 38 215 125 614 57 74 91 66 734 78 274 93 151 19 116 138 1061 235 401 11 2162 71 25 7 575 167 0 3000 136 30 14 0 494 0 427 0 0 84 2235 42 26 341 1044 106 15 67 685 92 385 59 70 32 121 56 350 93 0 50 16 12 174 19 12 3000 0 58 21 101 200 0 0 53 16 1972 
426 27 10 107 47 112 716 28 302 37 38 13 52 36 310 0 31 7 531 311 1335 468 165 783 2210 404 0 2514 0 233 273 830 0 410 698 3000 288 125 271 24 1178 72 864 53 18 744 25 41 13 107 940 51 785 0 17 0 382 123 12 0 20 0 226 125 43 0 2386 14 13 199 0 534 9 10 2962 43 44 33 10 3000 101 689 50 0 77 1145 12 17 74 612 15 25 25 289 247 0 0 12 261 398 
73 42 29 262 883 22 92 155 11 3000 103 36 272 13 1321 2982 106 140 128 250 1168 389 99 287 301 646 0 28 0 550 657 117 0 2637 660 13 84 7 117 547 243 8 1532 48 255 19 82 155 626 258 440 192 8 0 21 0 116 344 124 0 57 0 8 156 55 0 11 17 1236 12 0 219 1719 426 31 76 40 2672 71 669 240 282 16 77 0 10 234 116 8 369 502 12 14 293 293 0 0 412 2974 3000 
35 3000 140 386 0 18 293 91 3000 723 34 76 102 1918 0 0 432 333 0 715 57 49 663 492 184 188 0 207 0 98 21 0 769 30 194 10 64 344 401 214 15 3000 126 502 37 419 1488 12 989 2088 27 714 0 0 516 35 2954 0 29 0 3000 0 0 0 227 0 1066 88 35 83 41 3000 1035 18 444 291 62 54 0 104 27 613 12 1145 10 0 77 394 40 52 0 167 250 23 101 0 0 240 143 35 
543 182 186 2891 65 0 3000 112 13 86 273 69 29 0 1332 169 23 0 70 134 317 193 1061 0 0 964 0 3000 0 14 0 130 0 38 261 696 240 12 1164 0 184 0 573 0 0 0 872 11 257 0 0 77 263 0 1490 0 372 544 0 3000 15 81 148 0 18 0 0 0 27 18 0 12 1516 84 0 0 15 198 2455 180 0 1055 174 12 234 77 0 19 2063 88 3000 8 59 0 14 294 121 0 491 658 
32 49 33 387 135 63 9 272 35 21 608 49 312 462 113 424 17 26 537 13 12 469 383 9 8 16 0 10 253 11 1465 23 0 797 388 16 57 295 894 86 33 8 1281 38 0 3000 9 638 26 0 129 2697 20 0 47 0 1436 55 143 17 276 174 569 819 572 404 300 411 36 1552 0 8 176 266 0 116 1298 129 21 49 8 35 19 17 116 394 19 0 9 87 84 2312 72 68 229 124 301 38 501 65 
133 239 31 284 9 848 41 244 498 31 29 64 27 144 19 0 144 12 20 2643 621 2523 27 1084 20 15 0 10 170 49 898 120 36 22 1006 357 10 127 11 898 21 9 17 16 11 15 997 271 46 89 43 32 210 0 41 2946 19 736 311 0 161 0 36 602 167 67 134 1294 36 70 11 33 250 23 261 8 17 118 17 302 957 119 12 74 8 40 2063 9 0 92 0 37 9 246 60 0 0 23 22 276 
692 13 325 21 508 28 226 120 50 394 264 311 8 9 166 20 669 741 10 555 148 23 127 0 298 50 0 173 139 76 9 57 0 11 344 14 12 7 279 185 39 609 652 24 0 11 262 30 78 0 381 21 298 0 971 583 0 1628 55 58 306 719 72 635 34 19 0 0 3000 127 0 34 150 114 0 3000 1661 586 38 143 21 57 3000 612 369 52 88 87 92 0 21 11 22 444 915 14 270 105 97 18 
0 0 0 0 325 1290 0 0 0 0 0 18 376 0 86 49 3000 94 23 0 147 0 12 0 10 0 785 526 769 0 588 817 0 0 104 0 0 24 971 32 0 154 429 0 0 0 445 0 13 0 24 0 0 0 0 17 0 0 64 612 8 13 0 178 423 553 0 0 8 793 0 119 704 160 0 10 567 189 285 8 0 93 0 15 502 0 3000 84 0 21 0 1080 21 270 31 36 12 0 74 13 
150 1244 124 1427 63 481 73 64 3000 491 114 3000 1380 28 41 1954 44 643 51 471 426 279 23 377 16 226 0 102 363 39 244 231 0 194 73 87 654 23 52 20 36 41 3000 2065 12 17 38 35 120 9 596 12 9 0 731 0 15 27 41 0 33 0 413 738 12 0 67 28 938 150 0 10 12 191 59 152 53 48 1653 1285 30 15 58 25 12 167 8 2312 37 11 1080 0 202 756 62 0 0 293 173 141 
1545 187 1502 8 1874 2757 897 744 23 68 3000 15 1572 417 2627 140 1046 473 236 67 2343 48 7 469 18 288 91 87 12 332 163 55 28 43 20 865 40 33 41 7 86 16 10 48 0 42 18 99 500 0 29 25 0 107 21 82 0 0 65 438 353 15 0 17 323 1872 158 20 277 183 201 58 13 700 0 270 2605 8 17 416 3000 1733 21 25 14 250 59 72 9 22 21 202 0 2688 11 35 21 349 22 595 
0 820 62 0 290 111 14 40 369 11 371 0 107 13 0 0 31 12 138 0 21 0 3000 388 39 121 98 2681 38 1251 53 0 267 0 854 191 0 91 0 341 0 93 42 311 31 29 67 37 619 63 11 0 0 125 0 461 214 0 20 0 26 0 0 506 14 24 546 89 30 17 235 111 0 69 196 82 11 1929 11 10 128 0 101 289 293 23 0 68 246 444 270 756 2688 0 25 105 369 24 54 23 
2759 68 256 37 312 169 293 25 440 1148 164 659 514 46 1604 26 75 0 10 184 41 124 124 0 52 10 0 139 687 378 77 531 0 195 727 32 13 28 74 54 497 208 59 0 399 9 151 144 576 151 18 148 399 0 12 0 2896 1271 813 9 9 55 102 18 36 2310 8 134 36 1146 0 51 13 2397 134 9 223 655 531 166 1495 562 200 247 293 101 14 229 60 915 31 62 11 25 0 1809 34 0 77 1668 
0 0 0 0 21 144 0 0 0 0 0 285 842 0 105 1085 0 0 49 0 2939 0 0 0 114 0 0 1980 100 0 421 36 0 0 298 0 0 44 268 0 0 459 2588 0 0 0 12 0 34 0 0 0 0 0 0 0 0 0 114 164 2517 10 0 27 61 21 0 0 273 50 0 13 220 0 0 40 0 48 584 120 0 1665 0 0 0 0 294 124 0 14 36 0 35 105 1809 0 79 0 649 78 
0 0 0 0 20 465 0 0 0 0 0 32 127 0 9 81 0 0 148 0 23 0 3000 0 69 0 883 43 12 0 263 14 0 0 8 0 0 134 102 0 0 302 47 0 0 0 244 0 85 0 0 0 0 0 0 50 0 0 434 20 327 985 0 569 2375 308 0 0 25 20 0 2718 992 17 0 201 0 124 13 785 0 0 0 0 0 0 121 301 0 270 12 0 21 369 34 79 0 0 125 53 
0 331 37 0 0 568 434 403 120 634 937 0 0 179 0 0 60 42 38 0 140 0 309 15 93 103 78 77 145 370 99 0 149 0 451 689 0 2058 0 29 0 30 25 64 389 57 13 96 1110 87 256 0 0 35 0 77 1370 0 729 0 8 0 0 709 0 97 48 116 60 30 211 299 0 151 19 382 848 208 0 2639 138 0 53 12 412 240 0 38 23 105 0 293 349 24 0 0 0 0 136 2924 
3000 59 278 0 12 28 261 103 1204 1237 0 39 65 256 56 12 29 31 35 0 61 38 490 116 10 0 8 349 997 331 43 251 172 85 51 0 0 66 1057 15 130 28 378 34 0 9 3000 15 9 0 34 61 0 2531 0 8 0 0 116 28 456 78 0 227 41 248 0 11 8 114 753 15 109 11 0 1001 219 10 60 390 8 1814 16 261 2974 143 491 501 22 97 74 173 22 54 77 649 125 136 0 51 
2357 88 8 32 7 3000 873 9 132 1427 861 21 16 230 143 2741 8 77 21 26 26 17 132 121 103 588 1180 1277 355 15 23 51 1022 44 833 129 289 59 16 574 476 90 86 410 18 820 459 277 43 299 652 33 205 7 89 95 84 202 69 2627 104 1198 474 190 51 19 235 12 65 81 1688 166 92 128 128 18 58 77 32 144 40 950 1972 398 3000 35 658 65 276 18 13 141 595 23 1668 78 53 2924 51 0 
