100
0 58 69 21 39 106 35 88 28 94 26 74 110 68 49 92 33 64 12 69 63 66 77 94 69 75 63 79 29 62 116 79 31 48 42 86 73 19 69 72 21 67 93 29 55 93 35 88 60 51 65 36 8 68 64 61 65 65 108 68 45 27 46 17 37 41 21 73 36 95 33 75 80 65 82 74 51 111 16 55 51 91 52 49 52 51 84 64 30 71 19 13 39 34 39 36 32 17 34 74 
58 0 29 76 46 58 37 36 43 39 74 72 65 56 72 50 27 61 48 20 6 9 21 89 76 17 71 23 33 41 67 83 49 32 71 80 79 49 19 31 77 42 62 30 36 38 47 30 24 49 71 37 51 19 50 12 63 69 59 71 17 58 21 66 21 26 43 41 31 92 63 60 56 24 49 54 56 65 72 25 16 62 26 75 57 38 83 80 52 13 39 56 73 24 42 33 46 42 60 28 
69 29 0 90 71 79 61 57 65 56 91 100 88 85 97 75 47 89 57 47 33 34 23 118 104 35 99 22 53 70 86 111 72 23 94 109 106 68 13 59 90 71 89 41 64 57 70 43 53 77 99 61 63 11 78 40 91 97 78 99 42 79 23 82 36 28 49 13 33 121 85 89 84 5 77 83 83 87 85 54 45 90 54 99 84 66 112 106 74 32 51 72 95 39 67 57 69 52 83 54 
21 76 90 0 46 119 46 103 38 110 13 74 121 73 44 104 50 67 33 84 80 84 96 94 67 93 61 98 45 71 129 77 37 68 36 86 70 29 89 86 1 77 101 49 65 108 42 105 73 57 63 47 27 88 70 78 67 65 122 67 61 28 67 13 56 61 42 93 57 93 31 80 87 85 92 80 54 123 5 68 67 98 65 42 54 60 82 58 35 88 39 21 31 53 47 49 40 38 34 88 
39 46 71 46 0 74 10 61 12 70 37 36 76 29 26 58 26 26 39 45 47 50 67 57 35 58 29 69 22 26 84 44 9 60 25 48 38 20 64 42 47 31 56 37 20 67 4 69 32 12 30 10 34 64 25 41 27 29 78 32 30 18 51 33 37 49 45 81 48 59 20 36 42 66 46 35 14 78 43 27 31 53 24 29 15 15 47 35 11 55 34 28 29 35 4 14 7 39 16 46 
106 58 79 119 74 0 73 22 81 24 111 70 10 57 92 17 74 66 99 39 52 49 56 74 81 45 80 58 77 50 10 80 83 90 96 68 80 90 67 34 120 45 32 84 54 23 77 37 47 66 78 72 99 68 55 48 68 75 4 74 63 92 79 106 76 84 98 92 88 78 94 54 42 77 31 48 73 9 116 52 56 35 54 97 73 60 76 91 85 48 90 99 101 77 72 70 80 95 90 33 
35 37 61 46 10 73 0 57 8 65 40 45 75 35 35 58 16 34 32 39 39 42 58 66 45 51 39 60 12 27 83 54 12 49 33 57 48 17 55 40 47 33 58 27 20 63 9 62 27 20 40 2 28 55 30 34 35 39 76 41 21 21 40 33 26 39 36 70 38 68 26 42 46 56 48 40 24 77 43 22 23 56 19 38 24 16 57 45 15 47 25 26 36 24 7 5 9 30 23 42 
88 36 57 103 61 22 57 0 65 10 97 68 30 52 83 21 55 60 80 19 30 27 35 78 77 22 74 37 59 40 31 79 68 68 85 70 78 74 45 19 104 36 39 64 42 7 63 18 30 56 73 56 80 46 48 27 62 70 23 70 43 78 57 90 55 62 77 70 66 82 81 52 41 54 30 45 63 30 99 35 37 41 38 87 64 47 77 85 71 26 71 82 90 57 58 54 65 75 77 15 
28 43 65 38 12 81 8 65 0 73 32 48 83 40 33 66 18 37 28 47 46 48 64 69 46 57 40 66 12 34 91 56 7 50 29 60 50 10 60 47 39 40 65 27 27 70 8 69 35 24 41 9 22 59 36 41 39 41 83 43 26 15 43 26 29 40 33 73 38 70 20 47 52 60 55 46 25 85 35 30 30 63 27 35 26 23 59 44 9 54 22 18 30 26 11 11 6 27 18 50 
94 39 56 110 70 24 65 10 73 0 105 77 34 61 92 28 61 70 85 26 33 30 33 87 86 23 84 34 66 49 31 88 76 69 94 80 87 81 44 29 111 46 47 68 51 3 72 13 38 65 83 64 87 45 57 33 72 80 23 80 49 86 59 98 59 65 82 68 70 91 89 61 51 54 39 55 73 33 106 43 43 49 46 96 73 56 86 94 79 27 76 89 98 62 66 61 73 80 85 24 
26 74 91 13 37 111 40 97 32 105 0 62 112 62 32 95 47 55 37 79 77 80 94 81 54 89 49 96 41 62 121 64 29 71 23 74 58 25 88 78 14 68 91 50 57 102 34 101 67 47 51 41 29 88 60 73 55 53 114 55 58 19 68 9 55 63 46 96 59 81 19 69 77 86 83 70 43 114 14 61 62 88 59 30 43 52 70 45 26 85 40 18 18 52 39 43 32 41 23 81 
74 72 100 74 36 70 45 68 48 77 62 0 67 17 31 54 60 12 75 60 70 71 89 21 11 76 14 91 57 31 78 11 43 93 39 13 10 55 90 50 75 33 40 72 36 74 40 82 49 25 11 44 69 91 22 62 10 9 74 7 59 47 83 62 70 83 81 111 83 23 43 17 29 95 40 23 23 69 73 46 56 36 46 35 22 34 12 23 43 75 70 61 45 68 39 48 43 75 41 56 
110 65 88 121 76 10 75 30 83 34 112 67 0 55 91 17 79 63 104 45 59 56 65 68 77 53 77 67 81 50 12 75 84 97 96 63 77 93 75 38 122 45 27 89 56 32 79 46 51 66 75 74 102 76 54 54 65 72 13 71 68 93 86 108 81 90 103 100 94 72 94 51 39 85 30 46 72 3 118 55 61 31 58 95 73 61 71 88 86 56 95 101 101 83 74 73 81 100 90 38 
68 56 85 73 29 57 35 52 40 61 62 17 55 0 37 40 48 9 67 43 54 54 72 33 25 60 23 75 46 15 65 28 37 80 42 24 26 49 74 34 74 16 30 61 21 58 32 66 32 16 22 34 62 75 6 46 11 19 61 18 44 44 69 60 57 70 71 96 70 36 43 7 16 80 26 9 19 57 71 31 40 26 31 41 19 21 28 34 39 58 60 56 48 56 30 36 36 65 39 39 
49 72 97 44 26 92 35 83 33 92 32 31 91 37 0 76 50 28 55 69 73 75 92 50 23 83 18 95 45 44 102 33 25 83 8 43 26 34 90 64 46 48 67 60 42 90 26 93 56 27 20 36 48 90 38 67 27 22 96 25 55 23 75 34 61 73 63 105 71 49 16 42 53 92 62 45 20 94 45 51 56 63 49 4 19 37 38 14 24 80 53 37 14 58 30 40 28 57 16 68 
92 50 75 104 58 17 58 21 66 28 95 54 17 40 76 0 61 49 86 30 44 42 54 60 64 41 63 57 64 33 26 64 67 82 80 54 64 75 63 21 105 28 19 73 39 25 62 38 33 50 62 57 85 64 38 39 51 59 21 58 51 76 71 91 65 74 86 88 78 64 77 37 26 72 14 32 56 19 101 38 44 21 40 80 57 44 61 74 69 43 77 84 85 66 57 56 64 82 73 22 
33 27 47 50 26 74 16 55 18 61 47 60 79 48 50 61 0 48 25 36 30 34 47 80 61 43 55 49 6 37 84 69 25 34 47 71 64 23 42 41 50 41 66 13 29 60 24 56 28 34 55 16 25 41 42 28 50 54 76 56 12 32 25 39 11 23 25 55 23 82 39 54 55 42 54 50 39 80 46 24 18 65 22 53 40 27 72 61 28 39 16 29 48 9 22 12 23 21 36 42 
64 61 89 67 26 66 34 60 37 70 55 12 63 9 28 49 48 0 65 50 59 60 78 32 17 66 14 81 45 21 74 22 33 82 34 23 18 45 79 42 68 24 38 61 25 67 29 73 38 14 13 33 59 80 13 51 2 10 70 10 47 39 71 54 58 71 70 100 71 34 36 14 25 84 35 18 13 66 66 35 44 35 35 32 13 23 23 25 34 65 59 52 40 57 28 36 32 64 33 47 
12 48 57 33 39 99 32 80 28 85 37 75 104 67 55 86 25 65 0 61 53 56 66 96 73 65 67 67 23 59 109 83 33 35 49 88 76 21 57 66 33 64 90 18 51 84 36 78 53 51 68 34 8 56 62 53 66 68 101 70 36 33 34 28 26 29 9 60 24 98 40 74 77 53 78 72 53 105 28 49 43 88 46 56 53 48 86 69 33 60 9 20 47 24 38 32 33 5 39 66 
69 20 47 84 45 39 39 19 47 26 79 60 45 43 69 30 36 50 61 0 15 13 29 74 67 16 63 32 40 29 49 71 51 52 70 66 69 55 35 12 85 28 43 45 27 24 47 24 13 43 62 38 62 36 38 9 52 60 41 61 25 61 41 72 36 45 59 60 49 78 64 46 39 43 30 39 50 46 81 18 18 43 21 73 51 32 71 73 54 16 52 64 74 38 41 36 48 56 60 8 
63 6 33 80 47 52 39 30 46 33 77 70 59 54 73 44 30 59 53 15 0 4 19 86 75 12 71 22 36 39 61 81 51 38 72 77 77 52 21 26 81 39 57 35 35 32 48 25 21 49 70 39 55 22 48 8 61 68 52 69 20 60 27 69 27 32 49 45 37 90 65 57 52 28 44 51 56 59 76 24 17 57 25 76 57 38 81 80 54 8 44 60 75 29 43 35 48 48 62 23 
66 9 34 84 50 49 42 27 48 30 80 71 56 54 75 42 34 60 56 13 4 0 18 86 76 9 72 21 39 39 58 82 54 41 74 77 78 56 22 25 84 39 56 39 36 29 50 22 22 50 71 41 59 23 48 9 62 69 49 70 23 63 30 72 30 35 53 47 40 90 68 57 51 30 43 51 57 56 79 25 19 56 26 79 58 39 82 81 57 5 48 63 77 33 46 38 51 51 64 21 
77 21 23 96 67 56 58 35 64 33 94 89 65 72 92 54 47 78 66 29 19 18 0 103 94 14 90 3 53 57 63 100 70 40 91 95 96 70 12 41 96 57 70 48 54 34 67 20 40 68 89 57 70 13 66 27 80 87 55 88 38 79 33 86 40 39 60 35 45 107 84 75 68 22 58 69 75 65 92 43 36 71 44 96 76 57 100 99 73 14 58 76 94 43 62 54 67 60 81 36 
94 89 118 94 57 74 66 78 69 87 81 21 68 33 50 60 80 32 96 74 86 86 103 0 27 90 32 106 77 48 80 17 64 113 58 9 24 76 107 63 95 47 42 93 54 84 61 94 65 46 31 65 90 108 39 78 30 29 78 27 77 68 102 82 89 102 102 129 103 5 63 29 37 113 48 35 44 70 93 64 73 38 64 52 43 53 12 37 64 90 91 82 64 88 60 68 64 96 61 68 
69 76 104 67 35 81 45 77 46 86 54 11 77 25 23 64 61 17 73 67 75 76 94 27 0 83 6 97 57 38 89 10 40 95 31 21 4 52 95 58 68 41 51 73 41 83 38 90 55 27 6 45 66 95 29 68 15 7 85 7 62 42 85 56 71 84 80 114 84 26 37 27 39 99 50 33 22 80 67 51 60 47 51 26 21 38 15 12 40 81 69 56 37 69 39 49 41 73 35 64 
75 17 35 93 58 45 51 22 57 23 89 76 53 60 83 41 43 66 65 16 12 9 14 90 83 0 79 16 48 45 53 87 63 47 83 82 85 65 22 27 93 44 57 48 43 23 59 13 28 58 78 50 68 23 54 17 69 76 44 77 32 72 37 82 39 43 61 48 48 94 77 62 54 32 45 56 65 53 89 32 28 58 34 87 66 47 87 89 66 5 56 72 86 41 54 46 59 60 73 22 
63 71 99 61 29 80 39 74 40 84 49 14 77 23 18 63 55 14 67 63 71 72 90 32 6 79 0 93 51 35 89 16 34 89 26 25 10 45 90 55 62 38 52 67 36 81 32 87 51 22 2 39 60 90 27 63 12 5 84 7 56 36 79 50 65 78 73 109 77 33 31 27 39 94 49 32 16 80 61 47 55 48 46 21 15 33 21 11 33 77 62 50 32 63 33 43 34 67 29 61 
79 23 22 98 69 58 60 37 66 34 96 91 67 75 95 57 49 81 67 32 22 21 3 106 97 16 93 0 55 60 65 102 72 40 93 97 99 72 12 44 98 59 73 49 56 35 69 21 42 71 92 60 71 13 69 29 83 90 57 91 40 81 34 88 42 40 61 34 46 110 86 78 71 21 61 71 78 66 93 46 38 74 47 98 79 60 102 102 75 16 59 78 96 45 65 56 69 62 83 38 
29 33 53 45 22 77 12 59 12 66 41 57 81 46 45 64 6 45 23 40 36 39 53 77 57 48 51 55 0 36 87 66 19 38 41 68 60 17 48 44 45 41 67 16 28 64 19 61 31 31 51 12 21 47 40 33 47 51 80 53 17 26 30 33 16 28 25 61 27 79 33 53 55 48 55 50 35 83 40 26 23 65 24 47 36 26 68 56 22 44 15 24 42 14 18 10 17 20 30 45 
62 41 70 71 26 50 27 40 34 49 62 31 50 15 44 33 37 21 59 29 39 39 57 48 38 45 35 60 36 0 59 43 34 67 47 39 40 44 60 21 72 5 31 50 8 46 29 52 18 17 34 26 56 60 9 31 24 31 53 32 31 43 55 58 44 57 62 82 58 51 44 19 19 65 21 14 24 52 69 16 26 29 17 48 24 12 42 45 37 44 51 52 52 44 24 27 32 56 40 26 
116 67 86 129 84 10 83 31 91 31 121 78 12 65 102 26 84 74 109 49 61 58 63 80 89 53 89 65 87 59 0 87 93 99 106 75 88 100 74 44 130 54 39 94 64 30 87 44 57 76 87 82 109 76 64 58 76 84 8 83 73 102 88 116 85 93 108 99 97 85 103 62 50 84 40 57 82 9 126 62 66 43 64 106 83 69 83 99 95 56 100 109 111 87 82 80 90 105 99 43 
79 83 111 77 44 80 54 79 56 88 64 11 75 28 33 64 69 22 83 71 81 82 100 17 10 87 16 102 66 43 87 0 50 103 41 14 7 62 101 62 78 44 49 82 47 85 47 93 60 35 15 53 76 102 34 73 20 15 84 13 69 52 93 66 80 92 89 122 92 16 47 27 39 106 50 34 30 78 77 57 66 45 57 35 30 45 6 20 50 86 78 66 47 78 47 57 50 83 45 67 
31 49 72 37 9 83 12 68 7 76 29 43 84 37 25 67 25 33 33 51 51 54 70 64 40 63 34 72 19 34 93 50 0 57 22 55 44 12 66 50 38 40 65 34 28 74 5 74 38 21 35 13 26 66 34 46 34 35 86 38 32 10 50 24 36 47 39 80 45 65 14 44 51 67 55 44 21 86 34 33 35 62 31 28 21 23 54 38 3 59 28 19 24 33 10 16 3 33 11 53 
48 32 23 68 60 90 49 68 50 69 71 93 97 80 83 82 34 82 35 52 38 41 40 113 95 47 89 40 38 67 99 103 57 0 78 103 98 50 29 62 68 70 92 23 59 69 58 58 52 68 89 50 43 27 74 43 84 88 90 90 36 62 11 62 23 11 26 25 13 115 69 85 84 20 79 81 73 97 64 51 41 92 50 85 74 59 105 94 59 42 32 53 78 25 56 46 56 31 67 60 
42 71 94 36 25 96 33 85 29 94 23 39 96 42 8 80 47 34 49 70 72 74 91 58 31 83 26 93 41 47 106 41 22 78 0 51 35 28 88 66 37 52 72 55 43 91 24 93 57 30 28 34 41 88 42 66 34 30 100 32 54 16 71 26 57 68 57 102 66 57 9 48 58 89 66 51 24 98 36 51 56 69 49 7 23 38 46 23 19 80 47 29 6 55 29 38 25 51 11 70 
86 80 109 86 48 68 57 70 60 80 74 13 63 24 43 54 71 23 88 66 77 77 95 9 21 82 25 97 68 39 75 14 55 103 51 0 18 67 98 55 88 38 37 84 45 77 52 86 56 37 23 56 81 99 30 69 21 21 73 19 68 60 93 75 80 93 93 120 94 13 56 20 29 104 41 26 35 66 86 54 64 33 55 46 34 44 8 32 56 81 82 73 57 79 50 59 55 87 53 60 
73 79 106 70 38 80 48 78 50 87 58 10 77 26 26 64 64 18 76 69 77 78 96 24 4 85 10 99 60 40 88 7 44 98 35 18 0 55 97 60 72 42 50 76 43 84 41 91 57 30 9 48 69 98 31 70 16 9 85 8 64 46 88 60 74 87 83 117 87 23 40 27 39 102 50 33 25 79 70 54 62 46 53 29 24 40 12 14 43 83 72 60 40 72 42 52 44 77 39 65 
19 49 68 29 20 90 17 74 10 81 25 55 93 49 34 75 23 45 21 55 52 56 70 76 52 65 45 72 17 44 100 62 12 50 28 67 55 0 64 57 30 49 75 27 37 79 16 77 44 32 47 19 14 63 45 49 46 47 93 50 33 12 45 17 32 41 29 74 38 77 19 56 61 63 64 55 33 95 26 39 38 72 36 36 33 32 66 48 12 61 19 8 28 28 20 20 13 22 18 59 
69 19 13 89 64 67 55 45 60 44 88 90 75 74 90 63 42 79 57 35 21 22 12 107 95 22 90 12 48 60 74 101 66 29 88 98 97 64 0 47 89 60 77 40 55 44 64 31 42 68 90 54 62 1 68 29 81 88 66 89 35 74 23 80 33 29 50 25 35 111 80 78 73 10 65 72 75 75 84 44 35 78 44 93 76 57 102 98 69 20 50 70 90 36 60 50 63 52 77 42 
72 31 59 86 42 34 40 19 47 29 78 50 38 34 64 21 41 42 66 12 26 25 41 63 58 27 55 44 44 21 44 62 50 62 66 55 60 57 47 0 86 18 31 52 23 26 45 32 13 37 54 38 65 47 29 19 44 52 36 52 30 60 51 73 44 54 66 71 57 67 62 35 27 55 18 29 44 39 82 18 23 31 20 68 45 28 60 66 53 28 57 65 70 45 39 37 47 62 58 6 
21 77 90 1 47 120 47 104 39 111 14 75 122 74 46 105 50 68 33 85 81 84 96 95 68 93 62 98 45 72 130 78 38 68 37 88 72 30 89 86 0 78 102 49 66 109 43 106 74 58 64 48 27 88 71 78 68 66 123 69 62 30 67 14 57 61 42 93 57 95 32 81 88 85 93 81 55 124 5 69 67 99 66 44 55 61 83 59 36 89 39 22 32 53 48 50 41 38 35 89 
67 42 71 77 31 45 33 36 40 46 68 33 45 16 48 28 41 24 64 28 39 39 57 47 41 44 38 59 41 5 54 44 40 70 52 38 42 49 60 18 78 0 26 54 13 43 34 50 18 22 37 31 61 61 11 31 26 34 48 34 34 49 58 64 48 60 66 83 62 51 49 18 15 67 15 12 28 47 74 19 28 24 20 52 29 17 43 49 42 43 56 58 57 48 30 32 37 61 45 23 
93 62 89 101 56 32 58 39 65 47 91 40 27 30 67 19 66 38 90 43 57 56 70 42 51 57 52 73 67 31 39 49 65 92 72 37 50 75 77 31 102 26 0 79 39 44 59 56 40 45 50 57 87 78 31 50 40 46 36 45 58 73 81 88 72 84 92 102 86 47 72 25 14 86 13 22 49 29 99 43 51 4 45 71 49 43 45 62 66 58 81 83 78 72 55 58 62 87 68 35 
29 30 41 49 37 84 27 64 27 68 50 72 89 61 60 73 13 61 18 45 35 39 48 93 73 48 67 49 16 50 94 82 34 23 55 84 76 27 40 52 49 54 79 0 42 67 35 61 39 47 67 28 22 39 55 36 63 67 86 69 22 39 18 41 9 13 14 47 11 95 46 67 68 37 66 64 51 90 44 36 29 77 34 62 52 40 84 72 36 43 10 31 55 7 34 25 33 12 44 51 
55 36 64 65 20 54 20 42 27 51 57 36 56 21 42 39 29 25 51 27 35 36 54 54 41 43 36 56 28 8 64 47 28 59 43 45 43 37 55 23 66 13 39 42 0 48 23 51 14 15 36 18 48 55 14 27 27 34 58 35 24 38 48 52 37 49 53 76 51 57 40 26 27 60 28 22 23 58 62 11 20 37 10 46 23 5 47 46 31 41 43 45 48 36 18 19 25 48 36 27 
93 38 57 108 67 23 63 7 70 3 102 74 32 58 90 25 60 67 84 24 32 29 34 84 83 23 81 35 64 46 30 85 74 69 91 77 84 79 44 26 109 43 44 67 48 0 69 14 36 63 80 62 85 46 54 31 69 77 22 77 48 84 59 96 58 64 81 69 69 88 87 58 48 54 36 52 70 31 104 41 42 46 44 94 71 53 83 92 77 27 75 87 96 61 64 59 71 79 83 21 
35 47 70 42 4 77 9 63 8 72 34 40 79 32 26 62 24 29 36 47 48 50 67 61 38 59 32 69 19 29 87 47 5 58 24 52 41 16 64 45 43 34 59 35 23 69 0 70 34 16 33 10 30 64 29 43 30 33 81 35 30 15 49 29 35 47 42 79 46 62 18 40 46 66 50 39 17 81 40 28 32 56 26 29 18 18 51 37 8 56 31 24 27 33 5 14 3 35 14 48 
88 30 43 105 69 37 62 18 69 13 101 82 46 66 93 38 56 73 78 24 25 22 20 94 90 13 87 21 61 52 44 93 74 58 93 86 91 77 31 32 106 50 56 61 51 14 70 0 37 66 86 61 80 33 61 28 75 83 36 83 44 84 49 94 52 55 74 55 60 98 88 67 57 42 46 60 74 46 101 42 39 58 44 97 75 56 92 97 77 18 69 85 97 54 65 58 71 73 84 26 
60 24 53 73 32 47 27 30 35 38 67 49 51 32 56 33 28 38 53 13 21 22 40 65 55 28 51 42 31 18 57 60 38 52 57 56 57 44 42 13 74 18 40 39 14 36 34 37 0 30 50 26 52 43 26 13 41 48 49 49 18 48 41 61 32 43 53 65 46 68 51 36 32 48 27 30 37 52 70 5 11 39 8 59 38 19 60 60 41 26 44 52 60 33 28 24 35 49 47 15 
51 49 77 57 12 66 20 56 24 65 47 25 66 16 27 50 34 14 51 43 49 50 68 46 27 58 22 71 31 17 76 35 21 68 30 37 30 32 68 37 58 22 45 47 15 63 16 66 30 0 22 19 46 68 13 42 16 21 70 22 34 28 58 44 45 57 56 87 57 48 28 24 31 72 37 23 7 69 55 25 33 41 24 31 8 11 37 31 22 55 45 40 35 43 14 22 19 50 24 41 
65 71 99 63 30 78 40 73 41 83 51 11 75 22 20 62 55 13 68 62 70 71 89 31 6 78 2 92 51 34 87 15 35 89 28 23 9 47 90 54 64 37 50 67 36 80 33 86 50 22 0 39 61 90 25 63 11 3 82 5 56 38 80 52 66 79 74 109 78 31 33 25 37 94 47 30 16 78 63 46 55 46 46 23 15 33 19 13 35 76 63 52 34 64 33 43 35 68 31 60 
36 37 61 47 10 72 2 56 9 64 41 44 74 34 36 57 16 33 34 38 39 41 57 65 45 50 39 60 12 26 82 53 13 50 34 56 48 19 54 38 48 31 57 28 18 62 10 61 26 19 39 0 30 54 29 33 35 39 74 41 20 22 41 35 27 39 38 71 39 67 27 41 44 56 46 38 23 76 44 21 22 55 18 39 24 14 56 45 16 46 26 27 36 25 6 4 10 32 23 41 
8 51 63 27 34 99 28 80 22 87 29 69 102 62 48 85 25 59 8 62 55 59 70 90 66 68 60 71 21 56 109 76 26 43 41 81 69 14 62 65 27 61 87 22 48 85 30 80 52 46 61 30 0 61 58 54 60 61 101 64 37 25 40 20 30 35 18 68 31 91 32 69 74 59 75 68 47 104 22 47 44 84 45 48 47 44 80 61 26 63 12 12 39 27 33 29 27 12 32 66 
68 19 11 88 64 68 55 46 59 45 88 91 76 75 90 64 41 80 56 36 22 23 13 108 95 23 90 13 47 60 76 102 66 27 88 99 98 63 1 47 88 61 78 39 55 46 64 33 43 68 90 54 61 0 69 30 82 88 67 90 35 74 22 79 32 28 49 24 34 111 80 79 74 9 66 73 75 76 83 44 35 79 45 93 76 57 102 98 69 21 49 69 89 35 60 50 63 51 77 43 
64 50 78 70 25 55 30 48 36 57 60 22 54 6 38 38 42 13 62 38 48 48 66 39 29 54 27 69 40 9 64 34 34 74 42 30 31 45 68 29 71 11 31 55 14 54 29 61 26 13 25 29 58 69 0 40 15 23 59 23 38 42 63 57 51 63 66 90 64 43 41 12 17 74 24 10 18 56 68 24 34 28 25 42 19 15 34 37 35 53 55 52 47 50 25 31 32 60 37 34 
61 12 40 78 41 48 34 27 41 33 73 62 54 46 67 39 28 51 53 9 8 9 27 78 68 17 63 29 33 31 58 73 46 43 66 69 70 49 29 19 78 31 50 36 27 31 43 28 13 42 63 33 54 30 40 0 54 61 49 62 17 56 32 66 28 36 50 53 40 82 60 49 44 36 37 43 49 55 74 16 11 50 18 70 50 30 73 73 49 14 44 57 70 30 37 30 43 48 56 16 
65 63 91 67 27 68 35 62 39 72 55 10 65 11 27 51 50 2 66 52 61 62 80 30 15 69 12 83 47 24 76 20 34 84 34 21 16 46 81 44 68 26 40 63 27 69 30 75 41 16 11 35 60 82 15 54 0 8 72 8 49 39 73 55 60 73 72 102 73 32 36 15 26 86 37 19 13 68 66 38 46 36 37 31 13 25 22 23 35 67 60 52 40 59 29 38 33 65 33 49 
65 69 97 65 29 75 39 70 41 80 53 9 72 19 22 59 54 10 68 60 68 69 87 29 7 76 5 90 51 31 84 15 35 88 30 21 9 47 88 52 66 34 46 67 34 77 33 83 48 21 3 39 61 88 23 61 8 0 79 3 55 39 79 53 65 78 74 108 77 30 34 22 34 92 44 27 16 75 64 44 53 43 44 26 15 31 18 16 35 74 63 53 36 63 33 42 35 68 32 57 
108 59 78 122 78 4 76 23 83 23 114 74 13 61 96 21 76 70 101 41 52 49 55 78 85 44 84 57 80 53 8 84 86 90 100 73 85 93 66 36 123 48 36 86 58 22 81 36 49 70 82 74 101 67 59 49 72 79 0 78 65 95 80 109 77 84 100 91 89 83 97 58 46 76 35 52 76 11 118 54 58 40 57 100 77 63 81 95 88 48 92 101 105 79 75 73 82 97 93 35 
68 71 99 67 32 74 41 70 43 80 55 7 71 18 25 58 56 10 70 61 69 70 88 27 7 77 7 91 53 32 83 13 38 90 32 19 8 50 89 52 69 34 45 69 35 77 35 83 49 22 5 41 64 90 23 62 8 3 78 0 56 41 80 56 67 80 77 109 79 27 37 21 33 94 44 26 18 74 67 45 54 41 45 28 17 32 16 17 38 75 65 55 38 65 35 44 38 70 34 57 
45 17 42 61 30 63 21 43 26 49 58 59 68 44 55 51 12 47 36 25 20 23 38 77 62 32 56 40 17 31 73 69 32 36 54 68 64 33 35 30 62 34 58 22 24 48 30 44 18 34 56 20 37 35 38 17 49 55 65 56 0 41 25 50 14 26 35 53 28 80 46 50 48 37 45 45 41 69 57 16 7 57 14 59 42 24 70 64 35 28 27 41 56 15 25 16 29 32 43 30 
27 58 79 28 18 92 21 78 15 86 19 47 93 44 23 76 32 39 33 61 60 63 79 68 42 72 36 81 26 43 102 52 10 62 16 60 46 12 74 60 30 49 73 39 38 84 15 84 48 28 38 22 25 74 42 56 39 39 95 41 41 0 56 16 42 53 41 86 50 68 7 51 59 74 64 52 26 95 27 43 44 70 40 24 26 33 57 37 7 68 31 14 16 39 20 26 13 35 7 63 
46 21 23 67 51 79 40 57 43 59 68 83 86 69 75 71 25 71 34 41 27 30 33 102 85 37 79 34 30 55 88 93 50 11 71 93 88 45 23 51 67 58 81 18 48 59 49 49 41 58 80 41 40 22 63 32 73 79 80 80 25 56 0 59 14 6 27 30 12 105 63 74 73 19 68 70 63 86 62 40 30 80 39 78 64 49 95 86 52 32 28 49 72 17 47 37 48 29 60 48 
17 66 82 13 33 106 33 90 26 98 9 62 108 60 34 91 39 54 28 72 69 72 86 82 56 82 50 88 33 58 116 66 24 62 26 75 60 17 80 73 14 64 88 41 52 96 29 94 61 44 52 35 20 79 57 66 55 53 109 56 50 16 59 0 47 54 37 87 50 83 19 67 74 77 79 67 42 110 11 55 55 85 53 33 42 47 71 49 22 77 31 10 22 44 34 37 27 32 22 75 
37 21 36 56 37 76 26 55 29 59 55 70 81 57 61 65 11 58 26 36 27 30 40 89 71 39 65 42 16 44 85 80 36 23 57 80 74 32 33 44 57 48 72 9 37 58 35 52 32 45 66 27 30 32 51 28 60 65 77 67 14 42 14 47 0 13 23 44 14 92 49 63 62 31 59 58 50 82 52 30 21 71 28 64 51 36 82 72 38 34 18 37 58 3 33 23 34 21 46 43 
41 26 28 61 49 84 39 62 40 65 63 83 90 70 73 74 23 71 29 45 32 35 39 102 84 43 78 40 28 57 93 92 47 11 68 93 87 41 29 54 61 60 84 13 49 64 47 55 43 57 79 39 35 28 63 36 73 78 84 80 26 53 6 54 13 0 21 34 5 105 59 75 74 24 70 71 62 91 57 42 32 83 40 75 63 49 95 84 49 38 23 45 69 15 45 35 45 23 57 52 
21 43 49 42 45 98 36 77 33 82 46 81 103 71 63 86 25 70 9 59 49 53 60 102 80 61 73 61 25 62 108 89 39 26 57 93 83 29 50 66 42 66 92 14 53 81 42 74 53 56 74 38 18 49 66 50 72 74 100 77 35 41 27 37 23 21 0 51 16 104 48 78 80 45 79 75 59 104 37 49 42 90 47 65 60 51 93 77 40 56 11 29 56 21 42 35 39 7 47 65 
73 41 13 93 81 92 70 70 73 68 96 111 100 96 105 88 55 100 60 60 45 47 35 129 114 48 109 34 61 82 99 122 80 25 102 120 117 74 25 71 93 83 102 47 76 69 79 55 65 87 109 71 68 24 90 53 102 108 91 109 53 86 30 87 44 34 51 0 37 133 93 101 97 17 89 95 93 100 88 66 56 102 65 108 94 77 123 116 82 45 56 78 102 47 77 66 78 56 91 67 
36 31 33 57 48 88 38 66 38 70 59 83 94 70 71 78 23 71 24 49 37 40 45 103 84 48 77 46 27 58 97 92 45 13 66 94 87 38 35 57 57 62 86 11 51 69 46 60 46 57 78 39 31 34 64 40 73 77 89 79 28 50 12 50 14 5 16 37 0 105 57 77 76 29 73 73 62 95 52 44 35 85 42 73 63 50 95 83 47 43 19 41 66 15 45 35 44 19 55 56 
95 92 121 93 59 78 68 82 70 91 81 23 72 36 49 64 82 34 98 78 90 90 107 5 26 94 33 110 79 51 85 16 65 115 57 13 23 77 111 67 95 51 47 95 57 88 62 98 68 48 31 67 91 111 43 82 32 30 83 27 80 68 105 83 92 105 104 133 105 0 63 32 41 116 53 39 45 75 93 67 77 43 67 52 44 56 11 36 65 94 92 82 63 91 61 70 65 97 61 73 
33 63 85 31 20 94 26 81 20 89 19 43 94 43 16 77 39 36 40 64 65 68 84 63 37 77 31 86 33 44 103 47 14 69 9 56 40 19 80 62 32 49 72 46 40 87 18 88 51 28 33 27 32 80 41 60 36 34 97 37 46 7 63 19 49 59 48 93 57 63 0 49 58 80 64 51 24 96 30 46 49 69 44 16 24 34 52 30 11 73 38 21 10 46 23 30 17 42 4 66 
75 60 89 80 36 54 42 52 47 61 69 17 51 7 42 37 54 14 74 46 57 57 75 29 27 62 27 78 53 19 62 27 44 85 48 20 27 56 78 35 81 18 25 67 26 58 40 67 36 24 25 41 69 79 12 49 15 22 58 21 50 51 74 67 63 75 78 101 77 32 49 0 12 84 23 7 26 53 78 35 45 21 36 46 26 27 25 37 46 61 67 63 54 62 37 43 43 72 46 41 
80 56 84 87 42 42 46 41 52 51 77 29 39 16 53 26 55 25 77 39 52 51 68 37 39 54 39 71 55 19 50 39 51 84 58 29 39 61 73 27 88 15 14 68 27 48 46 57 32 31 37 44 74 74 17 44 26 34 46 33 48 59 73 74 62 74 80 97 76 41 58 12 0 80 12 7 35 41 85 33 43 11 34 57 35 30 36 49 53 55 70 69 64 62 42 45 49 75 54 32 
65 24 5 85 66 77 56 54 60 54 86 95 85 80 92 72 42 84 53 43 28 30 22 113 99 32 94 21 48 65 84 106 67 20 89 104 102 63 10 55 85 67 86 37 60 54 66 42 48 72 94 56 59 9 74 36 86 92 76 94 37 74 19 77 31 24 45 17 29 116 80 84 80 0 73 79 78 85 81 49 40 86 49 94 79 61 107 101 69 29 47 68 90 35 62 52 64 47 78 51 
82 49 77 92 46 31 48 30 55 39 83 40 30 26 62 14 54 35 78 30 44 43 58 48 50 45 49 61 55 21 40 50 55 79 66 41 50 64 65 18 93 15 13 66 28 36 50 46 27 37 47 46 75 66 24 37 37 44 35 44 45 64 68 79 59 70 79 89 73 53 64 23 12 73 0 17 42 32 89 30 38 13 32 66 43 32 48 60 57 46 69 73 71 60 45 46 52 75 61 23 
74 54 83 80 35 48 40 45 46 55 70 23 46 9 45 32 50 18 72 39 51 51 69 35 33 56 32 71 50 14 57 34 44 81 51 26 33 55 72 29 81 12 22 64 22 52 39 60 30 23 30 38 68 73 10 43 19 27 52 26 45 52 70 67 58 71 75 95 73 39 51 7 7 79 17 0 27 48 78 30 40 18 31 50 28 24 32 43 46 55 64 63 56 58 35 40 42 70 47 34 
51 56 83 54 14 73 24 63 25 73 43 23 72 19 20 56 39 13 53 50 56 57 75 44 22 65 16 78 35 24 82 30 21 73 24 35 25 33 75 44 55 28 49 51 23 70 17 74 37 7 16 23 47 75 18 49 13 16 76 18 41 26 63 42 50 62 59 93 62 45 24 26 35 78 42 27 0 74 53 33 40 45 31 24 1 18 34 24 21 63 47 39 29 48 17 27 20 52 20 49 
111 65 87 123 78 9 77 30 85 33 114 69 3 57 94 19 80 66 105 46 59 56 65 70 80 53 80 66 83 52 9 78 86 97 98 66 79 95 75 39 124 47 29 90 58 31 81 46 52 69 78 76 104 76 56 55 68 75 11 74 69 95 86 110 82 91 104 100 95 75 96 53 41 85 32 48 74 0 120 57 62 33 59 98 75 63 74 91 89 56 96 103 103 84 76 75 83 101 92 39 
16 72 85 5 43 116 43 99 35 106 14 73 118 71 45 101 46 66 28 81 76 79 92 93 67 89 61 93 40 69 126 77 34 64 36 86 70 26 84 82 5 74 99 44 62 104 40 101 70 55 63 44 22 83 68 74 66 64 118 67 57 27 62 11 52 57 37 88 52 93 30 78 85 81 89 78 53 120 0 64 63 96 62 43 53 57 82 59 33 84 34 17 31 48 44 46 37 33 33 84 
55 25 54 68 27 52 22 35 30 43 61 46 55 31 51 38 24 35 49 18 24 25 43 64 51 32 47 46 26 16 62 57 33 51 51 54 54 39 44 18 69 19 43 36 11 41 28 42 5 25 46 21 47 44 24 16 38 44 54 45 16 43 40 55 30 42 49 66 44 67 46 35 33 49 30 30 33 57 64 0 10 41 3 55 33 14 58 56 36 30 40 47 55 30 23 19 30 45 42 20 
51 16 45 67 31 56 23 37 30 43 62 56 61 40 56 44 18 44 43 18 17 19 36 73 60 28 55 38 23 26 66 66 35 41 56 64 62 38 35 23 67 28 51 29 20 42 32 39 11 33 55 22 44 35 34 11 46 53 58 54 7 44 30 55 21 32 42 56 35 77 49 45 43 40 38 40 40 62 63 10 0 50 10 60 41 22 67 64 38 24 34 46 59 22 27 19 32 39 45 23 
91 62 90 98 53 35 56 41 63 49 88 36 31 26 63 21 65 35 88 43 57 56 71 38 47 58 48 74 65 29 43 45 62 92 69 33 46 72 78 31 99 24 4 77 37 46 56 58 39 41 46 55 84 79 28 50 36 43 40 41 57 70 80 85 71 83 90 102 85 43 69 21 11 86 13 18 45 33 96 41 50 0 43 67 46 40 41 58 63 59 79 80 74 71 52 56 59 85 65 36 
52 26 54 65 24 54 19 38 27 46 59 46 58 31 49 40 22 35 46 21 25 26 44 64 51 34 46 47 24 17 64 57 31 50 49 55 53 36 44 20 66 20 45 34 10 44 26 44 8 24 46 18 45 45 25 18 37 44 57 45 14 40 39 53 28 40 47 65 42 67 44 36 34 49 32 31 31 59 62 3 10 43 0 53 32 13 58 55 33 31 38 45 53 28 21 16 27 43 40 23 
49 75 99 42 29 97 38 87 35 96 30 35 95 41 4 80 53 32 56 73 76 79 96 52 26 87 21 98 47 48 106 35 28 85 7 46 29 36 93 68 44 52 71 62 46 94 29 97 59 31 23 39 48 93 42 70 31 26 100 28 59 24 78 33 64 75 65 108 73 52 16 46 57 94 66 50 24 98 43 55 60 67 53 0 23 41 41 16 26 84 54 37 12 61 33 43 30 58 18 72 
52 57 84 54 15 73 24 64 26 73 43 22 73 19 19 57 40 13 53 51 57 58 76 43 21 66 15 79 36 24 83 30 21 74 23 34 24 33 76 45 55 29 49 52 23 71 18 75 38 8 15 24 47 76 19 50 13 15 77 17 42 26 64 42 51 63 60 94 63 44 24 26 35 79 43 28 1 75 53 33 41 46 32 23 0 19 33 23 21 63 48 39 29 49 18 28 21 53 20 50 
51 38 66 60 15 60 16 47 23 56 52 34 61 21 37 44 27 23 48 32 38 39 57 53 38 47 33 60 26 12 69 45 23 59 38 44 40 32 57 28 61 17 43 40 5 53 18 56 19 11 33 14 44 57 15 30 25 31 63 32 24 33 49 47 36 49 51 77 50 56 34 27 30 61 32 24 18 63 57 14 22 40 13 41 19 0 46 42 26 44 40 41 43 35 13 16 20 46 30 32 
84 83 112 82 47 76 57 77 59 86 70 12 71 28 38 61 72 23 86 71 81 82 100 12 15 87 21 102 68 42 83 6 54 105 46 8 12 66 102 60 83 43 45 84 47 83 51 92 60 37 19 56 80 102 34 73 22 18 81 16 70 57 95 71 82 95 93 123 95 11 52 25 36 107 48 32 34 74 82 58 67 41 58 41 33 46 0 26 54 86 81 71 52 80 50 59 54 86 50 66 
64 80 106 58 35 91 45 85 44 94 45 23 88 34 14 74 61 25 69 73 80 81 99 37 12 89 11 102 56 45 99 20 38 94 23 32 14 48 98 66 59 49 62 72 46 92 37 97 60 31 13 45 61 98 37 73 23 16 95 17 64 37 86 49 72 84 77 116 83 36 30 37 49 101 60 43 24 91 59 56 64 58 55 16 23 42 26 0 36 86 66 51 28 69 39 49 39 70 30 71 
30 52 74 35 11 85 15 71 9 79 26 43 86 39 24 69 28 34 33 54 54 57 73 64 40 66 33 75 22 37 95 50 3 59 19 56 43 12 69 53 36 42 66 36 31 77 8 77 41 22 35 16 26 69 35 49 35 35 88 38 35 7 52 22 38 49 40 82 47 65 11 46 53 69 57 46 21 89 33 36 38 63 33 26 21 26 54 36 0 62 30 18 21 35 13 19 6 34 8 56 
71 13 32 88 55 48 47 26 54 27 85 75 56 58 80 43 39 65 60 16 8 5 14 90 81 5 77 16 44 44 56 86 59 42 80 81 83 61 20 28 89 43 58 43 41 27 56 18 26 55 76 46 63 21 53 14 67 74 48 75 28 68 32 77 34 38 56 45 43 94 73 61 55 29 46 55 63 56 84 30 24 59 31 84 63 44 86 86 62 0 52 68 83 37 51 43 56 55 70 23 
19 39 51 39 34 90 25 71 22 76 40 70 95 60 53 77 16 59 9 52 44 48 58 91 69 56 62 59 15 51 100 78 28 32 47 82 72 19 50 57 39 56 81 10 43 75 31 69 44 45 63 26 12 49 55 44 60 63 92 65 27 31 28 31 18 23 11 56 19 92 38 67 70 47 69 64 47 96 34 40 34 79 38 54 48 40 81 66 30 52 0 21 47 15 31 24 28 5 37 57 
13 56 72 21 28 99 26 82 18 89 18 61 101 56 37 84 29 52 20 64 60 63 76 82 56 72 50 78 24 52 109 66 19 53 29 73 60 8 70 65 22 58 83 31 45 87 24 85 52 40 52 27 12 69 52 57 52 53 101 55 41 14 49 10 37 45 29 78 41 82 21 63 69 68 73 63 39 103 17 47 46 80 45 37 39 41 71 51 18 68 21 0 27 34 28 28 21 23 21 67 
39 73 95 31 29 101 36 90 30 98 18 45 101 48 14 85 48 40 47 74 75 77 94 64 37 86 32 96 42 52 111 47 24 78 6 57 40 28 90 70 32 57 78 55 48 96 27 97 60 35 34 36 39 89 47 70 40 36 105 38 56 16 72 22 58 69 56 102 66 63 10 54 64 90 71 56 29 103 31 55 59 74 53 12 29 43 52 28 21 83 47 27 0 55 32 40 27 50 13 74 
34 24 39 53 35 77 24 57 26 62 52 68 83 56 58 66 9 57 24 38 29 33 43 88 69 41 63 45 14 44 87 78 33 25 55 79 72 28 36 45 53 48 72 7 36 61 33 54 33 43 64 25 27 35 50 30 59 63 79 65 15 39 17 44 3 15 21 47 15 91 46 62 62 35 60 58 48 84 48 30 22 71 28 61 49 35 80 69 35 37 15 34 55 0 31 21 31 19 44 45 
39 42 67 47 4 72 7 58 11 66 39 39 74 30 30 57 22 28 38 41 43 46 62 60 39 54 33 65 18 24 82 47 10 56 29 50 42 20 60 39 48 30 55 34 18 64 5 65 28 14 33 6 33 60 25 37 29 33 75 35 25 20 47 34 33 45 42 77 45 61 23 37 42 62 45 35 17 76 44 23 27 52 21 33 18 13 50 39 13 51 31 28 32 31 0 10 7 36 19 43 
36 33 57 49 14 70 5 54 11 61 43 48 73 36 40 56 12 36 32 36 35 38 54 68 49 46 43 56 10 27 80 57 16 46 38 59 52 20 50 37 50 32 58 25 19 59 14 58 24 22 43 4 29 50 31 30 38 42 73 44 16 26 37 37 23 35 35 66 35 70 30 43 45 52 46 40 27 75 46 19 19 56 16 43 28 16 59 49 19 43 24 28 40 21 10 0 13 30 27 39 
32 46 69 40 7 80 9 65 6 73 32 43 81 36 28 64 23 32 33 48 48 51 67 64 41 59 34 69 17 32 90 50 3 56 25 55 44 13 63 47 41 37 62 33 25 71 3 71 35 19 35 10 27 63 32 43 33 35 82 38 29 13 48 27 34 45 39 78 44 65 17 43 49 64 52 42 20 83 37 30 32 59 27 30 21 20 54 39 6 56 28 21 27 31 7 13 0 33 14 50 
17 42 52 38 39 95 30 75 27 80 41 75 100 65 57 82 21 64 5 56 48 51 60 96 73 60 67 62 20 56 105 83 33 31 51 87 77 22 52 62 38 61 87 12 48 79 35 73 49 50 68 32 12 51 60 48 65 68 97 70 32 35 29 32 21 23 7 56 19 97 42 72 75 47 75 70 52 101 33 45 39 85 43 58 53 46 86 70 34 55 5 23 50 19 36 30 33 0 41 62 
34 60 83 34 16 90 23 77 18 85 23 41 90 39 16 73 36 33 39 60 62 64 81 61 35 73 29 83 30 40 99 45 11 67 11 53 39 18 77 58 35 45 68 44 36 83 14 84 47 24 31 23 32 77 37 56 33 32 93 34 43 7 60 22 46 57 47 91 55 61 4 46 54 78 61 47 20 92 33 42 45 65 40 18 20 30 50 30 8 70 37 21 13 44 19 27 14 41 0 62 
74 28 54 88 46 33 42 15 50 24 81 56 38 39 68 22 42 47 66 8 23 21 36 68 64 22 61 38 45 26 43 67 53 60 70 60 65 59 42 6 89 23 35 51 27 21 48 26 15 41 60 41 66 43 34 16 49 57 35 57 30 63 48 75 43 52 65 67 56 73 66 41 32 51 23 34 49 39 84 20 23 36 23 72 50 32 66 71 56 23 57 67 74 45 43 39 50 62 62 0 
0 67 29 0 88 150 0 425 3000 288 455 8 50 292 83 726 27 359 26 28 250 1756 10 354 118 0 0 7 37 514 46 25 16 781 19 162 311 174 10 13 1789 27 42 3000 0 32 69 454 47 287 131 759 185 0 2123 993 370 0 350 16 8 260 8 27 33 422 0 80 26 2175 94 79 32 31 26 1268 219 852 279 87 17 29 64 0 72 0 69 0 32 28 1564 148 1365 9 78 25 3000 20 1162 9 
67 0 250 1208 11 81 427 8 1049 48 58 79 461 30 1644 197 33 107 322 19 986 1790 85 0 1367 10 477 125 708 10 99 43 1187 9 8 76 782 48 27 26 278 11 38 507 12 47 0 0 144 2081 347 0 41 1016 0 107 273 424 578 30 0 124 195 7 80 679 1515 196 0 135 10 42 1498 1410 91 299 403 38 505 239 25 23 21 337 51 0 69 38 367 21 53 1156 0 224 44 111 0 0 1282 154 
29 250 0 0 719 35 262 60 339 248 508 451 15 346 520 549 29 70 457 72 20 84 3000 0 152 52 0 243 18 1646 14 93 697 75 45 182 1332 64 45 609 57 0 106 56 2379 0 89 0 123 185 289 21 1260 0 327 478 2799 3000 408 11 126 293 469 2502 610 9 35 2691 81 37 66 15 25 1104 57 3000 92 267 0 40 568 189 0 2412 0 11 3000 0 103 194 76 242 490 149 413 0 0 141 11 117 
0 1208 0 0 0 515 198 36 0 15 108 298 87 386 0 15 50 2287 97 382 457 12 638 0 176 503 48 0 0 0 317 297 45 0 0 392 1162 31 26 285 0 15 0 0 66 7 0 0 3000 87 404 0 11 12 0 173 48 0 234 27 0 185 692 38 103 0 186 0 0 405 167 2072 270 12 0 297 284 2287 15 660 371 191 52 713 30 0 0 719 64 13 12 58 0 960 45 23 0 0 79 545 
88 11 719 0 0 628 31 136 325 40 1363 46 63 169 219 53 21 23 137 242 196 48 15 0 36 77 53 26 24 420 239 13 2004 37 14 396 74 60 15 2284 780 0 91 249 111 0 34 0 500 428 2647 9 123 2699 49 8 752 447 159 30 15 7 0 93 1766 21 14 27 394 37 16 370 82 1081 108 37 1016 10 0 19 331 60 0 298 0 48 12 0 9 28 878 10 285 18 108 246 0 377 1190 394 
150 81 35 515 628 0 14 145 15 2762 218 29 7 127 20 84 3000 77 530 602 11 108 251 83 8 19 170 56 47 29 90 20 270 101 47 8 244 16 1399 195 21 7 16 7 20 24 1774 0 9 65 2076 165 25 1263 203 509 1647 284 93 231 713 159 7 35 487 10 366 57 10 28 167 358 329 889 10 42 141 285 685 137 383 18 39 11 9 96 554 8 37 1503 1087 11 853 51 10 59 0 15 37 191 
0 427 262 198 31 14 0 340 747 0 56 1340 25 169 10 0 8 11 12 309 0 33 486 0 54 542 1815 799 1025 139 9 310 0 0 261 71 446 2190 0 43 1010 0 17 149 8 0 0 0 30 71 238 0 11 34 193 34 3000 20 165 68 0 751 0 138 0 0 46 19 0 83 0 111 940 0 11 153 15 207 0 17 102 20 0 66 0 23 1079 803 276 435 139 85 0 10 0 150 0 0 0 139 
425 8 60 36 136 145 340 0 160 68 373 214 32 9 1111 1313 197 411 37 52 338 286 619 0 630 1805 355 697 113 39 68 15 152 0 707 323 37 14 11 8 1741 11 8 51 335 8 0 0 180 1421 44 0 31 59 0 34 94 2387 60 57 0 147 101 34 249 40 3000 0 0 263 225 23 20 17 251 329 57 28 9 12 555 56 0 535 519 195 936 12 1198 166 34 500 0 195 875 86 0 0 626 321 
3000 1049 339 0 325 15 747 160 0 405 85 19 17 1212 10 35 16 40 0 317 2207 301 12 0 455 0 0 237 111 16 695 36 98 666 314 96 65 181 0 0 78 0 85 107 10 0 303 0 405 179 40 1321 244 0 403 266 339 330 14 1476 22 108 21 322 8 421 934 539 1117 33 14 206 91 63 122 410 0 218 0 36 1623 375 0 0 0 578 149 0 0 541 1362 59 19 0 2242 0 0 8 18 544 
288 48 248 15 40 2762 0 68 405 0 15 97 290 25 61 38 66 41 220 293 24 11 0 441 866 25 9 0 0 96 150 50 12 7 157 184 9 146 42 129 642 43 8 13 666 220 0 27 324 348 1289 50 1732 13 0 125 18 0 39 31 419 342 46 761 228 342 0 0 0 123 239 1813 0 136 28 36 76 419 20 370 552 8 9 107 23 0 0 139 409 323 91 45 123 17 948 82 3000 0 183 37 
455 58 508 108 1363 218 56 373 85 15 0 74 152 281 2510 113 272 48 19 97 8 358 58 17 45 1356 50 89 21 28 13 1916 42 52 60 252 264 1008 181 612 680 1268 74 214 610 9 34 565 525 2677 149 125 246 168 47 3000 357 0 535 420 1065 237 16 436 11 562 98 32 20 383 740 1332 34 10 18 7 42 198 326 643 38 25 240 12 119 0 16 3000 150 9 87 38 18 14 675 13 177 177 8 27 
8 79 451 298 46 29 1340 214 19 97 74 0 336 49 45 67 102 256 79 1379 23 1978 342 10 53 23 54 213 149 441 112 1845 126 358 30 20 33 717 7 92 370 1469 17 222 52 97 168 408 271 431 235 114 23 708 59 430 1192 23 21 325 78 62 314 483 19 246 31 136 100 1043 1215 380 14 70 8 107 895 669 443 146 1119 543 818 123 118 0 65 834 36 52 2882 31 1110 37 43 310 9 15 78 299 
50 461 15 87 63 7 25 32 17 290 152 336 0 472 14 7 207 1313 13 427 252 59 1228 0 430 61 11 25 3000 105 742 529 219 652 10 31 21 12 28 37 164 784 3000 27 18 85 688 0 8 52 216 20 3000 286 1476 190 74 9 1659 27 0 11 586 54 107 98 742 25 34 61 1518 107 15 1241 73 1384 738 176 0 78 1844 79 0 11 0 303 319 2003 31 2097 11 233 1154 22 2959 95 0 0 100 611 
292 30 346 386 169 127 169 9 1212 25 281 49 472 0 47 10 61 17 283 47 26 16 0 292 79 37 591 133 43 360 61 629 97 19 2424 91 344 3000 658 32 33 10 15 334 491 26 838 18 125 155 288 29 44 8 0 94 7 0 40 11 128 11 3000 1857 150 122 100 0 0 25 2385 1244 204 9 460 3000 29 110 25 112 3000 11 73 572 8 0 0 39 136 27 36 1393 25 1400 138 310 83 0 52 244 
83 1644 520 0 219 20 10 1111 10 61 2510 45 14 47 0 1262 150 168 0 142 8 235 595 29 246 0 0 274 103 440 42 436 7 93 109 89 397 11 0 0 23 0 208 2589 0 0 289 0 589 174 23 11 312 0 323 406 78 110 75 35 133 47 2266 135 58 36 8 733 71 37 647 1443 210 89 62 269 0 9 0 613 20 33 0 0 0 647 489 0 0 287 39 86 44 0 568 0 0 8 99 198 
726 197 549 15 53 84 0 1313 35 38 113 67 7 10 1262 0 44 8 101 51 720 22 0 59 52 19 0 0 0 12 24 1023 1171 1078 175 9 138 41 187 324 202 195 178 76 0 90 352 94 0 65 372 339 0 0 0 210 25 0 914 40 29 464 132 191 63 1956 0 0 1543 205 228 0 0 1155 11 27 3000 838 26 171 68 8 187 0 172 0 0 0 3000 51 18 378 35 138 9 868 60 85 307 13 
27 33 29 50 21 3000 8 197 16 66 272 102 207 61 150 44 0 28 23 70 60 38 205 39 28 1310 72 196 46 170 7 3000 47 505 8 124 76 15 700 59 294 59 251 170 253 8 44 714 31 40 1227 183 30 105 72 9 141 0 1906 1798 1370 1094 103 157 201 50 164 156 75 15 15 83 367 287 13 29 696 15 371 43 21 71 3000 60 19 0 21 2373 16 123 546 26 3000 1717 315 410 17 58 216 8 
359 107 70 2287 23 77 11 411 40 41 48 256 1313 17 168 8 28 0 687 69 0 46 35 0 177 843 72 40 30 8 310 364 0 0 176 157 67 348 36 733 2067 111 26 1476 15 1846 85 0 470 99 9 0 105 127 2128 363 846 44 81 61 0 7 0 517 533 11 253 768 683 948 38 316 317 0 216 67 47 523 0 26 24 205 0 20 0 18 245 365 487 118 71 1129 308 28 384 22 0 0 22 535 
26 322 457 97 137 530 12 37 0 220 19 79 13 283 0 101 23 687 0 311 18 110 10 0 25 26 387 132 0 32 121 128 201 0 49 3000 159 307 695 65 871 46 8 0 144 13 0 0 69 170 20 0 47 336 0 3000 12 0 102 286 0 69 101 111 9 0 130 0 0 12 3000 10 1209 127 0 25 331 245 334 28 34 27 271 18 325 0 0 105 11 421 13 219 0 18 190 372 0 0 16 432 
28 19 72 382 242 602 309 52 317 293 97 1379 427 47 142 51 70 69 311 0 0 7 66 0 119 176 209 55 3000 56 11 35 0 0 111 722 164 120 125 12 10 67 474 101 21 157 258 0 68 817 179 932 53 790 1876 248 28 25 29 108 0 814 0 23 41 87 1096 344 20 109 8 114 372 0 72 7 27 259 0 10 949 9 0 3000 0 2234 536 158 16 1571 67 17 21 1101 8 25 0 0 262 337 
250 986 20 457 196 11 0 338 2207 24 8 23 252 26 8 720 60 0 18 0 0 970 0 301 117 0 0 0 0 125 120 250 72 21 3000 24 8 272 317 89 83 73 13 257 0 1035 852 9 0 41 13 18 0 0 1041 0 32 0 1015 21 84 9 181 17 189 36 0 0 24 629 222 0 0 372 80 9 27 15 10 31 34 0 231 0 16 0 0 0 0 1219 2010 109 68 1406 11 0 3000 34 17 85 
1756 1790 84 12 48 108 33 286 301 11 358 1978 59 16 235 22 38 46 110 7 970 0 1055 67 210 45 391 659 194 21 114 643 7 256 24 179 115 3000 228 193 16 87 59 15 18 232 10 3000 72 53 1295 216 27 29 185 86 346 3000 142 573 0 12 64 73 29 1701 204 1403 0 699 32 35 10 10 72 21 35 62 624 115 8 21 704 124 3000 0 142 121 48 14 65 13 12 42 24 65 227 0 13 317 
10 85 3000 638 15 251 486 619 12 0 58 342 1228 0 595 0 205 35 10 66 0 1055 0 0 1087 201 711 58 9 130 96 284 0 0 78 316 1192 54 0 28 20 0 73 1116 25 0 544 0 81 16 34 0 479 468 117 20 402 24 13 9 0 20 0 602 0 0 64 272 366 128 0 25 1496 0 135 332 40 399 0 16 1236 61 0 48 0 1534 488 99 99 323 1603 280 57 29 0 10 0 0 0 22 
354 0 0 0 0 83 0 0 0 441 17 10 0 292 29 59 39 0 0 0 301 67 0 0 17 0 0 0 0 73 0 241 170 101 1865 0 9 213 72 311 0 32 0 31 0 792 0 133 0 0 201 78 0 0 0 0 264 0 65 0 51 50 54 0 64 160 0 0 0 0 40 0 0 1941 250 469 0 0 10 0 240 0 494 0 399 0 0 0 0 29 0 765 39 0 87 0 17 38 2251 29 
118 1367 152 176 36 8 54 630 455 866 45 53 430 79 246 52 28 177 25 119 117 210 1087 17 0 2210 72 108 10 107 62 9 52 202 31 20 61 160 794 53 1617 41 3000 1302 13 7 3000 1050 75 379 86 84 56 138 32 17 447 32 138 28 341 34 50 332 42 9 467 8 64 442 98 1509 41 10 160 65 187 45 911 24 72 31 12 17 388 23 602 82 12 571 79 21 246 143 124 695 37 0 429 20 
0 10 52 503 77 19 542 1805 0 25 1356 23 61 37 0 19 1310 843 26 176 0 45 201 0 2210 0 28 12 0 15 631 272 0 0 26 95 988 771 347 80 67 12 524 0 14 281 0 0 15 1852 202 0 12 742 0 181 15 215 27 301 0 366 3000 28 0 0 349 0 0 386 490 212 8 0 0 9 49 513 0 20 11 44 0 64 23 0 0 20 52 202 323 18 0 204 0 558 0 0 93 43 
0 477 0 48 53 170 1815 355 0 9 50 54 11 591 0 0 72 72 387 209 0 391 711 0 72 28 0 0 0 59 9 26 0 0 0 1049 143 25 38 94 161 8 469 0 156 162 0 0 475 158 240 0 153 13 0 691 22 0 0 178 0 2845 375 9 0 0 244 0 0 13 180 75 3000 0 0 11 389 21 0 502 401 123 0 16 269 0 0 886 64 32 57 59 0 144 0 118 0 0 86 141 
7 125 243 0 26 56 799 697 237 0 89 213 25 133 274 0 196 40 132 55 0 659 58 0 108 12 0 0 28 804 20 49 0 0 95 66 425 1757 0 0 15 0 13 27 563 0 450 0 10 54 59 34 23 0 125 10 9 724 28 23 11 149 0 1027 0 900 81 1087 3000 17 0 27 22 0 1436 3000 12 797 0 219 8 10 0 203 0 150 11 0 40 381 251 3000 227 0 0 0 0 7 14 662 
37 708 18 0 24 47 1025 113 111 0 21 149 3000 43 103 0 46 30 0 3000 0 194 9 0 10 0 0 28 0 26 202 112 0 1595 328 64 15 110 0 0 115 0 536 49 74 0 110 0 49 3000 3000 243 89 0 276 8 641 13 1405 291 341 819 0 3000 15 1176 86 53 380 123 0 50 47 0 2826 159 0 84 0 10 275 719 0 444 0 3000 363 0 0 20 163 207 2134 0 0 0 0 35 39 508 
514 10 1646 0 420 29 139 39 16 96 28 441 105 360 440 12 170 8 32 56 125 21 130 73 107 15 59 804 26 0 685 21 7 38 8 9 19 423 87 42 14 272 156 737 48 1025 394 0 88 215 28 8 45 0 392 438 13 122 27 126 75 75 98 36 91 17 277 88 23 96 61 65 11 52 14 360 18 63 155 12 42 1206 0 10 79 137 416 0 179 28 9 18 30 211 27 16 0 10 43 106 
46 99 14 317 239 90 9 68 695 150 13 112 742 61 42 24 7 310 121 11 120 114 96 0 62 631 9 20 202 685 0 203 30 12 22 37 205 2184 34 7 3000 94 990 30 121 100 332 0 719 911 1064 92 21 43 138 395 3000 3000 475 749 0 37 979 10 13 3000 70 277 0 61 377 8 101 3000 80 168 40 68 322 20 18 148 0 784 349 1269 401 2447 75 138 13 868 237 172 13 215 0 0 1548 10 
25 43 93 297 13 20 310 15 36 50 1916 1845 529 629 436 1023 3000 364 128 35 250 643 284 241 9 272 26 49 112 21 203 0 43 13 32 30 1948 29 125 36 347 151 18 84 150 52 8 1246 593 2465 34 526 322 48 27 290 243 0 2316 55 27 39 643 2133 706 620 465 15 713 250 199 458 26 80 156 2642 123 452 216 44 128 42 219 1395 8 0 1349 118 67 14 116 177 2465 3000 97 11 12 126 48 32 
16 1187 697 45 2004 270 0 152 98 12 42 126 219 97 7 1171 47 0 201 0 72 7 0 170 52 0 0 0 0 7 30 43 0 13 409 7 68 123 803 18 198 21 31 277 0 64 227 19 0 146 176 30 0 0 0 0 8 0 717 3000 70 438 315 1138 753 24 0 0 34 681 251 0 0 12 31 40 29 28 362 297 16 0 3000 0 156 0 0 0 141 62 13 1788 107 1174 113 932 217 24 169 157 
781 9 75 0 37 101 0 0 666 7 52 358 652 19 93 1078 505 0 0 0 21 256 0 101 202 0 0 0 1595 38 12 13 13 0 183 89 267 41 66 11 24 34 1578 60 0 12 56 1248 0 9 94 1131 0 0 105 69 513 0 2029 8 295 42 98 251 235 295 0 34 224 0 74 0 0 38 363 57 0 192 98 170 151 0 29 0 212 0 467 0 0 310 0 18 206 0 29 0 49 8 2347 33 
19 8 45 0 14 47 261 707 314 157 60 30 10 2424 109 175 8 176 49 111 3000 24 78 1865 31 26 0 95 328 8 22 32 409 183 0 83 14 408 109 8 748 11 87 1369 18 12 193 0 21 408 2244 74 235 0 16 1566 41 140 369 524 30 383 10 142 22 213 925 153 318 17 2531 99 266 143 626 30 244 151 12 17 40 2180 0 40 37 227 205 0 395 85 36 25 276 149 186 0 0 20 1462 17 
162 76 182 392 396 8 71 323 96 184 252 20 31 91 89 9 124 157 3000 722 24 179 316 0 20 95 1049 66 64 9 37 30 7 89 83 0 106 169 8 41 233 30 312 229 570 1288 3000 0 171 410 179 64 413 144 215 571 145 435 60 53 0 683 131 316 102 40 108 211 45 23 20 122 348 26 156 38 69 8 0 25 8 36 0 171 63 21 13 356 14 230 250 96 1549 8 49 12 0 0 85 1747 
311 782 1332 1162 74 244 446 37 65 9 264 33 21 344 397 138 76 67 159 164 8 115 1192 9 61 988 143 425 15 19 205 1948 68 267 14 106 0 130 3000 446 178 70 212 1283 146 18 49 362 243 77 53 10 2409 211 1060 38 78 60 19 296 552 28 179 81 197 9 128 37 109 44 194 10 404 9 133 2308 1913 3000 858 3000 37 83 134 500 80 0 26 12 18 143 273 111 8 745 2041 229 809 307 383 38 
174 48 64 31 60 16 2190 14 181 146 1008 717 12 3000 11 41 15 348 307 120 272 3000 54 213 160 771 25 1757 110 423 2184 29 123 41 408 169 130 0 2292 23 101 1113 89 17 157 72 111 0 9 154 562 259 63 321 54 59 262 3000 23 105 0 160 1196 295 122 322 1398 25 261 106 300 253 731 12 48 91 2230 285 64 46 229 37 3000 68 8 46 1382 21 222 67 539 22 79 1057 1032 764 28 0 795 1027 
10 27 45 26 15 1399 0 11 0 42 181 7 28 658 0 187 700 36 695 125 317 228 0 72 794 347 38 0 0 87 34 125 803 66 109 8 3000 2292 0 11 25 142 443 121 18 1765 0 261 1402 160 23 0 11 12 0 37 8 0 28 58 0 7 307 294 1214 3000 0 0 0 3000 13 802 0 67 203 855 13 205 399 81 117 1202 21 26 143 0 0 172 703 121 39 226 0 2501 682 33 80 0 804 47 
13 26 609 285 2284 195 43 8 0 129 612 92 37 32 0 324 59 733 65 12 89 193 28 311 53 80 94 0 0 42 7 36 18 11 8 41 446 23 11 0 127 73 42 0 115 13 0 90 12 129 20 0 62 27 0 99 36 0 12 64 0 545 46 17 7 0 126 0 0 2548 39 126 1113 466 0 20 16 112 417 397 20 192 28 82 16 0 0 632 10 11 21 138 0 880 153 291 56 0 1669 2948 
1789 278 57 0 780 21 1010 1741 78 642 680 370 164 33 23 202 294 2067 871 10 83 16 20 0 1617 67 161 15 115 14 3000 347 198 24 748 233 178 101 25 127 0 8 254 8 1255 0 316 0 137 175 105 1382 40 50 487 131 60 72 49 244 25 209 287 1427 524 20 143 278 347 13 104 15 14 3000 210 198 164 3000 0 223 15 3000 0 75 0 745 150 32 145 40 114 48 14 3000 50 109 0 50 2828 776 
27 11 0 15 0 7 0 11 0 43 1268 1469 784 10 0 195 59 111 46 67 73 87 0 32 41 12 8 0 0 272 94 151 21 34 11 30 70 1113 142 73 8 0 268 0 12 1021 0 3000 32 49 40 0 0 47 0 129 283 0 10 617 0 25 284 282 83 295 0 0 0 283 794 136 0 768 2230 751 28 32 459 1282 67 36 2984 1474 33 0 0 45 48 1825 16 161 0 105 98 1339 1527 0 296 21 
42 38 106 0 91 16 17 8 85 8 74 17 3000 15 208 178 251 26 8 474 13 59 73 0 3000 524 469 13 536 156 990 18 31 1578 87 312 212 89 443 42 254 268 0 120 50 11 25 0 709 1754 1055 180 7 18 880 68 8 393 3000 923 17 7 22 82 275 13 492 488 11 70 10 167 196 54 1386 75 592 53 39 21 36 126 0 48 11 74 206 0 342 11 14 105 57 49 52 16 0 82 122 281 
3000 507 56 0 249 7 149 51 107 13 214 222 27 334 2589 76 170 1476 0 101 257 15 1116 31 1302 0 0 27 49 737 30 84 277 60 1369 229 1283 17 121 0 8 0 120 0 0 0 177 0 835 9 157 1240 27 0 37 510 156 28 91 47 41 553 8 46 1413 9 2134 20 327 73 87 8 563 101 50 302 0 104 165 3000 513 82 0 0 42 570 76 0 0 66 272 8 1300 0 12 0 0 16 283 1046 
0 12 2379 66 111 20 8 335 10 666 610 52 18 491 0 0 253 15 144 21 0 18 25 0 13 14 156 563 74 48 121 150 0 0 18 570 146 157 18 115 1255 12 50 0 0 694 0 0 7 217 35 0 549 120 0 726 37 1081 758 67 0 283 0 865 0 0 37 0 0 571 119 49 27 0 169 43 8 10 0 8 18 44 0 48 0 12 39 732 387 415 52 708 0 418 0 9 0 0 8 917 
32 47 0 7 0 24 0 8 0 220 9 97 85 26 0 90 8 1846 13 157 1035 232 0 792 7 281 162 0 0 1025 100 52 64 12 12 1288 18 72 1765 13 0 1021 11 0 694 0 0 10 62 87 20 0 0 19 0 0 32 0 2320 12 0 20 3000 149 39 25 0 0 0 676 26 22 0 194 20 412 76 43 144 181 30 7 23 99 196 0 0 56 230 35 77 13 0 9 441 145 17 0 40 119 
69 0 89 0 34 1774 0 0 303 0 34 168 688 838 289 352 44 85 0 258 852 10 544 0 3000 0 0 450 110 394 332 8 227 56 193 3000 49 111 0 0 316 0 25 177 0 0 0 0 0 99 0 18 1984 0 237 418 31 119 71 161 91 195 0 39 381 859 55 12 224 0 232 0 1133 559 256 36 0 2128 0 72 13 0 0 0 0 88 42 0 0 364 0 110 38 0 27 0 0 189 190 32 
454 0 0 0 0 0 0 0 0 27 565 408 0 18 0 94 714 0 0 0 9 3000 0 133 1050 0 0 0 0 0 0 1246 19 1248 0 0 362 0 261 90 0 3000 0 0 0 10 0 0 0 0 212 0 0 0 0 0 46 0 557 0 0 0 672 0 430 1433 0 0 0 0 17 0 0 1913 0 1085 0 0 80 0 60 0 9 0 198 0 0 0 0 14 0 0 0 197 404 0 14 0 3000 187 
47 144 123 3000 500 9 30 180 405 324 525 271 8 125 589 0 31 470 69 68 0 72 81 0 75 15 475 10 49 88 719 593 0 0 21 171 243 9 1402 12 137 32 709 835 7 62 0 0 0 210 29 0 2400 665 21 9 104 64 74 118 0 391 0 1452 0 0 3000 51 0 302 33 144 121 0 168 88 142 13 0 926 11 910 0 55 0 24 625 103 39 471 3000 100 0 43 0 40 0 0 19 50 
287 2081 185 87 428 65 71 1421 179 348 2677 431 52 155 174 65 40 99 170 817 41 53 16 0 379 1852 158 54 3000 215 911 2465 146 9 408 410 77 154 160 129 175 49 1754 9 217 87 99 0 210 0 44 0 3000 180 78 965 23 2119 41 14 0 3000 563 15 67 3000 379 272 0 27 58 274 292 478 135 941 36 33 0 126 26 25 0 16 707 38 58 45 41 876 3000 242 11 455 326 8 0 0 2918 8 
131 347 289 404 2647 2076 238 44 40 1289 149 235 216 288 23 372 1227 9 20 179 13 1295 34 201 86 202 240 59 3000 28 1064 34 176 94 2244 179 53 562 23 20 105 40 1055 157 35 20 0 212 29 44 0 0 40 9 0 60 235 108 86 17 0 47 26 1742 476 129 388 0 0 91 3000 57 14 21 372 220 979 20 533 57 12 106 58 287 126 0 198 10 94 8 37 25 0 96 1891 140 578 0 1262 19 
759 0 21 0 9 165 0 0 1321 50 125 114 20 29 11 339 183 0 0 932 18 216 0 78 84 0 0 34 243 8 92 526 30 1131 74 64 10 259 0 0 1382 0 180 1240 0 0 18 0 0 0 0 0 3000 0 278 1059 72 0 162 41 233 12 124 2765 52 135 0 3000 60 0 34 0 0 168 11 11 0 1047 35 374 23 0 0 0 930 0 188 0 0 112 0 70 22 0 610 0 0 175 414 420 
185 41 1260 11 123 25 11 31 244 1732 246 23 3000 44 312 0 30 105 47 53 0 27 479 0 56 12 153 23 89 45 21 322 0 0 235 413 2409 63 11 62 40 0 7 27 549 0 1984 0 2400 3000 40 3000 0 2015 78 20 688 2303 178 26 0 13 0 49 0 45 30 16 38 191 112 328 1045 0 29 303 668 67 0 75 21 106 0 503 0 556 32 276 110 16 182 654 1026 836 0 17 0 0 8 78 
0 1016 0 12 2699 1263 34 59 0 13 168 708 286 8 0 0 105 127 336 790 0 29 468 0 138 742 13 0 0 0 43 48 0 0 0 144 211 321 12 27 50 47 18 0 120 19 0 0 665 180 9 0 2015 0 0 588 382 0 0 766 0 329 0 1840 0 0 220 0 0 410 101 173 473 0 0 39 1077 71 0 564 18 30 0 91 18 0 0 253 710 246 131 146 0 64 0 138 0 0 1245 21 
2123 0 327 0 49 203 193 0 403 0 47 59 1476 0 323 0 72 2128 0 1876 1041 185 117 0 32 0 0 125 276 392 138 27 0 105 16 215 1060 54 0 0 487 0 880 37 0 0 237 0 21 78 0 278 78 0 0 424 24 20 26 146 529 95 0 2073 61 149 446 278 521 0 0 0 194 0 41 12 0 37 0 158 30 0 0 0 0 904 52 0 0 19 1295 8 61 0 0 0 0 256 102 761 
993 107 478 173 8 509 34 34 266 125 3000 430 190 94 406 210 9 363 3000 248 0 86 20 0 17 181 691 10 8 438 395 290 0 69 1566 571 38 59 37 99 131 129 68 510 726 0 418 0 9 965 60 1059 20 588 424 0 873 1903 328 3000 0 167 0 10 52 49 27 1319 388 744 247 99 18 0 46 418 15 102 0 196 19 637 0 43 0 123 1856 27 1143 79 206 46 660 209 8 383 0 0 3000 254 
370 273 2799 48 752 1647 3000 94 339 18 357 1192 74 7 78 25 141 846 12 28 32 346 402 264 447 15 22 9 641 13 3000 243 8 513 41 145 78 262 8 36 60 283 8 156 37 32 31 46 104 23 235 72 688 382 24 873 0 79 1056 192 2223 13 21 1632 300 158 1724 64 2601 13 180 41 375 235 3000 11 250 54 67 15 137 75 74 2318 60 18 823 47 10 16 65 10 21 539 207 199 347 115 10 47 
0 424 3000 0 447 284 20 2387 330 0 0 23 9 0 110 0 0 44 0 25 0 3000 24 0 32 215 0 724 13 122 3000 0 0 0 140 435 60 3000 0 0 72 0 393 28 1081 0 119 0 64 2119 108 0 2303 0 20 1903 79 0 140 511 0 205 0 43 0 0 803 306 142 536 0 383 31 0 30 346 0 21 0 55 0 89 0 878 0 1130 16 0 18 13 129 350 14 0 0 0 0 0 0 10 
350 578 408 234 159 93 165 60 14 39 535 21 1659 40 75 914 1906 81 102 29 1015 142 13 65 138 27 0 28 1405 27 475 2316 717 2029 369 60 19 23 28 12 49 10 3000 91 758 2320 71 557 74 41 86 162 178 0 26 328 1056 140 0 161 370 27 15 1049 15 9 658 87 3000 335 260 16 189 59 360 78 36 634 56 149 14 2273 623 273 63 0 44 0 280 825 94 17 8 65 174 290 430 24 3000 40 
16 30 11 27 30 231 68 57 1476 31 420 325 27 11 35 40 1798 61 286 108 21 573 9 0 28 301 178 23 291 126 749 55 3000 8 524 53 296 105 58 64 244 617 923 47 67 12 161 0 118 14 17 41 26 766 146 3000 192 511 161 0 0 9 605 7 734 3000 11 3000 39 58 17 181 332 7 434 9 20 231 0 75 14 1255 0 106 28 42 132 10 9 106 44 33 485 25 21 29 0 0 165 184 
8 0 126 0 15 713 0 0 22 419 1065 78 0 128 133 29 1370 0 0 0 84 0 0 51 341 0 0 11 341 75 0 27 70 295 30 0 552 0 0 0 25 0 17 41 0 0 91 0 0 0 0 233 0 0 529 0 2223 0 370 0 0 1003 91 694 411 51 0 2960 232 0 69 0 0 70 8 2749 0 0 189 45 3000 0 0 0 0 0 455 0 0 245 0 454 180 0 1094 0 0 27 10 58 
260 124 293 185 7 159 751 147 108 342 237 62 11 11 47 464 1094 7 69 814 9 12 20 50 34 366 2845 149 819 75 37 39 438 42 383 683 28 160 7 545 209 25 7 553 283 20 195 0 391 3000 47 12 13 329 95 167 13 205 27 9 1003 0 249 12 42 537 360 8 71 1384 40 10 51 152 206 84 1322 24 803 52 18 57 460 19 354 305 88 38 40 84 131 9 715 318 99 361 0 67 1193 299 
8 195 469 692 0 7 0 101 21 46 16 314 586 3000 2266 132 103 0 101 0 181 64 0 54 50 3000 375 0 0 98 979 643 315 98 10 131 179 1196 307 46 287 284 22 8 0 3000 0 672 0 563 26 124 0 0 0 0 21 0 15 605 91 249 0 55 260 3000 0 0 0 8 59 0 0 9 170 90 21 39 1121 607 15 0 133 0 16 0 0 52 2590 282 301 11 14 9 819 31 20 0 49 34 
27 7 2502 38 93 35 138 34 322 761 436 483 54 1857 135 191 157 517 111 23 17 73 602 0 332 28 9 1027 3000 36 10 2133 1138 251 142 316 81 295 294 17 1427 282 82 46 865 149 39 0 1452 15 1742 2765 49 1840 2073 10 1632 43 1049 7 694 12 55 0 13 14 35 861 59 170 178 78 75 1008 259 88 32 1404 0 218 106 949 0 25 0 118 65 24 514 1259 137 19 60 725 29 160 0 643 1076 26 
33 80 610 103 1766 487 0 249 8 228 11 19 107 150 58 63 201 533 9 41 189 29 0 64 42 0 0 0 15 91 13 706 753 235 22 102 197 122 1214 7 524 83 275 1413 0 39 381 430 0 67 476 52 0 0 61 52 300 0 15 734 411 42 260 13 0 15 0 2621 9 805 149 0 0 2882 156 46 78 172 1760 205 53 0 74 0 214 0 364 0 177 694 190 2153 1039 119 253 0 242 91 104 13 
422 679 9 0 21 10 0 40 421 342 562 246 98 122 36 1956 50 11 0 87 36 1701 0 160 9 0 0 900 1176 17 3000 620 24 295 213 40 9 322 3000 0 20 295 13 9 0 25 859 1433 0 3000 129 135 45 0 149 49 158 0 9 3000 51 537 3000 14 15 0 0 87 41 0 32 0 99 3000 406 45 0 54 95 34 22 0 1373 0 271 0 445 0 0 10 294 8 32 0 22 0 331 541 1821 25 
0 1515 35 186 14 366 46 3000 934 0 98 31 742 100 8 0 164 253 130 1096 0 204 64 0 467 349 244 81 86 277 70 465 0 0 925 108 128 1398 0 126 143 0 492 2134 37 0 55 0 3000 379 388 0 30 220 446 27 1724 803 658 11 0 360 0 35 0 0 0 1205 0 51 0 45 33 0 3000 118 364 26 0 1454 144 7 0 1365 0 861 104 1974 506 9 1346 31 0 173 0 77 0 0 0 96 
80 196 2691 0 27 57 19 0 539 0 32 136 25 0 733 0 156 768 0 344 0 1403 272 0 8 0 0 1087 53 88 277 15 0 34 153 211 37 25 0 0 278 0 488 20 0 0 12 0 51 272 0 3000 16 0 278 1319 64 306 87 3000 2960 8 0 861 2621 87 1205 0 620 26 0 131 51 0 162 364 0 62 0 10 3000 522 0 0 0 102 269 0 0 497 49 453 11 0 0 0 0 419 10 2111 
26 0 81 0 394 10 0 0 1117 0 20 100 34 0 71 1543 75 683 0 20 24 0 366 0 64 0 0 3000 380 23 0 713 34 224 318 45 109 261 0 0 347 0 11 327 0 0 224 0 0 0 0 60 38 0 521 388 2601 142 3000 39 232 71 0 59 9 41 0 620 0 0 0 0 24 176 40 1624 0 1423 0 54 99 0 0 0 0 507 16 0 0 269 0 980 489 0 287 0 0 225 13 44 
2175 135 37 405 37 28 83 263 33 123 383 1043 61 25 37 205 15 948 12 109 629 699 128 0 442 386 13 17 123 96 61 250 681 0 17 23 44 106 3000 2548 13 283 70 73 571 676 0 0 302 27 91 0 191 410 0 744 13 536 335 58 0 1384 8 170 805 0 51 26 0 0 7 194 24 667 81 3000 264 20 0 429 268 18 0 23 159 15 147 10 578 115 162 57 0 315 30 12 0 0 11 224 
94 10 66 167 16 167 0 225 14 239 740 1215 1518 2385 647 228 15 38 3000 8 222 32 0 40 98 490 180 0 0 61 377 199 251 74 2531 20 194 300 13 39 104 794 10 87 119 26 232 17 33 58 3000 34 112 101 0 247 180 0 260 17 69 40 59 178 149 32 0 0 0 7 0 14 0 51 1589 30 93 37 113 276 29 70 35 44 27 0 0 30 161 128 9 104 2520 189 989 63 1035 29 418 122 
79 42 15 2072 370 358 111 23 206 1813 1332 380 107 1244 1443 0 83 316 10 114 0 35 25 0 1509 212 75 27 50 65 8 458 0 0 99 122 10 253 802 126 15 136 167 8 49 22 0 0 144 274 57 0 328 173 0 99 41 383 16 181 0 10 0 78 0 0 45 131 0 194 14 0 254 0 229 536 178 124 0 118 25 340 0 26 0 3000 8 29 953 587 32 10 0 49 0 241 0 0 140 24 
32 1498 25 270 82 329 940 20 91 0 34 14 15 204 210 0 367 317 1209 372 0 10 1496 0 41 8 3000 22 47 11 101 26 0 0 266 348 404 731 0 1113 14 0 196 563 27 0 1133 0 121 292 14 0 1045 473 194 18 375 31 189 332 0 51 0 75 0 99 33 51 24 24 0 254 0 0 43 24 35 2156 0 43 30 270 0 485 0 363 3000 1355 1986 20 143 63 749 7 0 178 0 0 76 396 
31 1410 1104 12 1081 889 0 17 63 136 10 70 1241 9 89 1155 287 0 127 0 372 10 0 1941 10 0 0 0 0 52 3000 80 12 38 143 26 9 12 67 466 3000 768 54 101 0 194 559 1913 0 478 21 168 0 0 0 0 235 0 59 7 70 152 9 1008 2882 3000 0 0 176 667 51 0 0 0 1032 11 117 13 68 1080 197 0 889 0 526 0 0 0 0 286 3000 8 8 342 2040 0 214 37 18 118 
26 91 57 0 108 10 11 251 122 28 18 8 73 460 62 11 13 216 0 72 80 72 135 250 160 0 0 1436 2826 14 80 156 31 363 626 156 133 48 203 0 210 2230 1386 50 169 20 256 0 168 135 372 11 29 0 41 46 3000 30 360 434 8 206 170 259 156 406 3000 162 40 81 1589 229 43 1032 0 46 0 20 20 203 167 359 0 0 152 191 699 0 0 74 909 230 39 0 38 0 0 764 26 111 
1268 299 3000 297 37 42 153 329 410 36 7 107 1384 3000 269 27 29 67 25 7 9 21 332 469 65 9 11 3000 159 360 168 2642 40 57 30 38 2308 91 855 20 198 751 75 302 43 412 36 1085 88 941 220 11 303 39 12 418 11 346 78 9 2749 84 90 88 46 45 118 364 1624 3000 30 536 24 11 46 0 90 146 84 1555 105 158 25 26 3000 749 26 418 37 778 349 191 71 132 1932 350 22 468 15 52 
219 403 92 284 1016 141 15 57 0 76 42 895 738 29 0 3000 696 47 331 27 27 35 40 0 187 49 389 12 0 18 40 123 29 0 244 69 1913 2230 13 16 164 28 592 0 8 76 0 0 142 36 979 0 668 1077 0 15 250 0 36 20 0 1322 21 32 78 0 364 0 0 264 93 178 35 117 0 90 0 391 13 12 350 30 261 268 1107 0 0 1263 151 324 63 184 0 92 137 11 0 0 45 798 
852 38 267 2287 10 285 207 28 218 419 198 669 176 110 9 838 15 523 245 259 15 62 399 0 45 513 21 797 84 63 68 452 28 192 151 8 3000 285 205 112 3000 32 53 104 10 43 2128 0 13 33 20 1047 67 71 37 102 54 21 634 231 0 24 39 1404 172 54 26 62 1423 20 37 124 2156 13 20 146 391 0 465 418 94 34 0 2762 670 308 89 14 34 3000 763 7 112 77 162 25 0 0 50 53 
279 505 0 15 0 685 0 9 0 20 326 443 0 25 0 26 371 0 334 0 10 624 0 10 911 0 0 0 0 155 322 216 362 98 12 0 858 64 399 417 0 459 39 165 0 144 0 80 0 0 533 35 0 0 0 0 67 0 56 0 189 803 1121 0 1760 95 0 0 0 0 113 0 0 68 20 84 13 465 0 18 192 0 61 0 55 0 0 0 887 732 124 50 34 12 1239 46 219 0 14 522 
87 239 40 660 19 137 17 12 36 370 643 146 78 112 613 171 43 26 28 10 31 115 16 0 24 20 502 219 10 12 20 44 297 170 17 25 3000 46 81 397 223 1282 21 3000 8 181 72 0 926 126 57 374 75 564 158 196 15 55 149 75 45 52 607 218 205 34 1454 10 54 429 276 118 43 1080 203 1555 12 418 18 0 12 79 0 51 272 63 186 210 52 48 223 9 167 261 3000 1562 0 71 14 177 
17 25 568 371 331 383 102 555 1623 552 38 1119 1844 3000 20 68 21 24 34 949 34 8 1236 240 72 11 401 8 275 42 18 128 16 151 40 8 37 229 117 20 15 67 36 513 18 30 13 60 11 26 12 23 21 18 30 19 137 0 14 14 3000 18 15 106 53 22 144 3000 99 268 29 25 30 197 167 105 350 94 192 12 0 19 32 61 3000 0 987 284 8 11 111 96 10 165 621 345 1191 20 19 11 
29 23 189 191 60 18 20 56 375 8 25 543 79 11 33 8 71 205 27 9 0 21 61 0 31 44 123 10 719 1206 148 42 0 0 2180 36 83 37 1202 192 3000 36 126 82 44 7 0 0 910 25 106 0 106 30 0 637 75 89 2273 1255 0 57 0 949 0 0 7 522 0 18 70 340 270 0 359 158 30 34 0 79 19 0 0 75 0 113 15 485 8 156 101 30 0 3000 0 10 0 0 24 169 
64 21 0 52 0 39 0 0 0 9 240 818 0 73 0 187 3000 0 271 0 231 704 0 494 12 0 0 0 0 0 0 219 3000 29 0 0 134 3000 21 28 0 2984 0 0 0 23 0 9 0 0 58 0 0 0 0 0 74 0 623 0 0 460 133 0 74 1373 0 0 0 0 35 0 0 889 0 25 261 0 61 0 32 0 0 0 24 0 0 0 0 1142 0 1288 0 129 152 21 19 0 12 40 
0 337 2412 713 298 11 66 535 0 107 12 123 11 572 0 0 60 20 18 3000 0 124 48 0 17 64 16 203 444 10 784 1395 0 0 40 171 500 68 26 82 75 1474 48 0 48 99 0 0 55 16 287 0 503 91 0 43 2318 878 273 106 0 19 0 25 0 0 1365 0 0 23 44 26 485 0 0 26 268 2762 0 51 61 75 0 0 0 0 18 3000 14 10 9 92 0 253 0 101 0 0 109 19 
72 51 0 30 0 9 0 519 0 23 119 118 0 8 0 172 19 0 325 0 16 3000 0 399 388 23 269 0 0 79 349 8 156 212 37 63 80 8 143 16 0 33 11 42 0 196 0 198 0 707 126 930 0 18 0 0 60 0 63 28 0 354 16 0 214 271 0 0 0 159 27 0 0 526 152 3000 1107 670 55 272 3000 0 24 0 0 0 0 1073 734 479 61 18 0 536 37 172 3000 0 517 442 
0 0 11 0 48 96 23 195 578 0 0 0 303 0 647 0 0 18 0 2234 0 0 1534 0 23 0 0 150 3000 137 1269 0 0 0 227 21 0 46 0 0 745 0 74 570 12 0 88 0 24 38 0 0 556 0 904 123 18 1130 0 42 0 305 0 118 0 0 861 102 507 15 0 3000 363 0 191 749 0 308 0 63 0 113 0 0 0 0 573 0 0 0 456 464 0 0 0 0 0 0 0 0 
69 69 3000 0 12 554 1079 936 149 0 16 65 319 0 489 0 21 245 0 536 0 142 488 0 602 0 0 11 363 416 401 1349 0 467 205 13 26 1382 0 0 150 0 206 76 39 0 42 0 625 58 198 188 32 0 52 1856 823 16 44 132 455 88 0 65 364 445 104 269 16 147 0 8 3000 0 699 26 0 89 0 186 987 15 0 18 0 573 0 0 184 26 1081 43 90 0 0 0 0 30 20 1020 
0 38 0 719 0 8 803 12 0 139 3000 834 2003 39 0 0 2373 365 105 158 0 121 99 0 82 20 886 0 0 0 2447 118 0 0 0 356 12 21 172 632 32 45 0 0 732 56 0 0 103 45 10 0 276 253 0 27 47 0 0 10 0 38 52 24 0 0 1974 0 0 10 30 29 1355 0 0 418 1263 14 0 210 284 485 0 3000 1073 0 0 0 22 1012 1151 127 0 1872 0 221 0 0 78 46 
32 367 103 64 9 37 276 1198 0 409 150 36 31 136 0 3000 16 487 11 16 0 48 99 0 12 52 64 40 0 179 75 67 141 0 395 14 18 222 703 10 145 48 342 0 387 230 0 0 39 41 94 0 110 710 0 1143 10 18 280 9 0 40 2590 514 177 0 506 0 0 578 161 953 1986 0 0 37 151 34 887 52 8 8 0 14 734 0 184 22 0 15 53 152 0 783 15 318 0 0 20 50 
28 21 194 13 28 1503 435 166 541 323 9 52 2097 27 287 51 123 118 421 1571 1219 14 323 29 571 202 32 381 20 28 138 14 62 310 85 230 143 67 121 11 40 1825 11 66 415 35 364 14 471 876 8 112 16 246 19 79 16 13 825 106 245 84 282 1259 694 10 9 497 269 115 128 587 20 286 74 778 324 3000 732 48 11 156 1142 10 479 0 26 1012 15 0 39 202 359 156 49 115 2128 274 399 69 
1564 53 76 12 878 1087 139 34 1362 91 87 2882 11 36 39 18 546 71 13 67 2010 65 1603 0 79 323 57 251 163 9 13 116 13 0 36 250 273 539 39 21 114 16 14 272 52 77 0 0 3000 3000 37 0 182 131 1295 206 65 129 94 44 0 131 301 137 190 294 1346 49 0 162 9 32 143 3000 909 349 63 763 124 223 111 101 0 9 61 456 1081 1151 53 39 0 12 0 1909 261 182 0 0 117 73 
148 1156 242 58 10 11 85 500 59 45 38 31 233 1393 86 378 26 1129 219 17 109 13 280 765 21 18 59 3000 207 18 868 177 1788 18 25 96 111 22 226 138 48 161 105 8 708 13 110 0 100 242 25 70 654 146 8 46 10 350 17 33 454 9 11 19 2153 8 31 453 980 57 104 10 63 8 230 191 184 7 50 9 96 30 1288 92 18 464 43 127 152 202 12 0 2690 131 836 1986 0 3000 11 35 
1365 0 490 0 285 853 0 0 19 123 18 1110 1154 25 44 35 3000 308 0 21 68 12 57 39 246 0 0 227 2134 30 237 2465 107 206 276 1549 8 79 0 0 14 0 57 1300 0 0 38 0 0 11 0 22 1026 0 61 660 21 14 8 485 180 715 14 60 1039 32 0 11 489 0 2520 0 749 8 39 71 0 112 34 167 10 0 0 0 0 0 90 0 0 359 0 2690 0 0 74 0 0 2347 209 504 
9 224 149 960 18 51 10 195 0 17 14 37 22 1400 0 138 1717 28 18 1101 1406 42 29 0 143 204 144 0 0 211 172 3000 1174 0 149 8 745 1057 2501 880 3000 105 49 0 418 9 0 197 43 455 96 0 836 64 0 209 539 0 65 25 0 318 9 725 119 0 173 0 0 315 189 49 7 342 0 132 92 77 12 261 165 3000 129 253 536 0 0 1872 783 156 1909 131 0 0 1409 15 10 0 13 1249 
78 44 413 45 108 10 0 875 2242 948 675 43 2959 138 568 9 315 384 190 8 11 24 0 87 124 0 0 0 0 27 13 97 113 29 186 49 2041 1032 682 153 50 98 52 12 0 441 27 404 0 326 1891 610 0 0 0 8 207 0 174 21 1094 99 819 29 253 22 0 0 287 30 989 0 0 2040 38 1932 137 162 1239 3000 621 0 152 0 37 0 0 0 15 49 261 836 74 1409 0 9 25 31 128 31 
25 111 0 23 246 59 150 86 0 82 13 310 95 310 0 868 410 22 372 25 0 65 10 0 695 558 118 0 0 16 215 11 932 0 0 12 229 764 33 291 109 1339 16 0 9 145 0 0 40 8 140 0 17 138 0 383 199 0 290 29 0 361 31 160 0 0 77 0 0 12 63 241 178 0 0 350 11 25 46 1562 345 10 21 101 172 0 0 221 318 115 182 1986 0 15 9 0 0 0 765 112 
3000 0 0 0 0 0 0 0 0 3000 177 9 0 83 0 60 17 0 0 0 3000 227 0 17 37 0 0 0 0 0 0 12 217 49 0 0 809 28 80 56 0 1527 0 0 0 17 0 14 0 0 578 0 0 0 0 0 347 0 430 0 0 0 20 0 242 331 0 0 0 0 1035 0 0 214 0 22 0 0 219 0 1191 0 19 0 3000 0 0 0 0 2128 0 0 0 10 25 0 0 0 123 177 
20 0 141 0 377 15 0 0 8 0 177 15 0 0 8 85 58 0 0 0 34 0 0 38 0 0 0 7 35 10 0 126 24 8 20 0 307 0 0 0 50 0 82 16 0 0 189 0 0 0 0 175 0 0 256 0 115 0 24 0 27 67 0 643 91 541 0 419 225 0 29 0 0 37 764 468 0 0 0 71 20 0 0 0 0 0 30 0 0 274 0 3000 2347 0 31 0 0 0 14 9 
1162 1282 11 79 1190 37 0 626 18 183 8 78 100 52 99 307 216 22 16 262 17 13 0 2251 429 93 86 14 39 43 1548 48 169 2347 1462 85 383 795 804 1669 2828 296 122 283 8 40 190 3000 19 2918 1262 414 8 1245 102 3000 10 0 3000 165 10 1193 49 1076 104 1821 0 10 13 11 418 140 76 18 26 15 45 50 14 14 19 24 12 109 517 0 20 78 20 399 117 11 209 13 128 765 123 14 0 362 
9 154 117 545 394 191 139 321 544 37 27 299 611 244 198 13 8 535 432 337 85 317 22 29 20 43 141 662 508 106 10 32 157 33 17 1747 38 1027 47 2948 776 21 281 1046 917 119 32 187 50 8 19 420 78 21 761 254 47 10 40 184 58 299 34 26 13 25 96 2111 44 224 122 24 396 118 111 52 798 53 522 177 11 169 40 19 442 0 1020 46 50 69 73 35 504 1249 31 112 177 9 362 0 
