100
0 83 76 67 41 37 58 39 63 70 97 77 62 24 87 48 21 32 88 67 22 68 75 66 34 44 28 6 62 83 61 89 56 79 28 96 12 67 35 5 27 59 22 59 102 53 94 69 74 67 42 58 88 44 79 78 61 73 56 57 24 77 40 82 31 38 67 31 19 29 69 42 83 19 62 92 23 43 88 35 81 39 50 42 40 46 36 91 79 43 110 34 87 73 63 31 73 44 33 79 
83 0 59 49 45 59 61 57 22 73 20 8 58 77 43 87 87 84 19 45 65 49 10 60 89 45 55 77 70 30 23 47 64 48 55 36 78 34 92 79 70 98 77 78 38 31 12 36 23 46 43 52 17 58 21 50 55 14 30 97 78 25 65 51 92 71 49 84 67 61 27 46 19 79 36 15 79 82 22 74 21 44 48 47 76 86 81 28 59 74 47 81 11 22 67 81 22 44 52 44 
76 59 0 13 65 39 19 79 60 18 54 51 95 87 23 46 64 97 77 88 74 12 49 10 58 38 60 74 20 32 48 22 21 97 60 38 80 78 104 71 49 52 56 29 43 48 61 24 35 89 44 18 75 84 38 98 15 46 63 51 88 78 87 12 102 92 91 97 57 75 33 41 75 86 76 74 57 44 43 45 39 58 29 70 96 46 97 85 3 38 46 97 51 71 17 52 37 68 66 93 
67 49 13 0 53 30 15 67 48 25 48 41 83 76 22 45 58 86 66 75 62 1 39 11 54 26 48 64 22 26 36 24 18 85 48 36 70 65 93 62 41 54 49 31 41 36 53 13 26 77 32 9 65 71 29 86 8 36 50 52 77 66 75 15 91 80 79 85 48 63 22 29 64 75 63 64 50 42 36 39 31 46 17 57 84 44 86 74 15 35 47 85 43 60 19 47 27 56 54 81 
41 45 65 53 0 37 54 15 23 70 62 41 31 33 65 66 52 40 47 29 21 54 40 60 60 28 16 35 63 56 26 69 55 41 16 69 34 26 47 39 41 79 45 66 73 20 57 47 45 30 22 48 46 19 48 42 52 38 15 77 33 36 23 66 48 29 31 40 31 16 41 26 42 34 21 52 47 60 57 49 51 8 38 4 34 64 37 50 68 54 83 38 51 31 62 53 43 4 8 40 
37 59 39 30 37 0 22 47 46 37 67 51 68 50 51 30 30 60 71 66 37 30 49 30 30 14 25 35 29 49 37 53 21 77 25 62 42 59 66 33 12 43 21 29 68 31 68 34 43 66 18 21 70 53 47 78 24 46 43 41 51 65 54 45 64 57 68 59 19 40 37 14 67 48 55 72 22 24 57 15 50 30 14 40 61 28 61 77 42 18 75 60 58 59 28 22 42 41 34 75 
58 61 19 15 54 22 0 66 56 16 63 53 86 71 37 29 46 81 78 80 59 16 51 9 40 26 45 57 10 41 44 38 3 91 45 51 63 72 87 53 31 39 38 17 57 41 67 27 39 82 32 10 76 72 43 92 7 48 56 37 72 75 74 28 85 78 83 81 40 61 35 28 74 69 69 76 38 27 51 26 45 47 17 58 82 29 82 85 22 20 62 82 57 68 8 34 40 58 53 88 
39 57 79 67 15 47 66 0 36 83 75 54 23 22 80 74 55 27 55 28 17 68 53 73 65 41 22 32 75 70 40 83 67 40 22 83 29 30 35 38 47 86 49 76 88 35 69 62 60 28 35 61 55 6 63 39 65 52 27 84 22 43 9 80 36 15 28 27 35 10 56 39 50 25 26 61 51 67 71 57 65 21 51 11 19 71 24 56 81 63 97 24 65 40 74 58 58 13 13 41 
63 22 60 48 23 46 56 36 0 71 40 19 40 56 52 76 70 63 26 29 44 49 19 58 75 33 36 57 65 40 12 56 57 37 36 51 58 18 70 60 55 89 61 71 55 15 34 37 30 30 28 47 25 37 31 38 51 19 8 87 56 19 43 56 71 50 33 62 49 40 28 33 21 58 17 29 63 70 37 61 33 24 40 26 54 75 59 31 62 64 64 60 30 13 63 67 28 23 31 33 
70 73 18 25 70 37 16 83 71 0 71 66 102 86 41 31 55 96 91 96 74 24 63 14 46 43 61 70 8 49 59 39 16 107 61 55 77 87 102 66 43 35 49 14 61 57 77 38 50 98 49 24 89 88 54 108 20 60 71 34 87 89 90 29 100 94 99 96 54 77 47 44 88 84 85 89 49 32 60 36 55 63 33 75 98 32 98 99 19 28 64 97 67 83 8 43 51 74 69 104 
97 20 54 48 62 67 63 75 40 71 0 21 78 94 33 91 97 102 36 65 82 48 23 59 97 55 70 92 70 23 37 37 66 68 70 21 94 54 110 93 79 101 87 79 21 45 11 36 25 66 55 54 34 77 20 70 56 24 48 100 95 45 84 44 110 90 69 102 79 78 30 57 38 96 55 29 89 87 12 82 18 60 54 65 95 91 99 44 54 80 29 100 11 42 67 89 25 62 69 63 
77 8 51 41 41 51 53 54 19 66 21 0 58 73 37 79 79 81 26 46 61 41 2 52 82 38 49 72 62 24 16 41 56 52 50 33 73 35 88 73 62 90 70 70 36 24 17 28 16 48 36 43 24 56 15 53 47 6 27 89 74 29 62 44 89 69 50 80 60 57 19 39 25 74 35 23 71 74 19 66 16 39 40 44 73 78 78 34 52 66 46 78 11 24 59 73 15 41 47 47 
62 58 95 83 31 68 86 23 40 102 78 58 0 41 91 96 78 41 48 14 40 84 58 90 88 59 45 55 95 80 49 95 86 20 45 91 50 24 47 61 70 109 72 97 94 47 69 75 69 12 53 79 49 18 71 19 83 59 34 107 41 35 22 94 50 26 10 41 59 33 67 58 44 45 23 56 75 90 77 80 72 39 69 28 28 94 35 45 97 85 104 37 68 36 93 82 67 28 35 24 
24 77 87 76 33 50 71 22 56 86 94 73 41 0 93 69 44 10 77 49 14 77 72 79 56 50 28 19 78 86 58 96 70 60 28 99 12 53 17 25 44 81 42 76 104 51 89 74 76 49 46 69 77 25 79 59 72 70 48 78 1 65 19 91 16 16 48 10 32 16 71 47 72 4 48 83 44 63 88 54 82 35 59 30 16 67 13 78 90 61 113 11 84 62 78 52 74 33 26 62 
87 43 23 22 65 51 37 80 52 41 33 37 91 93 0 66 80 102 62 81 79 22 36 30 76 44 65 84 42 13 41 4 40 88 65 15 88 69 109 82 63 74 71 51 20 45 42 19 22 82 47 31 60 83 22 89 30 34 57 73 94 66 88 12 109 94 84 102 68 78 24 46 61 92 69 57 72 64 23 61 21 59 37 69 99 66 101 71 22 57 25 101 33 61 39 70 24 67 68 83 
48 87 46 45 66 30 29 74 76 31 91 79 96 69 66 0 28 78 101 95 60 45 77 36 16 44 52 50 26 70 67 67 26 107 52 80 58 89 82 44 26 13 27 17 86 61 94 56 67 96 48 38 99 79 72 107 37 73 73 11 70 95 79 56 79 80 97 78 39 65 62 44 97 65 85 101 25 6 80 17 74 59 39 69 84 2 81 107 48 13 91 80 84 89 29 17 67 70 61 105 
21 87 64 58 52 30 46 55 70 55 97 79 78 44 80 28 0 53 96 81 39 59 77 54 13 42 37 25 48 79 64 82 43 93 36 92 32 78 56 18 18 38 10 42 98 57 97 64 73 81 44 49 95 60 77 93 51 75 64 36 45 87 58 73 52 58 82 52 22 45 67 41 91 40 73 98 8 24 87 20 80 47 44 54 60 26 56 101 67 27 105 55 88 81 49 13 72 56 45 92 
32 84 97 86 40 60 81 27 63 96 102 81 41 10 102 78 53 0 82 51 23 87 80 89 65 60 38 28 88 95 66 106 80 61 38 108 21 57 7 34 54 90 52 87 113 59 96 84 84 51 55 79 82 28 88 60 83 79 54 88 9 69 21 101 9 15 50 1 42 24 80 57 77 13 52 88 53 73 97 64 90 44 69 37 13 76 6 82 100 71 122 4 91 67 88 61 83 40 34 64 
88 19 77 66 47 71 78 55 26 91 36 26 48 77 62 101 96 82 0 35 68 67 28 77 101 57 61 82 87 49 34 66 80 34 61 55 81 26 89 85 81 113 87 94 56 40 25 54 42 36 54 68 2 54 40 36 72 31 32 111 78 13 62 70 91 68 38 82 75 62 44 58 6 80 30 8 89 95 41 87 40 49 63 48 72 99 78 9 78 88 65 79 30 16 84 93 41 45 55 29 
67 45 88 75 29 66 80 28 29 96 65 46 14 49 81 95 81 51 35 0 44 76 47 84 89 54 45 60 90 69 40 85 82 12 45 79 57 12 58 65 70 108 74 94 82 40 56 66 59 1 49 73 35 24 60 12 77 48 25 106 49 22 31 85 60 36 4 52 60 38 57 53 30 53 12 42 76 89 65 79 61 36 64 27 40 93 46 32 90 83 92 47 56 23 88 82 57 26 35 13 
22 65 74 62 21 37 59 17 44 74 82 61 40 14 79 60 39 23 68 44 0 63 59 66 50 36 14 16 66 72 45 82 58 56 14 85 13 45 30 22 34 73 34 65 91 37 77 61 62 44 32 56 67 22 66 56 59 58 36 70 14 56 19 77 29 20 44 23 22 7 57 34 62 14 40 73 36 54 75 44 69 22 45 20 24 58 24 70 77 51 100 23 71 52 66 44 61 23 13 57 
68 49 12 1 54 30 16 68 49 24 48 41 84 77 22 45 59 87 67 76 63 0 39 11 54 27 49 65 22 25 37 23 19 85 49 35 71 66 94 63 42 54 50 31 41 37 53 13 26 77 33 9 65 72 29 87 9 36 51 52 78 67 76 14 92 81 79 86 49 64 23 30 65 76 64 65 51 42 36 40 31 47 18 58 85 45 87 75 14 35 47 86 43 60 19 48 27 57 55 82 
75 10 49 39 40 49 51 53 19 63 23 2 58 72 36 77 77 80 28 47 59 39 0 50 79 35 48 70 60 23 15 40 53 52 48 32 72 35 87 71 60 88 68 67 36 22 19 26 14 48 34 41 26 55 14 54 45 3 26 86 72 30 62 43 87 68 50 79 58 56 16 37 26 73 36 26 69 71 19 64 15 37 38 43 72 75 77 36 50 64 46 77 12 25 57 71 13 40 46 48 
66 60 10 11 60 30 9 73 58 14 59 52 90 79 30 36 54 89 77 84 66 11 50 0 48 32 52 65 11 36 46 30 11 94 52 45 71 75 95 62 39 44 47 21 50 45 64 24 37 85 38 12 76 78 40 95 7 47 59 43 80 76 80 20 93 85 87 88 48 68 33 34 75 77 72 75 47 35 47 35 42 52 22 64 89 36 90 85 13 29 55 89 54 70 9 43 38 63 59 91 
34 89 58 54 60 30 40 65 75 46 97 82 88 56 76 16 13 65 101 89 50 54 79 48 0 44 45 37 39 77 67 77 37 101 45 89 45 85 68 31 20 25 16 32 95 61 98 63 73 90 47 46 99 71 77 101 46 76 71 23 57 93 69 68 65 69 91 65 30 55 67 43 96 52 81 102 14 14 86 16 79 54 43 63 72 15 69 106 61 20 101 68 89 87 41 8 72 64 54 100 
44 45 38 26 28 14 26 41 33 43 55 38 59 50 44 44 42 60 57 54 36 27 35 32 44 0 22 40 36 39 23 47 27 65 22 52 45 47 66 40 25 56 33 39 58 17 55 25 31 55 6 20 56 46 36 66 25 32 30 54 51 52 49 41 65 53 57 59 25 36 25 2 53 49 43 58 34 38 45 29 38 20 10 32 58 42 59 64 41 31 66 59 45 45 34 36 30 31 28 63 
28 55 60 48 16 25 45 22 36 61 70 49 45 28 65 52 37 38 61 45 14 49 48 52 45 22 0 22 53 58 33 68 45 57 0 72 24 41 45 25 26 65 29 54 77 25 66 46 49 45 18 41 60 28 53 57 45 46 29 62 29 51 29 63 44 33 46 37 15 15 43 19 56 28 37 65 31 45 62 35 55 12 31 18 37 50 38 65 62 41 86 37 59 46 53 37 47 19 10 56 
6 77 74 64 35 35 57 32 57 70 92 72 55 19 84 50 25 28 82 60 16 65 70 65 37 40 22 0 62 79 55 86 55 72 22 92 8 60 32 7 27 62 23 59 98 47 89 66 70 60 38 56 81 37 74 72 59 68 50 60 20 71 34 79 30 33 60 28 17 23 64 38 77 15 55 86 25 45 84 36 77 34 47 35 35 48 32 85 77 44 106 30 81 66 63 33 69 38 27 73 
62 70 20 22 63 29 10 75 65 8 70 62 95 78 42 26 48 88 87 90 66 22 60 11 39 36 53 62 0 47 54 41 9 100 53 56 69 81 94 58 35 33 41 10 62 51 75 35 48 91 42 19 85 80 51 101 15 56 65 31 79 84 82 31 91 86 93 88 46 69 43 37 84 76 78 85 41 25 58 28 53 56 26 67 90 26 89 94 22 21 66 89 65 78 3 35 48 67 62 98 
83 30 32 26 56 49 41 70 40 49 23 24 80 86 13 70 79 95 49 69 72 25 23 36 77 39 58 79 47 0 31 17 44 75 59 13 83 57 102 78 61 79 70 57 19 36 30 15 11 70 41 32 47 74 9 77 34 21 46 78 86 53 79 22 102 85 73 94 64 70 15 41 49 86 57 45 71 66 11 62 9 51 35 60 90 69 93 58 31 59 28 93 20 48 45 70 13 57 60 71 
61 23 48 36 26 37 44 40 12 59 37 16 49 58 41 67 64 66 34 40 45 37 15 46 67 23 33 55 54 31 0 45 46 49 33 43 57 29 73 57 48 79 55 60 47 8 33 26 20 41 20 35 33 43 23 50 39 13 16 77 58 30 49 45 73 55 44 66 44 42 17 24 30 59 28 35 56 61 31 53 25 23 29 29 60 65 63 41 50 54 57 64 26 24 52 59 18 27 32 45 
89 47 22 24 69 53 38 83 56 39 37 41 95 96 4 67 82 106 66 85 82 23 40 30 77 47 68 86 41 17 45 0 41 92 68 17 91 74 113 85 65 74 73 51 22 49 46 22 26 86 50 32 64 87 26 93 31 38 61 73 97 70 92 10 112 97 89 105 70 82 28 49 66 95 73 61 73 64 26 63 26 63 39 73 102 66 105 75 20 58 25 104 37 65 38 71 28 71 72 88 
56 64 21 18 55 21 3 67 57 16 66 56 86 70 40 26 43 80 80 82 58 19 53 11 37 27 45 55 9 44 46 41 0 92 45 54 62 73 86 51 29 36 36 14 60 43 70 30 42 83 33 12 78 72 46 93 10 50 57 34 71 76 74 31 84 77 84 80 39 60 37 29 76 68 70 79 35 24 54 23 48 47 18 59 82 26 81 87 24 17 65 81 59 70 8 31 43 58 53 90 
79 48 97 85 41 77 91 40 37 107 68 52 20 60 88 107 93 61 34 12 56 85 52 94 101 65 57 72 100 75 49 92 92 0 57 84 68 19 67 77 82 120 86 105 87 50 57 74 66 12 60 83 35 35 66 2 87 54 35 118 60 23 42 93 70 46 12 61 72 49 65 65 30 64 22 42 88 101 70 90 67 48 74 39 49 105 55 28 99 95 96 57 60 27 99 94 64 38 48 5 
28 55 60 48 16 25 45 22 36 61 70 50 45 28 65 52 36 38 61 45 14 49 48 52 45 22 0 22 53 59 33 68 45 57 0 72 24 42 44 25 26 65 29 54 77 25 67 47 49 45 18 42 60 28 53 57 46 46 29 62 29 51 29 63 43 32 46 37 15 15 44 20 56 27 37 65 31 45 62 35 56 12 31 18 37 50 37 65 63 41 86 37 60 46 53 37 48 19 10 56 
96 36 38 36 69 62 51 83 51 55 21 33 91 99 15 80 92 108 55 79 85 35 32 45 89 52 72 92 56 13 43 17 54 84 72 0 96 67 115 92 74 88 82 66 6 49 32 27 23 81 54 43 53 86 20 86 44 32 58 87 100 61 92 26 115 98 83 107 77 83 28 55 55 99 68 49 83 77 14 74 18 64 48 72 102 80 106 63 36 70 14 106 25 57 53 82 25 70 73 79 
12 78 80 70 34 42 63 29 58 77 94 73 50 12 88 58 32 21 81 57 13 71 72 71 45 45 24 8 69 83 57 91 62 68 24 96 0 58 25 14 34 69 31 67 101 49 90 70 73 57 42 62 81 33 77 68 65 70 50 67 13 70 28 85 22 26 56 20 23 20 68 42 76 8 53 86 33 52 87 43 80 35 52 34 28 56 24 83 83 51 110 23 83 65 69 41 72 36 27 69 
67 34 78 65 26 59 72 30 18 87 54 35 24 53 69 89 78 57 26 12 45 66 35 75 85 47 41 60 81 57 29 74 73 19 42 67 58 0 64 65 65 102 70 86 71 30 44 55 47 13 41 64 26 29 48 20 68 36 16 100 53 13 36 74 66 42 15 57 56 38 46 46 20 56 5 33 72 83 53 73 50 31 55 25 46 87 52 26 79 77 80 53 44 12 80 77 45 23 33 16 
35 92 104 93 47 66 87 35 70 102 110 88 47 17 109 82 56 7 89 58 30 94 87 95 68 66 45 32 94 102 73 113 86 67 44 115 25 64 0 38 59 93 56 92 120 66 103 91 92 57 62 85 89 35 95 66 89 86 62 91 16 76 28 107 4 22 56 8 48 32 87 64 84 18 60 96 57 77 104 68 98 51 75 45 18 80 12 89 106 76 129 11 99 74 94 65 90 47 42 70 
5 79 71 62 39 33 53 38 60 66 93 73 61 25 82 44 18 34 85 65 22 63 71 62 31 40 25 7 58 78 57 85 51 77 25 92 14 65 38 0 23 56 18 54 98 49 91 65 70 66 38 54 85 43 75 77 56 69 53 53 26 75 40 77 35 39 66 34 15 28 64 37 80 22 60 89 19 39 84 31 77 36 45 40 42 42 38 89 74 39 106 37 83 70 59 27 69 42 31 78 
27 70 49 41 41 12 31 47 55 43 79 62 70 44 63 26 18 54 81 70 34 42 60 39 20 25 26 27 35 61 48 65 29 82 26 74 34 65 59 23 0 39 8 32 80 40 79 47 55 71 27 33 79 53 60 82 35 57 50 37 45 73 53 56 56 55 72 54 13 39 49 24 76 41 61 82 9 20 69 10 62 34 26 43 58 24 56 86 52 17 87 55 70 67 36 12 54 44 35 81 
59 98 52 54 79 43 39 86 89 35 101 90 109 81 74 13 38 90 113 108 73 54 88 44 25 56 65 62 33 79 79 74 36 120 65 88 69 102 93 56 39 0 39 23 94 74 105 66 78 109 61 48 111 92 82 120 46 85 86 2 82 108 91 63 90 93 110 89 51 78 73 56 109 77 98 113 37 19 90 30 84 72 50 82 96 15 93 120 54 25 98 92 95 101 35 29 78 83 74 118 
22 77 56 49 45 21 38 49 61 49 87 70 72 42 71 27 10 52 87 74 34 50 68 47 16 33 29 23 41 70 55 73 36 86 29 82 31 70 56 18 8 39 0 37 88 47 87 55 63 74 34 41 86 55 68 86 42 65 56 37 43 78 53 64 53 54 75 51 14 40 57 31 82 38 65 89 2 22 77 13 70 39 35 47 57 25 54 92 59 21 96 53 78 73 42 10 62 48 38 85 
59 78 29 31 66 29 17 76 71 14 79 70 97 76 51 17 42 87 94 94 65 31 67 21 32 39 54 59 10 57 60 51 14 105 54 66 67 86 92 54 32 23 37 0 71 56 84 44 56 95 45 26 92 82 60 105 23 64 70 22 77 90 83 41 89 86 96 86 45 69 51 40 90 74 83 93 36 18 67 24 62 58 31 70 90 18 88 101 32 16 76 88 73 84 12 29 56 69 63 102 
102 38 43 41 73 68 57 88 55 61 21 36 94 104 20 86 98 113 56 82 91 41 36 50 95 58 77 98 62 19 47 22 60 87 77 6 101 71 120 98 80 94 88 71 0 54 32 33 28 84 60 49 54 90 25 88 50 36 62 93 105 64 96 31 120 102 86 113 83 88 34 60 57 104 71 49 89 83 17 80 23 69 54 77 107 86 111 64 42 76 10 111 27 60 59 88 30 75 78 82 
53 31 48 36 20 31 41 35 15 57 45 24 47 51 45 61 57 59 40 40 37 37 22 45 61 17 25 47 51 36 8 49 43 50 25 49 49 30 66 49 40 74 47 56 54 0 41 28 25 41 13 33 39 38 29 51 38 20 14 72 51 34 43 47 66 49 43 59 36 35 21 18 36 51 28 42 49 55 38 46 31 15 25 24 54 59 57 46 50 48 63 57 34 28 49 52 24 22 25 47 
94 12 61 53 57 68 67 69 34 77 11 17 69 89 42 94 97 96 25 56 77 53 19 64 98 55 66 89 75 30 33 46 70 57 67 32 90 44 103 91 79 105 87 84 32 41 0 40 28 57 53 58 23 70 24 59 60 22 42 104 90 35 77 52 104 83 59 96 77 73 33 56 27 91 47 17 89 90 19 83 23 55 56 59 88 93 93 33 61 82 40 93 11 33 72 90 27 56 64 52 
69 36 24 13 47 34 27 62 37 38 36 28 75 74 19 56 64 84 54 66 61 13 26 24 63 25 46 66 35 15 26 22 30 74 47 27 70 55 91 65 47 66 55 44 33 28 40 0 13 67 29 18 52 65 16 75 20 23 41 64 75 54 70 19 90 76 69 83 50 60 10 28 52 74 54 51 56 52 24 47 18 41 20 51 80 55 83 62 25 44 41 83 30 48 32 55 14 49 50 70 
74 23 35 26 45 43 39 60 30 50 25 16 69 76 22 67 73 84 42 59 62 26 14 37 73 31 49 70 48 11 20 26 42 66 49 23 73 47 92 70 55 78 63 56 28 25 28 13 0 60 32 30 40 63 5 67 33 12 35 76 76 44 68 28 92 74 62 84 56 60 6 33 40 76 47 39 64 63 14 57 7 41 30 49 79 66 82 50 36 55 38 83 17 38 45 65 2 47 50 61 
67 46 89 77 30 66 82 28 30 98 66 48 12 49 82 96 81 51 36 1 44 77 48 85 90 55 45 60 91 70 41 86 83 12 45 81 57 13 57 66 71 109 74 95 84 41 57 67 60 0 50 74 37 24 61 12 78 49 27 107 49 23 31 86 60 36 2 51 60 38 58 54 31 53 13 44 76 90 66 79 63 37 65 27 39 94 45 33 91 84 93 47 57 24 89 83 58 26 36 13 
42 43 44 32 22 18 32 35 28 49 55 36 53 46 47 48 44 55 54 49 32 33 34 38 47 6 18 38 42 41 20 50 33 60 18 54 42 41 62 38 27 61 34 45 60 13 53 29 32 50 0 26 52 40 36 60 30 31 25 59 46 47 43 46 61 48 51 55 24 32 26 5 49 45 38 55 36 42 46 33 39 14 16 26 53 47 54 59 46 36 69 54 45 41 40 39 31 25 22 57 
58 52 18 9 48 21 10 61 47 24 54 43 79 69 31 38 49 79 68 73 56 9 41 12 46 20 41 56 19 32 35 32 12 83 42 43 62 64 85 54 33 48 41 26 49 33 58 18 30 74 26 0 66 66 34 84 4 38 48 46 70 66 69 24 84 74 76 78 40 57 25 23 65 67 61 67 41 34 42 31 36 41 10 52 78 37 79 76 21 27 56 79 47 59 16 39 30 51 48 80 
88 17 75 65 46 70 76 55 25 89 34 24 49 77 60 99 95 82 2 35 67 65 26 76 99 56 60 81 85 47 33 64 78 35 60 53 81 26 89 85 79 111 86 92 54 39 23 52 40 37 52 66 0 54 38 37 70 29 31 110 77 14 62 68 91 68 39 82 74 62 42 56 6 80 30 7 88 94 39 85 38 48 61 47 72 98 78 11 76 87 63 79 28 16 83 91 39 45 54 30 
44 58 84 71 19 53 72 6 37 88 77 56 18 25 83 79 60 28 54 24 22 72 55 78 71 46 28 37 80 74 43 87 72 35 28 86 33 29 35 43 53 92 55 82 90 38 70 65 63 24 40 66 54 0 65 35 70 55 29 90 25 41 7 84 37 14 24 28 41 15 59 44 49 29 25 61 57 73 73 63 68 26 56 14 18 77 23 54 86 69 100 24 66 39 80 64 61 16 19 37 
79 21 38 29 48 47 43 63 31 54 20 15 71 79 22 72 77 88 40 60 66 29 14 40 77 36 53 74 51 9 23 26 46 66 53 20 77 48 95 75 60 82 68 60 25 29 24 16 5 61 36 34 38 65 0 68 36 12 37 80 80 44 71 30 95 77 63 88 60 63 11 38 39 80 48 36 69 67 10 62 3 44 34 52 82 71 86 49 38 60 34 86 13 39 49 69 5 50 54 61 
78 50 98 86 42 78 92 39 38 108 70 53 19 59 89 107 93 60 36 12 56 87 54 95 101 66 57 72 101 77 50 93 93 2 57 86 68 20 66 77 82 120 86 105 88 51 59 75 67 12 60 84 37 35 68 0 88 56 36 118 59 25 41 94 69 45 11 60 72 49 66 65 32 63 23 44 88 101 72 91 69 48 75 39 47 105 54 30 100 95 98 56 62 29 100 94 65 38 48 7 
61 55 15 8 52 24 7 65 51 20 56 47 83 72 30 37 51 83 72 77 59 9 45 7 46 25 45 59 15 34 39 31 10 87 46 44 65 68 89 56 35 46 42 23 50 38 60 20 33 78 30 4 70 70 36 88 0 41 52 44 73 70 73 22 87 78 80 82 43 61 28 27 69 71 65 70 43 33 44 31 38 45 15 57 82 36 83 79 18 27 55 82 50 63 13 40 33 56 52 84 
73 14 46 36 38 46 48 52 19 60 24 6 59 70 34 73 75 79 31 48 58 36 3 47 76 32 46 68 56 21 13 38 50 54 46 32 70 36 86 69 57 85 65 64 36 20 22 23 12 49 31 38 29 55 12 56 41 0 26 83 71 32 61 40 86 67 51 78 55 54 13 34 29 71 36 29 66 68 19 61 14 36 35 42 72 72 76 39 47 61 45 76 14 27 54 68 10 39 45 50 
56 30 63 50 15 43 56 27 8 71 48 27 34 48 57 73 64 54 32 25 36 51 26 59 71 30 29 50 65 46 16 61 57 35 29 58 50 16 62 53 50 86 56 70 62 14 42 41 35 27 25 48 31 29 37 36 52 26 0 84 48 23 35 60 63 42 29 54 43 31 33 30 27 49 13 36 58 67 45 58 39 17 39 17 46 71 51 36 64 61 71 51 38 17 63 63 33 15 23 33 
57 97 51 52 77 41 37 84 87 34 100 89 107 78 73 11 36 88 111 106 70 52 86 43 23 54 62 60 31 78 77 73 34 118 62 87 67 100 91 53 37 2 37 22 93 72 104 64 76 107 59 46 110 90 80 118 44 83 84 0 79 106 89 62 88 91 108 87 49 75 71 54 107 75 96 111 35 17 88 27 82 70 49 80 94 13 91 118 53 23 97 90 93 99 34 27 76 80 72 116 
24 78 88 77 33 51 72 22 56 87 95 74 41 1 94 70 45 9 78 49 14 78 72 80 57 51 29 20 79 86 58 97 71 60 29 100 13 53 16 26 45 82 43 77 105 51 90 75 76 49 46 70 77 25 80 59 73 71 48 79 0 65 18 91 15 15 48 9 33 17 71 48 72 5 48 83 45 64 89 55 82 36 60 31 16 68 12 78 91 62 114 10 84 62 79 53 75 33 26 62 
77 25 78 66 36 65 75 43 19 89 45 29 35 65 66 95 87 69 13 22 56 67 30 76 93 52 51 71 84 53 30 70 76 23 51 61 70 13 76 75 73 108 78 90 64 34 35 54 44 23 47 66 14 41 44 25 70 32 23 106 65 0 49 72 78 55 25 69 65 50 45 52 8 68 17 21 81 89 47 80 45 40 59 36 59 93 65 14 79 82 73 66 37 6 82 85 42 34 44 18 
40 65 87 75 23 54 74 9 43 90 84 62 22 19 88 79 58 21 62 31 19 76 62 80 69 49 29 34 82 79 49 92 74 42 29 92 28 36 28 40 53 91 53 83 96 43 77 70 68 31 43 69 62 7 71 41 73 61 35 89 18 49 0 88 30 6 30 21 40 14 64 47 56 23 32 68 55 73 79 62 74 29 59 19 11 77 16 61 90 69 106 17 73 46 82 63 67 22 21 43 
82 51 12 15 66 45 28 80 56 29 44 44 94 91 12 56 73 101 70 85 77 14 43 20 68 41 63 79 31 22 45 10 31 93 63 26 85 74 107 77 56 63 64 41 31 47 52 19 28 86 46 24 68 84 30 94 22 40 60 62 91 72 88 0 106 94 89 100 63 77 28 43 69 90 73 66 65 54 33 53 30 59 32 70 98 56 100 79 10 48 35 100 42 67 28 61 30 68 68 89 
31 92 102 91 48 64 85 36 71 100 110 89 50 16 109 79 52 9 91 60 29 92 87 93 65 65 44 30 91 102 73 112 84 70 43 115 22 66 4 35 56 90 53 89 120 66 104 90 92 60 61 84 91 37 95 69 87 86 63 88 15 78 30 106 0 24 59 9 45 32 86 63 86 16 61 97 54 74 104 65 98 51 74 45 21 77 14 91 105 73 129 13 99 76 92 62 90 48 42 72 
38 71 92 80 29 57 78 15 50 94 90 69 26 16 94 80 58 15 68 36 20 81 68 85 69 53 33 33 86 85 55 97 77 46 32 98 26 42 22 39 55 93 54 86 102 49 83 76 74 36 48 74 68 14 77 45 78 67 42 91 15 55 6 94 24 0 35 15 42 17 70 51 62 20 38 74 56 74 86 64 80 35 63 25 5 78 10 67 94 71 112 11 79 53 85 64 73 28 26 49 
67 49 91 79 31 68 83 28 33 99 69 50 10 48 84 97 82 50 38 4 44 79 50 87 91 57 46 60 93 73 44 89 84 12 46 83 56 15 56 66 72 110 75 96 86 43 59 69 62 2 51 76 39 24 63 11 80 51 29 108 48 25 30 89 59 35 0 50 61 38 61 56 34 52 16 46 77 91 69 80 65 38 66 28 38 95 44 35 93 85 96 46 60 27 91 83 60 27 37 14 
31 84 97 85 40 59 81 27 62 96 102 80 41 10 102 78 52 1 82 52 23 86 79 88 65 59 37 28 88 94 66 105 80 61 37 107 20 57 8 34 54 89 51 86 113 59 96 83 84 51 55 78 82 28 88 60 82 78 54 87 9 69 21 100 9 15 50 0 42 24 79 57 77 12 52 88 53 72 96 63 90 43 68 37 13 76 6 82 99 71 122 5 91 67 88 61 83 40 34 64 
19 67 57 48 31 19 40 35 49 54 79 60 59 32 68 39 22 42 75 60 22 49 58 48 30 25 15 17 46 64 44 70 39 72 15 77 23 56 48 15 13 51 14 45 83 36 77 50 56 60 24 40 74 41 60 72 43 55 43 49 33 65 40 63 45 42 61 42 0 26 50 23 70 29 52 78 16 33 70 22 63 26 31 33 45 36 44 79 60 29 91 43 69 60 46 23 55 34 24 71 
29 61 75 63 16 40 61 10 40 77 78 57 33 16 78 65 45 24 62 38 7 64 56 68 55 36 15 23 69 70 42 82 60 49 15 83 20 38 32 28 39 78 40 69 88 35 73 60 60 38 32 57 62 15 63 49 61 54 31 75 17 50 14 77 32 17 38 24 26 0 55 34 57 18 34 67 42 59 72 48 66 19 46 14 21 63 23 64 77 55 98 23 67 46 68 49 58 17 10 50 
69 27 33 22 41 37 35 56 28 47 30 19 67 71 24 62 67 80 44 57 57 23 16 33 67 25 43 64 43 15 17 28 37 65 44 28 68 46 87 64 49 73 57 51 34 21 33 10 6 58 26 25 42 59 11 66 28 13 33 71 71 45 64 28 86 70 61 79 50 55 0 27 42 71 45 42 58 57 20 51 13 36 24 45 75 61 78 52 34 50 43 78 22 39 41 59 6 43 45 61 
42 46 41 29 26 14 28 39 33 44 57 39 58 47 46 44 41 57 58 53 34 30 37 34 43 2 19 38 37 41 24 49 29 65 20 55 42 46 64 37 24 56 31 40 60 18 56 28 33 54 5 23 56 44 38 65 27 34 30 54 48 52 47 43 63 51 56 57 23 34 27 0 53 46 42 59 33 38 47 29 40 19 12 30 56 42 57 64 43 31 69 56 47 45 36 35 32 30 26 62 
83 19 75 64 42 67 74 50 21 88 38 25 44 72 61 97 91 77 6 30 62 65 26 75 96 53 56 77 84 49 30 66 76 30 56 55 76 20 84 80 76 109 82 90 57 36 27 52 40 31 49 65 6 49 39 32 69 29 27 107 72 8 56 69 86 62 34 77 70 57 42 53 0 74 24 12 84 91 41 82 40 44 59 42 66 95 72 11 76 84 66 73 30 10 81 88 39 40 50 25 
19 79 86 75 34 48 69 25 58 84 96 74 45 4 92 65 40 13 80 53 14 76 73 77 52 49 28 15 76 86 59 95 68 64 27 99 8 56 18 22 41 77 38 74 104 51 91 74 76 53 45 67 80 29 80 63 71 71 49 75 5 68 23 90 16 20 52 12 29 18 71 46 74 0 51 85 40 60 89 51 82 36 57 32 21 63 16 81 88 58 113 15 85 64 76 48 75 35 27 65 
62 36 76 63 21 55 69 26 17 85 55 35 23 48 69 85 73 52 30 12 40 64 36 72 81 43 37 55 78 57 28 73 70 22 37 68 53 5 60 60 61 98 65 83 71 28 47 54 47 13 38 61 30 25 48 23 65 36 13 96 48 17 32 73 61 38 16 52 52 34 45 42 24 51 0 36 68 79 54 69 50 27 52 20 42 83 48 30 78 73 81 49 45 15 77 73 45 18 28 20 
92 15 74 64 52 72 76 61 29 89 29 23 56 83 57 101 98 88 8 42 73 65 26 75 102 58 65 86 85 45 35 61 79 42 65 49 86 33 96 89 82 113 89 93 49 42 17 51 39 44 55 67 7 61 36 44 70 29 36 111 83 21 68 66 97 74 46 88 78 67 42 59 12 85 36 0 91 96 35 88 36 53 63 53 78 100 84 15 75 88 58 85 25 22 83 94 38 50 60 37 
23 79 57 50 47 22 38 51 63 49 89 71 75 44 72 25 8 53 89 76 36 51 69 47 14 34 31 25 41 71 56 73 35 88 31 83 33 72 57 19 9 37 2 36 89 49 89 56 64 76 36 41 88 57 69 88 43 66 58 35 45 81 55 65 54 56 77 53 16 42 58 33 84 40 68 91 0 20 78 13 71 41 36 49 59 23 56 94 59 20 96 55 79 75 42 8 64 50 40 87 
43 82 44 42 60 24 27 67 70 32 87 74 90 63 64 6 24 73 95 89 54 42 71 35 14 38 45 45 25 66 61 64 24 101 45 77 52 83 77 39 20 19 22 18 83 55 90 52 63 90 42 34 94 73 67 101 33 68 67 17 64 89 73 54 74 74 91 72 33 59 57 38 91 60 79 96 20 0 76 10 69 53 34 63 78 4 76 101 47 8 89 75 79 83 27 12 63 63 55 99 
88 22 43 36 57 57 51 71 37 60 12 19 77 88 23 80 87 97 41 65 75 36 19 47 86 45 62 84 58 11 31 26 54 70 62 14 87 53 104 84 69 90 77 67 17 38 19 24 14 66 46 42 39 73 10 72 44 19 45 88 89 47 79 33 104 86 69 96 70 72 20 47 41 89 54 35 78 76 0 71 7 53 43 60 90 79 94 49 42 68 27 95 11 43 56 79 15 58 62 65 
35 74 45 39 49 15 26 57 61 36 82 66 80 54 61 17 20 64 87 79 44 40 64 35 16 29 35 36 28 62 53 63 23 90 35 74 43 73 68 31 10 30 13 24 80 46 83 47 57 79 33 31 85 63 62 91 31 61 58 27 55 80 62 53 65 64 80 63 22 48 51 29 82 51 69 88 13 10 71 0 64 43 27 52 68 15 66 93 47 8 86 65 73 74 29 8 57 53 45 89 
81 21 39 31 51 50 45 65 33 55 18 16 72 82 21 74 80 90 40 61 69 31 15 42 79 38 55 77 53 9 25 26 48 67 56 18 80 50 98 77 62 84 70 62 23 31 23 18 7 63 39 36 38 68 3 69 38 14 39 82 82 45 74 30 98 80 65 90 63 66 13 40 40 82 50 36 71 69 7 64 0 47 36 54 84 73 88 49 39 62 32 88 12 40 50 72 8 52 56 63 
39 44 58 46 8 30 47 21 24 63 60 39 39 35 59 59 47 44 49 36 22 47 37 52 54 20 12 34 56 51 23 63 47 48 12 64 35 31 51 36 34 72 39 58 69 15 55 41 41 37 14 41 48 26 44 48 45 36 17 70 36 40 29 59 51 35 38 43 26 19 36 19 44 36 27 53 41 53 53 43 47 0 30 12 39 57 42 53 60 47 78 42 49 34 55 47 39 11 9 46 
50 48 29 17 38 14 17 51 40 33 54 40 69 59 37 39 44 69 63 64 45 18 38 22 43 10 31 47 26 35 29 39 18 74 31 48 52 55 75 45 26 50 35 31 54 25 56 20 30 65 16 10 61 56 34 75 15 35 39 49 60 59 59 32 74 63 66 68 31 46 24 12 59 57 52 63 36 34 43 27 36 30 0 42 68 37 69 70 31 26 61 68 46 52 25 35 29 41 38 72 
42 47 70 57 4 40 58 11 26 75 65 44 28 30 69 69 54 37 48 27 20 58 43 64 63 32 18 35 67 60 29 73 59 39 18 72 34 25 45 40 43 82 47 70 77 24 59 51 49 27 26 52 47 14 52 39 57 42 17 80 31 36 19 70 45 25 28 37 33 14 45 30 42 32 20 53 49 63 60 52 54 12 42 0 30 67 34 50 72 57 86 35 54 32 66 55 47 3 9 38 
40 76 96 84 34 61 82 19 54 98 95 73 28 16 99 84 60 13 72 40 24 85 72 89 72 58 37 35 90 90 60 102 82 49 37 102 28 46 18 42 58 96 57 90 107 54 88 80 79 39 53 78 72 18 82 47 82 72 46 94 16 59 11 98 21 5 38 13 45 21 75 56 66 21 42 78 59 78 90 68 84 39 68 30 0 81 7 71 99 75 117 8 84 57 89 67 77 33 30 51 
46 86 46 44 64 28 29 71 75 32 91 78 94 67 66 2 26 76 99 93 58 45 75 36 15 42 50 48 26 69 65 66 26 105 50 80 56 87 80 42 24 15 25 18 86 59 93 55 66 94 47 37 98 77 71 105 36 72 71 13 68 93 77 56 77 78 95 76 36 63 61 42 95 63 83 100 23 4 79 15 73 57 37 67 81 0 79 106 48 11 91 78 83 87 29 15 66 68 59 103 
36 81 97 86 37 61 82 24 59 98 99 78 35 13 101 81 56 6 78 46 24 87 77 90 69 59 38 32 89 93 63 105 81 55 37 106 24 52 12 38 56 93 54 88 111 57 93 83 82 45 54 79 78 23 86 54 83 76 51 91 12 65 16 100 14 10 44 6 44 23 78 57 72 16 48 84 56 76 94 66 88 42 69 34 7 79 0 77 100 73 120 2 88 63 89 64 81 37 33 58 
91 28 85 74 50 77 85 56 31 99 44 34 45 78 71 107 101 82 9 32 70 75 36 85 106 64 65 85 94 58 41 75 87 28 65 63 83 26 89 89 86 120 92 101 64 46 33 62 50 33 59 76 11 54 49 30 79 39 36 118 78 14 61 79 91 67 35 82 79 64 52 64 11 81 30 15 94 101 49 93 49 53 70 50 71 106 77 0 86 94 73 78 39 19 92 98 49 47 58 23 
79 59 3 15 68 42 22 81 62 19 54 52 97 90 22 48 67 100 78 90 77 14 50 13 61 41 62 77 22 31 50 20 24 99 63 36 83 79 106 74 52 54 59 32 42 50 61 25 36 91 46 21 76 86 38 100 18 47 64 53 91 79 90 10 105 94 93 99 60 77 34 43 76 88 78 75 59 47 42 47 39 60 31 72 99 48 100 86 0 41 45 100 51 73 20 55 37 71 69 95 
43 74 38 35 54 18 20 63 64 28 80 66 85 61 57 13 27 71 88 83 51 35 64 29 20 31 41 44 21 59 54 58 17 95 41 70 51 77 76 39 17 25 21 16 76 48 82 44 55 84 36 27 87 69 60 95 27 61 61 23 62 82 69 48 73 71 85 71 29 55 50 31 84 58 73 88 20 8 68 8 62 47 26 57 75 11 73 94 41 0 82 72 72 76 22 14 55 58 50 93 
110 47 46 47 83 75 62 97 64 64 29 46 104 113 25 91 105 122 65 92 100 47 46 55 101 66 86 106 66 28 57 25 65 96 86 14 110 80 129 106 87 98 96 76 10 63 40 41 38 93 69 56 63 100 34 98 55 45 71 97 114 73 106 35 129 112 96 122 91 98 43 69 66 113 81 58 96 89 27 86 32 78 61 86 117 91 120 73 45 82 0 120 36 69 63 95 39 84 88 91 
34 81 97 85 38 60 82 24 60 97 100 78 37 11 101 80 55 4 79 47 23 86 77 89 68 59 37 30 89 93 64 104 81 57 37 106 23 53 11 37 55 92 53 88 111 57 93 83 83 47 54 79 79 24 86 56 82 76 51 90 10 66 17 100 13 11 46 5 43 23 78 56 73 15 49 85 55 75 95 65 88 42 68 35 8 78 2 78 100 72 120 0 89 63 89 63 81 37 33 59 
87 11 51 43 51 58 57 65 30 67 11 11 68 84 33 84 88 91 30 56 71 43 12 54 89 45 59 81 65 20 26 37 59 60 60 25 83 44 99 83 70 95 78 73 27 34 11 30 17 57 45 47 28 66 13 62 50 14 38 93 84 37 73 42 99 79 60 91 69 67 22 47 30 85 45 25 79 79 11 73 12 49 46 54 84 83 88 39 51 72 36 89 0 33 62 81 17 52 58 55 
73 22 71 60 31 59 68 40 13 83 42 24 36 62 61 89 81 67 16 23 52 60 25 70 87 45 46 66 78 48 24 65 70 27 46 57 65 12 74 70 67 101 73 84 60 28 33 48 38 24 41 59 16 39 39 29 63 27 17 99 62 6 46 67 76 53 27 67 60 46 39 45 10 64 15 22 75 83 43 74 40 34 52 32 57 87 63 19 73 76 69 63 33 0 76 79 37 29 39 23 
63 67 17 19 62 28 8 74 63 8 67 59 93 78 39 29 49 88 84 88 66 19 57 9 41 34 53 63 3 45 52 38 8 99 53 53 69 80 94 59 36 35 42 12 59 49 72 32 45 89 40 16 83 80 49 100 13 54 63 34 79 82 82 28 92 85 91 88 46 68 41 36 81 76 77 83 42 27 56 29 50 55 25 66 89 29 89 92 20 22 63 89 62 76 0 37 46 66 61 96 
31 81 52 47 53 22 34 58 67 43 89 73 82 52 70 17 13 61 93 82 44 48 71 43 8 36 37 33 35 70 59 71 31 94 37 82 41 77 65 27 12 29 10 29 88 52 90 55 65 83 39 39 91 64 69 94 40 68 63 27 53 85 63 61 62 64 83 61 23 49 59 35 88 48 73 94 8 12 79 8 72 47 35 55 67 15 64 98 55 14 95 63 81 79 37 0 64 56 47 93 
73 22 37 27 43 42 40 58 28 51 25 15 67 74 24 67 72 83 41 57 61 27 13 38 72 30 47 69 48 13 18 28 43 64 48 25 72 45 90 69 54 78 62 56 30 24 27 14 2 58 31 30 39 61 5 65 33 10 33 76 75 42 67 30 90 73 60 83 55 58 6 32 39 75 45 38 64 63 15 57 8 39 29 47 77 66 81 49 37 55 39 81 17 37 46 64 0 45 48 59 
44 44 68 56 4 41 58 13 23 74 62 41 28 33 67 70 56 40 45 26 23 57 40 63 64 31 19 38 67 57 27 71 58 38 19 70 36 23 47 42 44 83 48 69 75 22 56 49 47 26 25 51 45 16 50 38 56 39 15 80 33 34 22 68 48 28 27 40 34 17 43 30 40 35 18 50 50 63 58 53 52 11 41 3 33 68 37 47 71 58 84 37 52 29 66 56 45 0 11 37 
33 52 66 54 8 34 53 13 31 69 69 47 35 26 68 61 45 34 55 35 13 55 46 59 54 28 10 27 62 60 32 72 53 48 10 73 27 33 42 31 35 74 38 63 78 25 64 50 50 36 22 48 54 19 54 48 52 45 23 72 26 44 21 68 42 26 37 34 24 10 45 26 50 27 28 60 40 55 62 45 56 9 38 9 30 59 33 58 69 50 88 33 58 39 61 47 48 11 0 47 
79 44 93 81 40 75 88 41 33 104 63 47 24 62 83 105 92 64 29 13 57 82 48 91 100 63 56 73 98 71 45 88 90 5 56 79 69 16 70 78 81 118 85 102 82 47 52 70 61 13 57 80 30 37 61 7 84 50 33 116 62 18 43 89 72 49 14 64 71 50 61 62 25 65 20 37 87 99 65 89 63 46 72 38 51 103 58 23 95 93 91 59 55 23 96 93 59 37 47 0 
0 99 10 993 1857 446 696 678 1788 49 1151 303 157 945 43 224 21 43 780 129 154 109 0 298 3000 57 1742 175 283 92 54 33 216 0 78 2532 20 14 79 10 978 144 80 3000 0 109 243 3000 0 557 1266 0 1387 387 57 2040 956 0 521 398 433 30 312 50 993 0 16 26 60 62 289 2134 169 96 192 10 347 1312 9 10 13 130 39 372 111 34 0 24 0 9 1449 194 64 67 12 0 229 69 0 803 
99 0 0 0 70 15 0 396 20 82 38 44 0 0 1126 0 0 216 120 739 21 0 0 0 0 0 2071 225 0 0 982 0 0 0 0 86 83 0 3000 33 116 0 874 0 0 61 20 281 0 0 664 0 24 3000 0 15 1030 0 404 0 12 0 218 0 69 0 0 280 2159 17 593 0 0 436 29 19 231 0 1571 65 0 66 96 29 18 706 0 143 0 221 0 17 0 850 0 0 12 90 0 145 
10 0 0 0 25 170 0 8 0 205 0 37 25 13 0 11 117 15 0 39 0 1890 0 147 54 523 0 1785 0 64 73 97 13 17 13 20 107 0 0 16 0 27 26 458 125 1865 0 64 0 60 2481 0 0 0 31 2403 0 30 705 141 133 29 387 0 1398 0 18 0 0 60 0 42 470 0 0 0 28 192 154 0 1141 224 422 0 0 71 8 1102 466 13 0 0 0 38 21 9 9 561 208 3000 
993 0 0 0 72 170 35 3000 1037 493 0 0 62 0 0 0 19 948 633 0 17 0 1647 71 53 25 14 3000 122 0 0 261 158 53 48 0 479 52 0 346 21 160 28 360 62 35 135 22 16 7 71 8 684 62 16 2085 81 16 0 270 59 16 3000 962 0 41 0 27 557 111 0 0 35 0 36 178 3000 30 27 2970 30 177 0 0 3000 8 140 55 251 0 176 0 91 1731 28 370 44 0 1019 76 
1857 70 25 72 0 106 0 391 1408 122 63 1913 8 385 157 298 19 673 70 21 41 107 0 317 18 679 92 14 0 11 55 295 3000 0 1190 163 33 72 277 27 49 139 1526 180 0 20 23 87 0 473 114 0 636 10 1578 239 203 0 3000 19 21 16 22 16 3000 0 78 98 9 108 9 240 982 1731 13 38 354 39 513 129 79 688 2003 34 235 13 0 89 0 145 717 374 73 1308 903 0 852 96 0 59 
446 15 170 170 106 0 344 17 34 686 89 8 74 439 3000 150 14 120 75 225 17 191 0 748 271 139 56 1132 44 145 51 11 17 163 38 25 739 978 13 89 161 1594 78 98 0 223 131 68 39 1988 27 246 125 3000 176 54 20 36 198 1097 60 21 496 146 423 0 77 523 16 434 1994 16 2946 19 3000 2890 262 775 385 76 36 102 1144 9 1049 10 345 469 175 381 49 39 110 442 17 23 15 21 821 162 
696 0 0 35 0 344 0 30 599 694 0 0 0 0 0 0 144 346 777 0 156 0 69 618 390 0 3000 0 379 0 0 452 15 574 0 0 21 267 0 0 70 108 21 57 0 243 135 17 11 0 1076 351 28 59 0 226 2033 279 0 24 98 10 13 843 0 140 0 13 20 34 0 0 20 0 746 19 1448 30 95 757 295 23 0 0 39 201 16 22 220 0 1415 0 99 16 0 7 163 0 0 147 
678 396 8 3000 391 17 30 0 18 1115 25 8 16 37 370 1287 7 58 49 464 354 331 0 8 7 17 535 8 202 899 80 281 793 59 3000 90 285 673 447 24 38 3000 915 1659 1147 68 94 295 509 49 1823 14 525 3000 1567 41 49 260 14 751 519 103 54 16 1661 85 391 73 3000 26 11 609 934 313 3000 395 42 65 58 1415 1967 21 46 10 44 144 106 332 67 69 66 3000 1270 143 25 688 10 62 670 471 
1788 20 0 1037 1408 34 599 18 0 58 290 0 0 0 12 0 19 59 106 0 51 0 158 0 0 0 340 11 793 0 0 0 0 0 0 252 470 2076 1233 85 250 342 125 8 0 1452 1551 315 3000 0 150 0 1291 24 0 22 511 0 3000 0 437 0 91 10 0 27 0 214 44 148 65 0 0 100 163 256 46 56 52 262 0 1048 190 234 532 820 0 48 0 35 20 47 2608 9 0 0 127 341 0 242 
49 82 205 493 122 686 694 1115 58 0 11 113 1310 32 9 108 330 71 23 7 182 714 9 11 97 29 101 309 9 20 896 1521 29 0 181 14 585 2130 14 97 54 1288 561 46 0 115 24 1299 143 507 3000 1426 200 173 38 1234 341 0 25 202 76 513 29 127 1203 41 2493 53 134 11 31 3000 123 1539 15 14 147 10 353 79 21 50 8 334 1297 1125 0 1303 312 194 40 13 3000 3000 11 0 240 758 0 146 
1151 38 0 0 63 89 0 25 290 11 0 17 0 51 60 22 0 219 507 175 16 0 0 0 0 0 260 254 0 57 185 0 0 0 0 110 1261 0 652 662 27 0 148 44 0 53 68 194 0 0 1150 0 67 22 0 111 88 0 234 0 10 0 96 0 24 0 0 3000 62 870 97 0 0 2825 1026 15 53 0 115 373 0 30 19 31 140 67 0 269 0 8 0 1814 0 188 463 0 27 73 0 19 
303 44 37 0 1913 8 0 8 0 113 17 0 283 20 0 3000 160 909 0 28 164 3000 0 62 1017 9 95 60 0 55 135 49 38 206 12 76 143 8 437 162 216 107 67 1015 0 132 11 52 0 347 175 0 14 0 13 104 0 8 67 543 178 592 22 0 750 0 11 0 9 77 1682 2477 239 0 0 0 1289 238 10 0 1292 330 277 0 835 182 448 10 0 82 0 0 0 178 1101 1700 24 8 0 19 
157 0 25 62 8 74 0 16 0 1310 0 283 0 23 0 70 510 338 0 18 0 1149 0 169 86 159 19 19 0 15 131 244 118 151 7 55 2771 92 0 117 0 70 20 16 660 32 0 13 15 35 27 10 0 0 58 580 0 2069 437 3000 49 325 586 12 86 0 420 0 0 43 0 1740 18 0 0 0 11 128 13 0 3000 417 282 0 0 0 38 0 16 0 350 0 25 89 36 21 0 0 21 84 
945 0 13 0 385 439 0 37 0 32 51 20 23 0 0 33 32 1060 0 274 0 582 0 601 15 247 716 43 0 141 84 181 545 28 129 20 17 240 22 46 198 40 151 314 184 1221 8 71 0 1032 25 69 289 0 31 487 0 933 448 128 684 891 54 626 2202 0 1158 0 117 18 0 23 28 0 0 0 134 57 52 0 1517 442 282 0 0 112 2361 46 446 154 21 0 0 965 643 92 8 17 3000 158 
43 1126 0 0 157 3000 0 370 12 9 60 0 0 0 0 0 0 24 17 0 2626 0 0 0 0 0 298 0 0 0 0 0 0 0 0 0 17 0 1027 260 8 0 16 0 0 318 24 181 0 0 191 0 34 391 0 45 34 0 0 0 13 0 153 0 0 0 0 194 327 14 99 0 0 10 8 39 26 0 38 16 0 26 38 66 946 60 0 14 0 395 0 11 0 36 0 0 2194 23 0 298 
224 0 11 0 298 150 0 1287 0 108 22 3000 70 33 0 0 738 51 0 483 0 88 0 859 520 41 40 13 0 794 48 28 1034 977 42 161 130 114 1504 473 407 31 47 115 668 24 234 411 0 56 66 8 0 0 58 1379 0 1227 20 279 1934 8 1258 24 3000 0 45 0 0 573 0 908 262 0 0 0 22 1077 59 0 390 1076 171 0 0 9 12 82 17 18 642 0 0 8 146 120 761 19 26 27 
21 0 117 19 19 14 144 7 19 330 0 160 510 32 0 738 0 993 0 120 0 306 66 125 338 28 163 358 240 12 20 34 2923 640 681 490 41 110 0 54 271 16 464 1278 1065 253 220 151 26 887 58 97 415 366 1384 1658 813 232 1397 16 3000 73 113 63 18 3000 222 47 1700 462 0 15 52 0 47 69 17 246 3000 2424 60 3000 1373 0 3000 195 27 36 58 27 123 0 113 402 90 23 354 17 58 54 
43 216 15 948 673 120 346 58 59 71 219 909 338 1060 24 51 993 0 315 104 36 109 61 17 68 143 88 488 306 313 3000 668 35 18 1368 731 124 30 30 9 20 1183 167 10 43 337 1219 472 67 229 340 506 74 49 25 2614 35 85 86 165 27 19 3000 125 537 37 83 701 20 52 40 574 3000 9 3000 180 130 166 3000 53 43 102 181 1891 20 15 84 26 59 944 611 30 724 33 114 589 57 583 1292 14 
780 120 0 633 70 75 777 49 106 23 507 0 0 0 17 0 0 315 0 0 2912 0 0 0 0 0 500 0 565 0 0 0 0 0 0 81 12 43 143 17 144 0 13 0 0 64 22 2553 0 0 2198 0 201 188 0 26 1269 0 3000 0 43 0 23 230 0 0 0 9 1185 47 23 0 0 7 167 99 347 0 402 224 0 470 564 580 1798 35 0 43 0 53 0 119 962 38 0 0 252 560 0 68 
129 739 39 0 21 225 0 464 0 7 175 28 18 274 0 483 120 104 0 0 19 15 0 279 52 951 953 150 0 110 23 0 185 0 357 670 10 0 104 266 13 144 64 131 0 13 503 8 0 83 427 0 75 0 66 528 0 8 15 685 751 0 184 0 106 0 10 0 2613 150 278 261 83 0 0 0 760 250 363 0 19 225 552 0 0 1718 0 601 0 335 0 0 0 41 175 0 18 82 0 112 
154 21 0 17 41 17 156 354 51 182 16 164 0 0 2626 0 0 36 2912 19 0 0 0 0 0 0 154 0 444 0 22 0 0 0 0 21 507 44 1522 33 22 0 92 0 0 20 50 99 0 0 1806 0 47 11 0 28 612 0 363 0 8 0 232 342 0 0 0 62 726 1057 50 0 0 1450 37 116 256 0 480 964 0 68 37 47 3000 804 0 97 0 66 0 22 230 83 0 0 80 21 0 69 
109 0 1890 0 107 191 0 331 0 714 0 3000 1149 582 0 88 306 109 0 15 0 0 0 3000 1124 111 142 123 0 91 52 23 7 81 11 74 1366 139 0 18 0 68 86 235 31 17 0 8 0 13 204 499 0 0 526 108 0 118 9 142 24 1320 99 0 1665 0 116 0 0 199 0 1439 54 0 0 0 38 77 120 0 52 812 41 0 0 10 31 1912 53 20 43 0 0 2288 16 10 38 0 45 8 
0 0 0 1647 0 0 69 0 158 9 0 0 0 0 0 0 66 61 0 0 0 0 0 0 0 0 848 0 48 0 0 178 0 0 0 0 26 8 0 0 251 181 528 0 0 3000 433 189 592 0 84 39 0 168 0 207 302 0 0 11 64 128 75 12 0 121 0 43 155 278 0 0 219 0 552 18 3000 67 0 901 0 37 0 0 184 58 332 11 1315 0 93 0 2598 0 0 0 21 0 0 244 
298 0 147 71 317 748 618 8 0 11 0 62 169 601 0 859 125 17 0 279 0 3000 0 0 23 684 40 36 160 62 39 907 150 103 278 47 16 36 0 21 91 286 60 49 1229 494 1464 12 2161 498 159 166 0 0 434 98 913 573 194 59 20 26 945 107 33 0 122 376 91 246 0 20 16 0 0 0 82 3000 2209 0 20 29 362 0 0 145 70 27 13 670 83 0 130 86 16 517 8 688 88 100 
3000 0 54 53 18 271 390 7 0 97 0 1017 86 15 0 520 338 68 0 52 0 1124 0 23 0 10 1283 214 15 7 18 19 28 44 171 10 1675 12 0 1438 0 3000 317 304 33 14 0 336 361 230 12 93 0 0 266 166 0 28 134 1249 53 593 60 562 382 24 54 940 0 298 0 8 369 0 0 0 8 77 1774 0 453 110 78 0 0 87 134 36 481 0 268 0 462 160 195 87 0 0 96 266 
57 0 523 25 679 139 0 17 0 29 0 9 159 247 0 41 28 143 0 951 0 111 0 684 10 0 7 335 0 810 547 215 12 159 7 3000 8 13 10 9 162 22 12 7 66 10 22 24 2776 18 14 14 0 0 95 13 2977 63 25 27 69 1249 964 148 133 0 613 447 353 2450 0 1216 36 0 0 0 55 1096 274 0 19 11 112 0 0 212 637 144 79 153 179 0 412 9 30 159 71 346 26 20 
1742 2071 0 14 92 56 3000 535 340 101 260 95 19 716 298 40 163 88 500 953 154 142 848 40 1283 7 0 202 168 0 1145 125 580 2716 231 158 16 20 1524 19 69 223 384 84 441 225 205 23 96 40 19 447 148 631 299 85 78 12 113 155 66 309 524 18 2235 404 26 1857 3000 494 1107 0 93 989 88 31 1166 179 405 12 573 93 3000 182 210 24 522 97 3000 273 136 757 3000 8 29 101 32 361 302 12 
175 225 1785 3000 14 1132 0 8 11 309 254 60 19 43 0 13 358 488 0 150 0 123 0 36 214 335 202 0 8 493 2692 238 40 66 23 27 18 132 23 1926 490 303 67 24 154 84 78 3000 364 49 72 9 121 0 119 162 223 9 45 999 50 43 803 31 26 0 29 162 170 3000 617 622 171 0 2616 0 655 352 1609 400 1135 667 680 0 556 29 180 81 472 91 9 0 855 365 30 203 941 282 418 427 
283 0 0 122 0 44 379 202 793 9 0 0 0 0 0 0 240 306 565 0 444 0 48 160 15 0 168 8 0 0 0 22 58 51 0 0 591 363 0 0 812 25 1049 32 0 2279 333 26 172 20 11 244 11 958 28 1387 427 241 0 716 1300 1088 8 384 0 80 0 202 297 10 0 0 9 0 878 97 140 1480 26 886 59 488 0 0 9 79 3000 20 14 0 60 0 150 271 0 1019 8 0 0 626 
92 0 64 0 11 145 0 899 0 20 57 55 15 141 0 794 12 313 0 110 0 91 0 62 7 810 0 493 0 0 131 0 521 0 46 17 87 0 50 3000 0 24 66 17 0 94 0 72 0 475 0 0 0 0 32 0 0 0 64 166 33 0 385 0 29 0 1131 0 0 1234 0 74 0 0 0 0 24 0 8 0 93 0 227 0 0 1252 0 404 0 24 0 0 0 27 487 0 83 94 0 0 
54 982 73 0 55 51 0 80 0 896 185 135 131 84 0 48 20 3000 0 23 22 52 0 39 18 547 1145 2692 0 131 0 44 195 1370 12 420 9 14 347 11 8 16 8 27 0 78 25 169 0 16 196 0 1803 0 1394 44 0 205 10 438 392 512 54 0 161 0 583 0 82 149 420 2385 15 0 0 0 49 14 20 0 124 18 109 0 19 100 50 38 15 61 0 800 0 92 255 45 114 7 13 34 
33 0 97 261 295 11 452 281 0 1521 0 49 244 181 0 28 34 668 0 0 0 23 178 907 19 215 125 238 22 0 44 0 1023 478 1312 125 52 32 0 79 0 186 61 43 684 1470 0 163 109 9 20 20 0 277 195 1775 98 9 34 94 54 75 432 17 136 11 96 43 681 912 0 0 483 0 179 597 8 62 32 0 121 258 0 0 0 51 33 224 605 0 29 0 9 779 455 189 25 0 50 1334 
216 0 13 158 3000 17 15 793 0 29 0 38 118 545 0 1034 2923 35 0 185 0 7 0 150 28 12 580 40 58 521 195 1023 0 143 239 251 82 134 0 37 0 249 1758 1782 155 41 0 164 19 20 88 495 0 0 290 515 0 69 190 28 189 297 9 155 1002 0 92 1337 0 538 0 447 8 0 0 0 483 149 18 0 36 160 15 0 0 81 602 10 38 0 48 0 44 295 627 86 0 0 64 68 
0 0 17 53 0 163 574 59 0 0 0 206 151 28 0 977 640 18 0 0 0 81 0 103 44 159 2716 66 51 0 1370 478 143 0 885 269 45 392 0 14 0 173 0 8 41 0 0 23 912 76 182 679 0 0 32 0 0 136 42 1045 227 213 464 87 288 40 211 0 0 212 0 0 1268 0 0 0 0 77 32 0 56 369 0 0 0 0 15 0 104 0 407 0 197 844 21 66 0 0 143 10 
78 0 13 48 1190 38 0 3000 0 181 0 12 7 129 0 42 681 1368 0 357 0 11 0 278 171 7 231 23 0 46 12 1312 239 885 0 20 1345 104 0 9 13 18 921 142 481 536 1688 150 269 115 42 3000 0 0 429 3000 0 28 138 7 331 656 12 27 9 0 345 274 0 109 0 13 158 0 0 0 56 12 609 0 432 80 245 0 0 21 37 27 1003 1089 48 0 28 1096 34 56 1596 0 86 18 
2532 86 20 0 163 25 0 90 252 14 110 76 55 20 0 161 490 731 81 670 21 74 0 47 10 3000 158 27 0 17 420 125 251 269 20 0 13 14 1307 311 107 28 212 290 0 2489 232 81 0 697 283 0 224 0 183 733 0 93 189 14 20 155 228 24 17 0 57 1023 55 91 64 16 10 1071 0 0 36 65 1286 361 104 52 9 0 53 1730 243 110 3000 13 0 17 31 15 23 1321 138 77 0 42 
20 83 107 479 33 739 21 285 470 585 1261 143 2771 17 17 130 41 124 12 10 507 1366 26 16 1675 8 16 18 591 87 9 52 82 45 1345 13 0 26 275 105 68 29 307 11 0 182 3000 31 33 57 1142 468 14 1103 40 108 817 39 26 1061 42 179 102 121 206 66 15 266 261 8 140 320 1711 3000 15 24 14 174 16 320 35 41 204 58 1033 74 254 94 185 518 33 35 2640 52 414 8 9 20 0 10 
14 0 0 52 72 978 267 673 2076 2130 0 8 92 240 0 114 110 30 43 0 44 139 8 36 12 13 20 132 363 0 14 32 134 392 104 14 26 0 0 1328 61 132 29 327 31 223 7 1202 16 416 58 37 279 94 9 268 51 78 3000 640 271 124 769 223 0 54 80 50 177 18 337 0 88 0 2925 156 884 40 2526 13 95 2510 223 0 198 18 13 84 34 448 219 0 1504 685 68 80 111 0 949 104 
79 3000 0 0 277 13 0 447 1233 14 652 437 0 22 1027 1504 0 30 143 104 1522 0 0 0 0 10 1524 23 0 50 347 0 0 0 0 1307 275 0 0 3000 378 0 10 37 0 122 1630 24 0 0 41 0 72 1549 0 95 3000 0 114 0 96 0 24 0 32 0 435 700 833 412 801 0 0 36 223 24 8 0 45 393 0 32 40 825 167 1397 0 2075 0 10 0 545 0 11 100 0 151 43 0 45 
10 33 16 346 27 89 0 24 85 97 662 162 117 46 260 473 54 9 17 266 33 18 0 21 1438 9 19 1926 0 3000 11 79 37 14 9 311 105 1328 3000 0 79 72 39 17 0 1908 121 161 0 32 310 252 288 0 506 47 79 13 45 341 484 108 468 1640 128 0 19 90 33 26 73 94 311 42 141 0 315 1435 1867 16 947 42 307 7 39 295 10 10 42 41 19 255 343 13 98 58 129 33 823 3000 
978 116 0 21 49 161 70 38 250 54 27 216 0 198 8 407 271 20 144 13 22 0 251 91 0 162 69 490 812 0 8 0 0 0 13 107 68 61 378 79 0 90 176 227 0 187 1440 23 511 222 94 0 334 366 0 10 397 0 94 182 146 0 184 16 137 41 108 37 162 285 2083 0 0 877 46 147 69 1968 3000 10 388 51 10 13 78 16 0 48 0 583 387 110 16 20 13 0 155 441 0 3000 
144 0 27 160 139 1594 108 3000 342 1288 0 107 70 40 0 31 16 1183 0 144 0 68 181 286 3000 22 223 303 25 24 16 186 249 173 18 28 29 132 0 72 90 0 110 226 23 3000 35 79 472 8 148 126 0 0 1617 97 7 104 49 97 10 249 145 26 11 361 187 57 1552 111 0 79 9 0 11 211 329 358 9 3000 128 11 56 0 0 1471 19 34 1153 39 61 0 20 31 19 36 181 0 38 8 
80 874 26 28 1526 78 21 915 125 561 148 67 20 151 16 47 464 167 13 64 92 86 528 60 317 12 384 67 1049 66 8 61 1758 0 921 212 307 29 10 39 176 110 0 324 0 408 11 528 678 11 459 147 519 212 1351 518 9 0 180 410 455 375 211 13 90 13 110 333 55 232 77 0 13 82 7 10 17 108 45 35 9 432 17 112 213 9 0 97 39 436 281 323 114 10 43 0 11 123 0 20 
3000 0 458 360 180 98 57 1659 8 46 44 1015 16 314 0 115 1278 10 0 131 0 235 0 49 304 7 84 24 32 17 27 43 1782 8 142 290 11 327 37 17 227 226 324 0 8 15 15 197 667 205 1012 672 17 0 518 68 387 267 20 49 112 22 468 92 297 0 33 1908 2077 31 49 42 16 0 611 541 394 45 37 142 445 25 315 0 12 49 824 129 32 15 235 0 45 278 9 9 13 130 130 83 
0 0 125 62 0 0 0 1147 0 0 0 0 660 184 0 668 1065 43 0 0 0 31 0 1229 33 66 441 154 0 0 0 684 155 41 481 0 0 31 0 0 0 23 0 8 0 0 0 127 12 213 151 182 0 0 10 0 0 316 0 13 0 2869 146 8 0 0 764 0 0 382 0 0 257 0 0 0 0 85 0 0 76 156 0 0 0 0 175 0 135 0 3000 0 91 0 554 11 0 0 3000 172 
109 61 1865 35 20 223 243 68 1452 115 53 132 32 1221 318 24 253 337 64 13 20 17 3000 494 14 10 225 84 2279 94 78 1470 41 0 536 2489 182 223 122 1908 187 3000 408 15 0 0 120 109 3000 1279 621 2783 66 28 50 95 32 11 13 14 22 131 325 23 174 107 12 3000 27 53 46 381 121 71 98 62 439 397 635 30 9 1027 422 83 90 148 1806 59 24 49 63 180 98 13 530 503 74 37 0 44 
243 20 0 135 23 131 135 94 1551 24 68 11 0 8 24 234 220 1219 22 503 50 0 433 1464 0 22 205 78 333 0 25 0 0 0 1688 232 3000 7 1630 121 1440 35 11 15 0 120 0 1485 111 2258 47 0 76 112 0 500 186 0 58 58 251 0 50 1856 109 3000 950 49 188 77 90 0 0 972 216 139 348 2947 18 207 749 204 107 11 211 18 0 2282 0 242 3000 20 714 667 21 0 207 276 0 931 
3000 281 64 22 87 68 17 295 315 1299 194 52 13 71 181 411 151 472 2553 8 99 8 189 12 336 24 23 3000 26 72 169 163 164 23 150 81 31 1202 24 161 23 79 528 197 127 109 1485 0 1118 7 14 187 139 136 558 669 16 62 89 46 203 13 121 282 133 1694 16 68 84 227 62 156 12 89 333 987 48 118 135 428 52 151 1062 10 46 83 3000 1646 64 16 168 891 22 51 90 1694 103 265 332 422 
0 0 0 16 0 39 11 509 3000 143 0 0 15 0 0 0 26 67 0 0 0 0 592 2161 361 2776 96 364 172 0 0 109 19 912 269 0 33 16 0 0 511 472 678 667 12 3000 111 1118 0 172 58 10 0 1578 156 99 372 19 0 1336 95 13 217 151 0 290 0 42 66 322 0 0 1176 0 42 1468 85 19 361 522 20 107 0 0 797 106 10 71 7 0 132 0 195 24 0 73 114 0 65 546 
557 0 60 7 473 1988 0 49 0 507 0 347 35 1032 0 56 887 229 0 83 0 13 0 498 230 18 40 49 20 475 16 9 20 76 115 697 57 416 0 32 222 8 11 205 213 1279 2258 7 172 0 30 51 0 0 151 8 286 844 166 21 16 475 43 28 151 0 44 42 453 928 0 591 68 0 0 0 363 32 239 0 21 332 28 0 0 2192 14 71 38 179 9 0 166 1211 392 18 32 86 1217 741 
1266 664 2481 71 114 27 1076 1823 150 3000 1150 175 27 25 191 66 58 340 2198 427 1806 204 84 159 12 14 19 72 11 0 196 20 88 182 42 283 1142 58 41 310 94 148 459 1012 151 621 47 14 58 30 0 3000 47 387 12 12 1265 679 3000 80 215 1233 128 162 46 53 348 36 796 167 16 0 85 8 247 603 17 82 45 188 45 10 202 139 127 718 62 1338 74 1516 546 522 7 112 924 138 9 18 15 84 
0 0 0 8 0 246 351 14 0 1426 0 0 10 69 0 8 97 506 0 0 0 499 39 166 93 14 447 9 244 0 0 20 495 679 3000 0 468 37 0 252 0 126 147 672 182 2783 0 187 10 51 3000 0 0 219 133 373 154 195 55 749 724 668 55 106 0 1306 155 787 1756 273 0 0 3000 0 978 217 88 3000 620 0 1064 12 0 0 0 11 217 38 33 0 95 0 554 327 73 451 0 0 2006 20 
1387 24 0 684 636 125 28 525 1291 200 67 14 0 289 34 0 415 74 201 75 47 0 0 0 0 0 148 121 11 0 1803 0 0 0 0 224 14 279 72 288 334 0 519 17 0 66 76 139 0 0 47 0 0 75 0 104 223 0 87 0 82 0 41 832 15 0 0 457 1688 449 23 0 0 1194 97 76 61 0 45 32 0 21 18 1139 577 247 0 96 0 554 0 10 27 7 128 0 74 158 0 10 
387 3000 0 62 10 3000 59 3000 24 173 22 0 0 0 391 0 366 49 188 0 11 0 168 0 0 0 631 0 958 0 0 277 0 0 0 0 1103 94 1549 0 366 0 212 0 0 28 112 136 1578 0 387 219 75 0 0 1103 260 0 0 0 187 223 1125 455 0 179 0 1865 29 10 25 0 0 295 27 114 571 40 0 25 0 638 0 524 125 1190 0 7 0 0 38 32 22 9 0 0 92 0 0 159 
57 0 31 16 1578 176 0 1567 0 38 0 13 58 31 0 58 1384 25 0 66 0 526 0 434 266 95 299 119 28 32 1394 195 290 32 429 183 40 9 0 506 0 1617 1351 518 10 50 0 558 156 151 12 133 0 0 0 183 0 287 307 43 67 703 12 40 63 0 175 411 0 17 0 730 20 0 0 0 28 186 12 0 3000 34 47 0 0 47 88 139 55 0 373 0 651 708 248 404 0 0 18 485 
2040 15 2403 2085 239 54 226 41 22 1234 111 104 580 487 45 1379 1658 2614 26 528 28 108 207 98 166 13 85 162 1387 0 44 1775 515 0 3000 733 108 268 95 47 10 97 518 68 0 95 500 669 99 8 12 373 104 1103 183 0 52 116 23 19 94 145 480 350 30 663 846 567 131 43 145 0 52 69 292 1571 64 16 333 271 161 269 675 31 532 18 100 110 640 79 18 88 193 445 284 0 28 42 0 340 
956 1030 0 81 203 20 2033 49 511 341 88 0 0 0 34 0 813 35 1269 0 612 0 302 913 0 2977 78 223 427 0 0 98 0 0 0 0 817 51 3000 79 397 7 9 387 0 32 186 16 372 286 1265 154 223 260 0 52 0 0 0 267 30 144 18 3000 0 31 0 381 14 11 167 0 1119 1106 25 569 219 7 64 154 409 22 38 3000 182 12 22 277 57 46 653 662 799 34 0 0 203 23 0 33 
0 0 30 16 0 36 279 260 0 0 0 8 2069 933 0 1227 232 85 0 8 0 118 0 573 28 63 12 9 241 0 205 9 69 136 28 93 39 78 0 13 0 104 0 267 316 11 0 62 19 844 679 195 0 0 287 116 0 0 78 272 158 76 372 2407 180 63 23 89 0 757 0 0 3000 0 0 0 3000 927 123 0 47 548 3000 0 0 0 115 0 103 0 335 0 40 35 3000 224 0 0 43 19 
521 404 705 0 3000 198 0 14 3000 25 234 67 437 448 0 20 1397 86 3000 15 363 9 0 194 134 25 113 45 0 64 10 34 190 42 138 189 26 3000 114 45 94 49 180 20 0 13 58 89 0 166 3000 55 87 0 307 23 0 78 0 297 9 71 208 159 33 0 67 21 420 13 422 115 372 0 0 0 20 17 53 986 35 288 320 0 1699 82 117 394 123 475 925 133 47 116 326 15 7 517 21 14 
398 0 141 270 19 1097 24 751 0 202 0 543 3000 128 0 279 16 165 0 685 0 142 11 59 1249 27 155 999 716 166 438 94 28 1045 7 14 1061 640 0 341 182 97 410 49 13 14 58 46 1336 21 80 749 0 0 43 19 267 272 297 0 53 3000 9 123 36 1592 446 31 343 811 0 22 9 0 32 2297 32 266 319 0 289 91 1548 0 0 272 42 11 327 93 21 0 154 15 33 42 175 0 26 8 
433 12 133 59 21 60 98 519 437 76 10 178 49 684 13 1934 3000 27 43 751 8 24 64 20 53 69 66 50 1300 33 392 54 189 227 331 20 42 271 96 484 146 10 455 112 0 22 251 203 95 16 215 724 82 187 67 94 30 158 9 53 0 52 1481 198 10 16 8 33 12 9 33 39 69 276 417 225 664 41 13 741 109 8 289 24 30 430 139 126 8 554 92 78 283 42 105 1815 1695 69 129 16 
30 0 29 16 16 21 10 103 0 513 0 592 325 891 0 8 73 19 0 0 0 1320 128 26 593 1249 309 43 1088 0 512 75 297 213 656 155 179 124 0 108 0 249 375 22 2869 131 0 13 13 475 1233 668 0 223 703 145 144 76 71 3000 52 0 48 394 37 64 113 1129 26 648 0 0 158 0 69 94 216 3000 26 0 1340 811 0 0 0 48 3000 11 56 0 216 0 22 14 415 55 1088 0 79 75 
312 218 387 3000 22 496 13 54 91 29 96 22 586 54 153 1258 113 3000 23 184 232 99 75 945 60 964 524 803 8 385 54 432 9 464 12 228 102 769 24 468 184 145 211 468 146 325 50 121 217 43 128 55 41 1125 12 480 18 372 208 9 1481 48 0 342 56 19 68 10 45 65 1980 107 210 383 736 32 93 13 193 128 87 215 396 2094 701 188 70 286 14 1074 15 361 44 50 277 309 177 213 313 18 
50 0 0 962 16 146 843 16 10 127 0 0 12 626 0 24 63 125 230 0 342 0 12 107 562 148 18 31 384 0 0 17 155 87 27 24 121 223 0 1640 16 26 13 92 8 23 1856 282 151 28 162 106 832 455 40 350 3000 2407 159 123 198 394 342 0 0 777 0 1399 11 19 0 0 3000 0 545 473 533 251 55 118 144 131 0 0 552 22 1458 27 1958 0 901 0 3000 213 655 175 8 0 241 50 
993 69 1398 0 3000 423 0 1661 0 1203 24 750 86 2202 0 3000 18 537 0 106 0 1665 0 33 382 133 2235 26 0 29 161 136 1002 288 9 17 206 0 32 128 137 11 90 297 0 174 109 133 0 151 46 0 15 0 63 30 0 180 33 36 10 37 56 0 0 0 1456 0 0 102 103 3000 376 0 0 0 16 216 10 0 642 617 16 0 0 236 69 103 0 58 0 0 0 73 988 2414 17 255 0 1153 
0 0 0 41 0 0 140 85 27 41 0 0 0 0 0 0 3000 37 0 0 0 0 121 0 24 0 404 0 80 0 0 11 0 40 0 0 66 54 0 0 41 361 13 0 0 107 3000 1694 290 0 53 1306 0 179 0 663 31 63 0 1592 16 64 19 777 0 0 0 293 668 281 0 0 8 0 1211 11 39 3000 0 8 10 61 0 0 114 557 3000 56 102 0 1043 0 98 101 0 204 15 0 0 336 
16 0 18 0 78 77 0 391 0 2493 0 11 420 1158 0 45 222 83 0 10 0 116 0 122 54 613 26 29 0 1131 583 96 92 211 345 57 15 80 435 19 108 187 110 33 764 12 950 16 0 44 348 155 0 0 175 846 0 23 67 446 8 113 68 0 1456 0 0 0 0 106 0 58 383 0 0 0 154 10 1978 0 178 12 464 0 0 70 55 719 26 12 0 0 0 109 269 7 238 21 10 65 
26 280 0 27 98 523 13 73 214 53 3000 0 0 0 194 0 47 701 9 0 62 0 43 376 940 447 1857 162 202 0 0 43 1337 0 274 1023 266 50 700 90 37 57 333 1908 0 3000 49 68 42 42 36 787 457 1865 411 567 381 89 21 31 33 1129 10 1399 0 293 0 0 96 53 118 0 173 82 30 64 132 372 105 449 11 1130 24 129 212 1194 54 376 343 43 165 121 41 1492 10 24 36 2149 0 71 
60 2159 0 557 9 16 20 3000 44 134 62 9 0 117 327 0 1700 20 1185 2613 726 0 155 91 0 353 3000 170 297 0 82 681 0 0 0 55 261 177 833 33 162 1552 55 2077 0 27 188 84 66 453 796 1756 1688 29 0 131 14 0 420 343 12 26 45 11 0 668 0 96 0 550 1288 0 92 47 1327 66 224 738 8 536 32 216 22 7 1538 9 0 1606 0 152 568 44 458 56 82 0 63 415 0 120 
62 17 60 111 108 434 34 26 148 11 870 77 43 18 14 573 462 52 47 150 1057 199 278 246 298 2450 494 3000 10 1234 149 912 538 212 109 91 8 18 412 26 285 111 232 31 382 53 77 227 322 928 167 273 449 10 17 43 11 757 13 811 9 648 65 19 102 281 106 53 550 0 372 216 8 415 24 111 58 8 7 1469 866 12 88 55 186 31 132 13 448 13 45 230 357 97 50 63 394 99 9 19 
289 593 0 0 9 1994 0 11 65 31 97 1682 0 0 99 0 0 40 23 278 50 0 0 0 0 0 1107 617 0 0 420 0 0 0 0 64 140 337 801 73 2083 0 77 49 0 46 90 62 0 0 16 0 23 25 0 145 167 0 422 0 33 0 1980 0 103 0 0 118 1288 372 0 0 0 610 110 117 35 0 475 459 0 3000 671 250 3000 76 0 8 0 93 0 177 9 17 0 0 325 633 0 550 
2134 0 42 0 240 16 0 609 0 3000 0 2477 1740 23 0 908 15 574 0 261 0 1439 0 20 8 1216 0 622 0 74 2385 0 447 0 13 16 320 0 0 94 0 79 0 42 0 381 0 156 0 591 0 0 0 0 730 0 0 0 115 22 39 0 107 0 3000 0 58 0 0 216 0 0 0 0 0 0 0 0 1419 0 3000 0 12 0 0 0 0 55 0 90 0 0 0 197 12 0 0 145 0 0 
169 0 470 35 982 2946 20 934 0 123 0 239 18 28 0 262 52 3000 0 83 0 54 219 16 369 36 93 171 9 0 15 483 8 1268 158 10 1711 88 0 311 0 9 13 16 257 121 0 12 1176 68 85 3000 0 0 20 52 1119 3000 372 9 69 158 210 3000 376 8 383 173 92 8 0 0 0 0 13 8 90 244 162 0 797 245 16 0 0 202 66 96 491 0 11 0 121 836 109 20 0 0 32 758 
96 436 0 0 1731 19 0 313 100 1539 2825 0 0 0 10 0 0 9 7 0 1450 0 0 0 0 0 989 0 0 0 0 0 0 0 0 1071 3000 0 36 42 877 0 82 0 0 71 972 89 0 0 8 0 1194 295 0 69 1106 0 0 0 276 0 383 0 0 0 0 82 47 415 610 0 0 0 25 1373 71 0 220 320 0 104 731 666 232 35 0 741 0 29 0 72 0 545 0 0 33 2379 0 287 
192 29 0 36 13 3000 746 3000 163 15 1026 0 0 0 8 0 47 3000 167 0 37 0 552 0 0 0 88 2616 878 0 0 179 0 0 0 0 15 2925 223 141 46 11 7 611 0 98 216 333 42 0 247 978 97 27 0 292 25 0 0 32 417 69 736 545 0 1211 0 30 1327 24 110 0 13 25 0 3000 214 818 81 125 109 40 0 834 375 18 0 57 20 131 28 23 8 96 0 0 114 22 0 40 
10 19 0 178 38 2890 19 395 256 14 15 0 0 0 39 0 69 180 99 0 116 0 18 0 0 0 31 0 97 0 0 597 0 0 0 0 24 156 24 0 147 211 10 541 0 62 139 987 1468 0 603 217 76 114 0 1571 569 0 0 2297 225 94 32 473 0 11 0 64 66 111 117 0 8 1373 3000 0 31 58 9 147 441 359 0 507 52 21 0 1183 22 0 170 681 57 27 0 0 62 0 0 59 
347 231 28 3000 354 262 1448 42 46 147 53 1289 11 134 26 22 17 130 347 760 256 38 3000 82 8 55 1166 655 140 24 49 8 483 0 56 36 14 884 8 315 69 329 17 394 0 439 348 48 85 363 17 88 61 571 28 64 219 3000 20 32 664 216 93 533 16 39 154 132 224 58 35 0 90 71 214 31 0 22 47 906 435 16 240 465 35 45 34 8 11 57 83 1949 3000 237 1191 0 313 239 0 46 
1312 0 192 30 39 775 30 65 56 10 0 238 128 57 0 1077 246 166 0 250 0 77 67 3000 77 1096 179 352 1480 0 14 62 149 77 12 65 174 40 0 1435 1968 358 108 45 85 397 2947 118 19 32 82 3000 0 40 186 16 7 927 17 266 41 3000 13 251 216 3000 10 372 738 8 0 0 244 0 818 58 22 0 29 928 270 55 86 0 1643 31 3000 26 69 0 1696 0 9 49 14 226 65 0 11 37 
9 1571 154 27 513 385 95 58 52 353 115 10 13 52 38 59 3000 3000 402 363 480 120 0 2209 1774 274 405 1609 26 8 20 32 18 32 609 1286 16 2526 45 1867 3000 9 45 37 0 635 18 135 361 239 45 620 45 0 12 333 64 123 53 319 13 26 193 55 10 0 1978 105 8 7 475 1419 162 220 81 9 47 29 0 1747 153 60 16 3000 36 192 23 2043 473 20 362 14 154 69 254 18 291 653 8 732 
10 65 0 2970 129 76 757 1415 262 79 373 0 0 0 16 0 2424 53 224 0 964 0 901 0 0 0 12 400 886 0 0 0 0 0 0 361 320 13 393 16 10 3000 35 142 0 30 207 428 522 0 188 0 32 25 0 271 154 0 986 0 741 0 128 118 0 8 0 449 536 1469 459 0 0 320 125 147 906 928 1747 0 0 193 9 14 39 638 0 801 0 805 216 3000 68 209 0 0 885 8 0 265 
13 0 1141 30 79 36 295 1967 0 21 0 1292 3000 1517 0 390 60 43 0 19 0 52 0 20 453 19 573 1135 59 93 124 121 36 56 432 104 35 95 0 947 388 128 9 445 76 9 749 52 20 21 45 1064 0 0 3000 161 409 47 35 289 109 1340 87 144 642 10 178 11 32 866 0 3000 797 0 109 441 435 270 153 0 0 374 836 0 0 8 63 167 2206 52 162 0 52 33 45 15 297 1160 569 1259 
130 66 224 177 688 102 23 21 1048 50 30 330 417 442 26 1076 3000 102 470 225 68 812 37 29 110 11 93 667 488 0 18 258 160 369 80 52 41 2510 32 42 51 11 432 25 156 1027 204 151 107 332 10 12 21 638 34 269 22 548 288 91 8 811 215 131 617 61 12 1130 216 12 3000 0 245 104 40 359 16 55 60 193 374 0 170 0 652 34 22 67 403 510 36 241 43 367 521 521 703 152 228 376 
39 96 422 0 2003 1144 0 46 190 8 19 277 282 282 38 171 1373 181 564 552 37 41 0 362 78 112 3000 680 0 227 109 0 15 0 245 9 204 223 40 307 10 56 17 315 0 422 107 1062 0 28 202 0 18 0 47 675 38 3000 320 1548 289 0 396 0 16 0 464 24 22 88 671 12 16 731 0 0 240 86 16 9 836 170 0 30 218 236 0 10 0 64 0 1895 0 71 40 0 585 14 0 2413 
372 29 0 0 34 9 0 10 234 334 31 0 0 0 66 0 0 1891 580 0 47 0 0 0 0 0 182 0 0 0 0 0 0 0 0 0 58 0 825 7 13 0 112 0 0 83 11 10 0 0 139 0 1139 524 0 31 3000 0 0 0 24 0 2094 0 0 0 0 129 7 55 250 0 0 666 834 507 465 0 3000 14 0 0 30 0 27 28 0 69 0 2807 0 65 0 48 0 0 49 255 0 8 
111 18 0 3000 235 1049 39 44 532 1297 140 835 0 0 946 0 3000 20 1798 0 3000 0 184 0 0 0 210 556 9 0 19 0 0 0 0 53 1033 198 167 39 78 0 213 12 0 90 211 46 797 0 127 0 577 125 0 532 182 0 1699 0 30 0 701 552 0 114 0 212 1538 186 3000 0 0 232 375 52 35 1643 36 39 0 652 218 27 0 33 0 15 0 184 601 173 33 20 0 0 69 191 0 287 
34 706 71 8 13 10 201 144 820 1125 67 182 0 112 60 9 195 15 35 1718 804 10 58 145 87 212 24 29 79 1252 100 51 81 0 21 1730 74 18 1397 295 16 1471 9 49 0 148 18 83 106 2192 718 11 247 1190 47 18 12 0 82 272 430 48 188 22 236 557 70 1194 9 31 76 0 202 35 18 21 45 31 192 638 8 34 236 28 33 0 0 34 13 116 13 69 19 166 555 0 214 275 0 61 
0 0 8 140 0 345 16 106 0 0 0 448 38 2361 0 12 27 84 0 0 0 31 332 70 134 637 522 180 3000 0 50 33 602 15 37 243 254 13 0 10 0 19 0 824 175 1806 0 3000 10 14 62 217 0 0 88 100 22 115 117 42 139 3000 70 1458 69 3000 55 54 0 132 0 0 66 0 0 0 34 3000 23 0 63 22 0 0 0 0 0 0 357 0 119 0 77 195 84 542 0 0 12 75 
24 143 1102 55 89 469 22 332 48 1303 269 10 0 46 14 82 36 26 43 601 97 1912 11 27 36 144 97 81 20 404 38 224 10 0 27 110 94 84 2075 10 48 34 97 129 0 59 2282 1646 71 71 1338 38 96 7 139 110 277 0 394 11 126 11 286 27 103 56 719 376 1606 13 8 55 96 741 57 1183 8 26 2043 801 167 67 10 69 15 34 0 0 679 12 69 611 14 40 14 0 733 34 0 354 
0 0 466 251 0 175 220 67 0 312 0 0 16 446 0 17 58 59 0 0 0 53 1315 13 481 79 3000 472 14 0 15 605 38 104 1003 3000 185 34 0 42 0 1153 39 32 135 24 0 64 7 38 74 33 0 0 55 640 57 103 123 327 8 56 14 1958 0 102 26 343 0 448 0 0 491 0 20 22 11 69 473 0 2206 403 0 0 0 13 357 679 0 0 3000 0 489 14 9 2636 0 0 7 1012 
9 221 13 0 145 381 0 69 35 194 8 82 0 154 395 18 27 944 53 335 66 20 0 670 0 153 273 91 0 24 61 0 0 0 1089 13 518 448 10 41 583 39 436 15 0 49 242 16 0 179 1516 0 554 0 0 79 46 0 475 93 554 0 1074 0 58 0 12 43 152 13 93 90 0 29 131 0 57 0 20 805 52 510 64 2807 184 116 0 12 0 0 0 15 0 14 37 0 610 1375 0 604 
1449 0 0 176 717 49 1415 66 20 40 0 0 350 21 0 642 123 611 0 0 0 43 93 83 268 179 136 9 60 0 0 29 48 407 48 0 33 219 0 19 387 61 281 235 3000 63 3000 168 132 9 546 95 0 38 373 18 653 335 925 21 92 216 15 901 0 1043 0 165 568 45 0 0 11 0 28 170 83 1696 362 216 162 36 0 0 601 13 119 69 3000 0 0 0 21 232 60 68 526 0 25 86 
194 17 0 0 374 39 0 3000 47 13 1814 0 0 0 11 0 0 30 119 0 22 0 0 0 0 0 757 0 0 0 800 0 0 0 0 17 35 0 545 255 110 0 323 0 0 180 20 891 0 0 522 0 10 32 0 88 662 0 133 0 78 0 361 0 0 0 0 121 44 230 177 0 0 72 23 681 1949 0 14 3000 0 241 1895 65 173 69 0 611 0 15 0 0 0 19 0 0 131 198 0 87 
64 0 0 91 73 110 99 1270 2608 3000 0 0 25 0 0 0 113 724 962 0 230 0 2598 130 462 412 3000 855 150 0 0 9 44 197 28 31 2640 1504 0 343 16 20 114 45 91 98 714 22 195 166 7 554 27 22 651 193 799 40 47 154 283 22 44 3000 0 98 0 41 458 357 9 0 121 0 8 57 3000 9 154 68 52 43 0 0 33 19 77 14 489 0 21 0 0 585 11 764 349 0 9 1575 
67 850 38 1731 1308 442 16 143 9 3000 188 178 89 965 36 8 402 33 38 41 83 2288 0 86 160 9 8 365 271 27 92 779 295 844 1096 15 52 685 11 13 20 31 10 278 0 13 667 51 24 1211 112 327 7 9 708 445 34 35 116 15 42 14 50 213 73 101 109 1492 56 97 17 197 836 545 96 27 237 49 69 209 33 367 71 48 20 166 195 40 14 14 232 19 585 0 30 340 69 49 551 1149 
12 0 21 28 903 17 0 25 0 11 463 1101 36 643 0 146 90 114 0 175 0 16 0 16 195 30 29 30 0 487 255 455 627 21 34 23 414 68 100 98 13 19 43 9 554 530 21 90 0 392 924 73 128 0 248 284 0 3000 326 33 105 415 277 655 988 0 269 10 82 50 0 12 109 0 0 0 1191 14 254 0 45 521 40 0 0 555 84 14 9 37 60 0 11 30 0 679 761 49 98 157 
0 0 9 370 0 23 7 688 0 0 0 1700 21 92 0 120 23 589 0 0 0 10 0 517 87 159 101 203 1019 0 45 189 86 66 56 1321 8 80 0 58 0 36 0 9 11 503 0 1694 73 18 138 451 0 0 404 0 0 224 15 42 1815 55 309 175 2414 204 7 24 0 63 0 0 20 0 0 0 0 226 18 0 15 521 0 0 0 0 542 0 2636 0 68 0 764 340 679 0 0 0 153 179 
229 12 9 44 852 15 163 10 127 240 27 24 0 8 2194 761 354 57 252 18 80 38 21 8 0 71 32 941 8 83 114 25 0 0 1596 138 9 111 151 129 155 181 11 13 0 74 207 103 114 32 9 0 74 92 0 28 203 0 7 175 1695 1088 177 8 17 15 238 36 63 394 325 0 0 33 114 62 313 65 291 885 297 703 585 49 69 214 0 733 0 610 526 131 349 69 761 0 0 164 0 99 
69 90 561 0 96 21 0 62 341 758 73 8 0 17 23 19 17 583 560 82 21 0 0 688 0 346 361 282 0 94 7 0 0 0 0 77 20 0 43 33 441 0 123 130 0 37 276 265 0 86 18 0 158 0 0 42 23 0 517 0 69 0 213 0 255 0 21 2149 415 99 633 145 0 2379 22 0 239 0 653 8 1160 152 14 255 191 275 0 34 0 1375 0 198 0 49 49 0 164 0 0 848 
0 0 208 1019 0 821 0 670 0 0 0 0 21 3000 0 26 58 1292 0 0 0 45 0 88 96 26 302 418 0 0 13 50 64 143 86 0 0 949 0 823 0 38 0 130 3000 0 0 332 65 1217 15 2006 0 0 18 0 0 43 21 26 129 79 313 241 0 0 10 0 0 9 0 0 32 0 0 0 0 11 8 0 569 228 0 0 0 0 12 0 7 0 25 0 9 551 98 153 0 0 0 11 
803 145 3000 76 59 162 147 471 242 146 19 19 84 158 298 27 54 14 68 112 69 8 244 100 266 20 12 427 626 0 34 1334 68 10 18 42 10 104 45 3000 3000 8 20 83 172 44 931 422 546 741 84 20 10 159 485 340 33 19 14 8 16 75 18 50 1153 336 65 71 120 19 550 0 758 287 40 59 46 37 732 265 1259 376 2413 8 287 61 75 354 1012 604 86 87 1575 1149 157 179 99 848 11 0 
