80
0 50 65 60 22 24 80 82 33 72 67 37 77 87 84 97 74 6 72 64 58 75 15 43 41 49 72 41 37 28 33 47 27 36 55 31 74 58 106 11 24 48 72 76 28 89 5 32 54 33 28 18 74 15 36 29 31 110 81 85 61 67 74 25 73 6 79 79 8 78 85 42 49 23 41 33 34 80 26 66 
50 0 60 13 34 38 90 85 58 27 93 61 46 64 59 79 35 56 47 14 82 36 50 13 49 24 49 20 62 28 58 10 27 64 37 34 24 60 78 55 69 28 23 95 53 77 55 28 75 62 24 44 45 50 15 23 48 85 69 46 12 83 97 63 72 47 55 92 56 46 87 8 46 68 10 31 48 30 53 68 
65 60 0 71 70 42 33 25 37 54 49 36 35 29 28 33 44 69 25 67 40 45 77 68 24 36 22 42 38 46 38 50 68 41 23 37 73 10 48 59 88 32 75 44 40 23 67 73 34 42 62 76 31 51 55 63 34 49 16 47 70 32 49 52 12 59 26 37 73 36 28 55 17 88 54 37 32 77 43 11 
60 13 71 0 41 50 102 97 70 29 105 74 52 71 67 87 40 66 55 9 94 40 57 18 62 35 58 32 75 40 71 22 35 76 48 47 16 72 84 66 77 40 13 108 65 87 65 33 88 74 33 51 52 61 26 32 61 91 79 50 2 95 110 75 83 58 63 104 66 52 99 21 58 76 22 44 61 21 66 79 
22 34 70 41 0 30 92 92 48 59 84 52 72 86 82 98 65 27 69 47 75 66 16 24 49 43 70 34 53 25 48 35 7 52 54 33 57 65 104 32 36 44 54 92 42 93 26 10 69 49 11 10 69 31 22 12 42 109 84 76 43 81 91 44 81 23 77 92 25 72 94 28 53 34 28 33 43 62 41 74 
24 38 42 50 30 0 63 62 21 52 57 25 54 63 59 73 52 29 47 51 47 53 35 37 20 27 47 22 26 10 21 31 30 27 31 7 61 36 82 22 48 25 60 63 15 65 27 35 41 24 25 34 50 14 24 26 13 86 57 62 50 52 63 25 52 18 55 63 32 54 65 29 25 47 28 10 14 66 16 44 
80 90 33 102 92 63 0 13 47 87 28 43 67 56 56 50 77 82 57 99 27 78 95 96 44 67 54 71 43 70 47 81 92 46 55 61 105 31 70 70 100 63 107 16 53 37 80 98 27 48 87 95 63 65 82 88 51 66 36 79 101 14 24 58 23 75 56 6 86 68 13 84 45 99 83 63 49 110 54 23 
82 85 25 97 92 62 13 0 50 78 40 47 56 44 45 37 67 85 48 92 36 68 96 92 43 62 44 67 47 68 50 76 91 50 49 59 98 27 57 73 104 57 100 28 55 24 83 96 34 53 85 96 53 67 79 86 51 54 24 69 95 23 36 63 14 77 45 18 89 58 3 80 40 103 79 60 49 102 57 18 
33 58 37 70 48 21 47 50 0 68 37 4 62 65 62 71 64 35 53 70 27 65 48 58 15 42 52 39 5 31 1 50 49 6 39 23 79 28 84 24 54 38 80 44 6 60 34 55 22 5 45 49 57 18 45 46 10 86 53 73 70 34 43 15 43 28 58 45 40 63 52 50 26 53 48 27 10 85 8 35 
72 27 54 29 59 52 87 78 68 0 97 70 26 45 41 61 13 78 31 21 86 12 75 39 55 26 35 31 72 45 69 25 53 74 33 47 21 58 55 74 93 30 25 96 65 63 76 54 80 73 49 70 27 66 37 48 59 63 57 21 27 83 100 77 65 67 38 90 79 25 80 32 46 92 32 43 58 24 66 64 
67 93 49 105 84 57 28 40 37 97 0 33 83 77 76 75 89 66 73 104 11 91 81 94 43 73 70 73 32 67 36 84 86 32 65 59 112 41 94 55 81 68 113 14 43 62 65 92 18 35 82 84 78 53 81 83 45 92 59 95 105 18 8 42 44 63 74 23 71 84 41 85 51 81 84 62 44 117 44 39 
37 61 36 74 52 25 43 47 4 70 33 0 63 65 62 70 66 39 54 74 23 67 52 62 16 44 52 43 2 35 4 53 53 4 41 27 83 27 84 27 57 40 83 40 10 58 37 59 17 6 50 53 58 22 49 50 13 85 52 74 74 30 39 16 40 32 59 42 43 64 49 53 27 56 52 30 13 88 12 32 
77 46 35 52 72 54 67 56 62 26 83 63 0 19 15 35 13 83 10 45 73 13 85 58 47 29 13 38 64 50 62 39 67 67 23 47 47 42 32 76 101 30 51 78 61 38 81 70 67 67 61 81 4 67 50 61 54 39 33 13 51 66 84 74 44 72 12 71 85 2 58 46 36 100 46 44 52 49 63 45 
87 64 29 71 86 63 56 44 65 45 77 65 19 0 4 16 32 92 17 64 69 33 97 75 50 44 16 52 66 62 65 56 82 69 33 56 66 39 19 83 111 42 70 70 66 22 90 86 63 70 76 94 19 75 65 76 60 23 20 28 69 59 76 79 34 81 9 61 95 20 45 63 40 110 62 55 57 68 69 38 
84 59 28 67 82 59 56 45 62 41 76 62 15 4 0 20 28 88 13 60 68 29 93 71 47 39 12 48 64 58 63 52 78 67 29 53 62 37 23 80 107 38 66 69 63 24 87 81 62 67 72 90 15 72 61 71 56 27 20 25 65 59 76 76 34 78 5 61 92 16 46 59 36 107 58 51 54 65 66 37 
97 79 33 87 98 73 50 37 71 61 75 70 35 16 20 0 48 101 32 80 69 48 108 89 57 57 30 65 71 74 71 70 95 74 45 67 82 43 20 92 121 55 86 65 73 14 100 99 64 76 89 106 35 84 79 89 67 17 18 43 85 57 73 85 32 91 24 56 105 36 37 77 48 120 76 66 65 84 76 39 
74 35 44 40 65 52 77 67 64 13 89 66 13 32 28 48 0 79 20 32 79 1 79 48 50 25 23 32 67 46 65 30 59 70 25 45 34 49 43 74 96 27 38 87 62 51 78 61 73 69 54 74 15 66 42 53 55 51 45 11 38 75 92 75 54 68 25 80 81 12 69 38 40 95 38 42 54 36 64 54 
6 56 69 66 27 29 82 85 35 78 66 39 83 92 88 101 79 0 77 70 59 81 16 49 45 54 76 47 38 33 35 53 32 36 60 36 80 61 111 11 19 53 78 77 30 92 2 37 55 33 33 21 79 18 41 34 35 114 85 90 67 68 74 24 76 11 84 80 5 83 87 48 53 19 47 39 37 85 28 69 
72 47 25 55 69 47 57 48 53 31 73 54 10 17 13 32 20 77 0 49 63 21 80 58 38 26 3 35 56 46 54 39 64 58 16 41 52 32 35 69 95 25 56 69 53 32 75 68 57 59 59 77 6 60 48 58 46 40 25 22 54 57 74 66 35 66 8 61 80 11 49 45 27 94 45 38 44 56 55 35 
64 14 67 9 47 51 99 92 70 21 104 74 45 64 60 80 32 70 49 0 93 32 63 24 60 32 52 31 75 42 71 21 40 76 44 47 10 68 75 69 83 36 9 105 66 80 69 40 86 75 37 57 45 63 29 36 61 83 73 41 7 93 108 76 78 61 56 101 71 44 94 23 55 82 24 43 61 16 67 76 
58 82 40 94 75 47 27 36 27 86 11 23 73 69 68 69 79 59 63 93 0 81 73 84 33 62 60 62 22 56 26 73 76 23 54 48 101 31 86 47 75 57 102 18 33 55 57 82 7 26 72 75 69 44 70 73 34 85 51 85 94 13 16 34 37 54 65 23 63 74 38 74 40 75 73 51 34 106 34 30 
75 36 45 40 66 53 78 68 65 12 91 67 13 33 29 48 1 81 21 32 81 0 80 49 51 26 24 34 69 48 66 31 60 71 27 47 34 50 43 75 98 29 38 88 63 52 79 62 74 71 55 76 15 67 43 54 57 51 46 10 39 76 93 76 55 70 26 81 83 12 70 39 41 97 39 43 55 36 65 55 
15 50 77 57 16 35 95 96 48 75 81 52 85 97 93 108 79 16 80 63 73 80 0 40 54 55 81 47 52 35 48 49 23 50 64 41 73 71 115 26 20 55 70 91 42 100 17 25 69 47 26 6 81 30 37 27 45 120 92 90 59 82 89 39 86 20 88 93 13 85 99 43 61 18 43 42 47 78 40 79 
43 13 68 18 24 37 96 92 58 39 94 62 58 75 71 89 48 49 58 24 84 49 40 0 53 32 60 26 63 28 59 19 17 64 46 36 33 66 90 50 59 36 30 99 52 87 48 16 78 61 16 34 56 46 14 14 49 97 79 59 19 87 100 60 79 41 66 97 48 58 95 13 52 58 13 34 50 38 52 74 
41 49 24 62 49 20 44 43 15 55 43 16 47 50 47 57 50 45 38 60 33 51 54 53 0 30 37 30 18 26 16 40 49 20 24 17 69 17 70 34 64 25 70 46 16 48 43 54 26 20 43 54 42 26 39 44 10 72 40 58 62 34 48 29 32 35 43 44 49 48 45 42 11 63 41 19 8 74 18 25 
49 24 36 35 43 27 67 62 42 26 73 44 29 44 39 57 25 54 26 32 62 26 55 32 30 0 28 9 46 21 42 14 38 48 14 21 39 37 61 49 72 5 41 73 39 54 53 42 55 47 32 52 26 41 22 32 32 66 46 36 34 61 77 51 48 44 35 69 57 30 64 20 23 71 19 17 31 45 40 44 
72 49 22 58 70 47 54 44 52 35 70 52 13 16 12 30 23 76 3 52 60 24 81 60 37 28 0 36 54 46 52 41 66 57 16 40 56 29 35 68 95 26 59 65 52 29 75 70 54 57 60 78 9 60 49 59 45 39 22 25 56 54 71 65 31 66 8 58 80 14 46 47 25 94 47 38 43 59 54 32 
41 20 42 32 34 22 71 67 39 31 73 43 38 52 48 65 32 47 35 31 62 34 47 26 30 9 36 0 44 14 40 10 30 46 21 16 40 40 69 43 64 10 40 76 35 61 46 34 56 44 24 43 35 35 13 23 30 75 53 44 32 63 78 47 54 37 43 73 49 38 69 13 27 63 12 13 30 45 37 49 
37 62 38 75 53 26 43 47 5 72 32 2 64 66 64 71 67 38 56 75 22 69 52 63 18 46 54 44 0 36 4 54 54 3 42 28 84 28 85 27 56 42 84 39 11 60 37 60 17 5 50 54 60 22 50 51 14 86 53 76 75 30 38 16 42 32 60 42 43 66 50 54 29 56 53 32 15 89 12 33 
28 28 46 40 25 10 70 68 31 45 67 35 50 62 58 74 46 33 46 42 56 48 35 28 26 21 46 14 36 0 31 21 23 36 30 9 51 41 81 29 51 21 51 72 25 68 32 28 50 34 17 32 47 22 14 18 22 85 60 57 40 60 73 35 56 22 54 71 35 51 71 19 29 50 18 9 23 57 26 50 
33 58 38 71 48 21 47 50 1 69 36 4 62 65 63 71 65 35 54 71 26 66 48 59 16 42 52 40 4 31 0 50 50 6 40 24 80 29 85 24 54 38 80 43 7 60 34 56 21 5 46 49 58 18 45 47 10 86 53 73 71 34 43 14 43 28 59 45 40 64 52 50 27 53 49 28 11 86 8 35 
47 10 50 22 35 31 81 76 50 25 84 53 39 56 52 70 30 53 39 21 73 31 49 19 40 14 41 10 54 21 50 0 29 56 28 26 30 50 72 50 68 18 30 86 45 68 51 31 66 54 24 45 37 44 12 23 40 78 60 42 21 73 88 56 62 43 47 82 54 39 78 7 36 67 7 22 40 36 46 58 
27 27 68 35 7 30 92 91 49 53 86 53 67 82 78 95 59 32 64 40 76 60 23 17 49 38 66 30 54 23 50 29 0 54 50 32 50 64 99 36 42 40 47 92 43 90 32 6 70 51 6 17 64 34 17 6 42 104 81 71 36 81 92 47 79 27 73 92 32 67 93 22 51 41 22 31 43 55 42 73 
36 64 41 76 52 27 46 50 6 74 32 4 67 69 67 74 70 36 58 76 23 71 50 64 20 48 57 46 3 36 6 56 54 0 45 29 86 31 88 25 54 44 86 40 11 63 35 60 19 3 51 53 63 21 51 51 16 89 56 78 76 32 39 13 44 31 63 43 41 68 52 56 31 54 54 33 16 91 12 36 
55 37 23 48 54 31 55 49 39 33 65 41 23 33 29 45 25 60 16 44 54 27 64 46 24 14 16 21 42 30 40 28 50 45 0 24 50 25 51 53 79 10 52 63 38 41 59 54 47 44 44 62 19 44 34 44 31 55 33 33 47 51 67 51 35 50 24 58 64 24 51 34 14 78 33 22 29 55 40 32 
31 34 37 47 33 7 61 59 23 47 59 27 47 56 53 67 45 36 41 47 48 47 41 36 17 21 40 16 28 9 24 26 32 29 24 0 56 32 75 29 55 18 56 63 19 60 34 37 41 28 27 39 43 21 22 27 14 79 52 55 47 51 64 31 47 25 48 61 39 48 61 26 20 54 25 4 14 62 20 41 
74 24 73 16 57 61 105 98 79 21 112 83 47 66 62 82 34 80 52 10 101 34 73 33 69 39 56 40 84 51 80 30 50 86 50 56 0 75 75 79 92 44 5 113 75 84 79 49 95 84 47 67 48 73 39 46 70 83 78 41 14 100 116 86 84 71 59 108 80 46 100 32 62 91 33 52 69 6 76 82 
58 60 10 72 65 36 31 27 28 58 41 27 42 39 37 43 49 61 32 68 31 50 71 66 17 37 29 40 28 41 29 50 64 31 25 32 75 0 58 50 80 32 77 38 32 32 59 69 25 33 58 70 38 43 52 59 27 58 25 54 71 26 43 43 16 52 34 33 65 43 29 54 14 80 53 33 24 80 34 9 
106 78 48 84 104 82 70 57 84 55 94 84 32 19 23 20 43 111 35 75 86 43 115 90 70 61 35 69 85 81 85 72 99 88 51 75 75 58 0 103 130 60 80 85 86 33 109 102 81 89 93 112 34 94 82 93 79 9 35 35 82 76 92 98 50 100 27 75 114 33 57 79 59 129 78 73 77 76 88 56 
11 55 59 66 32 22 70 73 24 74 55 27 76 83 80 92 74 11 69 69 47 75 26 50 34 49 68 43 27 29 24 50 36 25 53 29 79 50 103 0 30 47 78 65 19 82 10 41 44 22 35 29 72 8 40 36 24 105 74 84 67 57 63 13 66 9 75 68 16 76 76 47 44 30 46 32 27 85 17 58 
24 69 88 77 36 48 100 104 54 93 81 57 101 111 107 121 96 19 95 83 75 98 20 59 64 72 95 64 56 51 54 68 42 54 79 55 92 80 130 30 0 71 90 93 49 112 21 45 73 51 45 26 97 37 56 46 54 134 104 108 78 86 89 41 96 30 103 97 16 101 106 62 73 1 61 57 56 98 47 88 
48 28 32 40 44 25 63 57 38 30 68 40 30 42 38 55 27 53 25 36 57 29 55 36 25 5 26 10 42 21 38 18 40 44 10 18 44 32 60 47 71 0 46 69 35 51 51 44 51 43 34 52 26 39 24 34 29 65 43 37 39 56 72 48 44 42 33 65 56 30 60 23 18 70 22 15 27 49 37 40 
72 23 75 13 54 60 107 100 80 25 113 83 51 70 66 86 38 78 56 9 102 38 70 30 70 41 59 40 84 51 80 30 47 86 52 56 5 77 80 78 90 46 0 114 75 88 77 46 96 84 45 64 52 72 38 44 70 88 81 45 12 102 117 85 87 70 62 110 78 50 102 31 64 89 33 53 70 8 76 84 
76 95 44 108 92 63 16 28 44 96 14 40 78 70 69 65 87 77 69 105 18 88 91 99 46 73 65 76 39 72 43 86 92 40 63 63 113 38 85 65 93 69 114 0 50 52 75 98 22 43 88 93 74 62 85 89 50 82 50 91 107 13 8 52 36 72 68 10 81 80 29 88 50 93 87 65 49 118 51 33 
28 53 40 65 42 15 53 55 6 65 43 10 61 66 63 73 62 30 53 66 33 63 42 52 16 39 52 35 11 25 7 45 43 11 38 19 75 32 86 19 49 35 75 50 0 63 28 49 28 9 39 43 57 12 39 40 7 88 56 71 65 40 49 13 47 22 59 51 34 62 57 44 27 49 43 23 9 81 3 39 
89 77 23 87 93 65 37 24 60 63 62 58 38 22 24 14 51 92 32 80 55 52 100 87 48 54 29 61 60 68 60 68 90 63 41 60 84 32 33 82 112 51 88 52 63 0 91 94 51 64 84 99 36 74 75 84 58 30 8 49 85 44 59 75 19 83 26 42 96 40 24 74 40 111 73 59 55 87 66 27 
5 55 67 65 26 27 80 83 34 76 65 37 81 90 87 100 78 2 75 69 57 79 17 48 43 53 75 46 37 32 34 51 32 35 59 34 79 59 109 10 21 51 77 75 28 91 0 36 54 32 32 21 77 16 40 33 33 113 83 89 66 67 73 23 75 9 82 78 6 82 86 47 52 20 46 37 35 84 26 67 
32 28 73 33 10 35 98 96 55 54 92 59 70 86 81 99 61 37 68 40 82 62 25 16 54 42 70 34 60 28 56 31 6 60 54 37 49 69 102 41 45 44 46 98 49 94 36 0 76 57 11 19 68 40 20 11 48 108 86 73 34 87 98 53 84 32 77 98 35 70 99 24 56 43 24 36 49 54 48 78 
54 75 34 88 69 41 27 34 22 80 18 17 67 63 62 64 73 55 57 86 7 74 69 78 26 55 54 56 17 50 21 66 70 19 47 41 95 25 81 44 73 51 96 22 28 51 54 76 0 22 66 71 62 39 64 67 28 81 47 79 87 13 22 31 32 50 59 25 60 68 36 68 33 72 66 44 28 100 29 25 
33 62 42 74 49 24 48 53 5 73 35 6 67 70 67 76 69 33 59 75 26 71 47 61 20 47 57 44 5 34 5 54 51 3 44 28 84 33 89 22 51 43 84 43 9 64 32 57 22 0 48 49 63 18 48 49 14 91 58 78 74 35 42 11 46 28 64 46 38 68 55 53 32 51 52 32 15 89 9 38 
28 24 62 33 11 25 87 85 45 49 82 50 61 76 72 89 54 33 59 37 72 55 26 16 43 32 60 24 50 17 46 24 6 51 44 27 47 58 93 35 45 34 45 88 39 84 32 11 66 48 0 21 59 32 11 1 38 98 76 65 34 77 88 45 73 26 67 87 33 61 88 17 45 44 17 25 39 53 39 67 
18 44 76 51 10 34 95 96 49 70 84 53 81 94 90 106 74 21 77 57 75 76 6 34 54 52 78 43 54 32 49 45 17 53 62 39 67 70 112 29 26 52 64 93 43 99 21 19 71 49 21 0 78 31 32 22 45 117 91 86 53 83 91 43 86 21 85 95 18 81 99 38 59 25 38 40 47 72 42 79 
74 45 31 52 69 50 63 53 57 27 78 58 4 19 15 35 15 79 6 45 69 15 81 56 42 26 9 35 60 47 58 37 64 63 19 43 48 38 34 72 97 26 52 74 57 36 77 68 62 63 59 78 0 63 48 58 50 40 30 17 50 62 80 70 40 68 11 67 82 6 55 44 31 96 44 40 48 51 59 41 
15 50 51 61 31 14 65 67 18 66 53 22 67 75 72 84 66 18 60 63 44 67 30 46 26 41 60 35 22 22 18 44 34 21 44 21 73 43 94 8 37 39 72 62 12 74 16 40 39 18 32 31 63 0 35 33 17 97 67 76 62 52 60 14 58 10 67 64 22 68 70 41 36 37 40 24 19 79 11 51 
36 15 55 26 22 24 82 79 45 37 81 49 50 65 61 79 42 41 48 29 70 43 37 14 39 22 49 13 50 14 45 12 17 51 34 22 39 52 82 40 56 24 38 85 39 75 40 20 64 48 11 32 48 35 0 11 36 88 67 54 27 73 86 48 66 32 56 83 42 50 81 7 38 55 6 20 36 45 40 61 
29 23 63 32 12 26 88 86 46 48 83 50 61 76 71 89 53 34 58 36 73 54 27 14 44 32 59 23 51 18 47 23 6 51 44 27 46 59 93 36 46 34 44 89 40 84 33 11 67 49 1 22 58 33 11 0 38 98 76 65 32 77 89 46 74 27 67 88 34 61 88 16 46 45 16 26 40 52 40 67 
31 48 34 61 42 13 51 51 10 59 45 13 54 60 56 67 55 35 46 61 34 57 45 49 10 32 45 30 14 22 10 40 42 16 31 14 70 27 79 24 54 29 70 50 7 58 33 48 28 14 38 45 50 17 36 38 0 81 50 64 61 39 51 20 42 26 52 50 39 55 54 40 20 53 39 18 2 75 9 34 
110 85 49 91 109 86 66 54 86 63 92 85 39 23 27 17 51 114 40 83 85 51 120 97 72 66 39 75 86 85 86 78 104 89 55 79 83 58 9 105 134 65 88 82 88 30 113 108 81 91 98 117 40 97 88 98 81 0 34 43 89 74 89 100 48 104 32 72 118 39 53 85 61 133 84 77 79 85 90 55 
81 69 16 79 84 57 36 24 53 57 59 52 33 20 20 18 45 85 25 73 51 46 92 79 40 46 22 53 53 60 53 60 81 56 33 52 78 25 35 74 104 43 81 50 56 8 83 86 47 58 76 91 30 67 67 76 50 34 0 45 78 41 57 68 15 75 21 41 89 34 25 66 32 103 65 51 48 81 58 21 
85 46 47 50 76 62 79 69 73 21 95 74 13 28 25 43 11 90 22 41 85 10 90 59 58 36 25 44 76 57 73 42 71 78 33 55 41 54 35 84 108 37 45 91 71 49 89 73 79 78 65 86 17 76 54 65 64 43 45 0 48 79 96 85 56 79 24 83 93 11 70 49 47 107 49 52 63 42 73 58 
61 12 70 2 43 50 101 95 70 27 105 74 51 69 65 85 38 67 54 7 94 39 59 19 62 34 56 32 75 40 71 21 36 76 47 47 14 71 82 67 78 39 12 107 65 85 66 34 87 74 34 53 50 62 27 32 61 89 78 48 0 94 110 75 82 58 61 103 67 50 98 21 57 77 22 43 61 19 66 78 
67 83 32 95 81 52 14 23 34 83 18 30 66 59 59 57 75 68 57 93 13 76 82 87 34 61 54 63 30 60 34 73 81 32 51 51 100 26 76 57 86 56 102 13 40 44 67 87 13 35 77 83 62 52 73 77 39 74 41 79 94 0 17 44 26 62 57 12 73 68 25 76 38 85 75 53 38 105 41 22 
74 97 49 110 91 63 24 36 43 100 8 39 84 76 76 73 92 74 74 108 16 93 89 100 48 77 71 78 38 73 43 88 92 39 67 64 116 43 92 63 89 72 117 8 49 59 73 98 22 42 88 91 80 60 86 89 51 89 57 96 110 17 0 50 43 70 75 18 78 85 37 90 54 89 89 67 50 121 50 39 
25 63 52 75 44 25 58 63 15 77 42 16 74 79 76 85 75 24 66 76 34 76 39 60 29 51 65 47 16 35 14 56 47 13 51 31 86 43 98 13 41 48 85 52 13 75 23 53 31 11 45 43 70 14 48 46 20 100 68 85 75 44 50 0 57 22 72 56 29 75 65 54 40 41 53 35 22 91 11 49 
73 72 12 83 81 52 23 14 43 65 44 40 44 34 34 32 54 76 35 78 37 55 86 79 32 48 31 54 42 56 43 62 79 44 35 47 84 16 50 66 96 44 87 36 47 19 75 84 32 46 73 86 40 58 66 74 42 48 15 56 82 26 43 57 0 68 33 27 81 45 16 67 28 95 66 48 40 88 49 8 
6 47 59 58 23 18 75 77 28 67 63 32 72 81 78 91 68 11 66 61 54 70 20 41 35 44 66 37 32 22 28 43 27 31 50 25 71 52 100 9 30 42 70 72 22 83 9 32 50 28 26 21 68 10 32 27 26 104 75 79 58 62 70 22 68 0 73 74 14 72 79 39 43 29 38 28 28 77 21 60 
79 55 26 63 77 55 56 45 58 38 74 59 12 9 5 24 25 84 8 56 65 26 88 66 43 35 8 43 60 54 59 47 73 63 24 48 59 34 27 75 103 33 62 68 59 26 82 77 59 64 67 85 11 67 56 67 52 32 21 24 61 57 75 72 33 73 0 60 87 14 46 54 32 102 53 46 50 62 61 36 
79 92 37 104 92 63 6 18 45 90 23 42 71 61 61 56 80 80 61 101 23 81 93 97 44 69 58 73 42 71 45 82 92 43 58 61 108 33 75 68 97 65 110 10 51 42 78 98 25 46 87 95 67 64 83 88 50 72 41 83 103 12 18 56 27 74 60 0 84 72 19 86 46 97 85 63 49 113 53 26 
8 56 73 66 25 32 86 89 40 79 71 43 85 95 92 105 81 5 80 71 63 83 13 48 49 57 80 49 43 35 40 54 32 41 64 39 80 65 114 16 16 56 78 81 34 96 6 35 60 38 33 18 82 22 42 34 39 118 89 93 67 73 78 29 81 14 87 84 0 86 92 49 57 15 48 42 41 86 32 73 
78 46 36 52 72 54 68 58 63 25 84 64 2 20 16 36 12 83 11 44 74 12 85 58 48 30 14 38 66 51 64 39 67 68 24 48 46 43 33 76 101 30 50 80 62 40 82 70 68 68 61 81 6 68 50 61 55 39 34 11 50 68 85 75 45 72 14 72 86 0 59 46 37 100 46 45 53 48 64 47 
85 87 28 99 94 65 13 3 52 80 41 49 58 45 46 37 69 87 49 94 38 70 99 95 45 64 46 69 50 71 52 78 93 52 51 61 100 29 57 76 106 60 102 29 57 24 86 99 36 55 88 99 55 70 81 88 54 53 25 70 98 25 37 65 16 79 46 19 92 59 0 82 43 105 81 62 52 104 59 21 
42 8 55 21 28 29 84 80 50 32 85 53 46 63 59 77 38 48 45 23 74 39 43 13 42 20 47 13 54 19 50 7 22 56 34 26 32 54 79 47 62 23 31 88 44 74 47 24 68 53 17 38 44 41 7 16 40 85 66 49 21 76 90 54 67 39 54 86 49 46 82 0 40 61 1 23 41 38 45 62 
49 46 17 58 53 25 45 40 26 46 51 27 36 40 36 48 40 53 27 55 40 41 61 52 11 23 25 27 29 29 27 36 51 31 14 20 62 14 59 44 73 18 64 50 27 40 52 56 33 32 45 59 31 36 38 46 20 61 32 47 57 38 54 40 28 43 32 46 57 37 43 40 0 72 39 20 18 67 29 22 
23 68 88 76 34 47 99 103 53 92 81 56 100 110 107 120 95 19 94 82 75 97 18 58 63 71 94 63 56 50 53 67 41 54 78 54 91 80 129 30 1 70 89 93 49 111 20 43 72 51 44 25 96 37 55 45 53 133 103 107 77 85 89 41 95 29 102 97 15 100 105 61 72 0 60 56 56 96 46 87 
41 10 54 22 28 28 83 79 48 32 84 52 46 62 58 76 38 47 45 24 73 39 43 13 41 19 47 12 53 18 49 7 22 54 33 25 33 53 78 46 61 22 33 87 43 73 46 24 66 52 17 38 44 40 6 16 39 84 65 49 22 75 89 53 66 38 53 85 48 46 81 1 39 60 0 22 39 39 44 61 
33 31 37 44 33 10 63 60 27 43 62 30 44 55 51 66 42 39 38 43 51 43 42 34 19 17 38 13 32 9 28 22 31 33 22 4 52 33 73 32 57 15 53 65 23 59 37 36 44 32 25 40 40 24 20 26 18 77 51 52 43 53 67 35 48 28 46 63 42 45 62 23 20 56 22 0 17 58 24 42 
34 48 32 61 43 14 49 49 10 58 44 13 52 57 54 65 54 37 44 61 34 55 47 50 8 31 43 30 15 23 11 40 43 16 29 14 69 24 77 27 56 27 70 49 9 55 35 49 28 15 39 47 48 19 36 40 2 79 48 63 61 38 50 22 40 28 50 49 41 53 52 41 18 56 39 17 0 75 11 32 
80 30 77 21 62 66 110 102 85 24 117 88 49 68 65 84 36 85 56 16 106 36 78 38 74 45 59 45 89 57 86 36 55 91 55 62 6 80 76 85 98 49 8 118 81 87 84 54 100 89 53 72 51 79 45 52 75 85 81 42 19 105 121 91 88 77 62 113 86 48 104 38 67 96 39 58 75 0 82 86 
26 53 43 66 41 16 54 57 8 66 44 12 63 69 66 76 64 28 55 67 34 65 40 52 18 40 54 37 12 26 8 46 42 12 40 20 76 34 88 17 47 37 76 51 3 66 26 48 29 9 39 42 59 11 40 40 9 90 58 73 66 41 50 11 49 21 61 53 32 64 59 45 29 46 44 24 11 82 0 41 
66 68 11 79 74 44 23 18 35 64 39 32 45 38 37 39 54 69 35 76 30 55 79 74 25 44 32 49 33 50 35 58 73 36 32 41 82 9 56 58 88 40 84 33 39 27 67 78 25 38 67 79 41 51 61 67 34 55 21 58 78 22 39 49 8 60 36 26 73 47 21 62 22 87 61 42 32 86 41 0 
0 0 121 1512 0 2677 0 125 0 0 308 0 33 226 1651 0 17 10 1791 10 8 0 0 0 367 0 14 0 23 14 1724 19 0 0 13 248 0 328 68 0 0 0 0 185 569 2762 11 0 0 0 20 28 84 0 1962 9 202 0 54 0 0 1232 0 0 0 0 270 0 2788 3000 303 0 16 0 10 0 0 51 41 32 
0 0 0 831 167 1381 18 8 59 438 106 47 228 76 1432 23 198 63 16 149 49 0 10 475 16 141 588 9 424 3000 146 737 212 1235 158 60 548 15 9 54 160 315 220 1635 549 0 18 0 45 3000 70 196 0 141 712 7 0 248 672 881 45 414 0 89 375 49 97 523 19 0 98 108 1898 316 0 90 227 0 196 228 
121 0 0 245 0 8 24 84 0 0 8 0 595 93 29 0 1202 134 876 30 163 0 0 0 32 0 3000 249 50 161 1947 337 0 0 174 40 0 11 333 0 0 0 0 140 13 106 151 222 0 0 35 153 911 0 77 11 13 0 20 0 640 55 42 0 0 754 355 952 161 9 153 30 43 0 89 0 0 1121 57 98 
1512 831 245 0 111 15 13 196 73 170 128 32 223 2985 459 567 225 3000 26 124 433 156 731 31 90 151 11 466 246 15 2633 55 23 104 9 288 40 40 1189 66 22 27 16 8 432 244 39 125 9 91 2019 200 36 12 230 529 112 633 23 11 20 31 9 746 501 10 58 517 922 848 720 75 11 177 228 17 1274 379 147 34 
0 167 0 111 0 13 42 0 430 130 247 0 19 0 0 38 785 0 0 170 605 0 32 0 3000 303 154 0 85 0 159 61 530 42 2464 22 64 632 2259 0 602 1932 418 30 73 0 1672 0 223 0 36 8 0 101 7 18 71 1302 98 109 0 21 0 34 39 0 905 0 640 0 12 0 65 0 0 17 363 0 53 34 
2677 1381 8 15 13 0 1921 874 11 29 57 71 45 33 65 79 1739 114 47 392 7 0 170 48 17 139 80 384 23 8 12 53 20 704 20 71 226 12 74 521 671 177 1236 38 23 0 378 0 546 240 27 58 290 355 102 133 459 422 172 34 50 722 0 38 38 1200 13 1086 2065 454 56 288 470 89 886 13 838 935 62 1013 
0 18 24 13 42 1921 0 109 2092 23 27 959 38 11 124 60 1877 378 2100 47 28 30 30 337 18 867 426 654 2599 79 96 17 497 533 17 49 9 15 17 67 584 11 1133 8 65 0 155 113 445 23 398 69 274 950 35 150 47 46 449 1818 61 496 0 65 9 153 160 302 7 0 96 280 37 47 0 362 341 129 24 608 
125 8 84 196 0 874 109 0 101 16 3000 231 192 35 1592 10 1400 24 302 114 121 743 367 17 374 8 16 88 3000 430 300 723 0 0 16 615 0 144 58 79 0 697 0 486 623 0 42 648 1491 0 13 1396 1281 608 719 115 127 268 57 61 17 1150 198 53 914 3000 200 263 27 1754 104 98 7 1255 59 0 34 314 3000 20 
0 59 0 73 430 11 2092 101 0 2121 134 953 214 706 74 949 212 922 49 1661 136 0 11 1948 19 180 64 110 0 232 167 149 63 107 298 18 3000 294 17 30 191 28 676 1213 0 0 678 321 348 242 0 2716 0 8 15 153 0 1719 259 51 74 66 0 72 35 189 110 37 103 0 9 2750 40 157 0 386 19 0 86 3000 
0 438 0 170 130 29 23 16 2121 0 188 15 21 0 0 281 61 316 0 0 9 0 352 639 54 798 326 0 0 0 0 90 571 748 61 57 15 0 136 46 90 254 495 90 0 0 101 0 874 1004 0 36 0 1054 260 894 0 97 86 63 0 66 0 3000 24 398 11 364 113 0 180 0 102 25 0 296 1035 0 111 38 
308 106 8 128 247 57 27 3000 134 188 0 136 86 16 18 104 402 3000 259 13 19 0 1012 578 294 27 19 43 602 73 999 13 650 338 13 750 868 17 2272 84 190 1386 381 11 188 0 2435 0 13 776 13 10 109 38 3000 23 66 3000 136 494 0 12 0 115 14 11 12 81 23 3000 1243 0 24 1767 0 68 66 30 136 219 
0 47 0 32 0 71 959 231 953 15 136 0 15 193 108 16 737 26 13 15 1505 300 659 240 35 1144 7 253 0 18 0 1030 0 0 30 522 0 8 36 42 0 47 2030 0 0 0 246 531 23 1708 103 19 144 165 348 1744 0 155 3000 7 18 236 34 36 1989 1269 408 400 105 0 0 379 376 22 0 0 163 224 15 11 
33 228 595 223 19 45 38 192 214 21 86 15 0 372 953 42 87 21 80 261 157 195 972 52 243 99 490 26 31 119 17 95 481 19 125 21 13 109 111 103 9 8 0 43 8 50 69 45 1171 0 39 121 3000 199 3000 432 68 35 72 133 15 105 199 3000 14 151 115 590 1228 218 1950 187 359 0 105 124 19 139 121 51 
226 76 93 2985 0 33 11 35 706 0 16 193 372 0 20 16 210 39 21 199 48 57 0 16 85 30 1426 13 23 1414 15 26 0 0 430 32 0 20 13 248 0 14 0 0 18 762 80 110 0 0 11 0 24 0 76 57 108 7 14 33 16 395 3000 82 0 9 163 63 107 234 0 1446 2408 0 89 0 0 107 82 276 
1651 1432 29 459 0 65 124 1592 74 0 18 108 953 20 0 7 17 432 73 72 0 11 13 31 341 13 155 135 16 32 269 138 0 0 1570 70 0 59 106 699 0 107 0 0 12 0 157 14 0 0 45 0 17 0 1057 9 0 288 64 3000 204 21 438 54 0 47 9 210 29 298 0 15 12 0 0 0 0 27 2351 181 
0 23 0 567 38 79 60 10 949 281 104 16 42 16 7 0 225 8 13 89 157 21 43 266 48 16 0 77 0 0 0 1876 0 0 0 190 0 0 1735 321 0 213 141 43 0 0 235 115 128 98 0 40 0 181 39 0 0 23 1641 37 227 55 0 242 44 367 99 158 40 0 0 667 19 15 0 0 277 0 196 438 
17 198 1202 225 785 1739 1877 1400 212 61 402 737 87 210 17 225 0 23 24 1334 396 905 712 300 13 378 68 32 18 87 234 89 329 541 3000 72 24 34 27 776 125 304 17 22 154 0 30 12 2368 413 636 51 8 237 658 219 858 33 84 184 829 20 632 167 132 202 689 71 3000 2253 14 8 192 540 0 42 833 23 570 259 
10 63 134 3000 0 114 378 24 922 316 3000 26 21 39 432 8 23 0 8 22 22 159 42 18 64 3000 322 22 69 130 175 21 0 0 1710 80 0 2215 139 247 0 326 181 32 16 0 37 167 375 1242 32 121 3000 98 58 20 0 31 29 17 47 1514 39 2164 13 465 244 316 70 498 60 58 8 178 0 0 47 800 578 138 
1791 16 876 26 0 47 2100 302 49 0 259 13 80 21 73 13 24 8 0 14 0 275 283 681 380 47 874 21 12 134 0 607 0 0 23 171 0 15 56 23 0 8 0 0 0 0 9 46 0 0 457 0 114 0 1456 1550 0 168 225 17 109 126 33 97 0 393 1323 19 470 306 0 173 557 119 0 0 0 36 32 38 
10 149 30 124 170 392 47 114 1661 0 13 15 261 199 72 89 1334 22 14 0 24 644 9 202 2438 286 148 139 20 154 3000 421 0 0 237 65 0 66 1414 1027 0 103 0 10 616 28 8 631 20 0 65 73 122 40 3000 28 104 232 2089 21 3000 210 61 340 962 3000 835 69 37 151 44 37 102 0 60 0 22 1488 59 80 
8 49 163 433 605 7 28 121 136 9 19 1505 157 48 0 157 396 22 0 24 0 0 41 8 8 233 28 0 37 301 22 31 3000 14 338 13 256 33 551 149 11 655 32 3000 8 0 44 0 706 216 967 80 49 17 136 192 12 3000 501 58 0 24 0 929 9 17 155 2261 15 173 39 0 191 41 0 33 102 1854 13 20 
0 0 0 156 0 0 30 743 0 0 0 300 195 57 11 21 905 159 275 644 0 0 181 477 303 57 0 1603 0 259 0 128 0 0 0 134 0 0 1410 2070 0 162 0 0 0 0 0 159 0 0 3000 0 776 0 1398 0 0 441 8 94 211 18 126 22 0 88 1215 67 0 0 0 1986 0 0 0 0 0 60 0 1876 
0 10 0 731 32 170 30 367 11 352 1012 659 972 0 13 43 712 42 283 9 41 181 0 145 124 658 0 69 0 0 0 96 0 0 0 472 0 0 1427 100 0 184 34 0 0 0 24 404 94 366 0 477 0 94 184 0 0 3000 11 181 173 245 0 3000 3000 45 27 743 111 0 0 17 84 510 0 0 48 0 99 23 
0 475 0 31 0 48 337 17 1948 639 578 240 52 16 31 266 300 18 681 202 8 477 145 0 54 55 0 73 0 214 0 16 0 0 0 209 0 0 29 311 0 68 41 0 0 0 20 171 125 63 0 11 0 10 13 0 0 21 52 277 335 189 14 8 548 498 803 251 1436 0 0 44 471 279 0 0 9 0 172 155 
367 16 32 90 3000 17 18 374 19 54 294 35 243 85 341 48 13 64 380 2438 8 303 124 54 0 794 39 89 661 30 297 578 0 0 217 16 0 408 14 174 12 838 0 28 7 169 328 89 119 0 109 33 548 58 676 460 12 1531 1000 12 34 54 502 99 91 237 264 287 17 387 385 19 179 0 51 55 293 105 335 47 
0 141 0 151 303 139 867 8 180 798 27 1144 99 30 13 16 378 3000 47 286 233 57 658 55 794 0 0 22 0 0 0 65 0 0 0 13 0 0 26 23 0 60 32 40 0 0 14 161 1600 120 0 27 0 36 22 0 0 46 1951 110 45 446 0 238 266 24 484 9 1946 0 0 62 412 125 0 0 44 0 606 122 
14 588 3000 11 154 80 426 16 64 326 19 7 490 1426 155 0 68 322 874 148 28 0 0 0 39 0 0 20 2131 143 78 53 27 16 171 109 617 23 134 0 297 8 0 37 200 14 95 0 766 0 17 221 428 64 3000 464 78 79 32 0 0 313 0 0 13 91 46 1733 79 2071 2393 0 111 0 99 31 285 427 92 18 
0 9 249 466 0 384 654 88 110 0 43 253 26 13 135 77 32 22 21 139 0 1603 69 73 89 22 20 0 0 710 0 1627 0 0 76 1021 0 63 74 115 0 10 0 0 0 0 27 170 0 0 930 0 21 0 31 524 0 14 997 409 110 243 971 50 0 11 791 95 27 36 0 70 25 11 0 0 0 301 11 25 
23 424 50 246 85 23 2599 3000 0 0 602 0 31 23 16 0 18 69 12 20 37 0 0 0 661 0 2131 0 0 772 89 343 76 748 61 71 157 135 92 0 34 0 0 512 120 12 2334 0 1053 0 65 190 825 0 26 32 42 0 1413 0 0 95 0 0 8 0 34 0 20 939 19 0 13 0 1802 74 0 23 86 60 
14 3000 161 15 0 8 79 430 232 0 73 18 119 1414 32 0 87 130 134 154 301 259 0 214 30 0 143 710 772 0 43 446 0 0 600 759 0 189 140 18 0 18 0 0 53 98 404 3000 0 0 10 0 109 0 40 3000 88 180 59 0 8 13 1815 0 0 16 799 36 31 267 0 19 13 0 715 0 0 30 203 20 
1724 146 1947 2633 159 12 96 300 167 0 999 0 17 15 269 0 234 175 0 3000 22 0 0 0 297 0 78 0 89 43 0 226 34 104 3000 389 9 33 48 0 73 12 0 2379 396 10 151 0 87 0 32 483 44 41 159 80 340 0 173 0 0 10 0 0 122 0 3000 0 249 607 9 0 2648 0 10 48 50 227 263 1578 
19 737 337 55 61 53 17 723 149 90 13 1030 95 26 138 1876 89 21 607 421 31 128 96 16 578 65 53 1627 343 446 226 0 0 0 432 11 0 47 770 767 675 144 0 70 43 146 1448 17 68 0 162 68 30 257 10 15 11 974 28 59 40 542 25 1640 3000 549 10 1471 31 78 119 39 65 0 25 3000 170 174 141 351 
0 212 0 23 530 20 497 0 63 571 650 0 481 0 0 0 329 0 0 0 3000 0 0 0 0 0 27 0 76 0 34 0 0 19 9 199 122 20 1194 0 558 0 0 2264 150 0 1017 0 302 0 0 241 0 31 0 57 2305 0 0 0 0 0 0 0 172 0 0 0 44 0 100 0 1290 0 0 25 33 0 21 0 
0 1235 0 104 42 704 533 0 107 748 338 0 19 0 0 0 541 0 0 0 14 0 0 0 0 0 16 0 748 0 104 0 19 0 16 625 310 138 1046 0 52 0 112 733 0 0 52 0 274 0 0 111 0 14 0 28 22 0 0 0 0 0 0 0 204 0 0 0 42 0 196 0 2857 0 0 275 488 0 285 0 
13 158 174 9 2464 20 17 16 298 61 13 30 125 430 1570 0 3000 1710 23 237 338 0 0 0 217 0 171 76 61 600 3000 432 9 16 0 27 12 1239 36 251 14 14 0 39 79 119 808 189 8 0 436 39 957 167 18 191 681 3000 1364 0 62 12 22 214 907 41 301 2894 194 59 194 3000 19 0 37 24 912 73 480 179 
248 60 40 288 22 71 49 615 18 57 750 522 21 32 70 190 72 80 171 65 13 134 472 209 16 13 109 1021 71 759 389 11 199 625 27 0 175 140 133 802 76 19 23 67 56 66 37 58 286 54 18 17 90 246 23 24 127 22 581 528 783 47 190 10 101 8 46 78 16 193 441 1382 293 14 20 127 42 55 174 44 
0 548 0 40 64 226 9 0 3000 15 868 0 13 0 0 0 24 0 0 0 256 0 0 0 0 0 617 0 157 0 9 0 122 310 12 175 0 35 161 0 78 0 0 308 316 0 11 0 23 0 0 14 0 689 0 378 701 0 0 0 0 0 0 0 398 0 0 0 12 0 111 0 33 0 0 27 152 0 70 0 
328 15 11 40 632 12 15 144 294 0 17 8 109 20 59 0 34 2215 15 66 33 0 0 0 408 0 23 63 135 189 33 47 20 138 1239 140 35 0 9 0 2037 506 0 1055 10 139 203 0 23 0 2546 9 173 14 13 81 119 14 297 0 0 225 0 0 3000 176 2504 147 1678 297 214 57 277 0 37 1060 300 1772 20 71 
68 9 333 1189 2259 74 17 58 17 136 2272 36 111 13 106 1735 27 139 56 1414 551 1410 1427 29 14 26 134 74 92 140 48 770 1194 1046 36 133 161 9 0 121 328 306 2383 537 11 0 97 10 48 20 44 83 522 73 141 373 187 31 26 273 28 38 49 24 8 304 18 93 842 202 221 622 20 351 536 74 3000 30 3000 488 
0 54 0 66 0 521 67 79 30 46 84 42 103 248 699 321 776 247 23 1027 149 2070 100 311 174 23 0 115 0 18 0 767 0 0 251 802 0 0 121 0 0 9 9 0 0 0 823 19 10 438 50 0 168 86 249 1887 0 10 861 195 14 1802 563 13 791 178 99 72 204 0 0 64 37 17 0 0 494 138 14 382 
0 160 0 22 602 671 584 0 191 90 190 0 9 0 0 0 125 0 0 0 11 0 0 0 12 0 297 0 34 0 73 675 558 52 14 76 78 2037 328 0 0 74 278 9 210 0 25 0 24 0 13 231 0 26 20 206 97 27 158 11 0 338 0 52 1374 0 168 0 23 0 40 0 41 0 0 125 379 0 21 14 
0 315 0 27 1932 177 11 697 28 254 1386 47 8 14 107 213 304 326 8 103 655 162 184 68 838 60 8 10 0 18 12 144 0 0 14 19 0 506 306 9 74 0 319 21 0 0 1212 2338 57 33 94 976 125 267 20 143 0 162 51 32 32 75 96 44 49 12 83 659 17 0 308 43 29 630 0 0 1744 287 183 17 
0 220 0 16 418 1236 1133 0 676 495 381 2030 0 0 0 141 17 181 0 0 32 0 34 41 0 32 0 0 0 0 0 0 0 112 0 23 0 0 2383 9 278 319 0 2442 0 0 0 0 8 379 0 77 0 95 8 0 0 87 101 136 0 480 0 31 120 68 34 20 435 0 0 0 164 10 0 0 284 0 394 455 
185 1635 140 8 30 38 8 486 1213 90 11 0 43 0 0 43 22 32 0 10 3000 0 0 0 28 40 37 0 512 0 2379 70 2264 733 39 67 308 1055 537 0 9 21 2442 0 385 0 42 0 14 0 87 100 0 170 1304 125 58 84 46 3000 0 86 0 28 128 0 356 0 51 320 59 0 1046 0 28 8 85 15 42 79 
569 549 13 432 73 23 65 623 0 0 188 0 8 18 12 0 154 16 0 616 8 0 0 0 7 0 200 0 120 53 396 43 150 0 79 56 316 10 11 0 210 0 0 385 0 3000 8 0 300 0 2737 937 339 0 1094 94 26 0 486 0 0 11 0 0 0 0 299 0 40 11 949 0 9 0 55 123 0 62 107 83 
2762 0 106 244 0 0 0 0 0 0 0 0 50 762 0 0 0 0 0 28 0 0 0 0 169 0 14 0 12 98 10 146 0 0 119 66 0 139 0 0 0 0 0 0 3000 0 25 0 0 0 1006 0 32 0 977 1215 390 0 974 0 0 13 0 0 0 0 0 0 0 1283 72 0 38 0 31 0 0 95 0 243 
11 18 151 39 1672 378 155 42 678 101 2435 246 69 80 157 235 30 37 9 8 44 0 24 20 328 14 95 27 2334 404 151 1448 1017 52 808 37 11 203 97 823 25 1212 0 42 8 25 0 33 54 0 548 9 30 44 24 35 44 663 147 298 139 48 0 27 1499 9 1863 59 1064 301 95 1087 1611 0 24 59 60 46 9 3000 
0 0 222 125 0 0 113 648 321 0 0 531 45 110 14 115 12 167 46 631 0 159 404 171 89 161 0 170 0 3000 0 17 0 0 189 58 0 0 10 19 0 2338 0 0 0 0 33 0 0 0 765 0 18 0 8 81 0 14 1717 224 407 386 634 63 0 171 757 14 0 971 0 153 0 0 0 0 0 49 19 227 
0 45 0 9 223 546 445 1491 348 874 13 23 1171 0 0 128 2368 375 0 20 706 0 94 125 119 1600 766 0 1053 0 87 68 302 274 8 286 23 23 48 10 24 57 8 14 300 0 54 0 0 33 170 22 0 374 20 29 2216 95 9 184 0 23 0 59 39 279 156 1004 122 0 52 0 78 53 0 111 20 0 15 509 
0 3000 0 91 0 240 23 0 242 1004 776 1708 0 0 0 98 413 1242 0 0 216 0 366 63 0 120 0 0 0 0 0 0 0 0 0 54 0 0 20 438 0 33 379 0 0 0 0 0 33 0 0 52 0 170 1238 0 0 3000 24 606 0 0 0 24 11 13 58 1063 713 0 0 0 0 268 0 0 154 0 33 0 
20 70 35 2019 36 27 398 13 0 0 13 103 39 11 45 0 636 32 457 65 967 3000 0 0 109 0 17 930 65 10 32 162 0 0 436 18 0 2546 44 50 13 94 0 87 2737 1006 548 765 170 0 0 43 133 0 654 176 64 34 23 0 23 1074 72 0 0 483 99 12 12 47 8 272 45 0 136 0 0 228 47 249 
28 196 153 200 8 58 69 1396 2716 36 10 19 121 0 0 40 51 121 0 73 80 0 477 11 33 27 221 0 190 0 483 68 241 111 39 17 14 9 83 0 231 976 77 100 937 0 9 0 22 52 43 0 253 38 23 94 160 8 58 235 0 193 0 202 136 194 1403 422 297 133 8 0 41 11 10 582 53 12 1303 2037 
84 0 911 36 0 290 274 1281 0 0 109 144 3000 24 17 0 8 3000 114 122 49 776 0 0 548 0 428 21 825 109 44 30 0 0 957 90 0 173 522 168 0 125 0 0 339 32 30 18 0 0 133 253 0 0 852 18 22 449 1020 0 91 97 249 0 0 120 515 2929 518 306 139 78 1114 0 518 0 0 1230 11 83 
0 141 0 12 101 355 950 608 8 1054 38 165 199 0 0 181 237 98 0 40 17 0 94 10 58 36 64 0 0 0 41 257 31 14 167 246 689 14 73 86 26 267 95 170 0 0 44 0 374 170 0 38 0 0 71 120 0 3000 109 126 0 14 0 248 42 342 116 695 687 0 817 0 25 21 0 230 265 0 328 13 
1962 712 77 230 7 102 35 719 15 260 3000 348 3000 76 1057 39 658 58 1456 3000 136 1398 184 13 676 22 3000 31 26 40 159 10 0 0 18 23 0 13 141 249 20 20 8 1304 1094 977 24 8 20 1238 654 23 852 71 0 197 10 806 378 12 11 335 494 152 46 191 34 73 64 71 62 86 1621 338 284 2464 76 9 32 377 
9 7 11 529 18 133 150 115 153 894 23 1744 432 57 9 0 219 20 1550 28 192 0 0 0 460 0 464 524 32 3000 80 15 57 28 191 24 378 81 373 1887 206 143 0 125 94 1215 35 81 29 0 176 94 18 120 197 0 58 26 10 0 8 323 0 38 22 28 97 160 639 1772 16 32 3000 0 86 9 74 90 2974 106 
202 0 13 112 71 459 47 127 0 0 66 0 68 108 0 0 858 0 0 104 12 0 0 0 12 0 78 0 42 88 340 11 2305 22 681 127 701 119 187 0 97 0 0 58 26 390 44 0 2216 0 64 160 22 0 10 58 0 0 152 0 0 1301 0 0 0 0 16 0 9 472 62 0 818 0 99 141 0 175 184 29 
0 248 0 633 1302 422 46 268 1719 97 3000 155 35 7 288 23 33 31 168 232 3000 441 3000 21 1531 46 79 14 0 180 0 974 0 0 3000 22 0 14 31 10 27 162 87 84 0 0 663 14 95 3000 34 8 449 3000 806 26 0 0 2783 583 50 213 11 3000 555 25 31 22 176 0 45 218 50 16 0 0 457 7 469 14 
54 672 20 23 98 172 449 57 259 86 136 3000 72 14 64 1641 84 29 225 2089 501 8 11 52 1000 1951 32 997 1413 59 173 28 0 0 1364 581 0 297 26 861 158 51 101 46 486 974 147 1717 9 24 23 58 1020 109 378 10 152 2783 0 271 1408 72 10 66 1097 3000 1082 41 156 59 73 599 36 22 468 0 69 26 232 14 
0 881 0 11 109 34 1818 61 51 63 494 7 133 33 3000 37 184 17 17 21 58 94 181 277 12 110 0 409 0 0 0 59 0 0 0 528 0 0 273 195 11 32 136 3000 0 0 298 224 184 606 0 235 0 126 12 0 0 583 271 0 58 274 0 367 31 55 14 151 429 0 0 21 1443 13 0 0 228 0 34 250 
0 45 640 20 0 50 61 17 74 0 0 18 15 16 204 227 829 47 109 3000 0 211 173 335 34 45 0 110 0 8 0 40 0 0 62 783 0 0 28 14 0 32 0 0 0 0 139 407 0 0 23 0 91 0 11 8 0 50 1408 58 0 83 12 56 0 7 250 40 220 27 0 43 0 438 0 0 0 23 1948 2446 
1232 414 55 31 21 722 496 1150 66 66 12 236 105 395 21 55 20 1514 126 210 24 18 245 189 54 446 313 243 95 13 10 542 0 0 12 47 0 225 38 1802 338 75 480 86 11 13 48 386 23 0 1074 193 97 14 335 323 1301 213 72 274 83 0 652 3000 158 782 157 106 104 206 305 16 441 10 1461 65 25 117 40 10 
0 0 42 9 0 0 0 198 0 0 0 34 199 3000 438 0 632 39 33 61 0 126 0 14 502 0 0 971 0 1815 0 25 0 0 22 190 0 0 49 563 0 96 0 0 0 0 0 634 0 0 72 0 249 0 494 0 0 11 10 0 12 652 0 0 0 10 1567 175 0 83 0 43 0 0 0 0 0 32 0 8 
0 89 0 746 34 38 65 53 72 3000 115 36 3000 82 54 242 167 2164 97 340 929 22 3000 8 99 238 0 50 0 0 0 1640 0 0 214 10 0 0 24 13 52 44 31 28 0 0 27 63 59 24 0 202 0 248 152 38 0 3000 66 367 56 3000 0 0 33 179 261 107 64 0 97 238 23 9 0 0 67 0 2216 62 
0 375 0 501 39 38 9 914 35 24 14 1989 14 0 0 44 132 13 0 962 9 0 3000 548 91 266 13 0 8 0 122 3000 172 204 907 101 398 3000 8 791 1374 49 120 128 0 0 1499 0 39 11 0 136 0 42 46 22 0 555 1097 31 0 158 0 33 0 67 168 1654 263 0 755 0 590 16 0 3000 157 0 66 104 
0 49 754 10 0 1200 153 3000 189 398 11 1269 151 9 47 367 202 465 393 3000 17 88 45 498 237 24 91 11 0 16 0 549 0 0 41 8 0 176 304 178 0 12 68 0 0 0 9 171 279 13 483 194 120 342 191 28 0 25 3000 55 7 782 10 179 67 0 12 53 72 62 0 206 49 3000 0 0 68 716 70 360 
270 97 355 58 905 13 160 200 110 11 12 408 115 163 9 99 689 244 1323 835 155 1215 27 803 264 484 46 791 34 799 3000 10 0 0 301 46 0 2504 18 99 168 83 34 356 299 0 1863 757 156 58 99 1403 515 116 34 97 16 31 1082 14 250 157 1567 261 168 12 0 3000 25 137 8 853 89 240 0 163 161 17 2471 325 
0 523 952 517 0 1086 302 263 37 364 81 400 590 63 210 158 71 316 19 69 2261 67 743 251 287 9 1733 95 0 36 0 1471 0 0 2894 78 0 147 93 72 0 659 20 0 0 0 59 14 1004 1063 12 422 2929 695 73 160 0 22 41 151 40 106 175 107 1654 53 3000 0 110 3000 0 44 205 36 0 0 29 18 372 129 
2788 19 161 922 640 2065 7 27 103 113 23 105 1228 107 29 40 3000 70 470 37 15 0 111 1436 17 1946 79 27 20 31 249 31 44 42 194 16 12 1678 842 204 23 17 435 51 40 0 1064 0 122 713 12 297 518 687 64 639 9 176 156 429 220 104 0 64 263 72 25 110 0 45 48 33 204 24 0 62 215 43 26 92 
3000 0 9 848 0 454 0 1754 0 0 3000 0 218 234 298 0 2253 498 306 151 173 0 0 0 387 0 2071 36 939 267 607 78 0 0 59 193 0 297 202 0 0 0 0 320 11 1283 301 971 0 0 47 133 306 0 71 1772 472 0 59 0 27 206 83 0 0 62 137 3000 45 0 660 860 274 0 1085 0 0 174 2797 885 
303 98 153 720 12 56 96 104 9 180 1243 0 1950 0 0 0 14 60 0 44 39 0 0 0 385 0 2393 0 19 0 9 119 100 196 194 441 111 214 221 0 40 308 0 59 949 72 95 0 52 0 8 8 139 817 62 16 62 45 73 0 0 305 0 97 755 0 8 0 48 660 0 0 202 0 267 136 1271 26 383 693 
0 108 30 75 0 288 280 98 2750 0 0 379 187 1446 15 667 8 58 173 37 0 1986 17 44 19 62 0 70 0 19 0 39 0 0 3000 1382 0 57 622 64 0 43 0 0 0 0 1087 153 0 0 272 0 78 0 86 32 0 218 599 21 43 16 43 238 0 206 853 44 33 860 0 0 0 0 0 0 0 35 125 2473 
16 1898 43 11 65 470 37 7 40 102 24 376 359 2408 12 19 192 8 557 102 191 0 84 471 179 412 111 25 13 13 2648 65 1290 2857 19 293 33 277 20 37 41 29 164 1046 9 38 1611 0 78 0 45 41 1114 25 1621 3000 818 50 36 1443 0 441 0 23 590 49 89 205 204 274 202 0 0 0 143 39 276 13 415 68 
0 316 0 177 0 89 47 1255 157 25 1767 22 0 0 0 15 540 178 119 0 41 0 510 279 0 125 0 11 0 0 0 0 0 0 0 14 0 0 351 17 0 630 10 0 0 0 0 0 53 268 0 11 0 21 338 0 0 16 22 13 438 10 0 9 16 3000 240 36 24 0 0 0 0 0 0 0 18 0 109 776 
10 0 89 228 0 886 0 59 0 0 0 0 105 89 0 0 0 0 0 60 0 0 0 0 51 0 99 0 1802 715 10 25 0 0 37 20 0 37 536 0 0 0 0 28 55 31 24 0 0 0 136 10 518 0 284 86 99 0 468 0 0 1461 0 0 0 0 0 0 0 1085 267 0 143 0 0 0 0 577 0 516 
0 90 0 17 17 13 362 0 386 296 68 0 124 0 0 0 42 0 0 0 33 0 0 0 55 0 31 0 74 0 48 3000 25 275 24 127 27 1060 74 0 125 0 0 8 123 0 59 0 111 0 0 582 0 230 2464 9 141 0 0 0 0 65 0 0 3000 0 163 0 62 0 136 0 39 0 0 0 33 0 885 0 
0 227 0 1274 363 838 341 34 19 1035 66 163 19 0 0 277 833 47 0 22 102 0 48 9 293 44 285 0 0 0 50 170 33 488 912 42 152 300 3000 494 379 1744 284 85 0 0 60 0 20 154 0 53 0 265 76 74 0 457 69 228 0 25 0 67 157 68 161 29 215 0 1271 0 276 18 0 33 0 0 52 123 
51 0 1121 379 0 935 129 314 0 0 30 224 139 107 27 0 23 800 36 1488 1854 60 0 0 105 0 427 301 23 30 227 174 0 0 73 55 0 1772 30 138 0 287 0 15 62 95 46 49 0 0 228 12 1230 0 9 90 175 7 26 0 23 117 32 0 0 716 17 18 43 174 26 35 13 0 577 0 0 0 139 704 
41 196 57 147 53 62 24 3000 86 111 136 15 121 82 2351 196 570 578 32 59 13 0 99 172 335 606 92 11 86 203 263 141 21 285 480 174 70 20 3000 14 21 183 394 42 107 0 9 19 15 33 47 1303 11 328 32 2974 184 469 232 34 1948 40 0 2216 66 70 2471 372 26 2797 383 125 415 109 0 885 52 139 0 89 
32 228 98 34 34 1013 608 20 3000 38 219 11 51 276 181 438 259 138 38 80 20 1876 23 155 47 122 18 25 60 20 1578 351 0 0 179 44 0 71 488 382 14 17 455 79 83 243 3000 227 509 0 249 2037 83 13 377 106 29 14 14 250 2446 10 8 62 104 360 325 129 92 885 693 2473 68 776 516 0 123 704 89 0 
