100
0 105 85 92 86 17 63 38 49 82 86 14 48 16 70 26 104 108 96 14 99 20 53 101 58 45 50 74 95 80 53 71 81 99 34 43 89 66 98 48 53 35 54 112 76 88 83 26 36 53 72 85 63 75 57 86 95 83 106 64 22 81 71 41 71 37 55 12 68 67 60 85 28 75 72 72 84 95 84 61 101 87 49 79 24 81 94 59 74 42 49 62 79 45 32 31 60 89 18 31 
105 0 77 16 20 110 67 68 59 65 26 96 58 97 38 81 4 6 70 91 12 105 81 82 48 63 70 31 85 38 56 44 82 63 72 90 34 66 23 64 92 100 75 8 50 17 74 83 71 95 34 21 67 40 61 22 28 59 10 44 114 73 35 74 66 108 71 94 52 40 63 29 78 77 47 33 24 11 30 58 79 70 83 27 91 41 21 47 57 74 59 65 71 107 89 77 51 44 103 114 
85 77 0 63 66 77 100 61 50 12 53 87 57 90 51 63 74 83 14 75 65 71 32 16 63 75 37 60 11 88 76 83 8 21 68 104 43 23 90 81 37 56 32 85 95 68 4 81 58 39 62 69 25 43 88 74 50 18 69 73 77 6 55 47 18 61 32 75 90 69 31 50 76 10 36 64 59 70 84 34 16 7 103 68 62 91 56 56 100 46 74 27 8 54 54 60 44 33 70 70 
92 16 63 0 9 96 61 54 45 51 11 84 44 85 23 67 13 21 58 78 7 90 65 70 35 52 55 18 72 36 46 38 68 51 59 81 21 51 29 54 77 85 59 23 47 8 60 71 57 80 21 12 52 24 53 17 17 45 13 34 99 59 21 59 51 93 56 80 46 29 48 14 66 62 31 21 9 7 28 42 67 56 76 17 77 39 9 33 54 58 48 49 57 91 73 62 36 31 88 99 
86 20 66 9 0 91 53 48 40 54 15 77 39 78 20 62 19 23 62 72 15 86 64 74 28 44 52 12 76 27 38 29 70 57 52 73 26 51 24 46 75 82 58 26 39 2 63 64 51 79 14 3 52 24 44 9 24 49 21 26 95 61 16 55 52 90 54 74 38 21 47 17 59 64 32 14 8 9 20 41 71 60 67 8 72 31 17 28 45 55 40 49 59 89 70 57 33 36 83 95 
17 110 77 96 91 0 76 43 51 75 88 30 52 33 73 29 108 114 88 23 102 6 45 92 63 55 46 79 85 90 63 80 71 93 42 60 89 61 106 60 41 21 47 117 87 93 74 39 39 40 77 90 57 75 69 92 96 78 108 72 5 73 75 38 64 21 49 20 79 74 56 87 39 66 71 78 87 99 92 59 92 79 65 85 19 91 96 63 87 39 59 58 72 29 25 34 61 86 8 13 
63 67 100 61 53 76 0 43 50 89 63 49 43 47 53 52 68 67 102 53 68 74 79 113 37 27 67 47 111 29 24 23 100 100 40 27 74 77 49 20 87 81 74 69 18 54 96 38 48 90 44 50 75 62 12 46 75 86 73 30 82 94 50 61 81 87 72 56 15 35 70 65 38 92 66 43 57 59 37 66 111 96 19 45 65 27 69 44 14 61 26 73 91 92 69 52 56 80 72 87 
38 68 61 54 48 43 43 0 13 53 48 32 10 33 32 14 66 71 68 24 61 39 36 76 20 17 25 36 72 48 22 39 59 68 7 43 53 39 63 24 44 40 32 74 48 50 58 21 5 46 34 47 36 38 32 49 58 53 67 30 48 56 33 18 43 47 31 26 40 31 31 48 16 52 37 35 46 57 50 29 75 60 42 42 26 50 56 21 50 18 19 34 53 50 27 10 24 54 36 50 
49 59 50 45 40 51 50 13 0 41 37 44 7 46 22 23 57 63 55 35 51 46 30 65 17 25 17 28 61 47 27 39 49 55 20 55 40 28 59 31 40 42 25 66 50 42 47 34 13 43 27 40 25 25 39 43 46 40 57 29 55 45 24 15 32 50 22 37 43 27 20 36 29 42 24 28 36 48 47 17 63 48 53 35 32 50 45 13 54 15 25 23 42 50 30 18 11 41 43 55 
82 65 12 51 54 75 89 53 41 0 40 81 48 84 39 57 62 71 15 69 53 69 31 24 52 65 31 48 22 76 66 72 17 18 60 96 31 15 78 72 39 56 28 73 84 55 9 74 51 41 50 56 19 31 77 62 38 6 57 62 77 8 43 41 11 62 27 70 78 58 23 37 68 14 24 52 46 58 72 24 22 7 94 56 58 79 44 45 89 40 65 20 6 57 51 53 34 22 68 71 
86 26 53 11 15 88 63 48 37 40 0 79 38 80 15 60 23 31 48 72 15 82 55 60 32 49 45 16 62 41 45 41 57 42 53 80 12 40 38 53 66 76 49 34 52 15 49 67 50 70 19 18 41 14 54 24 12 35 21 34 91 48 16 50 40 84 45 74 49 29 37 3 61 51 20 21 7 18 35 32 57 46 75 20 69 45 9 28 58 50 46 39 46 82 65 55 27 21 80 90 
14 96 87 84 77 30 49 32 44 81 79 0 41 3 64 24 96 99 96 13 91 31 56 103 49 34 50 66 98 68 42 58 84 98 26 29 84 66 86 36 59 43 55 102 63 79 84 13 32 60 63 75 63 69 44 76 90 82 97 54 35 83 64 41 71 47 56 14 55 57 59 79 18 77 68 63 76 86 73 59 102 87 35 69 28 68 87 51 61 41 38 62 80 54 36 28 55 85 29 43 
48 58 57 44 39 52 43 10 7 48 38 41 0 42 23 23 57 62 62 33 51 47 37 72 12 18 24 27 69 41 20 33 57 61 15 48 43 35 55 24 46 46 32 65 44 41 54 29 13 49 25 38 33 28 31 40 49 46 58 23 56 52 23 20 39 54 29 36 37 23 27 38 24 49 29 26 36 47 42 24 70 55 46 33 34 44 47 11 47 21 18 30 49 55 33 19 16 45 45 57 
16 97 90 85 78 33 47 33 46 84 80 3 42 0 65 27 96 99 98 16 92 34 59 106 50 34 53 67 100 68 42 58 86 100 27 27 86 69 87 35 62 46 58 102 62 80 87 14 34 63 64 76 65 71 43 76 91 84 98 54 38 85 65 43 73 50 58 17 55 57 61 80 19 80 70 64 77 86 73 61 105 90 33 70 31 68 89 53 60 44 38 64 83 57 39 31 57 87 31 46 
70 38 51 23 20 73 53 32 22 39 15 64 23 65 0 45 36 42 50 56 29 67 44 62 18 35 32 10 61 37 32 34 53 47 38 67 22 32 42 40 55 62 38 46 46 22 47 52 34 59 11 21 32 9 42 26 26 35 36 24 77 45 5 36 34 70 34 58 41 19 27 15 46 46 14 13 14 28 33 22 59 45 63 18 54 41 24 13 51 36 33 29 43 69 51 40 13 27 65 76 
26 81 63 67 62 29 52 14 23 57 60 24 23 27 45 0 80 84 72 12 73 25 33 79 34 27 26 50 74 61 35 52 60 74 13 45 63 42 77 33 38 28 31 88 60 64 60 20 10 40 47 61 39 48 43 63 69 58 80 43 34 58 46 17 47 35 32 14 52 45 35 59 16 53 46 48 58 70 63 36 78 63 47 55 13 63 69 34 61 17 31 38 56 39 16 5 34 62 22 36 
104 4 74 13 19 108 68 66 57 62 23 96 57 96 36 80 0 9 66 90 9 103 78 78 47 63 68 30 81 40 56 45 79 59 71 90 31 63 26 64 90 98 72 11 52 16 71 82 69 93 33 20 64 37 61 22 24 56 7 44 112 69 34 72 63 106 69 93 53 39 61 26 78 74 44 32 22 10 32 55 75 66 84 26 90 43 18 46 59 72 59 62 68 105 87 75 49 40 101 112 
108 6 83 21 23 114 67 71 63 71 31 99 62 99 42 84 9 0 76 94 18 109 86 88 51 65 75 35 91 38 58 44 88 68 74 90 40 71 20 65 97 105 80 3 49 21 80 85 74 100 37 24 72 45 61 23 33 65 16 45 118 78 39 78 72 113 76 97 52 42 68 34 81 82 52 36 28 15 30 63 84 76 84 29 95 40 27 51 56 78 61 70 76 112 93 80 55 50 106 118 
96 70 14 58 62 88 102 68 55 15 48 96 62 98 50 72 66 76 0 84 58 82 44 12 65 79 46 59 16 86 79 84 21 8 74 110 37 30 86 85 50 69 42 77 95 63 14 88 65 52 61 65 33 41 91 71 42 16 61 74 90 15 54 55 25 74 41 84 91 69 37 45 83 23 36 63 55 65 81 38 9 9 108 66 72 90 49 58 101 55 78 34 17 67 65 68 47 27 81 83 
14 91 75 78 72 23 53 24 35 69 72 13 33 16 56 12 90 94 84 0 84 21 43 90 43 32 38 60 85 67 40 58 71 86 20 40 75 54 85 37 46 31 43 98 64 74 72 16 22 47 57 71 51 60 46 72 81 71 91 51 28 70 57 28 59 36 43 3 57 53 47 71 16 64 58 58 69 80 71 48 90 75 43 65 15 69 80 44 64 29 36 50 68 42 23 17 46 75 19 34 
99 12 65 7 15 102 68 61 51 53 15 91 51 92 29 73 9 18 58 84 0 96 70 70 42 59 60 25 73 41 53 44 70 51 65 88 22 54 31 61 81 90 64 20 53 14 62 78 63 84 28 18 56 29 60 22 16 47 7 41 105 61 27 64 54 98 60 87 52 36 52 17 73 65 35 28 15 10 33 47 67 58 82 23 83 44 9 40 59 64 55 53 59 96 79 69 41 32 94 104 
20 105 71 90 86 6 74 39 46 69 82 31 47 34 67 25 103 109 82 21 96 0 39 86 59 52 40 74 79 86 59 77 65 86 38 60 83 55 102 57 35 16 41 112 84 88 68 37 35 35 72 85 51 69 66 87 90 72 103 68 9 67 70 33 58 17 43 19 76 70 50 81 37 60 65 73 82 94 88 53 86 73 64 80 14 88 91 58 85 33 55 51 66 25 19 29 55 80 3 13 
53 81 32 65 64 45 79 36 30 31 55 56 37 59 44 33 78 86 44 43 70 39 0 48 47 52 13 54 42 76 56 69 27 48 41 77 52 18 86 59 11 25 6 89 80 66 30 53 32 15 54 65 15 41 68 69 59 34 76 59 46 29 48 19 21 32 10 43 73 57 18 53 48 22 35 55 58 71 75 23 48 34 78 62 30 79 62 41 84 18 54 17 27 27 22 31 32 46 38 40 
101 82 16 70 74 92 113 76 65 24 60 103 72 106 62 79 78 88 12 90 70 86 48 0 76 89 53 71 8 98 90 95 21 19 83 119 49 38 98 96 52 72 48 89 107 75 19 97 74 53 73 77 41 53 101 83 54 27 73 85 93 21 66 63 33 76 47 91 102 81 46 57 91 26 47 75 67 77 93 48 3 17 118 78 78 102 61 68 112 62 88 42 23 68 70 75 57 39 86 85 
58 48 63 35 28 63 37 20 17 52 32 49 12 50 18 34 47 51 65 43 42 59 47 76 0 18 34 17 74 30 15 23 63 63 24 49 39 41 43 22 57 58 41 54 34 31 59 36 24 60 14 27 40 26 26 29 43 49 49 12 68 57 16 32 45 66 38 46 27 11 34 32 31 56 29 15 27 37 30 29 73 59 45 22 46 33 40 7 38 32 15 37 54 67 45 30 18 44 56 69 
45 63 75 52 44 55 27 17 25 65 49 34 18 34 35 27 63 65 79 32 59 52 52 89 18 0 41 34 86 35 8 26 74 78 14 32 57 53 53 7 61 55 48 68 33 47 71 20 22 63 31 43 50 43 16 42 61 64 65 20 60 70 34 34 57 63 46 35 25 24 45 50 16 67 45 31 45 53 39 41 87 72 29 36 40 36 57 23 34 35 4 48 67 66 43 26 33 61 49 63 
50 70 37 55 52 46 67 25 17 31 45 50 24 53 32 26 68 75 46 38 60 40 13 53 34 41 0 42 48 63 44 56 35 48 31 68 44 16 73 47 24 31 8 78 68 55 34 44 21 27 41 53 12 31 55 57 51 33 66 46 49 32 36 10 20 39 6 39 60 44 10 43 39 28 26 43 47 60 62 13 52 37 67 49 28 66 53 28 71 9 41 12 30 37 22 22 20 40 39 45 
74 31 60 18 12 79 47 36 28 48 16 66 27 67 10 50 30 35 59 60 25 74 54 71 17 34 42 0 71 28 29 26 63 55 41 64 26 42 32 37 65 70 48 38 37 14 57 53 40 68 3 12 43 18 38 16 28 44 31 18 83 55 6 44 45 78 44 63 34 13 37 18 48 56 24 5 10 20 23 32 68 55 59 8 60 31 23 16 43 43 31 40 53 78 58 45 22 34 71 83 
95 85 11 72 76 85 111 72 61 22 62 98 69 100 61 74 81 91 16 85 73 79 42 8 74 86 48 71 0 98 87 94 15 24 79 115 51 34 99 93 45 64 42 93 106 77 15 92 69 46 72 78 37 53 99 84 57 27 76 84 86 17 66 58 30 68 43 85 101 80 42 59 87 21 47 74 68 79 94 45 10 16 115 78 72 102 64 67 111 57 86 39 20 61 63 71 55 41 79 78 
80 38 88 36 27 90 29 48 47 76 41 68 41 68 37 61 40 38 86 67 41 86 76 98 30 35 63 28 98 0 27 9 90 82 48 54 53 68 20 32 87 87 71 40 12 28 84 55 53 90 26 24 68 45 26 19 52 72 45 18 94 82 32 62 71 95 67 70 14 20 62 43 52 83 52 24 34 31 8 57 96 82 47 21 73 4 45 35 19 62 31 65 80 96 74 58 46 61 83 97 
53 56 76 46 38 63 24 22 27 66 45 42 20 42 32 35 56 58 79 40 53 59 56 90 15 8 44 29 87 27 0 18 76 77 21 36 53 54 45 8 65 62 51 61 26 40 72 28 28 68 25 36 52 40 12 35 56 63 59 13 68 70 29 39 58 69 49 43 18 17 46 46 25 69 43 25 39 46 31 42 87 73 31 30 47 28 52 21 27 39 4 49 68 72 49 32 32 58 57 71 
71 44 83 38 29 80 23 39 39 72 41 58 33 58 34 52 45 44 84 58 44 77 69 95 23 26 56 26 94 9 18 0 85 80 39 46 52 63 28 23 79 78 64 47 12 31 80 45 44 82 23 26 62 42 17 23 52 68 49 11 85 78 29 54 66 86 61 61 8 14 56 43 42 78 48 21 34 35 15 51 93 79 39 21 64 11 46 29 17 54 22 59 75 88 66 49 40 59 74 88 
81 82 8 68 70 71 100 59 49 17 57 84 57 86 53 60 79 88 21 71 70 65 27 21 63 74 35 63 15 90 76 85 0 29 66 102 48 22 94 81 30 50 28 90 97 71 9 78 56 32 64 72 24 46 88 78 55 23 74 74 71 9 58 44 19 54 29 70 91 71 30 54 73 7 39 66 62 75 86 34 22 14 102 71 57 93 61 56 101 43 74 27 11 47 49 57 45 39 64 64 
99 63 21 51 57 93 100 68 55 18 42 98 61 100 47 74 59 68 8 86 51 86 48 19 63 78 48 55 24 82 77 80 29 0 75 110 31 32 80 84 56 74 46 70 92 58 21 89 67 58 57 60 36 38 88 66 35 16 53 71 94 21 51 58 28 79 44 87 87 66 39 39 84 29 34 59 49 59 76 39 16 15 107 61 76 86 43 56 97 57 77 36 22 73 68 70 46 21 85 88 
34 72 68 59 52 42 40 7 20 60 53 26 15 27 38 13 71 74 74 20 65 38 41 83 24 14 31 41 79 48 21 39 66 75 0 37 59 45 65 20 48 41 38 78 47 54 64 15 10 51 38 51 42 44 30 52 64 59 72 31 46 63 38 23 50 49 37 23 39 33 37 53 9 59 43 38 50 61 51 36 82 66 37 45 26 50 62 26 48 23 17 41 60 52 29 12 30 60 35 50 
43 90 104 81 73 60 27 43 55 96 80 29 48 27 67 45 90 90 110 40 88 60 77 119 49 32 68 64 115 54 36 46 102 110 37 0 89 82 74 27 83 70 74 93 45 75 101 25 46 84 61 70 79 75 29 68 92 95 94 47 65 99 65 59 86 76 73 42 39 52 74 81 29 95 76 60 75 80 61 72 118 102 8 64 54 53 87 55 40 60 34 77 96 82 61 47 64 92 57 72 
89 34 43 21 26 89 74 53 40 31 12 84 43 86 22 63 31 40 37 75 22 83 52 49 39 57 44 26 51 53 53 52 48 31 59 89 0 34 49 61 62 75 46 42 63 27 40 73 53 66 29 29 37 15 63 35 8 25 26 44 92 39 24 51 34 82 43 77 60 39 35 9 67 44 18 31 19 28 46 30 46 36 84 32 70 56 13 34 69 50 54 35 37 79 65 58 29 10 81 89 
66 66 23 51 51 61 77 39 28 15 40 66 35 69 32 42 63 71 30 54 54 55 18 38 41 53 16 42 34 68 54 63 22 32 45 82 34 0 74 59 28 43 14 74 75 53 19 59 36 31 43 53 4 27 66 58 42 17 60 52 63 17 37 26 4 50 12 55 69 49 8 37 54 15 19 45 44 57 65 12 36 21 81 51 43 72 46 34 79 25 52 5 15 45 36 38 23 28 53 58 
98 23 90 29 24 106 49 63 59 78 38 86 55 87 42 77 26 20 86 85 31 102 86 98 43 53 73 32 99 20 45 28 94 80 65 74 49 74 0 51 97 100 80 22 30 23 87 73 67 100 32 22 74 48 45 16 45 73 32 34 111 85 38 74 76 108 76 87 34 32 69 41 69 88 55 31 32 21 14 64 95 84 67 24 88 21 38 46 37 74 49 71 83 109 88 73 54 59 99 112 
48 64 81 54 46 60 20 24 31 72 53 36 24 35 40 33 64 65 85 37 61 57 59 96 22 7 47 37 93 32 8 23 81 84 20 27 61 59 51 0 67 61 55 68 28 48 78 22 29 70 34 44 57 48 9 42 64 70 67 20 65 76 37 41 63 69 53 40 20 25 51 54 20 74 50 33 47 54 37 48 94 78 23 38 46 33 60 28 28 42 7 54 73 72 49 32 38 66 54 69 
53 92 37 77 75 41 87 44 40 39 66 59 46 62 55 38 90 97 50 46 81 35 11 52 57 61 24 65 45 87 65 79 30 56 48 83 62 28 97 67 0 20 17 100 90 77 35 57 39 3 65 76 26 53 76 81 70 43 87 69 41 35 60 26 30 24 21 45 83 67 29 64 54 27 46 66 69 83 86 34 52 41 84 73 30 90 73 52 93 26 62 28 34 18 22 37 43 56 35 33 
35 100 56 85 82 21 81 40 42 56 76 43 46 46 62 28 98 105 69 31 90 16 25 72 58 55 31 70 64 87 62 78 50 74 41 70 75 43 100 61 20 0 29 108 88 84 54 46 35 19 69 82 39 62 71 85 82 60 97 69 21 53 65 27 46 8 32 29 80 69 40 74 44 46 57 70 77 90 88 44 72 59 74 77 16 89 84 55 89 27 58 41 52 11 13 30 49 70 16 15 
54 75 32 59 58 47 74 32 25 28 49 55 32 58 38 31 72 80 42 43 64 41 6 48 41 48 8 48 42 71 51 64 28 46 38 74 46 14 80 55 17 29 0 83 75 60 29 50 28 21 47 59 10 35 63 63 54 31 70 53 49 28 42 15 17 36 4 43 68 51 12 47 45 22 29 49 52 65 69 17 47 33 74 56 30 74 56 35 78 15 49 12 26 33 23 28 26 41 40 44 
112 8 85 23 26 117 69 74 66 73 34 102 65 102 46 88 11 3 77 98 20 112 89 89 54 68 78 38 93 40 61 47 90 70 78 93 42 74 22 68 100 108 83 0 52 24 82 88 78 103 40 27 75 47 64 26 35 67 17 48 121 81 43 81 74 116 79 100 54 45 71 37 84 85 55 40 31 18 33 66 86 78 87 33 98 42 29 54 58 81 64 73 79 115 96 83 59 52 109 121 
76 50 95 47 39 87 18 48 50 84 52 63 44 62 46 60 52 49 95 64 53 84 80 107 34 33 68 37 106 12 26 12 97 92 47 45 63 75 30 28 90 88 75 52 0 40 92 50 53 93 35 35 74 54 19 31 63 80 57 23 92 90 41 64 78 95 72 67 8 26 68 54 48 90 60 33 44 43 20 63 104 91 37 32 73 9 56 41 7 64 30 71 87 98 75 58 52 71 82 96 
88 17 68 8 2 93 54 50 42 55 15 79 41 80 22 64 16 21 63 74 14 88 66 75 31 47 55 14 77 28 40 31 71 58 54 75 27 53 23 48 77 84 60 24 40 0 64 66 54 81 17 4 54 26 46 9 24 50 19 27 97 63 19 57 54 92 56 77 39 23 49 18 61 66 33 16 9 6 21 43 72 61 69 10 74 31 17 30 46 57 43 51 60 91 72 59 35 37 85 97 
83 74 4 60 63 74 96 58 47 9 49 84 54 87 47 60 71 80 14 72 62 68 30 19 59 71 34 57 15 84 72 80 9 21 64 101 40 19 87 78 35 54 29 82 92 64 0 78 55 38 58 65 22 39 84 71 47 15 66 69 75 2 52 44 15 59 29 72 86 65 27 46 73 8 33 60 55 67 80 30 18 6 100 65 59 88 53 52 97 43 71 24 5 53 51 56 40 30 68 69 
26 83 81 71 64 39 38 21 34 74 67 13 29 14 52 20 82 85 88 16 78 37 53 97 36 20 44 53 92 55 28 45 78 89 15 25 73 59 73 22 57 46 50 88 50 66 78 0 23 59 50 62 56 58 31 62 78 74 85 40 44 76 51 35 64 52 50 19 42 44 51 67 6 72 58 50 63 72 59 50 95 80 28 56 29 55 75 39 49 35 24 54 74 57 36 22 45 75 34 50 
36 71 58 57 51 39 48 5 13 51 50 32 13 34 34 10 69 74 65 22 63 35 32 74 24 22 21 40 69 53 28 44 56 67 10 46 53 36 67 29 39 35 28 78 53 54 55 23 0 41 37 51 33 39 38 53 59 51 70 34 44 53 36 13 41 42 27 24 45 35 28 49 18 49 37 38 48 60 54 28 72 57 46 45 21 55 58 23 55 14 24 31 51 45 22 6 24 53 32 45 
53 95 39 80 79 40 90 46 43 41 70 60 49 63 59 40 93 100 52 47 84 35 15 53 60 63 27 68 46 90 68 82 32 58 51 84 66 31 100 70 3 19 21 103 93 81 38 59 41 0 68 80 29 56 79 84 73 46 90 72 40 37 63 29 33 22 24 46 86 70 32 67 56 29 49 69 72 86 89 38 54 43 86 76 31 93 77 55 96 29 65 31 36 16 24 39 46 59 35 32 
72 34 62 21 14 77 44 34 27 50 19 63 25 64 11 47 33 37 61 57 28 72 54 73 14 31 41 3 72 26 25 23 64 57 38 61 29 43 32 34 65 69 47 40 35 17 58 50 37 68 0 13 43 20 34 16 31 46 35 15 81 57 7 42 46 77 44 60 31 10 37 21 45 57 26 2 14 23 22 32 70 57 56 9 58 29 27 14 40 42 27 40 54 77 56 43 22 37 69 81 
85 21 69 12 3 90 50 47 40 56 18 75 38 76 21 61 20 24 65 71 18 85 65 77 27 43 53 12 78 24 36 26 72 60 51 70 29 53 22 44 76 82 59 27 35 4 65 62 51 80 13 0 53 26 42 6 28 51 24 23 94 64 17 55 54 90 55 73 34 19 48 20 58 66 34 13 11 10 17 43 74 62 64 6 72 27 21 28 42 55 38 50 61 90 70 57 34 39 83 95 
63 67 25 52 52 57 75 36 25 19 41 63 33 65 32 39 64 72 33 51 56 51 15 41 40 50 12 43 37 68 52 62 24 36 42 79 37 4 74 57 26 39 10 75 74 54 22 56 33 29 43 53 0 28 64 58 45 21 62 51 59 20 37 22 8 46 8 51 67 48 6 39 51 17 21 45 45 58 65 11 40 24 78 51 40 71 48 33 78 22 50 3 18 42 33 35 22 31 50 54 
75 40 43 24 24 75 62 38 25 31 14 69 28 71 9 48 37 45 41 60 29 69 41 53 26 43 31 18 53 45 40 42 46 38 44 75 15 27 48 48 53 62 35 47 54 26 39 58 39 56 20 26 28 0 51 32 21 26 35 33 78 38 13 37 28 70 32 62 50 28 24 12 52 40 7 22 17 30 41 19 50 37 71 25 56 49 22 20 60 36 41 25 35 68 51 44 14 18 67 76 
57 61 88 53 44 69 12 32 39 77 54 44 31 43 42 43 61 61 91 46 60 66 68 101 26 16 55 38 99 26 12 17 88 88 30 29 63 66 45 9 76 71 63 64 19 46 84 31 38 79 34 42 64 51 0 39 65 75 65 20 74 82 39 50 70 78 61 49 12 25 58 55 29 81 55 33 47 51 32 54 99 84 23 36 55 25 60 33 18 50 14 61 80 82 59 41 44 69 63 78 
86 22 74 17 9 92 46 49 43 62 24 76 40 76 26 63 22 23 71 72 22 87 69 83 29 42 57 16 84 19 35 23 78 66 52 68 35 58 16 42 81 85 63 26 31 9 71 62 53 84 16 6 58 32 39 0 33 57 27 22 96 69 21 58 59 93 60 74 31 19 53 26 58 71 39 15 16 13 11 47 80 68 62 8 74 22 26 30 37 58 38 55 67 93 72 58 38 45 85 97 
95 28 50 17 24 96 75 58 46 38 12 90 49 91 26 69 24 33 42 81 16 90 59 54 43 61 51 28 57 52 56 52 55 35 64 92 8 42 45 64 70 82 54 35 63 24 47 78 59 73 31 28 45 21 65 33 0 32 19 46 99 46 27 57 41 90 50 83 61 41 42 11 72 51 25 32 18 24 45 38 51 43 87 31 77 55 8 39 69 57 58 42 44 87 72 64 35 17 88 96 
83 59 18 45 49 78 86 53 40 6 35 82 46 84 35 58 56 65 16 71 47 72 34 27 49 64 33 44 27 72 63 68 23 16 59 95 25 17 73 70 43 60 31 67 80 50 15 74 51 46 46 51 21 26 75 57 32 0 51 58 80 14 39 42 14 66 29 71 75 54 23 32 68 19 20 48 41 53 67 23 24 11 93 51 61 75 38 42 85 42 62 21 12 61 53 54 31 16 71 75 
106 10 69 13 21 108 73 67 57 57 21 97 58 98 36 80 7 16 61 91 7 103 76 73 49 65 66 31 76 45 59 49 74 53 72 94 26 60 32 67 87 97 70 17 57 19 66 85 70 90 35 24 62 35 65 27 19 51 0 47 112 65 34 71 60 105 66 93 58 42 58 23 80 70 41 35 22 14 37 53 69 62 88 30 89 48 14 47 64 71 62 59 63 103 86 75 48 36 101 111 
64 44 73 34 26 72 30 30 29 62 34 54 23 54 24 43 44 45 74 51 41 68 59 85 12 20 46 18 84 18 13 11 74 71 31 47 44 52 34 20 69 69 53 48 23 27 69 40 34 72 15 23 51 33 20 22 46 58 47 0 77 67 20 43 55 77 50 54 17 5 45 36 36 67 38 14 28 33 20 40 83 68 42 17 56 21 41 18 27 44 16 48 65 78 56 40 29 51 66 79 
22 114 77 99 95 5 82 48 55 77 91 35 56 38 77 34 112 118 90 28 105 9 46 93 68 60 49 83 86 94 68 85 71 94 46 65 92 63 111 65 41 21 49 121 92 97 75 44 44 40 81 94 59 78 74 96 99 80 112 77 0 74 79 42 66 19 51 25 84 78 59 90 44 67 74 82 91 103 97 62 93 80 70 89 23 96 100 67 92 42 64 60 73 27 27 38 64 89 12 10 
81 73 6 59 61 73 94 56 45 8 48 83 52 85 45 58 69 78 15 70 61 67 29 21 57 70 32 55 17 82 70 78 9 21 63 99 39 17 85 76 35 53 28 81 90 63 2 76 53 37 57 64 20 38 82 69 46 14 65 67 74 0 50 42 13 59 27 70 84 64 25 45 71 8 31 59 54 66 78 28 20 6 98 63 58 86 52 50 95 41 69 22 3 52 50 55 39 29 66 68 
71 35 55 21 16 75 50 33 24 43 16 64 23 65 5 46 34 39 54 57 27 70 48 66 16 34 36 6 66 32 29 29 58 51 38 65 24 37 38 37 60 65 42 43 41 19 52 51 36 63 7 17 37 13 39 21 27 39 34 20 79 50 0 39 39 73 39 59 37 15 32 17 46 51 19 9 12 25 29 26 63 50 60 14 56 36 24 13 47 38 30 34 47 73 53 41 17 30 67 78 
41 74 47 59 55 38 61 18 15 41 50 41 20 43 36 17 72 78 55 28 64 33 19 63 32 34 10 44 58 62 39 54 44 58 23 59 51 26 74 41 26 27 15 81 64 57 44 35 13 29 42 55 22 37 50 58 57 42 71 43 42 42 39 0 30 35 15 29 57 43 19 49 30 37 32 44 50 63 62 21 62 47 60 51 19 64 58 28 67 1 36 21 40 35 15 13 23 48 31 40 
71 66 18 51 52 64 81 43 32 11 40 71 39 73 34 47 63 72 25 59 54 58 21 33 45 57 20 45 30 71 58 66 19 28 50 86 34 4 76 63 30 46 17 74 78 54 15 64 41 33 46 54 8 28 70 59 41 14 60 55 66 13 39 30 0 52 16 59 72 52 12 38 58 12 21 48 45 58 68 16 32 17 85 53 47 74 46 38 83 30 56 9 10 48 40 43 26 26 57 61 
37 108 61 93 90 21 87 47 50 62 84 47 54 50 70 35 106 113 74 36 98 17 32 76 66 63 39 78 68 95 69 86 54 79 49 76 82 50 108 69 24 8 36 116 95 92 59 52 42 22 77 90 46 70 78 93 90 66 105 77 19 59 73 35 52 0 39 34 87 77 47 82 50 51 64 78 85 98 96 52 76 65 79 85 23 97 91 63 96 35 66 48 58 8 21 37 57 77 19 10 
55 71 32 56 54 49 72 31 22 27 45 56 29 58 34 32 69 76 41 43 60 43 10 47 38 46 6 44 43 67 49 61 29 44 37 73 43 12 76 53 21 32 4 79 72 56 29 50 27 24 44 55 8 32 61 60 50 29 66 50 51 27 39 15 16 39 0 44 65 48 8 43 44 22 25 46 48 62 66 13 47 32 73 52 32 70 53 32 76 15 47 8 25 36 25 28 22 38 42 47 
12 94 75 80 74 20 56 26 37 70 74 14 36 17 58 14 93 97 84 3 87 19 43 91 46 35 39 63 85 70 43 61 70 87 23 42 77 55 87 40 45 29 43 100 67 77 72 19 24 46 60 73 51 62 49 74 83 71 93 54 25 70 59 29 59 34 44 0 60 56 48 73 19 64 60 61 72 83 74 49 90 75 46 68 14 72 82 47 67 30 39 51 68 40 22 19 48 76 16 31 
68 52 90 46 38 79 15 40 43 78 49 55 37 55 41 52 53 52 91 57 52 76 73 102 27 25 60 34 101 14 18 8 91 87 39 39 60 69 34 20 83 80 68 54 8 39 86 42 45 86 31 34 67 50 12 31 61 75 58 17 84 84 37 57 72 87 65 60 0 21 61 51 40 83 55 29 42 43 22 57 100 85 32 30 65 14 55 34 11 57 22 64 81 90 67 50 46 67 74 88 
67 40 69 29 21 74 35 31 27 58 29 57 23 57 19 45 39 42 69 53 36 70 57 81 11 24 44 13 80 20 17 14 71 66 33 52 39 49 32 25 67 69 51 45 26 23 65 44 35 70 10 19 48 28 25 19 41 54 42 5 78 64 15 43 52 77 48 56 21 0 42 30 39 64 33 8 23 29 19 37 78 64 47 13 56 23 36 15 32 43 20 45 61 78 56 41 26 46 67 80 
60 63 31 48 47 56 70 31 20 23 37 59 27 61 27 35 61 68 37 47 52 50 18 46 34 45 10 37 42 62 46 56 30 39 37 74 35 8 69 51 29 40 12 71 68 49 27 51 28 32 37 48 6 24 58 53 42 23 58 45 59 25 32 19 12 47 8 48 61 42 0 35 46 23 17 39 40 54 60 6 44 29 73 45 38 65 45 27 72 19 44 3 23 45 32 31 16 30 49 55 
85 29 50 14 17 87 65 48 36 37 3 79 38 80 15 59 26 34 45 71 17 81 53 57 32 50 43 18 59 43 46 43 54 39 53 81 9 37 41 54 64 74 47 37 54 18 46 67 49 67 21 20 39 12 55 26 11 32 23 36 90 45 17 49 38 82 43 73 51 30 35 0 62 49 18 22 10 21 37 30 54 43 77 22 68 47 10 28 60 48 47 36 43 80 63 55 26 18 79 88 
28 78 76 66 59 39 38 16 29 68 61 18 24 19 46 16 78 81 83 16 73 37 48 91 31 16 39 48 87 52 25 42 73 84 9 29 67 54 69 20 54 44 45 84 48 61 73 6 18 56 45 58 51 52 29 58 72 68 80 36 44 71 46 30 58 50 44 19 40 39 46 62 0 66 52 45 58 68 56 45 90 75 31 52 27 53 70 34 48 30 21 49 68 55 33 17 39 69 34 49 
75 77 10 62 64 66 92 52 42 14 51 77 49 80 46 53 74 82 23 64 65 60 22 26 56 67 28 56 21 83 69 78 7 29 59 95 44 15 88 74 27 46 22 85 90 66 8 72 49 29 57 66 17 40 81 71 51 19 70 67 67 8 51 37 12 51 22 64 83 64 23 49 66 0 32 59 56 69 80 27 26 14 95 65 51 86 56 49 94 36 67 19 7 45 43 50 38 35 60 60 
72 47 36 31 32 71 66 37 24 24 20 68 29 70 14 46 44 52 36 58 35 65 35 47 29 45 26 24 47 52 43 48 39 34 43 76 18 19 55 50 46 57 29 55 60 33 33 58 37 49 26 34 21 7 55 39 25 20 41 38 74 31 19 32 21 64 25 60 55 33 17 18 52 32 0 28 24 38 48 12 45 31 73 32 52 55 28 22 65 32 43 18 28 62 47 41 13 17 63 71 
72 33 64 21 14 78 43 35 28 52 21 63 26 64 13 48 32 36 63 58 28 73 55 75 15 31 43 5 74 24 25 21 66 59 38 60 31 45 31 33 66 70 49 40 33 16 60 50 38 69 2 13 45 22 33 15 32 48 35 14 82 59 9 44 48 78 46 61 29 8 39 22 45 59 28 0 14 22 20 34 72 59 55 7 59 27 27 15 39 44 27 42 56 78 58 44 24 38 70 82 
84 24 59 9 8 87 57 46 36 46 7 76 36 77 14 58 22 28 55 69 15 82 58 67 27 45 47 10 68 34 39 34 62 49 50 75 19 44 32 47 69 77 52 31 44 9 55 63 48 72 14 11 45 17 47 16 18 41 22 28 91 54 12 50 45 85 48 72 42 23 40 10 58 56 24 14 0 14 27 35 64 52 70 13 68 37 13 25 51 50 41 42 51 83 65 54 27 28 79 90 
95 11 70 7 9 99 59 57 48 58 18 86 47 86 28 70 10 15 65 80 10 94 71 77 37 53 60 20 79 31 46 35 75 59 61 80 28 57 21 54 83 90 65 18 43 6 67 72 60 86 23 10 58 30 51 13 24 53 14 33 103 66 25 63 58 98 62 83 43 29 54 21 68 69 38 22 14 0 23 48 74 64 74 16 80 34 16 37 50 63 49 55 64 97 78 66 41 38 92 103 
84 30 84 28 20 92 37 50 47 72 35 73 42 73 33 63 32 30 81 71 33 88 75 93 30 39 62 23 94 8 31 15 86 76 51 61 46 65 14 37 86 88 69 33 20 21 80 59 54 89 22 17 65 41 32 11 45 67 37 20 97 78 29 62 68 96 66 74 22 19 60 37 56 80 48 20 27 23 0 54 90 78 54 16 75 11 38 34 27 62 35 62 76 97 75 60 44 55 86 99 
61 58 34 42 41 59 66 29 17 24 32 59 24 61 22 36 55 63 38 48 47 53 23 48 29 41 13 32 45 57 42 51 34 39 36 72 30 12 64 48 34 44 17 66 63 43 30 50 28 38 32 43 11 19 54 47 38 23 53 40 62 28 26 21 16 52 13 49 57 37 6 30 45 27 12 34 35 48 54 0 46 31 70 40 40 60 40 22 67 20 41 8 26 49 35 31 11 27 51 59 
101 79 16 67 71 92 111 75 63 22 57 102 70 105 59 78 75 84 9 90 67 86 48 3 73 87 52 68 10 96 87 93 22 16 82 118 46 36 95 94 52 72 47 86 104 72 18 95 72 54 70 74 40 50 99 80 51 24 69 83 93 20 63 62 32 76 47 90 100 78 44 54 90 26 45 72 64 74 90 46 0 15 116 75 77 99 58 66 110 61 86 41 22 69 69 74 55 36 86 86 
87 70 7 56 60 79 96 60 48 7 46 87 55 90 45 63 66 76 9 75 58 73 34 17 59 72 37 55 16 82 73 79 14 15 66 102 36 21 84 78 41 59 33 78 91 61 6 80 57 43 57 62 24 37 84 68 43 11 62 68 80 6 50 47 17 65 32 75 85 64 29 43 75 14 31 59 52 64 78 31 15 0 101 62 63 86 49 51 96 46 71 26 7 59 55 59 40 26 72 74 
49 83 103 76 67 65 19 42 53 94 75 35 46 33 63 47 84 84 108 43 82 64 78 118 45 29 67 59 115 47 31 39 102 107 37 8 84 81 67 23 84 74 74 87 37 69 100 28 46 86 56 64 78 71 23 62 87 93 88 42 70 98 60 60 85 79 73 46 32 47 73 77 31 95 73 55 70 74 54 70 116 101 0 59 57 46 82 52 32 60 31 76 95 85 63 48 61 89 62 77 
79 27 68 17 8 85 45 42 35 56 20 69 33 70 18 55 26 29 66 65 23 80 62 78 22 36 49 8 78 21 30 21 71 61 45 64 32 51 24 38 73 77 56 33 32 10 65 56 45 76 9 6 51 25 36 8 31 51 30 17 89 63 14 51 53 85 52 68 30 13 45 22 52 65 32 7 13 16 16 40 75 62 59 0 66 25 25 23 38 51 32 48 60 85 65 51 30 40 77 90 
24 91 62 77 72 19 65 26 32 58 69 28 34 31 54 13 90 95 72 15 83 14 30 78 46 40 28 60 72 73 47 64 57 76 26 54 70 43 88 46 30 16 30 98 73 74 59 29 21 31 58 72 40 56 55 74 77 61 89 56 23 58 56 19 47 23 32 14 65 56 38 68 27 51 52 59 68 80 75 40 77 63 57 66 0 75 77 44 74 20 43 40 56 28 8 16 42 68 11 24 
81 41 91 39 31 91 27 50 50 79 45 68 44 68 41 63 43 40 90 69 44 88 79 102 33 36 66 31 102 4 28 11 93 86 50 53 56 72 21 33 90 89 74 42 9 31 88 55 55 93 29 27 71 49 25 22 55 75 48 21 96 86 36 64 74 97 70 72 14 23 65 47 53 86 55 27 37 34 11 60 99 86 46 25 75 0 48 38 16 65 32 68 83 99 76 60 49 65 85 99 
94 21 56 9 17 96 69 56 45 44 9 87 47 89 24 69 18 27 49 80 9 91 62 61 40 57 53 23 64 45 52 46 61 43 62 87 13 46 38 60 73 84 56 29 56 17 53 75 58 77 27 21 48 22 60 26 8 38 14 41 100 52 24 58 46 91 53 82 55 36 45 10 70 56 28 27 13 16 38 40 58 49 82 25 77 48 0 36 63 58 54 45 50 89 73 64 35 23 88 98 
59 47 56 33 28 63 44 21 13 45 28 51 11 53 13 34 46 51 58 44 40 58 41 68 7 23 28 16 67 35 21 29 56 56 26 55 34 34 46 28 52 55 35 54 41 30 52 39 23 55 14 28 33 20 33 30 39 42 47 18 67 50 13 28 38 63 32 47 34 15 27 28 34 49 22 15 25 37 34 22 66 51 52 23 44 38 36 0 45 28 21 30 47 63 42 29 11 38 55 67 
74 57 100 54 45 87 14 50 54 89 58 61 47 60 51 61 59 56 101 64 59 85 84 112 38 34 71 43 111 19 27 17 101 97 48 40 69 79 37 28 93 89 78 58 7 46 97 49 55 96 40 42 78 60 18 37 69 85 64 27 92 95 47 67 83 96 76 67 11 32 72 60 48 94 65 39 51 50 27 67 110 96 32 38 74 16 63 45 0 67 31 75 92 99 76 59 56 77 82 97 
42 74 46 58 55 39 61 18 15 40 50 41 21 44 36 17 72 78 55 29 64 33 18 62 32 35 9 43 57 62 39 54 43 57 23 60 50 25 74 42 26 27 15 81 64 57 43 35 14 29 42 55 22 36 50 58 57 42 71 44 42 41 38 1 30 35 15 30 57 43 19 48 30 36 32 44 50 63 62 20 61 46 60 51 20 65 58 28 67 0 36 21 39 35 15 14 23 48 31 40 
49 59 74 48 40 59 26 19 25 65 46 38 18 38 33 31 59 61 78 36 55 55 54 88 15 4 41 31 86 31 4 22 74 77 17 34 54 52 49 7 62 58 49 64 30 43 71 24 24 65 27 38 50 41 14 38 58 62 62 16 64 69 30 36 56 66 47 39 22 20 44 47 21 67 43 27 41 49 35 41 86 71 31 32 43 32 54 21 31 36 0 48 66 68 45 28 31 59 52 67 
62 65 27 49 49 58 73 34 23 20 39 62 30 64 29 38 62 70 34 50 53 51 17 42 37 48 12 40 39 65 49 59 27 36 41 77 35 5 71 54 28 41 12 73 71 51 24 54 31 31 40 50 3 25 61 55 42 21 59 48 60 22 34 21 9 48 8 51 64 45 3 36 49 19 18 42 42 55 62 8 41 26 76 48 40 68 45 30 75 21 48 0 19 44 33 34 19 29 50 55 
79 71 8 57 59 72 91 53 42 6 46 80 49 83 43 56 68 76 17 68 59 66 27 23 54 67 30 53 20 80 68 75 11 22 60 96 37 15 83 73 34 52 26 79 87 60 5 74 51 36 54 61 18 35 80 67 44 12 63 65 73 3 47 40 10 58 25 68 81 61 23 43 68 7 28 56 51 64 76 26 22 7 95 60 56 83 50 47 92 39 66 19 0 52 48 52 36 28 65 67 
45 107 54 91 89 29 92 50 50 57 82 54 55 57 69 39 105 112 67 42 96 25 27 68 67 66 37 78 61 96 72 88 47 73 52 82 79 45 109 72 18 11 33 115 98 91 53 57 45 16 77 90 42 68 82 93 87 61 103 78 27 52 73 35 48 8 36 40 90 78 45 80 55 45 62 78 83 97 97 49 69 59 85 85 28 99 89 63 99 35 68 44 52 0 23 40 56 73 26 18 
32 89 54 73 70 25 69 27 30 51 65 36 33 39 51 16 87 93 65 23 79 19 22 70 45 43 22 58 63 74 49 66 49 68 29 61 65 36 88 49 22 13 23 96 75 72 51 36 22 24 56 70 33 51 59 72 72 53 86 56 27 50 53 15 40 21 25 22 67 56 32 63 33 43 47 58 65 78 75 35 69 55 63 65 8 76 73 42 76 15 45 33 48 23 0 17 38 62 17 25 
31 77 60 62 57 34 52 10 18 53 55 28 19 31 40 5 75 80 68 17 69 29 31 75 30 26 22 45 71 58 32 49 57 70 12 47 58 38 73 32 37 30 28 83 58 59 56 22 6 39 43 57 35 44 41 58 64 54 75 40 38 55 41 13 43 37 28 19 50 41 31 55 17 50 41 44 54 66 60 31 74 59 48 51 16 60 64 29 59 14 28 34 52 40 17 0 29 58 26 39 
60 51 44 36 33 61 56 24 11 34 27 55 16 57 13 34 49 55 47 46 41 55 32 57 18 33 20 22 55 46 32 40 45 46 30 64 29 23 54 38 43 49 26 59 52 35 40 45 24 46 22 34 22 14 44 38 35 31 48 29 64 39 17 23 26 57 22 48 46 26 16 26 39 38 13 24 27 41 44 11 55 40 61 30 42 49 35 11 56 23 31 19 36 56 38 29 0 30 53 63 
89 44 33 31 36 86 80 54 41 22 21 85 45 87 27 62 40 50 27 75 32 80 46 39 44 61 40 34 41 61 58 59 39 21 60 92 10 28 59 66 56 70 41 52 71 37 30 75 53 59 37 39 31 18 69 45 17 16 36 51 89 29 30 48 26 77 38 76 67 46 30 18 69 35 17 38 28 38 55 27 36 26 89 40 68 65 23 38 77 48 59 29 28 73 62 58 30 0 78 85 
18 103 70 88 83 8 72 36 43 68 80 29 45 31 65 22 101 106 81 19 94 3 38 86 56 49 39 71 79 83 57 74 64 85 35 57 81 53 99 54 35 16 40 109 82 85 68 34 32 35 69 83 50 67 63 85 88 71 101 66 12 66 67 31 57 19 42 16 74 67 49 79 34 60 63 70 79 92 86 51 86 72 62 77 11 85 88 55 82 31 52 50 65 26 17 26 53 78 0 15 
31 114 70 99 95 13 87 50 55 71 90 43 57 46 76 36 112 118 83 34 104 13 40 85 69 63 45 83 78 97 71 88 64 88 50 72 89 58 112 69 33 15 44 121 96 97 69 50 45 32 81 95 54 76 78 97 96 75 111 79 10 68 78 40 61 10 47 31 88 80 55 88 49 60 71 82 90 103 99 59 86 74 77 90 24 99 98 67 97 40 67 55 67 18 25 39 63 85 15 0 
0 236 94 0 34 347 15 11 0 12 0 84 1102 0 66 0 1401 7 107 0 40 317 3000 36 0 0 103 0 25 50 202 0 42 768 489 0 100 212 12 116 97 8 77 0 203 37 9 0 29 0 71 0 318 0 16 33 11 33 271 1215 132 240 52 568 0 638 70 95 489 0 97 195 276 92 0 0 22 294 3000 3000 97 27 0 2603 36 373 64 242 108 1579 230 9 0 260 1556 9 0 1032 659 79 
236 0 15 62 656 214 53 45 142 3000 28 800 8 504 120 86 140 2871 247 1065 45 31 85 318 385 57 11 72 167 148 168 604 31 159 20 71 71 740 268 48 95 59 107 1818 629 21 663 2086 10 40 131 181 135 198 96 119 648 241 432 52 609 46 221 8 897 342 632 105 50 50 43 20 20 9 16 131 1370 11 48 98 49 14 143 48 32 2078 661 104 402 13 489 16 25 1113 15 15 191 584 62 208 
94 15 0 0 134 0 0 724 0 0 0 22 926 0 33 0 246 0 521 0 12 52 0 0 0 0 21 0 50 174 26 0 23 18 13 0 234 242 21 1768 2952 0 35 0 48 0 0 0 888 0 26 0 280 0 45 0 0 29 0 113 1472 359 611 105 0 30 3000 0 1045 0 24 80 177 710 0 0 905 233 40 9 527 0 0 1051 9 489 0 13 86 50 0 443 0 0 0 0 0 39 2824 389 
0 62 0 0 0 54 34 0 9 486 53 0 0 80 0 134 1027 8 0 59 0 0 13 83 404 404 0 80 0 0 33 24 26 0 0 706 0 11 0 123 0 267 24 20 0 22 11 64 0 11 67 189 23 583 0 0 155 0 0 896 0 0 0 0 1378 16 0 2332 0 1683 9 753 0 0 52 0 104 18 383 98 0 47 1410 0 399 0 53 112 0 58 162 0 124 36 478 191 153 0 0 562 
34 656 134 0 0 0 54 38 0 51 0 504 52 986 233 0 178 680 2878 0 105 182 0 49 0 0 29 0 13 96 69 0 55 60 249 0 1019 10 78 42 1393 587 9 0 25 10 161 360 39 8 37 21 370 0 137 18 12 8 336 517 282 7 1410 175 0 1567 3000 134 21 0 560 491 1364 47 208 8 230 132 168 93 29 68 0 302 10 108 0 3000 249 163 0 171 55 24 57 0 0 136 299 246 
347 214 0 54 0 0 1421 0 14 26 40 0 0 28 0 15 10 97 726 73 0 10 145 12 182 121 42 21 0 0 749 42 11 194 0 48 0 22 205 2267 9 526 1532 8 0 9 8 135 0 219 46 43 17 1719 37 0 2213 0 0 645 0 17 0 9 12 191 0 36 0 976 7 53 0 0 81 0 98 385 136 594 314 21 78 0 204 0 89 89 0 384 15 0 14 23 60 309 11 0 0 1237 
15 53 0 34 54 1421 0 0 70 582 314 0 3000 267 0 20 15 187 911 38 0 469 26 621 12 0 530 77 0 0 514 3000 103 425 0 0 0 302 148 25 107 88 57 53 118 117 176 8 0 3000 96 0 541 18 561 0 35 50 0 36 0 8 13 57 0 33 0 19 0 157 139 19 0 0 140 0 135 35 139 96 325 0 0 0 3000 950 35 90 0 257 3000 0 0 11 71 1587 352 0 0 129 
11 45 724 0 38 0 0 0 0 0 0 44 194 0 267 0 3000 0 27 0 3000 20 0 0 0 0 75 0 413 942 175 0 138 630 15 0 166 18 2393 3000 67 0 0 0 423 0 0 0 74 0 117 0 434 0 362 0 0 133 0 51 8 154 12 115 0 315 3000 0 7 0 0 27 677 237 0 0 70 270 383 1656 245 0 0 364 199 44 0 274 70 73 0 90 0 0 0 0 0 826 23 494 
0 142 0 9 0 14 70 0 0 165 88 17 0 49 0 183 0 872 0 153 0 0 330 3000 941 34 43 38 0 0 117 136 151 0 0 287 0 0 0 0 0 914 32 125 0 503 12 16 79 25 630 9 0 34 0 88 619 0 3000 40 0 0 0 0 45 0 0 490 0 37 29 590 0 0 1093 3000 22 393 8 123 0 237 749 0 25 0 264 8 0 855 1042 0 9 63 48 59 0 0 0 0 
12 3000 0 486 51 26 582 0 165 0 71 135 63 21 56 214 662 12 82 402 1488 67 96 12 541 20 23 58 66 0 175 40 12 22 93 189 0 480 1475 1047 880 165 19 2032 319 45 129 10 270 25 210 3000 9 7 21 66 186 150 278 238 0 316 162 1420 57 433 852 2646 45 20 277 32 146 8 483 15 13 297 12 10 28 9 20 36 38 21 219 126 0 258 2412 686 2073 159 154 58 0 0 489 105 
0 28 0 53 0 40 314 0 88 71 0 0 0 3000 0 169 113 92 30 1160 0 98 13 27 3000 307 450 537 0 0 91 204 843 0 0 39 0 40 0 97 443 463 239 972 0 15 7 109 71 3000 9 482 418 347 224 0 552 0 0 553 0 57 0 0 454 2431 0 292 0 48 13 722 0 0 159 0 27 322 1690 45 0 310 467 0 23 0 14 555 0 16 383 0 23 11 1884 7 179 0 0 371 
84 800 22 0 504 0 0 44 17 135 0 0 129 1627 74 0 96 0 0 0 323 72 0 55 0 11 17 0 17 0 47 0 483 48 133 2123 9 0 2526 40 358 0 0 0 399 39 24 16 3000 125 198 271 0 32 114 172 75 10 306 151 108 329 515 0 2217 15 67 28 26 67 635 15 56 206 14 207 19 364 668 29 2779 62 0 382 8 28 0 8 26 258 0 34 263 769 21 0 0 172 480 8 
1102 8 926 0 52 0 3000 194 0 63 0 129 0 0 54 0 16 46 1593 0 24 207 362 56 0 0 1542 0 79 586 16 0 9 368 30 0 839 1514 10 673 79 190 278 0 152 621 0 0 855 0 49 0 3000 0 16 0 29 370 0 737 1101 128 338 386 0 514 432 1021 12 0 430 14 144 9 0 0 1003 192 134 57 162 2047 0 99 40 112 22 77 24 9 192 18 0 0 0 179 102 2270 19 16 
0 504 0 80 986 28 267 0 49 21 3000 1627 0 0 0 214 10 233 0 13 27 0 990 216 888 14 196 31 0 0 98 167 61 0 38 224 0 0 0 3000 0 492 30 103 0 8 145 186 3000 736 72 82 0 27 1253 406 26 462 16 885 0 0 0 0 15 0 444 77 0 119 69 2340 98 0 145 22 8 516 24 7 11 1306 78 13 129 0 0 629 0 1007 193 0 1061 128 14 538 0 0 0 0 
66 120 33 0 233 0 0 267 0 56 0 74 54 0 0 0 46 0 8 0 39 106 0 64 0 0 59 0 944 998 600 0 23 30 44 0 1575 74 83 20 3000 0 0 0 35 56 0 0 33 0 87 169 982 0 495 144 44 1706 80 1061 622 1856 3000 865 0 10 30 0 262 0 172 38 435 54 0 65 12 84 2147 317 117 525 0 62 19 9 0 46 1560 71 0 603 0 0 14 0 0 230 146 95 
0 86 0 134 0 15 20 0 183 214 169 0 0 214 0 0 135 234 68 38 0 34 11 135 420 21 22 181 0 0 27 231 286 0 0 45 0 24 0 217 8 90 187 8 0 2171 397 10 825 15 3000 433 254 14 2810 0 93 0 0 496 0 280 0 0 455 233 0 1414 0 115 17 45 0 0 1529 0 385 62 1571 3000 18 410 446 0 85 0 90 15 0 628 83 0 320 111 32 231 45 0 0 297 
1401 140 246 1027 178 10 15 3000 0 662 113 96 16 10 46 135 0 137 197 87 196 10 1424 1314 227 0 76 462 99 68 826 430 231 49 2616 0 23 351 79 8 266 20 10 31 10 146 37 1241 664 0 121 0 318 30 241 0 61 12 0 929 10 1757 463 155 0 19 8 14 36 0 40 35 61 2391 34 0 229 133 36 382 16 30 0 136 8 1047 52 114 360 60 7 779 0 200 734 71 37 76 1542 37 
7 2871 0 8 680 97 187 0 872 12 92 0 46 233 0 234 137 0 10 64 0 55 10 98 18 23 60 183 0 0 322 25 2109 120 0 14 0 71 120 7 118 1449 715 60 0 23 1185 3000 13 326 20 12 18 55 44 0 10 96 0 84 0 139 0 2362 37 242 0 233 0 435 1687 39 0 0 314 0 20 123 307 292 13 73 23 0 8 0 113 350 0 48 418 0 269 562 451 580 506 0 0 103 
107 247 521 0 2878 726 911 27 0 82 30 0 1593 0 8 68 197 10 0 714 136 652 7 80 0 0 2465 1070 13 47 126 165 32 836 477 0 53 29 149 577 13 105 556 88 163 41 0 0 13 0 9 0 325 0 96 0 146 2556 0 27 56 34 554 18 0 18 0 1029 43 0 386 97 92 83 0 0 169 140 29 27 16 0 0 3000 43 58 224 148 27 3000 297 2436 0 49 0 1034 1192 138 396 87 
0 1065 0 59 0 73 38 0 153 402 1160 0 0 13 0 38 87 64 714 0 0 0 19 231 140 7 0 32 0 0 20 653 116 0 0 11 0 12 0 1157 14 293 739 1220 0 140 171 258 0 9 974 104 729 259 0 0 171 0 0 17 0 0 0 0 222 124 0 306 0 91 203 858 0 0 88 0 1274 22 132 338 0 0 7 0 370 0 27 951 0 39 3000 0 0 912 230 59 108 0 0 11 
40 45 12 0 105 0 0 3000 0 1488 0 323 24 27 39 0 196 0 136 0 0 307 0 232 0 2134 187 0 2594 2210 843 0 10 86 25 0 2387 13 308 1669 391 0 101 0 11 247 1697 518 26 213 334 17 1044 0 116 37 72 16 3000 38 8 188 1148 1649 0 27 748 0 889 0 41 46 49 14 7 36 10 23 11 8 9 73 0 36 427 17 0 32 27 378 0 25 13 11 56 0 0 114 116 25 
317 31 52 0 182 10 469 20 0 67 98 72 207 0 106 34 10 55 652 0 307 0 14 90 0 0 3000 10 13 222 14 64 107 55 265 0 111 133 162 258 364 135 28 215 120 732 80 14 926 0 11 768 603 0 303 197 900 47 39 380 40 966 67 114 0 63 233 252 14 0 55 77 507 1716 145 0 9 8 21 572 13 271 0 108 363 412 215 12 3000 7 14 568 0 11 23 52 197 26 22 33 
3000 85 0 13 0 145 26 0 330 96 13 0 362 990 0 11 1424 10 7 19 0 14 0 29 12 3000 30 744 0 0 1087 523 257 14 0 165 0 41 147 104 609 10 36 1160 0 445 1260 88 0 17 2034 21 767 231 67 0 1579 0 0 105 0 1076 0 23 119 126 0 7 0 36 28 29 0 0 226 0 153 70 634 45 12 0 98 0 374 0 10 73 0 47 128 0 0 37 24 1061 9 0 0 13 
36 318 0 83 49 12 621 0 3000 12 27 55 56 216 64 135 1314 98 80 231 232 90 29 0 1214 171 40 188 93 0 258 120 14 18 32 527 0 36 270 49 9 89 26 109 1384 282 246 24 57 69 328 355 407 360 94 79 568 585 139 162 0 347 229 11 9 35 0 57 0 463 1119 145 47 19 48 1906 37 80 82 159 3000 1862 249 89 1037 137 110 232 0 82 34 0 216 927 95 1218 1533 0 1159 22 
0 385 0 404 0 182 12 0 941 541 3000 0 0 888 0 420 227 18 0 140 0 0 12 1214 0 225 0 257 0 0 40 642 11 0 0 594 0 0 0 973 0 37 47 24 0 125 25 151 0 74 491 32 485 1135 0 0 22 0 0 76 0 0 0 0 979 25 0 107 0 138 10 3000 0 0 345 38 105 31 385 926 0 30 9 0 90 0 196 25 0 3000 418 0 7 304 38 255 125 0 0 125 
0 57 0 404 0 121 0 0 34 20 307 11 0 14 0 21 0 23 0 7 2134 0 3000 171 225 0 227 312 0 0 624 18 0 0 902 33 0 0 0 0 0 1112 14 21 0 29 22 23 759 151 40 15 0 3000 0 92 868 17 3000 25 0 0 0 0 8 0 32 209 0 135 52 469 69 0 31 17 214 12 24 10 0 405 61 802 51 0 0 12 0 165 22 0 59 17 14 323 0 0 0 0 
103 11 21 0 29 42 530 75 43 23 450 17 1542 196 59 22 76 60 2465 0 187 3000 30 40 0 227 0 65 1454 164 1508 0 54 279 2097 10 33 21 337 99 9 653 9 13 539 53 400 7 19 19 1017 103 277 0 18 1263 31 45 298 200 1003 12 1646 14 2941 9 213 1114 278 0 102 1198 515 113 790 421 151 32 70 39 221 15 0 55 59 98 0 122 2724 28 1811 91 451 865 3000 100 0 767 243 68 
0 72 0 80 0 21 77 0 38 58 537 0 0 31 0 181 462 183 1070 32 0 10 744 188 257 312 65 0 0 0 13 3000 14 0 0 231 0 341 0 66 515 63 54 30 0 39 228 41 710 15 2644 80 18 14 8 0 383 0 0 244 0 326 0 0 552 168 0 39 0 22 611 16 0 0 324 0 395 530 26 148 29 592 61 0 2716 0 32 41 0 92 26 0 17 341 360 133 112 0 0 213 
25 167 50 0 13 0 0 413 0 66 0 17 79 0 944 0 99 0 13 0 2594 13 0 93 0 0 1454 0 0 120 60 0 146 280 728 0 71 14 92 30 259 0 0 0 11 617 0 0 338 0 20 0 200 0 292 22 290 16 185 20 1329 78 20 105 0 223 37 0 188 0 328 2919 75 155 0 0 238 142 15 120 712 81 0 44 24 11 0 20 425 193 0 86 0 0 165 0 0 230 172 35 
50 148 174 0 96 0 0 942 0 0 0 0 586 0 998 0 68 0 47 0 2210 222 0 0 0 0 164 0 120 0 79 0 516 56 102 0 1096 9 1512 278 13 0 0 0 237 0 0 0 57 0 149 0 26 0 13 0 0 9 0 320 159 110 260 16 0 282 1310 0 2255 0 0 3000 132 253 0 0 18 21 195 32 1083 0 0 58 19 72 0 235 96 92 0 956 0 0 0 0 0 113 19 3000 
202 168 26 33 69 749 514 175 117 175 91 47 16 98 600 27 826 322 126 20 843 14 1087 258 40 624 1508 13 60 79 0 2302 410 9 121 139 168 3000 1728 105 156 177 34 16 68 22 3000 46 554 13 227 28 12 49 54 74 268 140 130 1648 125 8 64 14 111 1130 32 294 599 360 1012 46 123 66 68 574 19 143 281 17 499 9 0 63 42 1204 174 16 147 3000 27 21 20 282 60 515 0 758 108 70 
0 604 0 24 0 42 3000 0 136 40 204 0 0 167 0 231 430 25 165 653 0 64 523 120 642 18 0 3000 0 0 2302 0 10 0 0 14 0 481 0 75 25 532 276 239 0 3000 14 898 0 11 902 300 175 181 0 0 37 0 0 622 0 0 0 0 12 2639 0 41 0 117 690 924 0 0 1195 0 125 30 168 129 0 0 25 0 86 0 332 101 0 13 1521 0 0 452 549 199 15 0 0 67 
42 31 23 26 55 11 103 138 151 12 843 483 9 61 23 286 231 2109 32 116 10 107 257 14 11 0 54 14 146 516 410 10 0 1561 457 0 21 632 67 142 22 23 3000 3000 65 11 26 1368 81 15 117 105 50 230 58 43 130 8 0 7 314 56 9 8 0 157 101 373 27 1514 128 27 1703 75 137 0 33 241 418 27 27 66 0 16 82 664 137 426 413 298 39 16 0 29 29 99 26 31 13 53 
768 159 18 0 60 194 425 630 0 22 0 48 368 0 30 0 49 120 836 0 86 55 14 18 0 0 279 0 280 56 9 0 1561 0 115 0 352 15 282 3000 205 98 3000 0 129 21 0 0 541 0 16 0 149 0 49 0 1219 277 0 75 602 124 1070 2255 0 56 138 47 16 0 176 504 54 36 0 0 517 241 13 18 19 0 0 85 80 23 1565 76 44 1419 14 836 0 0 0 21 159 68 170 58 
489 20 13 0 249 0 0 15 0 93 0 133 30 38 44 0 2616 0 477 0 25 265 0 32 0 902 2097 0 728 102 121 0 457 115 0 0 223 958 57 58 3000 63 145 0 11 155 1496 260 3000 703 54 1258 212 0 922 30 460 48 925 356 1034 104 84 262 0 126 62 0 288 0 1465 122 27 19 1511 456 23 219 67 511 26 16 0 15 209 499 0 389 27 64 0 422 116 11 15 0 0 77 407 65 
0 71 0 706 0 48 0 0 287 189 39 2123 0 224 0 45 0 14 0 11 0 0 165 527 594 33 10 231 0 0 139 14 0 0 0 0 0 0 0 0 0 76 384 1382 0 814 235 21 662 61 230 2952 0 257 0 42 1842 0 215 1084 0 0 0 0 220 0 0 421 0 63 211 854 0 0 11 710 25 285 605 231 0 67 1478 0 80 0 0 232 0 10 136 0 129 99 1877 13 0 0 0 0 
100 71 234 0 1019 0 0 166 0 0 0 9 839 0 1575 0 23 0 53 0 2387 111 0 0 0 0 33 0 71 1096 168 0 21 352 223 0 0 18 787 1827 154 0 0 0 114 0 0 0 115 0 3000 0 286 0 21 0 0 84 0 294 120 43 118 34 0 214 1889 0 95 0 0 11 341 18 0 0 9 18 2124 57 62 0 0 442 46 467 0 29 21 263 0 191 0 0 0 0 0 76 28 76 
212 740 242 11 10 22 302 18 0 480 40 0 1514 0 74 24 351 71 29 12 13 133 41 36 0 0 21 341 14 9 3000 481 632 15 958 0 18 0 8 164 10 202 10 32 2602 23 8 49 78 0 2584 0 2280 0 93 0 46 452 0 40 46 367 9 1444 0 31 0 8 1359 0 60 147 301 70 964 0 86 52 3000 15 11 0 0 0 45 29 173 10 70 192 8 34 0 11 0 142 11 586 733 21 
12 268 21 0 78 205 148 2393 0 1475 0 2526 10 0 83 0 79 120 149 0 308 162 147 270 0 0 337 0 92 1512 1728 0 67 282 57 0 787 8 0 875 269 10 336 0 15 44 0 0 11 0 328 0 8 0 16 0 0 103 0 2452 69 40 1777 250 0 50 106 9 30 0 28 8 62 397 0 0 118 565 21 342 748 0 0 3000 213 150 167 70 1414 11 469 3000 0 0 0 353 848 267 21 86 
116 48 1768 123 42 2267 25 3000 0 1047 97 40 673 3000 20 217 8 7 577 1157 1669 258 104 49 973 0 99 66 30 278 105 75 142 3000 58 0 1827 164 875 0 100 77 24 7 187 37 175 9 19 0 159 594 306 0 9 0 734 1151 0 46 22 27 1150 17 0 159 49 976 2645 0 63 113 9 1898 342 0 120 3000 33 12 38 28 0 3000 12 1089 611 74 20 30 13 32 0 512 1105 13 71 1279 1161 433 
97 95 2952 0 1393 9 107 67 0 880 443 358 79 0 3000 8 266 118 13 14 391 364 609 9 0 0 9 515 259 13 156 25 22 205 3000 0 154 10 269 100 0 107 10 30 74 8 109 74 8 0 120 0 296 0 357 0 124 387 0 11 21 68 890 41 0 1017 111 22 117 0 708 19 63 28 0 0 158 425 1106 26 183 99 0 150 290 140 2476 3000 18 254 48 79 0 83 16 22 16 14 71 11 
8 59 0 267 587 526 88 0 914 165 463 0 190 492 0 90 20 1449 105 293 0 135 10 89 37 1112 653 63 0 0 177 532 23 98 63 76 0 202 10 77 107 0 36 49 156 30 255 24 14 835 3000 100 140 156 31 0 12 89 0 781 0 322 1033 21 234 212 0 118 0 43 20 799 0 0 115 0 3000 1117 115 139 3000 23 24 0 9 54 519 650 0 2584 171 0 0 75 28 477 359 0 0 135 
77 107 35 24 9 1532 57 0 32 19 239 0 278 30 0 187 10 715 556 739 101 28 36 26 47 14 9 54 0 0 34 276 3000 3000 145 384 0 10 336 24 10 36 0 243 83 13 935 330 65 46 80 17 1339 38 52 0 237 22 0 70 0 129 2123 34 1046 58 0 51 0 129 336 461 60 0 17 0 47 12 8 181 76 43 0 0 56 71 97 19 406 598 82 0 0 15 39 72 371 0 12 76 
0 1818 0 20 0 8 53 0 125 2032 972 0 0 103 0 8 31 60 88 1220 0 215 1160 109 24 21 13 30 0 0 16 239 3000 0 0 1382 0 32 0 7 30 49 243 0 0 214 1664 590 28 225 41 163 20 30 222 0 119 0 0 190 0 263 0 0 331 290 0 564 0 19 276 158 0 0 25 0 74 2128 77 135 173 34 295 0 34 0 62 527 0 404 680 0 19 35 164 399 20 0 0 164 
203 629 48 0 25 0 118 423 0 319 0 399 152 0 35 0 10 0 163 0 11 120 0 1384 0 0 539 0 11 237 68 0 65 129 11 0 114 2602 15 187 74 156 83 0 0 30 142 0 140 0 37 0 934 0 24 163 107 264 22 1734 110 21 150 904 0 46 341 227 35 0 342 151 236 28 0 0 617 46 1994 19 89 978 0 8 24 325 180 64 41 10 0 14 0 1180 81 0 0 38 1550 41 
37 21 0 22 10 9 117 0 503 45 15 39 621 8 56 2171 146 23 41 140 247 732 445 282 125 29 53 39 617 0 22 3000 11 21 155 814 0 23 44 37 8 30 13 214 30 0 271 46 200 388 227 41 2076 322 9 15 33 98 10 1765 0 97 251 423 3000 21 80 270 66 97 703 197 220 163 15 30 85 64 29 549 15 185 14 60 9 41 524 19 0 36 121 761 74 51 262 545 30 0 171 1610 
9 663 0 11 161 8 176 0 12 129 7 24 0 145 0 397 37 1185 0 171 1697 80 1260 246 25 22 400 228 0 0 3000 14 26 0 1496 235 0 8 0 175 109 255 935 1664 142 271 0 61 193 43 55 496 9 9 158 1031 527 344 1180 131 0 471 0 0 249 3000 0 15 0 7 75 72 16 0 60 100 361 380 11 71 306 24 27 162 1094 0 572 73 0 94 26 0 109 667 547 85 110 0 789 398 
0 2086 0 64 360 135 8 0 16 10 109 16 0 186 0 10 1241 3000 0 258 518 14 88 24 151 23 7 41 0 0 46 898 1368 0 260 21 0 49 0 9 74 24 330 590 0 46 61 0 242 13 25 110 204 10 374 458 76 2779 14 385 0 9 0 0 1582 167 0 80 0 532 57 62 46 0 58 223 72 163 461 8 25 37 15 0 12 0 40 57 0 456 47 0 1339 56 3000 142 28 0 0 83 
29 10 888 0 39 0 0 74 79 270 71 3000 855 3000 33 825 664 13 13 0 26 926 0 57 0 759 19 710 338 57 554 0 81 541 3000 662 115 78 11 19 8 14 65 28 140 200 193 242 0 1243 3000 868 750 9 3000 171 32 150 10 594 266 11 44 187 719 56 12 103 17 30 15 7 130 306 14 40 12 11 225 205 756 14 0 41 322 118 0 34 141 1294 0 7 1243 520 202 0 0 892 1638 296 
0 40 0 11 8 219 3000 0 25 25 3000 125 0 736 0 15 0 326 0 9 213 0 17 69 74 151 19 15 0 0 13 11 15 0 703 61 0 0 0 0 0 835 46 225 0 388 43 13 1243 0 574 239 0 44 0 35 532 11 120 948 0 0 0 0 324 0 0 50 0 39 864 213 140 0 61 827 89 773 171 11 0 3000 587 0 111 0 184 273 0 187 135 0 13 369 136 35 0 0 0 0 
71 131 26 67 37 46 96 117 630 210 9 198 49 72 87 3000 121 20 9 974 334 11 2034 328 491 40 1017 2644 20 149 227 902 117 16 54 230 3000 2584 328 159 120 3000 80 41 37 227 55 25 3000 574 0 17 512 230 189 20 30 41 25 174 193 103 62 7 57 8 8 597 22 995 41 2156 21 700 7 146 291 32 16 3000 47 88 0 16 232 438 107 747 26 943 47 53 55 266 105 288 0 26 3000 2209 
0 181 0 189 21 43 0 0 9 3000 482 271 0 82 169 433 0 12 0 104 17 768 21 355 32 15 103 80 0 0 28 300 105 0 1258 2952 0 0 0 594 0 100 17 163 0 41 496 110 868 239 17 0 0 2420 2314 25 251 26 44 192 0 44 0 0 558 0 309 9 0 112 42 47 34 985 36 15 37 294 610 149 1890 185 293 604 264 0 0 62 0 11 7 0 140 10 104 575 0 0 157 0 
318 135 280 23 370 17 541 434 0 9 418 0 3000 0 982 254 318 18 325 729 1044 603 767 407 485 0 277 18 200 26 12 175 50 149 212 0 286 2280 8 306 296 140 1339 20 934 2076 9 204 750 0 512 0 0 2308 568 0 788 189 0 89 17 183 1070 684 0 194 0 136 21 0 282 457 419 658 65 0 442 2799 1914 15 23 0 0 0 408 1070 370 66 1028 31 240 215 0 157 10 112 415 247 636 12 
0 198 0 583 0 1719 18 0 34 7 347 32 0 27 0 14 30 55 0 259 0 0 231 360 1135 3000 0 14 0 0 49 181 230 0 0 257 0 0 0 0 0 156 38 30 0 322 9 10 9 44 230 2420 2308 0 0 0 43 0 0 11 0 0 0 0 1207 0 0 1250 0 673 36 438 0 0 3000 192 70 60 312 3000 0 742 12 0 831 0 702 166 0 278 37 0 475 347 12 58 682 0 0 0 
16 96 45 0 137 37 561 362 0 21 224 114 16 1253 495 2810 241 44 96 0 116 303 67 94 0 0 18 8 292 13 54 0 58 49 922 0 21 93 16 9 357 31 52 222 24 9 158 374 3000 0 189 2314 568 0 0 169 67 45 14 10 2705 87 26 22 0 847 250 32 14 0 649 68 244 189 253 28 3000 1230 1246 22 649 20 0 557 2441 191 1260 9 1109 630 50 9 0 36 83 17 0 31 96 77 
33 119 0 0 18 0 0 0 88 66 0 172 0 406 144 0 0 0 0 0 37 197 0 79 0 92 1263 0 22 0 74 0 43 0 30 42 0 0 0 0 0 0 0 0 163 15 1031 458 171 35 20 25 0 0 169 0 299 1352 79 10 0 14 128 0 188 0 105 0 36 101 12 212 92 201 2043 199 96 217 96 38 53 40 0 38 10 284 0 35 0 205 0 117 19 14 22 0 0 0 789 0 
11 648 0 155 12 2213 35 0 619 186 552 75 29 26 44 93 61 10 146 171 72 900 1579 568 22 868 31 383 290 0 268 37 130 1219 460 1842 0 46 0 734 124 12 237 119 107 33 527 76 32 532 30 251 788 43 67 299 0 404 10 156 0 16 864 0 14 44 104 376 3000 17 24 15 154 17 3000 345 27 99 3000 136 97 326 3000 38 266 66 8 588 0 178 236 43 84 13 545 14 41 0 282 209 
33 241 29 0 8 0 50 133 0 150 0 10 370 462 1706 0 12 96 2556 0 16 47 0 585 0 17 45 0 16 9 140 0 8 277 48 0 84 452 103 1151 387 89 22 0 264 98 344 2779 150 11 41 26 189 0 45 1352 404 0 7 341 496 580 20 21 0 47 17 55 660 0 1778 111 12 32 11 240 761 613 86 29 214 7 0 10 145 167 0 900 277 32 0 23 172 95 100 0 0 678 89 48 
271 432 0 0 336 0 0 0 3000 278 0 306 0 16 80 0 0 0 0 0 3000 39 0 139 0 3000 298 0 185 0 130 0 0 0 925 215 0 0 0 0 0 0 0 0 22 10 1180 14 10 120 25 44 0 0 14 79 10 7 0 54 0 253 234 0 17 0 991 0 43 0 236 184 49 2306 657 520 117 42 35 658 820 601 0 45 471 194 0 242 0 35 0 143 597 0 375 0 0 0 15 0 
1215 52 113 896 517 645 36 51 40 238 553 151 737 885 1061 496 929 84 27 17 38 380 105 162 76 25 200 244 20 320 1648 622 7 75 356 1084 294 40 2452 46 11 781 70 190 1734 1765 131 385 594 948 174 192 89 11 10 10 156 341 54 0 25 19 213 36 194 86 31 42 29 38 51 104 19 61 19 825 46 15 476 106 147 8 25 135 84 106 80 36 10 22 13 38 477 983 19 259 89 12 61 210 
132 609 1472 0 282 0 0 8 0 0 0 108 1101 0 622 0 10 0 56 0 8 40 0 0 0 0 1003 0 1329 159 125 0 314 602 1034 0 120 46 69 22 21 0 0 0 110 0 0 0 266 0 193 0 17 0 2705 0 0 496 0 25 0 1974 658 3000 0 844 50 0 83 0 0 20 99 146 0 0 15 708 147 270 760 0 0 120 96 60 0 34 922 124 0 20 0 0 0 0 0 574 150 1972 
240 46 359 0 7 17 8 154 0 316 57 329 128 0 1856 280 1757 139 34 0 188 966 1076 347 0 0 12 326 78 110 8 0 56 124 104 0 43 367 40 27 68 322 129 263 21 97 471 9 11 0 103 44 183 0 87 14 16 580 253 19 1974 0 108 83 0 948 11 250 16 0 40 745 36 33 7 0 259 83 10 216 24 322 0 118 106 25 2787 56 430 1301 678 1479 0 56 608 30 13 200 39 1529 
52 221 611 0 1410 0 13 12 0 162 0 515 338 0 3000 0 463 0 554 0 1148 67 0 229 0 0 1646 0 20 260 64 0 9 1070 84 0 118 9 1777 1150 890 1033 2123 0 150 251 0 0 44 0 62 0 1070 0 26 128 864 20 234 213 658 108 0 15 0 49 311 0 13 0 27 373 69 3000 0 0 123 3000 188 438 41 231 0 14 316 11 0 79 2027 11 0 182 0 0 54 0 0 208 473 14 
568 8 105 0 175 9 57 115 0 1420 0 0 386 0 865 0 155 2362 18 0 1649 114 23 11 0 0 14 0 105 16 14 0 8 2255 262 0 34 1444 250 17 41 21 34 0 904 423 0 0 187 0 7 0 684 0 22 0 0 21 0 36 3000 83 15 0 0 21 138 14 55 0 1381 390 39 3000 0 0 325 675 256 535 16 0 0 719 94 19 375 803 903 2295 84 465 0 0 0 147 213 155 19 68 
0 897 0 1378 0 12 0 0 45 57 454 2217 0 15 0 455 0 37 0 222 0 0 119 9 979 8 2941 552 0 0 111 12 0 0 0 220 0 0 0 0 0 234 1046 331 0 3000 249 1582 719 324 57 558 0 1207 0 188 14 0 17 194 0 0 0 0 0 0 0 95 0 21 17 213 0 0 118 72 78 0 505 12 0 20 414 0 18 0 0 3000 0 124 70 0 9 2519 3000 257 0 0 0 0 
638 342 30 16 1567 191 33 315 0 433 2431 15 514 0 10 233 19 242 18 124 27 63 126 35 25 0 9 168 223 282 1130 2639 157 56 126 0 214 31 50 159 1017 212 58 290 46 21 3000 167 56 0 8 0 194 0 847 0 44 47 0 86 844 948 49 21 0 0 165 35 360 0 9 42 151 204 1747 0 75 889 20 13 58 25 0 50 15 15 189 3000 12 52 10 30 0 250 7 283 1804 1767 49 41 
70 632 3000 0 3000 0 0 3000 0 852 0 67 432 444 30 0 8 0 0 0 748 233 0 0 0 32 213 0 37 1310 32 0 101 138 62 0 1889 0 106 49 111 0 0 0 341 80 0 0 12 0 8 309 0 0 250 105 104 17 991 31 50 11 311 138 0 165 0 0 9 0 289 111 96 11 0 20 2091 394 460 161 285 244 0 294 56 239 0 50 348 3000 0 38 33 0 24 0 0 20 10 110 
95 105 0 2332 134 36 19 0 490 2646 292 28 1021 77 0 1414 14 233 1029 306 0 252 7 57 107 209 1114 39 0 0 294 41 373 47 0 421 0 8 9 976 22 118 51 564 227 270 15 80 103 50 597 9 136 1250 32 0 376 55 0 42 0 250 0 14 95 35 0 0 0 12 260 60 0 0 11 0 420 131 43 651 1261 464 11 0 726 0 48 19 0 42 2149 0 157 8 9 538 348 0 0 64 
489 50 1045 0 21 0 0 7 0 45 0 26 12 0 262 0 36 0 43 0 889 14 0 0 0 0 278 0 188 2255 599 0 27 16 288 0 95 1359 30 2645 117 0 0 0 35 66 0 0 17 0 22 0 21 0 14 36 3000 660 43 29 83 16 13 55 0 360 9 0 0 0 49 16 2656 49 0 0 86 694 194 748 67 224 0 747 786 202 0 94 30 182 0 7 0 0 168 0 0 289 77 53 
0 50 0 1683 0 976 157 0 37 20 48 67 0 119 0 115 0 435 0 91 0 0 36 463 138 135 0 22 0 0 360 117 1514 0 0 63 0 0 0 0 0 43 129 19 0 97 7 532 30 39 995 112 0 673 0 101 17 0 0 38 0 0 0 0 21 0 0 12 0 0 258 30 0 0 85 473 188 29 8 2233 0 43 330 0 174 0 9 173 0 3000 185 0 90 1040 95 15 0 0 0 0 
97 43 24 9 560 7 139 0 29 277 13 635 430 69 172 17 40 1687 386 203 41 55 28 1119 10 52 102 611 328 0 1012 690 128 176 1465 211 0 60 28 63 708 20 336 276 342 703 75 57 15 864 41 42 282 36 649 12 24 1778 236 51 0 40 27 1381 17 9 289 260 49 258 0 126 13 14 33 8 10 10 140 54 166 333 3000 766 356 23 16 92 12 138 998 839 1438 350 8 71 0 0 102 707 
195 20 80 753 491 53 19 27 590 32 722 15 14 2340 38 45 35 39 97 858 46 77 29 145 3000 469 1198 16 2919 3000 46 924 27 504 122 854 11 147 8 113 19 799 461 158 151 197 72 62 7 213 2156 47 457 438 68 212 15 111 184 104 20 745 373 390 213 42 111 60 16 30 126 0 1077 167 267 345 2261 85 262 744 1290 94 60 686 66 15 38 41 386 134 57 208 32 119 59 30 78 239 67 16 
276 20 177 0 1364 0 0 677 0 146 0 56 144 98 435 0 61 0 92 0 49 507 0 47 0 69 515 0 75 132 123 0 1703 54 27 0 341 301 62 9 63 0 60 0 236 220 16 46 130 140 21 34 419 0 244 92 154 12 49 19 99 36 69 39 0 151 96 0 2656 0 13 1077 0 9 511 388 87 12 7 543 2295 767 0 162 428 137 0 907 3000 210 0 99 13 41 12 0 0 20 603 455 
92 9 710 0 47 0 0 237 0 8 0 206 9 0 54 0 2391 0 83 0 14 1716 0 19 0 0 113 0 155 253 66 0 75 36 19 0 18 70 397 1898 28 0 0 0 28 163 0 0 306 0 700 985 658 0 189 201 17 32 2306 61 146 33 3000 3000 0 204 11 0 49 0 14 167 9 0 0 71 282 550 119 54 130 13 0 478 13 870 0 615 36 52 0 25 0 0 56 0 0 68 124 126 
0 16 0 52 208 81 140 0 1093 483 159 14 0 145 0 1529 34 314 0 88 7 145 226 48 345 31 790 324 0 0 68 1195 137 0 1511 11 0 964 0 342 0 115 17 25 0 15 60 58 14 61 7 36 65 3000 253 2043 3000 11 657 19 0 7 0 0 118 1747 0 11 0 85 33 267 511 0 0 125 403 23 189 20 357 1002 14 0 336 0 3000 1541 0 42 67 0 999 115 45 32 32 0 0 10 
0 131 0 0 8 0 0 0 3000 15 0 207 0 22 65 0 0 0 0 0 36 0 0 1906 38 17 421 0 0 0 574 0 0 0 456 710 0 0 0 0 0 0 0 0 0 30 100 223 40 827 146 15 0 192 28 199 345 240 520 825 0 0 0 0 72 0 20 0 0 473 8 345 388 71 125 0 46 33 645 75 283 175 347 31 3000 0 0 1191 0 118 0 0 66 571 1183 0 0 0 25 0 
22 1370 905 104 230 98 135 70 22 13 27 19 1003 8 12 385 229 20 169 1274 10 9 153 37 105 214 151 395 238 18 19 125 33 517 23 25 9 86 118 120 158 3000 47 74 617 85 361 72 12 89 291 37 442 70 3000 96 27 761 117 46 15 259 123 325 78 75 2091 420 86 188 10 2261 87 282 403 46 0 797 2227 17 26 34 1347 9 12 7 2019 17 155 33 15 69 821 9 334 10 20 19 22 115 
294 11 233 18 132 385 35 270 393 297 322 364 192 516 84 62 133 123 140 22 23 8 70 80 31 12 32 530 142 21 143 30 241 241 219 285 18 52 565 3000 425 1117 12 2128 46 64 380 163 11 773 32 294 2799 60 1230 217 99 613 42 15 708 83 3000 675 0 889 394 131 694 29 10 85 12 550 23 33 797 0 93 883 131 254 0 16 165 176 35 10 245 316 107 20 172 53 14 1371 40 19 485 144 
3000 48 40 383 168 136 139 383 8 12 1690 668 134 24 2147 1571 36 307 29 132 11 21 634 82 385 24 70 26 15 195 281 168 418 13 67 605 2124 3000 21 33 1106 115 8 77 1994 29 11 461 225 171 16 610 1914 312 1246 96 3000 86 35 476 147 10 188 256 505 20 460 43 194 8 140 262 7 119 189 645 2227 93 0 3000 31 15 0 73 430 294 952 116 670 322 759 75 534 1201 571 92 97 144 1817 41 
3000 98 9 98 93 594 96 1656 123 10 45 29 57 7 317 3000 382 292 27 338 8 572 45 159 926 10 39 148 120 32 17 129 27 18 511 231 57 15 342 12 26 139 181 135 19 549 71 8 205 11 3000 149 15 3000 22 38 136 29 658 106 270 216 438 535 12 13 161 651 748 2233 54 744 543 54 20 75 17 883 3000 0 26 36 83 11 376 182 2491 27 503 37 73 324 15 690 3000 32 31 120 442 192 
97 49 527 0 29 314 325 245 0 28 0 2779 162 11 117 18 16 13 16 0 9 13 12 3000 0 0 221 29 712 1083 499 0 27 19 26 0 62 11 748 38 183 3000 76 173 89 15 306 25 756 0 47 1890 23 0 649 53 97 214 820 147 760 24 41 16 0 58 285 1261 67 0 166 1290 2295 130 357 283 26 131 31 26 0 207 0 10 15 177 31 104 247 33 19 304 0 71 1408 144 0 677 101 1131 
27 14 0 47 68 21 0 0 237 9 310 62 2047 1306 525 410 30 73 0 0 73 271 0 1862 30 405 15 592 81 0 9 0 66 0 16 67 0 0 0 28 99 23 43 34 978 185 24 37 14 3000 88 185 0 742 20 40 326 7 601 8 0 322 231 0 20 25 244 464 224 43 333 94 767 13 1002 175 34 254 15 36 207 0 31 9 72 137 0 124 0 51 0 3000 123 1411 41 0 0 0 64 499 
0 143 0 1410 0 78 0 0 749 20 467 0 0 78 0 446 0 23 0 7 0 0 98 249 9 61 0 61 0 0 0 25 0 0 0 1478 0 0 0 0 0 24 0 295 0 14 27 15 0 587 0 293 0 12 0 0 3000 0 0 25 0 0 0 0 414 0 0 11 0 330 3000 60 0 0 14 347 1347 0 0 83 0 31 0 0 68 0 0 124 0 304 20 0 23 13 2087 894 0 0 0 0 
2603 48 1051 0 302 0 0 364 0 36 0 382 99 13 62 0 136 0 3000 0 36 108 0 89 0 802 55 0 44 58 63 0 16 85 15 0 442 0 3000 3000 150 0 0 0 8 60 162 0 41 0 16 604 0 0 557 38 38 10 45 135 120 118 14 719 0 50 294 0 747 0 766 686 162 478 0 31 9 16 73 11 10 9 0 0 106 26 0 131 132 831 0 19 72 0 298 0 0 84 304 158 
36 32 9 399 10 204 3000 199 25 38 23 8 40 129 19 85 8 8 43 370 427 363 374 1037 90 51 59 2716 24 19 42 86 82 80 209 80 46 45 213 12 290 9 56 34 24 9 1094 12 322 111 232 264 408 831 2441 10 266 145 471 84 96 106 316 94 18 15 56 726 786 174 356 66 428 13 336 3000 12 165 430 376 15 72 68 106 0 64 129 1806 14 34 38 75 173 56 51 25 0 408 18 195 
373 2078 489 0 108 0 950 44 0 21 0 28 112 0 9 0 1047 0 58 0 17 412 0 137 0 0 98 0 11 72 1204 0 664 23 499 0 467 29 150 1089 140 54 71 0 325 41 0 0 118 0 438 0 1070 0 191 284 66 167 194 106 60 25 11 19 0 15 239 0 202 0 23 15 137 870 0 0 7 176 294 182 177 137 0 26 64 0 0 246 129 619 0 134 0 0 16 0 0 471 79 1518 
64 661 0 53 0 89 35 0 264 219 14 0 22 0 0 90 52 113 224 27 0 215 10 110 196 0 0 32 0 0 174 332 137 1565 0 0 0 173 167 611 2476 519 97 62 180 524 572 40 0 184 107 0 370 702 1260 0 8 0 0 80 0 2787 0 375 0 189 0 48 0 9 16 38 0 0 3000 0 2019 35 952 2491 31 0 0 0 129 0 0 103 0 353 149 0 0 41 0 12 111 0 0 59 
242 104 13 112 3000 89 90 274 8 126 555 8 77 629 46 15 114 350 148 951 32 12 73 232 25 12 122 41 20 235 16 101 426 76 389 232 29 10 70 74 3000 650 19 527 64 19 73 57 34 273 747 62 66 166 9 35 588 900 242 36 34 56 79 803 3000 3000 50 19 94 173 92 41 907 615 1541 1191 17 10 116 27 104 124 124 131 1806 246 103 0 931 483 23 34 9 12 1522 63 0 135 70 10 
108 402 86 0 249 0 0 70 0 0 0 26 24 0 1560 0 360 0 27 0 27 3000 0 0 0 0 2724 0 425 96 147 0 413 44 27 0 21 70 1414 20 18 0 406 0 41 0 0 0 141 0 26 0 1028 0 1109 0 0 277 0 10 922 430 2027 903 0 12 348 0 30 0 12 386 3000 36 0 0 155 245 670 503 247 0 0 132 14 129 0 931 0 13 0 407 0 0 0 0 0 58 61 82 
1579 13 50 58 163 384 257 73 855 258 16 258 9 1007 71 628 60 48 3000 39 378 7 47 82 3000 165 28 92 193 92 3000 13 298 1419 64 10 263 192 11 30 254 2584 598 404 10 36 94 456 1294 187 943 11 31 278 630 205 178 32 35 22 124 1301 11 2295 124 52 3000 42 182 3000 138 134 210 52 42 118 33 316 322 37 33 51 304 831 34 619 353 483 13 0 1578 292 156 794 554 26 139 94 19 99 
230 489 0 162 0 15 3000 0 1042 2412 383 0 192 193 0 83 7 418 297 3000 0 14 128 34 418 22 1811 26 0 0 27 1521 39 14 0 136 0 8 469 13 48 171 82 680 0 121 26 47 0 135 47 7 240 37 50 0 236 0 0 13 0 678 0 84 70 10 0 2149 0 185 998 57 0 0 67 0 15 107 759 73 19 0 20 0 38 0 149 23 0 1578 0 0 0 50 741 256 321 0 0 90 
9 16 443 0 171 0 0 90 0 686 0 34 18 0 603 0 779 0 2436 0 25 568 0 0 0 0 91 0 86 956 21 0 16 836 422 0 191 34 3000 32 79 0 0 0 14 761 0 0 7 0 53 0 215 0 9 117 43 23 143 38 20 1479 182 465 0 30 38 0 7 0 839 208 99 25 0 0 69 20 75 324 304 3000 0 19 75 134 0 34 407 292 0 0 0 0 418 0 0 29 295 19 
0 25 0 124 55 14 0 0 9 2073 23 263 0 1061 0 320 0 269 0 0 13 0 0 216 7 59 451 17 0 0 20 0 0 0 116 129 0 0 0 0 0 0 0 19 0 74 109 1339 1243 13 55 140 0 475 0 19 84 172 597 477 0 0 0 0 9 0 33 157 0 90 1438 32 13 0 999 66 821 172 534 15 0 123 23 72 173 0 0 9 0 156 0 0 0 14 56 0 0 0 0 0 
260 1113 0 36 24 23 11 0 63 159 11 769 0 128 0 111 200 562 49 912 11 11 37 927 304 17 865 341 0 0 282 452 29 0 11 99 0 11 0 512 83 75 15 35 1180 51 667 56 520 369 266 10 157 347 36 14 13 95 0 983 0 56 0 0 2519 250 0 8 0 1040 350 119 41 0 115 571 9 53 1201 690 71 1411 13 0 56 0 41 12 0 794 50 0 14 0 26 833 252 0 0 270 
1556 15 0 478 57 60 71 0 48 154 1884 21 0 14 14 32 734 451 0 230 56 23 24 95 38 14 3000 360 165 0 60 549 29 0 15 1877 0 0 0 1105 16 28 39 164 81 262 547 3000 202 136 105 104 10 12 83 22 545 100 375 19 0 608 54 0 3000 7 24 9 168 95 8 59 12 56 45 1183 334 14 571 3000 1408 41 2087 298 51 16 0 1522 0 554 741 418 56 26 0 516 0 0 675 20 
9 15 0 191 0 309 1587 0 59 58 7 0 179 538 0 231 71 580 1034 59 0 52 1061 1218 255 323 100 133 0 0 515 199 99 21 0 13 0 142 353 13 22 477 72 399 0 545 85 142 0 35 288 575 112 58 17 0 14 0 0 259 0 30 0 147 257 283 0 538 0 15 71 30 0 0 32 0 10 1371 92 32 144 0 894 0 25 0 12 63 0 26 256 0 0 833 516 0 1063 0 0 14 
0 191 0 153 0 11 352 0 0 0 179 0 102 0 0 45 37 506 1192 108 0 197 9 1533 125 0 0 112 0 0 0 15 26 159 0 0 0 11 848 71 16 359 371 20 0 30 110 28 0 0 0 0 415 682 0 0 41 0 0 89 0 13 0 213 0 1804 0 348 0 0 0 78 0 0 32 0 20 40 97 31 0 0 0 0 0 0 111 0 0 139 321 0 0 252 0 1063 0 0 0 359 
1032 584 39 0 136 0 0 826 0 0 0 172 2270 0 230 0 76 0 138 0 114 26 0 0 0 0 767 0 230 113 758 0 31 68 77 0 76 586 267 1279 14 0 0 0 38 0 0 0 892 0 26 0 247 0 31 0 0 678 0 12 574 200 208 155 0 1767 20 0 289 0 0 239 20 68 0 0 19 19 144 120 677 0 0 84 408 471 0 135 58 94 0 29 0 0 0 0 0 0 52 9 
659 62 2824 0 299 0 0 23 0 489 0 480 19 0 146 0 1542 0 396 0 116 22 0 1159 0 0 243 0 172 19 108 0 13 170 407 0 28 733 21 1161 71 0 12 0 1550 171 789 0 1638 0 3000 157 636 0 96 789 282 89 15 61 150 39 473 19 0 49 10 0 77 0 102 67 603 124 0 25 22 485 1817 442 101 64 0 304 18 79 0 70 61 19 0 295 0 0 675 0 0 52 0 55 
79 208 389 562 246 1237 129 494 0 105 371 8 16 0 95 297 37 103 87 11 25 33 13 22 125 0 68 213 35 3000 70 67 53 58 65 0 76 21 86 433 11 135 76 164 41 1610 398 83 296 0 2209 0 12 0 77 0 209 48 0 210 1972 1529 14 68 0 41 110 64 53 0 707 16 455 126 10 0 115 144 41 192 1131 499 0 158 195 1518 59 10 82 99 90 19 0 270 20 14 359 9 55 0 
