100
0 66 5 51 18 54 30 35 36 46 35 73 51 62 63 94 56 87 26 66 32 20 76 68 53 70 23 74 48 32 33 67 63 61 51 20 55 50 31 78 25 13 78 86 84 13 10 14 43 36 14 50 60 57 29 20 65 83 36 61 65 70 51 70 51 6 13 77 72 62 62 34 6 59 74 26 51 21 80 76 29 88 49 29 23 61 19 20 65 53 30 30 65 56 16 10 23 87 29 94 
66 0 61 45 84 78 38 40 31 51 71 111 104 103 88 71 70 97 92 22 71 53 58 88 26 76 88 68 33 46 34 7 90 106 63 84 75 17 80 64 84 70 120 66 121 77 72 79 62 34 77 62 101 87 38 71 34 122 40 41 5 76 85 27 51 71 71 72 53 80 75 37 71 78 110 44 20 57 63 64 94 84 24 92 86 95 67 56 70 95 93 85 111 14 55 71 84 86 45 83 
5 61 0 48 23 54 25 31 31 44 35 75 54 64 63 91 55 86 31 62 32 17 74 68 48 69 28 72 44 28 28 62 64 63 50 24 54 45 33 75 29 15 80 83 86 17 13 19 42 31 18 48 62 58 25 22 61 85 32 57 60 69 52 65 48 10 16 75 69 61 61 30 10 59 76 21 46 19 78 74 34 87 44 33 27 62 19 17 64 55 34 33 67 51 12 13 27 85 25 92 
51 45 48 0 67 34 43 19 30 8 33 68 68 61 44 43 25 53 72 28 36 31 26 43 19 33 73 28 12 20 40 40 46 65 19 71 31 35 46 29 55 46 77 36 77 65 61 57 21 46 55 18 60 44 42 42 19 79 18 11 48 32 43 27 6 57 48 32 21 35 31 21 57 34 66 48 48 31 30 28 71 45 23 65 60 52 40 56 26 54 66 53 71 48 52 50 74 45 23 47 
18 84 23 67 0 63 46 52 54 61 45 74 46 63 70 109 68 95 9 84 40 37 92 76 71 81 6 88 66 48 50 85 70 60 64 5 65 67 35 92 23 22 77 101 84 9 13 12 56 52 14 62 61 63 47 29 82 82 53 77 83 82 57 87 66 13 20 90 88 71 73 52 13 69 76 42 68 36 95 91 15 100 67 20 17 65 29 32 78 55 21 30 62 73 30 18 13 98 46 107 
54 78 54 34 63 0 63 42 55 27 19 34 41 28 11 55 11 33 63 62 23 40 43 14 52 21 68 32 45 36 63 73 13 33 15 68 4 65 29 40 42 42 43 49 43 65 63 51 16 69 49 16 27 10 62 35 51 45 41 42 80 21 11 61 28 59 43 33 43 8 12 45 58 6 32 66 76 35 43 38 58 39 54 51 49 18 35 68 20 23 51 36 39 78 64 47 74 36 40 48 
30 38 25 43 46 63 0 24 14 43 49 91 76 81 74 85 61 92 55 45 47 25 68 77 34 72 50 71 33 28 5 41 76 82 54 47 63 23 53 71 52 37 98 77 102 39 34 43 48 7 42 52 80 71 1 41 48 102 26 49 37 72 66 49 46 33 38 75 63 69 67 22 34 67 92 6 21 30 73 71 59 87 28 58 52 77 38 18 66 72 59 54 87 27 17 37 46 87 24 90 
35 40 31 19 52 42 24 0 13 19 31 73 65 64 53 62 37 68 58 33 32 16 45 54 19 48 57 47 14 6 23 38 54 67 30 54 40 25 40 48 46 33 81 55 84 48 44 44 26 29 42 28 62 50 23 32 30 84 2 27 41 48 47 35 22 41 35 50 40 46 44 3 40 44 72 29 35 18 49 47 59 63 17 55 49 57 29 37 42 56 55 46 72 37 33 36 57 63 6 66 
36 31 31 30 54 55 14 13 0 31 43 85 75 76 66 71 50 81 61 32 43 22 54 67 20 61 59 58 19 19 11 31 67 78 43 55 53 15 50 58 53 39 93 64 96 48 43 48 39 16 46 41 74 63 13 40 34 97 14 35 31 60 59 36 34 41 40 62 49 59 57 10 41 57 85 20 22 27 59 57 63 74 15 61 55 70 37 31 55 68 62 54 83 25 28 40 56 75 16 77 
46 51 44 8 61 27 43 19 31 0 25 60 60 53 37 47 19 50 65 36 28 27 30 37 25 29 67 29 18 16 41 47 39 57 12 65 24 40 38 31 48 40 69 40 70 60 56 51 12 47 48 11 52 36 42 35 27 71 17 19 54 29 35 36 5 53 41 32 27 29 25 22 52 27 59 47 52 25 34 30 64 44 28 58 53 44 33 54 23 46 58 45 63 52 50 44 69 44 20 49 
35 71 35 33 45 19 49 31 43 25 0 43 35 33 28 67 23 52 46 59 4 24 52 33 47 37 50 45 39 25 49 68 29 36 21 49 20 56 13 51 25 24 50 60 54 46 44 33 14 55 30 20 32 23 48 16 52 54 31 43 72 37 18 60 29 40 25 47 50 27 29 34 39 24 43 50 65 18 54 49 42 56 47 35 32 28 17 51 34 25 36 21 41 67 46 28 56 53 27 63 
73 111 75 68 74 34 91 73 85 60 43 0 31 11 25 82 44 42 69 96 44 66 73 30 85 46 78 60 78 67 92 107 23 14 49 79 37 97 41 69 50 60 10 77 11 79 79 64 48 97 62 49 13 24 90 53 85 11 72 75 113 47 26 94 62 76 60 59 74 35 41 76 74 36 3 92 107 61 72 67 62 59 87 55 57 16 55 91 49 20 54 44 15 110 87 63 86 55 69 69 
51 104 54 68 46 41 76 65 75 60 35 31 0 22 41 96 51 66 40 95 33 53 83 48 82 61 49 73 74 58 78 102 39 17 53 51 45 89 24 81 26 40 31 90 39 53 55 39 48 82 38 52 21 34 75 35 87 37 65 78 105 62 30 95 63 52 39 74 82 48 53 67 50 47 34 74 95 48 84 79 33 79 82 26 30 30 38 70 61 20 25 21 17 99 66 41 59 75 59 88 
62 103 64 61 63 28 81 64 76 53 33 11 22 0 23 81 39 45 59 89 34 56 70 30 78 45 67 58 70 58 82 99 20 6 43 68 32 89 31 66 40 49 17 75 22 68 69 53 41 88 51 43 2 18 81 42 79 21 63 70 105 45 18 88 55 65 49 58 70 32 38 67 64 32 13 82 98 51 70 64 52 60 79 44 46 10 45 81 46 9 44 33 11 101 76 52 76 56 60 70 
63 88 63 44 70 11 74 53 66 37 28 25 41 23 0 58 19 26 69 72 31 51 48 7 62 22 75 36 55 47 74 84 2 29 25 75 13 76 35 44 48 51 35 52 34 73 72 59 27 80 56 26 22 7 73 43 60 35 52 51 91 23 13 70 38 68 52 35 49 10 16 56 67 11 23 76 87 46 47 42 64 38 65 56 55 12 44 79 24 21 56 42 34 89 74 55 82 34 51 48 
94 71 91 43 109 55 85 62 71 47 67 82 96 81 58 0 45 45 112 49 71 74 17 52 52 36 114 23 51 63 81 63 60 87 46 112 51 70 80 16 92 86 91 8 87 107 104 98 54 86 95 47 80 63 83 81 39 90 61 36 75 35 66 44 43 100 88 23 22 49 43 64 99 50 79 90 83 73 14 18 109 25 58 102 99 70 79 99 35 78 103 88 92 80 95 91 117 30 66 17 
56 70 55 25 68 11 61 37 50 19 23 44 51 39 19 45 0 32 69 53 27 39 32 18 44 14 73 22 37 33 59 65 21 44 7 72 7 59 36 29 48 46 53 39 53 68 66 56 13 65 53 8 38 20 59 39 42 54 36 32 73 14 22 51 19 62 47 24 32 10 7 40 61 8 42 64 71 36 33 27 65 33 47 58 55 29 38 68 11 34 58 44 49 72 64 50 78 31 36 40 
87 97 86 53 95 33 92 68 81 50 52 42 66 45 26 45 32 0 95 76 56 71 43 19 71 21 101 30 65 64 91 90 27 52 38 100 32 88 61 37 73 75 50 42 45 98 96 84 45 97 81 40 46 33 91 68 64 48 67 55 100 21 39 73 48 92 76 26 47 25 25 71 91 28 39 96 101 67 39 35 90 20 76 82 81 36 68 100 27 47 82 68 55 101 95 79 107 15 68 29 
26 92 31 72 9 63 55 58 61 65 46 69 40 59 69 112 69 95 0 91 41 43 95 75 77 82 10 90 71 54 59 93 68 55 66 13 65 75 34 95 21 26 71 104 79 18 22 15 58 61 17 65 57 62 55 31 88 77 59 82 91 83 56 94 70 22 24 92 92 71 74 59 21 69 71 51 76 41 98 93 7 101 74 14 14 62 32 42 79 52 15 27 57 82 40 22 20 99 52 109 
66 22 62 28 84 62 45 33 32 36 59 96 95 89 72 49 53 76 91 0 61 48 37 70 14 57 89 47 20 38 40 15 74 93 47 86 59 24 71 42 78 66 105 44 105 79 74 76 48 43 74 46 88 72 44 65 13 107 32 22 26 56 71 6 34 72 68 51 31 62 57 32 72 61 94 51 36 51 42 43 91 63 17 87 82 80 61 62 51 82 88 77 99 32 60 68 87 65 39 61 
32 71 32 36 40 23 47 32 43 28 4 44 33 34 31 71 27 56 41 61 0 22 55 37 48 41 46 49 41 25 48 69 32 36 25 45 24 56 10 55 21 20 51 64 55 42 41 29 18 53 26 24 32 26 46 12 54 55 31 46 73 42 20 62 32 36 21 51 53 31 33 34 35 28 45 48 64 17 58 53 38 60 48 31 28 30 13 48 38 25 32 18 41 67 44 24 51 58 27 67 
20 53 17 31 37 40 25 16 22 27 24 66 53 56 51 74 39 71 43 48 22 0 56 54 35 53 42 55 29 12 26 52 52 58 34 40 40 37 28 58 31 17 73 66 77 33 30 28 26 31 26 32 55 46 24 18 45 77 16 41 53 53 41 51 31 26 19 58 52 46 46 16 26 44 67 26 43 5 60 57 43 70 32 40 34 52 14 29 47 47 40 32 62 47 24 20 43 69 9 75 
76 58 74 26 92 43 68 45 54 30 52 73 83 70 48 17 32 43 95 37 55 56 0 43 37 27 97 13 35 45 65 51 50 75 31 95 38 55 65 6 76 70 83 10 80 90 86 81 38 70 78 32 69 51 67 65 25 82 43 20 63 26 54 32 25 83 72 16 6 38 32 47 82 38 71 73 68 56 5 7 93 27 43 87 82 60 63 82 24 65 87 73 81 66 78 74 100 30 49 24 
68 88 68 43 76 14 77 54 67 37 33 30 48 30 7 52 18 19 75 70 37 54 43 0 61 16 82 30 55 49 76 82 9 36 25 81 14 77 41 38 54 56 40 46 37 79 77 65 29 82 62 26 29 14 76 49 58 40 53 48 91 17 20 67 37 73 57 29 45 8 12 57 72 10 28 80 89 50 42 36 71 30 65 63 61 19 50 83 20 29 63 48 41 89 78 61 88 26 53 40 
53 26 48 19 71 52 34 19 20 25 47 85 82 78 62 52 44 71 77 14 48 35 37 61 0 51 76 44 8 24 30 22 64 81 37 73 49 18 58 41 64 52 94 46 95 66 61 63 37 35 61 36 76 62 33 51 14 96 19 17 29 50 60 17 24 59 54 48 31 53 49 19 59 52 84 40 32 37 42 41 78 61 6 74 68 70 48 51 44 70 74 64 87 30 48 55 75 62 25 61 
70 76 69 33 81 21 72 48 61 29 37 46 61 45 22 36 14 21 82 57 41 53 27 16 51 0 87 14 45 45 71 70 24 51 19 86 17 68 49 22 61 60 56 30 53 82 80 70 27 77 67 21 44 27 71 53 44 55 47 35 80 1 31 54 27 76 61 13 29 13 9 51 75 15 44 76 80 49 26 20 78 19 55 71 68 34 52 81 6 42 71 56 56 80 77 64 92 17 49 27 
23 88 28 73 6 68 50 57 59 67 50 78 49 67 75 114 73 101 10 89 46 42 97 82 76 87 0 94 71 54 55 90 75 64 70 4 70 72 40 98 28 28 80 107 88 12 16 17 62 56 20 68 65 69 51 34 88 86 58 83 87 87 62 93 72 18 26 96 94 77 79 57 17 74 80 45 71 42 101 97 17 106 72 23 21 69 35 35 83 60 24 34 66 77 34 24 10 104 52 113 
74 68 72 28 88 32 71 47 58 29 45 60 73 58 36 23 22 30 90 47 49 55 13 30 44 14 94 0 40 45 68 61 38 64 24 92 28 62 58 8 70 66 70 17 67 87 84 77 32 74 74 25 58 40 70 60 34 70 45 27 72 13 43 43 25 80 67 4 17 26 21 49 80 27 58 75 75 53 11 6 87 17 49 80 77 48 58 83 12 55 80 66 69 74 78 70 97 18 49 20 
48 33 44 12 66 45 33 14 19 18 39 78 74 70 55 51 37 65 71 20 41 29 35 55 8 45 71 40 0 18 30 29 57 74 30 68 42 23 51 39 58 46 87 44 88 61 57 57 29 35 55 29 69 54 32 44 17 89 13 15 36 45 52 22 18 54 48 44 29 47 43 14 54 45 77 39 36 31 40 38 72 57 10 67 62 62 41 48 39 63 68 57 79 35 45 49 71 57 20 58 
32 46 28 20 48 36 28 6 19 16 25 67 58 58 47 63 33 64 54 38 25 12 45 49 24 45 54 45 18 0 27 44 49 60 26 51 35 31 34 47 40 28 75 55 78 45 41 39 21 33 37 24 56 44 27 27 34 78 6 29 48 45 41 40 21 38 30 49 41 41 39 9 38 39 67 31 41 13 49 46 54 61 23 49 44 51 23 37 39 49 50 39 66 43 33 31 55 60 4 65 
33 34 28 40 50 63 5 23 11 41 49 92 78 82 74 81 59 91 59 40 48 26 65 76 30 71 55 68 30 27 0 36 75 84 53 51 62 18 54 68 54 40 99 74 103 43 38 47 47 6 46 51 80 71 4 43 44 103 24 45 32 71 66 45 44 37 41 72 59 68 66 20 38 66 92 11 18 31 70 68 62 85 24 61 55 77 40 22 65 73 62 57 88 23 21 40 50 85 23 88 
67 7 62 40 85 73 41 38 31 47 68 107 102 99 84 63 65 90 93 15 69 52 51 82 22 70 90 61 29 44 36 0 86 103 58 86 70 18 78 57 83 69 116 59 117 78 74 79 58 37 77 58 98 83 40 70 27 118 38 35 12 70 81 20 46 72 71 65 46 75 70 36 72 73 106 47 26 56 56 58 94 77 21 91 85 91 66 59 64 92 92 83 108 20 57 71 86 80 44 76 
63 90 64 46 70 13 76 54 67 39 29 23 39 20 2 60 21 27 68 74 32 52 50 9 64 24 75 38 57 49 75 86 0 27 27 75 15 78 35 46 47 51 32 55 31 73 72 59 29 81 56 28 20 6 75 43 63 33 53 53 93 25 13 72 40 68 52 37 52 12 18 57 67 13 21 77 89 47 50 44 63 40 67 55 54 10 45 79 27 20 55 41 32 91 75 55 82 36 52 50 
61 106 63 65 60 33 82 67 78 57 36 14 17 6 29 87 44 52 55 93 36 58 75 36 81 51 64 64 74 60 84 103 27 0 48 65 37 91 30 72 37 49 17 81 24 66 67 51 45 89 49 48 6 24 82 42 84 22 66 74 108 52 23 93 60 63 48 64 76 38 44 69 62 37 17 82 100 52 75 70 48 66 82 41 43 17 45 80 52 11 40 32 6 103 76 51 73 62 62 76 
51 63 50 19 64 15 54 30 43 12 21 49 53 43 25 46 7 38 66 47 25 34 31 25 37 19 70 24 30 26 53 58 27 48 0 68 12 52 35 29 47 42 58 39 59 64 61 53 8 59 50 2 42 25 53 36 36 60 29 27 66 19 25 46 13 57 44 26 29 17 13 33 56 15 48 57 64 30 33 28 64 37 40 57 53 34 35 62 14 37 57 42 53 65 58 46 74 35 30 43 
20 84 24 71 5 68 47 54 55 65 49 79 51 68 75 112 72 100 13 86 45 40 95 81 73 86 4 92 68 51 51 86 75 65 68 0 69 68 40 96 29 26 82 105 89 8 12 16 60 52 19 67 66 68 47 33 85 87 56 80 83 86 62 90 70 14 25 95 92 76 78 54 14 73 81 41 67 40 99 95 19 105 69 25 22 70 34 31 82 60 26 35 67 73 30 22 8 103 49 111 
55 75 54 31 65 4 63 40 53 24 20 37 45 32 13 51 7 32 65 59 24 40 38 14 49 17 70 28 42 35 62 70 15 37 12 69 0 63 31 36 44 44 47 45 47 66 64 53 14 68 51 13 31 14 61 36 48 48 39 38 78 18 15 57 25 60 45 29 39 7 9 43 59 4 36 65 75 36 39 34 61 36 52 54 51 22 37 69 16 27 54 39 43 76 64 48 76 33 39 44 
50 17 45 35 67 65 23 25 15 40 56 97 89 89 76 70 59 88 75 24 56 37 55 77 18 68 72 62 23 31 18 18 78 91 52 68 63 0 64 60 67 53 106 64 108 61 56 62 49 20 61 51 87 74 22 55 31 109 25 36 17 67 71 29 40 54 55 66 49 68 65 22 55 67 97 29 14 41 60 60 78 79 13 75 69 82 51 41 61 80 76 68 97 13 40 55 68 80 30 79 
31 80 33 46 35 29 53 40 50 38 13 41 24 31 35 80 36 61 34 71 10 28 65 41 58 49 40 58 51 34 54 78 35 30 35 40 31 64 0 64 13 19 47 73 52 39 39 24 27 59 22 33 29 28 52 12 64 52 40 56 81 49 22 72 42 35 19 59 63 37 40 43 33 35 43 52 71 23 67 62 30 67 57 22 20 30 15 50 46 22 23 8 35 75 46 22 48 65 35 76 
78 64 75 29 92 40 71 48 58 31 51 69 81 66 44 16 29 37 95 42 55 58 6 38 41 22 98 8 39 47 68 57 46 72 29 96 36 60 64 0 76 70 78 9 75 91 88 81 37 74 79 31 66 48 70 65 30 78 46 24 68 21 51 38 27 84 72 11 11 34 28 50 83 35 66 76 73 57 3 2 93 21 47 86 82 56 63 84 20 63 86 72 77 71 80 74 101 24 51 20 
25 84 29 55 23 42 52 46 53 48 25 50 26 40 48 92 48 73 21 78 21 31 76 54 64 61 28 70 58 40 54 83 47 37 47 29 44 67 13 76 0 15 54 85 61 29 30 13 39 58 12 45 38 41 51 13 73 60 46 66 84 62 34 80 52 26 13 72 74 50 53 47 25 48 52 49 72 27 79 74 17 80 63 10 7 41 17 45 59 32 11 6 40 77 41 15 36 78 39 88 
13 70 15 46 22 42 37 33 39 40 24 60 40 49 51 86 46 75 26 66 20 17 70 56 52 60 28 66 46 28 40 69 51 49 42 26 44 53 19 70 15 0 65 79 71 22 21 11 34 43 9 40 47 45 36 8 62 70 34 56 70 60 39 68 44 17 2 68 66 50 52 34 16 48 61 35 57 15 73 69 26 78 49 22 16 48 7 31 56 41 23 18 53 62 27 4 32 77 27 85 
78 120 80 77 77 43 98 81 93 69 50 10 31 17 35 91 53 50 71 105 51 73 83 40 94 56 80 70 87 75 99 116 32 17 58 82 47 106 47 78 54 65 0 86 9 83 84 68 57 105 66 59 19 33 97 59 94 6 80 85 122 57 35 104 71 80 65 69 84 45 51 84 79 45 12 98 115 68 81 76 64 68 96 57 60 25 62 97 59 26 56 48 14 118 92 68 89 64 77 78 
86 66 83 36 101 49 77 55 64 40 60 77 90 75 52 8 39 42 104 44 64 66 10 46 46 30 107 17 44 55 74 59 55 81 39 105 45 64 73 9 85 79 86 0 83 99 96 90 46 79 88 40 74 57 76 74 33 85 53 29 70 29 60 39 35 92 81 18 15 43 37 57 92 44 74 83 77 65 6 11 102 23 52 95 91 64 72 91 29 71 95 81 86 75 88 83 109 27 59 18 
84 121 86 77 84 43 102 84 96 70 54 11 39 22 34 87 53 45 79 105 55 77 80 37 95 53 88 67 88 78 103 117 31 24 59 89 47 108 52 75 61 71 9 83 0 90 90 74 59 109 73 59 24 34 101 64 94 3 83 85 124 54 37 104 71 87 71 65 82 44 49 87 85 44 11 103 118 72 79 73 72 63 98 65 67 26 67 102 57 31 64 55 23 120 98 74 97 59 80 73 
13 77 17 65 9 65 39 48 48 60 46 79 53 68 73 107 68 98 18 79 42 33 90 79 66 82 12 87 61 45 43 78 73 66 64 8 66 61 39 91 29 22 83 99 90 0 5 15 56 44 17 62 66 67 39 30 78 88 49 74 75 82 60 82 64 7 21 90 86 73 74 47 8 70 81 34 60 34 93 89 24 100 61 28 24 69 30 24 78 60 29 35 69 65 22 18 10 99 42 107 
10 72 13 61 13 63 34 44 43 56 44 79 55 69 72 104 66 96 22 74 41 30 86 77 61 80 16 84 57 41 38 74 72 67 61 12 64 56 39 88 30 21 84 96 90 5 0 16 53 40 18 60 67 66 34 29 74 89 45 70 71 80 60 78 61 4 20 87 82 71 72 43 5 68 81 29 55 31 90 86 28 98 57 30 25 68 28 19 75 60 31 35 70 61 18 17 13 97 38 104 
14 79 19 57 12 51 43 44 48 51 33 64 39 53 59 98 56 84 15 76 29 28 81 65 63 70 17 77 57 39 47 79 59 51 53 16 53 62 24 81 13 11 68 90 74 15 16 0 45 50 3 51 51 52 43 17 73 73 44 68 78 70 46 79 56 13 9 79 78 59 62 44 12 57 66 40 64 26 84 80 16 89 60 15 9 54 18 33 66 45 16 19 54 69 30 8 23 86 37 96 
43 62 42 21 56 16 48 26 39 12 14 48 48 41 27 54 13 45 58 48 18 26 38 29 37 27 62 32 29 21 47 58 29 45 8 60 14 49 27 37 39 34 57 46 59 56 53 45 0 53 42 6 40 25 47 28 39 60 25 30 65 27 23 48 16 49 36 34 36 21 20 29 48 18 48 51 60 23 40 35 56 45 39 49 45 33 27 55 22 34 49 35 50 62 51 38 66 43 24 51 
36 34 31 46 52 69 7 29 16 47 55 97 82 88 80 86 65 97 61 43 53 31 70 82 35 77 56 74 35 33 6 37 81 89 59 52 68 20 59 74 58 43 105 79 109 44 40 50 53 0 49 57 86 76 7 48 49 108 30 51 32 76 72 49 50 39 45 78 64 74 72 26 40 72 98 11 15 37 75 73 65 91 28 64 58 83 44 22 71 79 65 61 93 21 22 43 50 91 29 93 
14 77 18 55 14 49 42 42 46 48 30 62 38 51 56 95 53 81 17 74 26 26 78 62 61 67 20 74 55 37 46 77 56 49 50 19 51 61 22 79 12 9 66 88 73 17 18 3 42 49 0 49 49 50 42 15 71 71 42 65 77 68 44 77 53 14 7 76 75 57 59 42 13 54 64 39 63 24 82 77 17 86 58 16 9 52 16 33 64 43 16 18 52 68 30 6 26 84 35 93 
50 62 48 18 62 16 52 28 41 11 20 49 52 43 26 47 8 40 65 46 24 32 32 26 36 21 68 25 29 24 51 58 28 48 2 67 13 51 33 31 45 40 59 40 59 62 60 51 6 57 49 0 42 26 51 34 36 60 27 27 65 21 25 45 12 56 42 28 30 18 15 32 55 16 48 55 62 29 34 29 62 39 39 55 51 34 33 60 16 37 55 41 53 63 56 45 72 37 28 45 
60 101 62 60 61 27 80 62 74 52 32 13 21 2 22 80 38 46 57 88 32 55 69 29 76 44 65 58 69 56 80 98 20 6 42 66 31 87 29 66 38 47 19 74 24 66 67 51 40 86 49 42 0 18 79 40 78 23 62 69 103 45 17 87 54 63 47 57 70 31 37 65 62 31 14 80 96 49 69 64 51 60 78 43 44 10 43 79 46 7 42 32 12 99 74 50 74 56 58 70 
57 87 58 44 63 10 71 50 63 36 23 24 34 18 7 63 20 33 62 72 26 46 51 14 62 27 69 40 54 44 71 83 6 24 25 68 14 74 28 48 41 45 33 57 34 67 66 52 25 76 50 26 18 0 70 37 61 35 49 52 90 28 6 71 38 62 46 40 52 14 20 53 60 13 23 72 85 41 51 46 57 44 64 49 48 8 39 74 28 15 49 35 29 87 69 49 76 40 47 54 
29 38 25 42 47 62 1 23 13 42 48 90 75 81 73 83 59 91 55 44 46 24 67 76 33 71 51 70 32 27 4 40 75 82 53 47 61 22 52 70 51 36 97 76 101 39 34 43 47 7 42 51 79 70 0 41 47 101 25 47 36 71 65 48 45 33 38 74 61 68 66 20 34 66 91 7 21 29 71 69 58 86 27 58 51 76 37 19 65 72 58 54 86 27 17 37 46 86 23 89 
20 71 22 42 29 35 41 32 40 35 16 53 35 42 43 81 39 68 31 65 12 18 65 49 51 53 34 60 44 27 43 70 43 42 36 33 36 55 12 65 13 8 59 74 64 30 29 17 28 48 15 34 40 37 41 0 59 63 33 53 72 53 31 66 40 25 9 62 62 43 45 34 23 40 54 40 61 14 68 63 29 72 49 23 18 40 4 38 49 33 24 14 46 65 34 12 39 69 26 79 
65 34 61 19 82 51 48 30 34 27 52 85 87 79 60 39 42 64 88 13 54 45 25 58 14 44 88 34 17 34 44 27 63 84 36 85 48 31 64 30 73 62 94 33 94 78 74 73 39 49 71 36 78 61 47 59 0 96 29 10 38 44 61 10 24 71 64 39 19 51 45 31 71 50 83 54 45 47 30 31 88 50 20 83 77 70 56 64 39 72 83 71 89 42 62 65 87 53 36 49 
83 122 85 79 82 45 102 84 97 71 54 11 37 21 35 90 54 48 77 107 55 77 82 40 96 55 86 70 89 78 103 118 33 22 60 87 48 109 52 78 60 70 6 85 3 88 89 73 60 108 71 60 23 35 101 63 96 0 83 86 124 56 37 105 73 85 70 68 84 45 51 87 84 46 12 103 118 72 81 76 70 66 98 63 65 27 66 102 59 30 62 54 20 121 97 73 95 62 80 76 
36 40 32 18 53 41 26 2 14 17 31 72 65 63 52 61 36 67 59 32 31 16 43 53 19 47 58 45 13 6 24 38 53 66 29 56 39 25 40 46 46 34 80 53 83 49 45 44 25 30 42 27 62 49 25 33 29 83 0 26 42 47 46 35 20 42 36 49 39 45 42 4 41 43 72 30 36 19 48 45 59 61 17 55 49 57 29 38 41 55 56 46 71 38 35 36 58 61 7 65 
61 41 57 11 77 42 49 27 35 19 43 75 78 70 51 36 32 55 82 22 46 41 20 48 17 35 83 27 15 29 45 35 53 74 27 80 38 36 56 24 66 56 85 29 85 74 70 68 30 51 65 27 69 52 47 53 10 86 26 0 45 35 52 19 15 67 58 31 14 41 36 28 67 40 74 54 49 41 25 24 81 43 23 76 71 60 50 63 30 63 76 64 80 47 60 60 84 45 32 43 
65 5 60 48 83 80 37 41 31 54 72 113 105 105 91 75 73 100 91 26 73 53 63 91 29 80 87 72 36 48 32 12 93 108 66 83 78 17 81 68 84 70 122 70 124 75 71 78 65 32 77 65 103 90 36 72 38 124 42 45 0 79 87 32 54 70 72 76 57 83 78 39 70 81 112 42 17 58 68 68 94 88 26 92 86 98 68 54 74 97 93 85 113 11 54 71 82 90 46 87 
70 76 69 32 82 21 72 48 60 29 37 47 62 45 23 35 14 21 83 56 42 53 26 17 50 1 87 13 45 45 71 70 25 52 19 86 18 67 49 21 62 60 57 29 54 82 80 70 27 76 68 21 45 28 71 53 44 56 47 35 79 0 32 53 27 76 62 12 29 14 9 51 75 16 45 76 80 49 25 19 79 18 55 72 69 35 53 81 6 43 72 57 57 80 77 65 92 16 49 27 
51 85 52 43 57 11 66 47 59 35 18 26 30 18 13 66 22 39 56 71 20 41 54 20 60 31 62 43 52 41 66 81 13 23 25 62 15 71 22 51 34 39 35 60 37 60 60 46 23 72 44 25 17 6 65 31 61 37 46 52 87 32 0 70 37 56 39 44 53 18 23 50 54 16 26 67 81 36 54 49 51 49 61 43 42 11 33 68 31 12 43 28 28 83 63 43 69 45 43 58 
70 27 65 27 87 61 49 35 36 36 60 94 95 88 70 44 51 73 94 6 62 51 32 67 17 54 93 43 22 40 45 20 72 93 46 90 57 29 72 38 80 68 104 39 104 82 78 79 48 49 77 45 87 71 48 66 10 105 35 19 32 53 70 0 33 76 70 47 27 60 55 35 75 59 93 56 42 53 37 39 94 59 22 90 84 79 63 67 48 82 90 79 98 38 64 71 91 61 42 56 
51 51 48 6 66 28 46 22 34 5 29 62 63 55 38 43 19 48 70 34 32 31 25 37 24 27 72 25 18 21 44 46 40 60 13 70 25 40 42 27 52 44 71 35 71 64 61 56 16 50 53 12 54 38 45 40 24 73 20 15 54 27 37 33 0 57 46 29 22 29 25 25 57 27 61 51 53 30 29 26 69 41 28 63 58 46 38 58 21 49 63 50 65 53 54 48 74 41 24 45 
6 71 10 57 13 59 33 41 41 53 40 76 52 65 68 100 62 92 22 72 36 26 83 73 59 76 18 80 54 38 37 72 68 63 57 14 60 54 35 84 26 17 80 92 87 7 4 13 49 39 14 56 63 62 33 25 71 85 42 67 70 76 56 76 57 0 16 83 79 67 68 40 1 64 77 29 55 27 86 83 26 94 55 28 22 64 24 20 71 56 29 32 67 60 18 13 17 92 35 100 
13 71 16 48 20 43 38 35 40 41 25 60 39 49 52 88 47 76 24 68 21 19 72 57 54 61 26 67 48 30 41 71 52 48 44 25 45 55 19 72 13 2 65 81 71 21 20 9 36 45 7 42 47 46 38 9 64 70 36 58 72 62 39 70 46 16 0 70 68 51 53 36 15 49 61 36 59 17 75 70 24 80 51 20 14 48 9 32 57 40 21 17 52 64 28 3 31 78 29 87 
77 72 75 32 90 33 75 50 62 32 47 59 74 58 35 23 24 26 92 51 51 58 16 29 48 13 96 4 44 49 72 65 37 64 26 95 29 66 59 11 72 68 69 18 65 90 87 79 34 78 76 28 57 40 74 62 39 68 49 31 76 12 44 47 29 83 70 0 20 26 21 53 82 27 56 79 79 56 13 9 89 13 53 82 79 47 61 86 13 55 82 67 69 78 82 73 100 14 53 17 
72 53 69 21 88 43 63 40 49 27 50 74 82 70 49 22 32 47 92 31 53 52 6 45 31 29 94 17 29 41 59 46 52 76 29 92 39 49 63 11 74 66 84 15 82 86 82 78 36 64 75 30 70 52 61 62 19 84 39 14 57 29 53 27 22 79 68 20 0 39 33 42 78 39 72 68 63 52 11 12 90 32 37 84 80 60 60 77 25 65 85 71 81 60 73 70 96 34 44 30 
62 80 61 35 71 8 69 46 59 29 27 35 48 32 10 49 10 25 71 62 31 46 38 8 53 13 77 26 47 41 68 75 12 38 17 76 7 68 37 34 50 50 45 43 44 73 71 59 21 74 57 18 31 14 68 43 51 45 45 41 83 14 18 60 29 67 51 26 39 0 6 49 66 3 33 72 80 42 38 32 67 31 57 59 57 22 43 75 14 29 59 44 43 81 71 55 82 28 45 40 
62 75 61 31 73 12 67 44 57 25 29 41 53 38 16 43 7 25 74 57 33 46 32 12 49 9 79 21 43 39 66 70 18 44 13 78 9 65 40 28 53 52 51 37 49 74 72 62 20 72 59 15 37 20 66 45 45 51 42 36 78 9 23 55 25 68 53 21 33 6 0 47 67 7 39 70 77 42 32 26 70 27 53 62 60 27 44 75 8 34 62 48 49 78 70 56 84 25 43 36 
34 37 30 21 52 45 22 3 10 22 34 76 67 67 56 64 40 71 59 32 34 16 47 57 19 51 57 49 14 9 20 36 57 69 33 54 43 22 43 50 47 34 84 57 87 47 43 44 29 26 42 32 65 53 20 34 31 87 4 28 39 51 50 35 25 40 36 53 42 49 47 0 40 47 76 26 32 20 52 49 60 66 16 56 50 60 30 35 45 58 57 47 75 34 32 36 57 66 8 69 
6 71 10 57 13 58 34 40 41 52 39 74 50 64 67 99 61 91 21 72 35 26 82 72 59 75 17 80 54 38 38 72 67 62 56 14 59 55 33 83 25 16 79 92 85 8 5 12 48 40 13 55 62 60 34 23 71 84 41 67 70 75 54 75 57 1 15 82 78 66 67 40 0 63 76 30 55 27 86 82 25 93 55 27 21 63 23 21 70 55 28 30 65 61 19 12 18 91 35 99 
59 78 59 34 69 6 67 44 57 27 24 36 47 32 11 50 8 28 69 61 28 44 38 10 52 15 74 27 45 39 66 73 13 37 15 73 4 67 35 35 48 48 45 44 44 70 68 57 18 72 54 16 31 13 66 40 50 46 43 40 81 16 16 59 27 64 49 27 39 3 7 47 63 0 34 69 78 40 38 33 64 33 55 57 55 21 41 73 15 28 57 42 43 79 68 52 80 30 43 42 
74 110 76 66 76 32 92 72 85 59 43 3 34 13 23 79 42 39 71 94 45 67 71 28 84 44 80 58 77 67 92 106 21 17 48 81 36 97 43 66 52 61 12 74 11 81 81 66 48 98 64 48 14 23 91 54 83 12 72 74 112 45 26 93 61 77 61 56 72 33 39 76 76 34 0 92 107 61 69 64 65 56 86 57 59 15 56 92 47 21 57 46 19 109 88 65 88 51 69 66 
26 44 21 48 42 66 6 29 20 47 50 92 74 82 76 90 64 96 51 51 48 26 73 80 40 76 45 75 39 31 11 47 77 82 57 41 65 29 52 76 49 35 98 83 103 34 29 40 51 11 39 55 80 72 7 40 54 103 30 54 42 76 67 56 51 29 36 79 68 72 70 26 30 69 92 0 26 31 78 76 55 92 34 55 49 78 37 12 70 73 56 53 86 32 11 34 40 91 27 95 
51 20 46 48 68 76 21 35 22 52 65 107 95 98 87 83 71 101 76 36 64 43 68 89 32 80 71 75 36 41 18 26 89 100 64 67 75 14 71 73 72 57 115 77 118 60 55 64 60 15 63 62 96 85 21 61 45 118 36 49 17 80 81 42 53 55 59 79 63 80 77 32 55 78 107 26 0 48 74 73 80 92 26 79 73 92 57 37 74 89 80 74 105 6 37 58 66 93 38 93 
21 57 19 31 36 35 30 18 27 25 18 61 48 51 46 73 36 67 41 51 17 5 56 50 37 49 42 53 31 13 31 56 47 52 30 40 36 41 23 57 27 15 68 65 72 34 31 26 23 37 24 29 49 41 29 14 47 72 19 41 58 49 36 53 30 27 17 56 52 42 42 20 27 40 61 31 48 0 59 55 41 67 35 36 31 47 10 33 44 42 37 27 57 52 29 19 44 66 12 73 
80 63 78 30 95 43 73 49 59 34 54 72 84 70 47 14 33 39 98 42 58 60 5 42 42 26 101 11 40 49 70 56 50 75 33 99 39 60 67 3 79 73 81 6 79 93 90 84 40 75 82 34 69 51 71 68 30 81 48 25 68 25 54 37 29 86 75 13 11 38 32 52 86 38 69 78 74 59 0 5 96 22 48 89 85 59 66 86 23 66 89 75 81 71 82 77 103 25 53 19 
76 64 74 28 91 38 71 47 57 30 49 67 79 64 42 18 27 35 93 43 53 57 7 36 41 20 97 6 38 46 68 58 44 70 28 95 34 60 62 2 74 69 76 11 73 89 86 80 35 73 77 29 64 46 69 63 31 76 45 24 68 19 49 39 26 83 70 9 12 32 26 49 82 33 64 76 73 55 5 0 91 20 47 84 80 54 61 83 18 60 84 70 75 71 79 73 99 23 50 20 
29 94 34 71 15 58 59 59 63 64 42 62 33 52 64 109 65 90 7 91 38 43 93 71 78 78 17 87 72 54 62 94 63 48 64 19 61 78 30 93 17 26 64 102 72 24 28 16 56 65 17 62 51 57 58 29 88 70 59 81 94 79 51 94 69 26 24 89 90 67 70 60 25 64 65 55 80 41 96 91 0 97 75 8 11 56 31 47 76 46 8 22 50 85 44 23 27 95 52 105 
88 84 87 45 100 39 87 63 74 44 56 59 79 60 38 25 33 20 101 63 60 70 27 30 61 19 106 17 57 61 85 77 40 66 37 105 36 79 67 21 80 78 68 23 63 100 98 89 45 91 86 39 60 44 86 72 50 66 61 43 88 18 49 59 41 94 80 13 32 31 27 66 93 33 56 92 92 67 22 20 97 0 66 90 87 50 71 98 23 59 90 75 71 91 94 83 110 5 65 10 
49 24 44 23 67 54 28 17 15 28 47 87 82 79 65 58 47 76 74 17 48 32 43 65 6 55 72 49 10 23 24 21 67 82 40 69 52 13 57 47 63 49 96 52 98 61 57 60 39 28 58 39 78 64 27 49 20 98 17 23 26 55 61 22 28 55 51 53 37 57 53 16 55 55 86 34 26 35 48 47 75 66 0 72 66 72 46 45 49 71 72 63 88 25 43 52 70 67 23 67 
29 92 33 65 20 51 58 55 61 58 35 55 26 44 56 102 58 82 14 87 31 40 87 63 74 71 23 80 67 49 61 91 55 41 57 25 54 75 22 86 10 22 57 95 65 28 30 15 49 64 16 55 43 49 58 23 83 63 55 76 92 72 43 90 63 28 20 82 84 59 62 56 27 57 57 55 79 36 89 84 8 90 72 0 6 48 26 48 69 38 1 15 43 84 45 21 33 87 49 98 
23 86 27 60 17 49 52 49 55 53 32 57 30 46 55 99 55 81 14 82 28 34 82 61 68 68 21 77 62 44 55 85 54 43 53 22 51 69 20 82 7 16 60 91 67 24 25 9 45 58 9 51 44 48 51 18 77 65 49 71 86 69 42 84 58 22 14 79 80 57 60 50 21 55 59 49 73 31 85 80 11 87 66 6 0 48 21 42 66 38 7 13 46 77 39 15 30 85 43 95 
61 95 62 52 65 18 77 57 70 44 28 16 30 10 12 70 29 36 62 80 30 52 60 19 70 34 69 48 62 51 77 91 10 17 34 70 22 82 30 56 41 48 25 64 26 69 68 54 33 83 52 34 10 8 76 40 70 27 57 60 98 35 11 79 46 64 48 47 60 22 27 60 63 21 15 78 92 47 59 54 56 50 72 48 48 0 42 78 36 11 48 35 22 94 74 52 77 46 54 60 
19 67 19 40 29 35 38 29 37 33 17 55 38 45 44 79 38 68 32 61 13 14 63 50 48 52 35 58 41 23 40 66 45 45 35 34 37 51 15 63 17 7 62 72 67 30 28 18 27 44 16 33 43 39 37 4 56 66 29 50 68 53 33 63 38 24 9 61 60 43 44 30 23 41 56 37 57 10 66 61 31 71 46 26 21 42 0 36 48 36 27 18 50 61 31 12 39 69 23 78 
20 56 17 56 32 68 18 37 31 54 51 91 70 81 79 99 68 100 42 62 48 29 82 83 51 81 35 83 48 37 22 59 79 80 62 31 69 41 50 84 45 31 97 91 102 24 19 33 55 22 33 60 79 74 19 38 64 102 38 63 54 81 68 67 58 20 32 86 77 75 75 35 21 73 92 12 37 33 86 83 47 98 45 48 42 78 36 0 76 72 49 49 84 43 5 29 29 97 33 102 
65 70 64 26 78 20 66 42 55 23 34 49 61 46 24 35 11 27 79 51 38 47 24 20 44 6 83 12 39 39 65 64 27 52 14 82 16 61 46 20 59 56 59 29 57 78 75 66 22 71 64 16 46 28 65 49 39 59 41 30 74 6 31 48 21 71 57 13 25 14 8 45 70 15 47 70 74 44 23 18 76 23 49 69 66 36 48 76 0 43 69 54 57 74 72 60 88 21 43 30 
53 95 55 54 55 23 72 56 68 46 25 20 20 9 21 78 34 47 52 82 25 47 65 29 70 42 60 55 63 49 73 92 20 11 37 60 27 80 22 63 32 41 26 71 31 60 60 45 34 79 43 37 7 15 72 33 72 30 55 63 97 43 12 82 49 56 40 55 65 29 34 58 55 28 21 73 89 42 66 60 46 59 71 38 38 11 36 72 43 0 37 25 17 92 67 44 68 55 51 69 
30 93 34 66 21 51 59 55 62 58 36 54 25 44 56 103 58 82 15 88 32 40 87 63 74 71 24 80 68 50 62 92 55 40 57 26 54 76 23 86 11 23 56 95 64 29 31 16 49 65 16 55 42 49 58 24 83 62 56 76 93 72 43 90 63 29 21 82 85 59 62 57 28 57 57 56 80 37 89 84 8 90 72 1 7 48 27 49 69 37 0 15 42 85 46 22 34 87 49 98 
30 85 33 53 30 36 54 46 54 45 21 44 21 33 42 88 44 68 27 77 18 32 73 48 64 56 34 66 57 39 57 83 41 32 42 35 39 68 8 72 6 18 48 81 55 35 35 19 35 61 18 41 32 35 54 14 71 54 46 64 85 57 28 79 50 32 17 67 71 44 48 47 30 42 46 53 74 27 75 70 22 75 63 15 13 35 18 49 54 25 15 0 35 78 45 20 42 72 40 83 
65 111 67 71 62 39 87 72 83 63 41 15 17 11 34 92 49 55 57 99 41 62 81 41 87 56 66 69 79 66 88 108 32 6 53 67 43 97 35 77 40 53 14 86 23 69 70 54 50 93 52 53 12 29 86 46 89 20 71 80 113 57 28 98 65 67 52 69 81 43 49 75 65 43 19 86 105 57 81 75 50 71 88 43 46 22 50 84 57 17 42 35 0 108 80 55 75 67 67 81 
56 14 51 48 73 78 27 37 25 52 67 110 99 101 89 80 72 101 82 32 67 47 66 89 30 80 77 74 35 43 23 20 91 103 65 73 76 13 75 71 77 62 118 75 120 65 61 69 62 21 68 63 99 87 27 65 42 121 38 47 11 80 83 38 53 60 64 78 60 81 78 34 61 79 109 32 6 52 71 71 85 91 25 84 77 94 61 43 74 92 85 78 108 0 43 63 72 92 41 91 
16 55 12 52 30 64 17 33 28 50 46 87 66 76 74 95 64 95 40 60 44 24 78 78 48 77 34 78 45 33 21 57 75 76 58 30 64 40 46 80 41 27 92 88 98 22 18 30 51 22 30 56 74 69 17 34 62 97 35 60 54 77 63 64 54 18 28 82 73 71 70 32 19 68 88 11 37 29 82 79 44 94 43 45 39 74 31 5 72 67 46 45 80 43 0 25 29 93 30 98 
10 71 13 50 18 47 37 36 40 44 28 63 41 52 55 91 50 79 22 68 24 20 74 61 55 64 24 70 49 31 40 71 55 51 46 22 48 55 22 74 15 4 68 83 74 18 17 8 38 43 6 45 50 49 37 12 65 73 36 60 71 65 43 71 48 13 3 73 70 55 56 36 12 52 65 34 58 19 77 73 23 83 52 21 15 52 12 29 60 44 22 20 55 63 25 0 28 81 29 89 
23 84 27 74 13 74 46 57 56 69 56 86 59 76 82 117 78 107 20 87 51 43 100 88 75 92 10 97 71 55 50 86 82 73 74 8 76 68 48 101 36 32 89 109 97 10 13 23 66 50 26 72 74 76 46 39 87 95 58 84 82 92 69 91 74 17 31 100 96 82 84 57 18 80 88 40 66 44 103 99 27 110 70 33 30 77 39 29 88 68 34 42 75 72 29 28 0 108 52 117 
87 86 85 45 98 36 87 63 75 44 53 55 75 56 34 30 31 15 99 65 58 69 30 26 62 17 104 18 57 60 85 80 36 62 35 103 33 80 65 24 78 77 64 27 59 99 97 86 43 91 84 37 56 40 86 69 53 62 61 45 90 16 45 61 41 92 78 14 34 28 25 66 91 30 51 91 93 66 25 23 95 5 67 87 85 46 69 97 21 55 87 72 67 92 93 81 108 0 64 15 
29 45 25 23 46 40 24 6 16 20 27 69 59 60 51 66 36 68 52 39 27 9 49 53 25 49 52 49 20 4 23 44 52 62 30 49 39 30 35 51 39 27 77 59 80 42 38 37 24 29 35 28 58 47 23 26 36 80 7 32 46 49 43 42 24 35 29 53 44 45 43 8 35 43 69 27 38 12 53 50 52 65 23 49 43 54 23 33 43 51 49 40 67 41 30 29 52 64 0 69 
94 83 92 47 107 48 90 66 77 49 63 69 88 70 48 17 40 29 109 61 67 75 24 40 61 27 113 20 58 65 88 76 50 76 43 111 44 79 76 20 88 85 78 18 73 107 104 96 51 93 93 45 70 54 89 79 49 76 65 43 87 27 58 56 45 100 87 17 30 40 36 69 99 42 66 95 93 73 19 20 105 10 67 98 95 60 78 102 30 69 98 83 81 91 98 89 117 15 69 0 
0 0 116 1959 434 0 562 172 33 36 671 214 0 0 328 556 72 0 0 0 412 1121 13 283 78 3000 303 11 82 0 0 93 365 22 0 387 166 0 0 0 198 160 0 123 245 545 173 0 0 0 1335 0 17 271 814 84 442 453 166 14 454 0 1162 980 157 0 267 0 10 303 48 951 0 168 0 0 120 0 2153 237 69 179 3000 85 0 1262 329 522 0 0 12 269 334 100 0 2564 1351 157 101 239 
0 0 649 3000 0 339 0 2075 3000 45 80 0 0 0 488 19 0 0 59 0 23 1587 0 0 10 3000 469 23 1971 0 0 827 16 0 0 7 103 0 145 0 56 39 1361 892 0 250 638 3000 0 0 159 0 435 676 53 0 742 0 0 0 562 0 13 0 1007 0 603 0 0 0 23 48 0 1518 466 0 0 0 328 70 8 8 0 0 3000 18 0 0 13 7 0 1033 10 310 0 0 3000 309 0 0 
116 649 0 259 96 27 12 52 1191 20 15 127 0 0 19 28 215 0 126 146 46 117 0 28 70 3000 616 61 68 535 645 305 145 0 775 19 3000 0 19 0 9 43 44 58 200 8 83 955 0 53 8 0 1196 1024 10 87 101 26 27 235 43 131 1280 0 114 0 549 0 35 56 52 260 0 25 8 0 0 0 95 20 96 12 12 27 750 134 1149 248 97 24 58 20 119 14 7 0 2227 21 16 0 
1959 3000 259 0 898 151 22 34 32 156 3000 32 0 0 25 876 190 0 2039 0 260 134 0 300 161 17 80 494 218 0 0 101 42 0 0 103 17 0 0 0 50 119 0 7 2733 93 1015 46 0 0 203 0 438 30 102 635 60 173 577 322 74 0 70 0 189 0 1853 0 303 7 19 29 0 26 0 0 0 0 72 70 394 157 69 27 8 922 174 722 0 0 16 171 1410 184 0 762 343 184 175 0 
434 0 96 898 0 0 0 416 97 170 0 169 16 2299 452 84 15 30 249 3000 110 67 208 0 63 116 14 22 97 19 144 27 22 307 19 24 9 37 43 212 1614 290 685 60 142 13 210 38 180 500 0 388 105 73 16 9 117 0 0 0 2830 156 49 82 883 37 350 247 0 40 27 2790 26 1103 24 33 51 17 0 0 1981 0 233 37 34 128 134 14 457 232 82 8 604 98 10 18 0 0 485 393 
0 339 27 151 0 0 0 113 91 138 27 0 0 0 323 111 0 0 1322 0 160 42 0 0 61 43 0 14 316 0 69 276 33 0 0 881 1271 0 513 0 81 225 347 34 0 158 14 123 0 0 288 0 25 26 78 0 160 0 0 0 107 0 954 0 361 0 280 0 0 0 282 330 0 165 113 0 0 0 23 0 31 164 0 0 41 144 0 0 65 8 0 9 797 3000 0 0 16 118 0 0 
562 0 12 22 0 0 0 302 16 404 780 28 0 0 0 92 165 0 0 0 311 96 1226 1462 1534 0 153 58 865 0 0 132 2823 24 0 30 11 0 0 0 0 315 0 51 1003 0 9 0 0 0 1407 0 40 27 94 3000 57 448 160 15 44 0 0 0 77 0 371 0 379 27 155 0 0 95 0 0 612 0 17 73 47 265 0 84 0 83 18 793 0 0 25 589 1017 28 0 282 32 276 126 0 
172 2075 52 34 416 113 302 0 1504 167 16 298 518 58 9 258 298 49 2798 686 2057 9 226 152 2600 32 976 17 63 205 77 9 59 25 32 3000 462 549 275 83 57 117 69 2014 2064 416 19 12 25 437 412 698 36 102 110 265 23 18 12 0 43 57 990 86 56 50 39 63 0 19 287 498 393 90 197 7 86 17 21 133 48 599 47 128 166 18 3000 58 90 70 653 23 21 17 934 25 202 186 7 234 
33 3000 1191 32 97 91 16 1504 0 64 84 144 35 706 1376 69 39 283 2207 31 51 94 413 874 66 23 826 20 1323 419 10 19 548 2783 498 381 59 2219 606 568 36 114 687 246 29 50 539 23 911 1204 54 3000 15 9 12 73 14 67 42 0 279 853 1671 8 143 53 16 113 0 60 252 63 91 1105 30 298 122 134 29 336 15 10 9 42 916 212 346 24 242 14 416 273 38 34 161 925 469 28 655 143 
36 45 20 156 170 138 404 167 64 0 199 8 27 0 23 155 467 0 55 41 21 252 9 1342 348 1475 17 26 326 63 13 123 46 570 505 37 136 0 349 1003 28 51 50 111 248 65 34 32 13 41 92 26 843 190 30 470 62 475 71 170 11 9 8 25 18 664 17 2030 45 145 415 109 0 12 1086 457 247 529 126 263 35 67 8 1698 63 37 124 38 35 20 10 79 118 11 954 17 1126 1690 2964 142 
671 80 15 3000 0 27 780 16 84 199 0 338 0 0 0 164 204 0 0 0 69 157 22 3000 368 1019 71 231 171 0 0 720 1026 17 0 26 23 0 0 0 243 37 0 470 159 27 489 0 0 0 62 0 253 11 2250 38 11 223 35 249 14 0 9 0 619 0 83 0 1399 55 840 0 0 1185 0 0 8 0 330 85 28 75 0 53 0 2262 55 104 0 0 395 12 427 94 0 39 47 28 1450 0 
214 0 127 32 169 0 28 298 144 8 338 0 10 311 29 689 398 334 117 30 197 19 1998 1161 2141 32 47 0 134 8 274 0 9 89 55 12 0 633 0 1622 62 2407 265 781 294 91 0 0 44 71 0 107 0 2504 78 465 0 18 423 0 506 2783 37 24 0 170 916 159 0 89 724 136 2357 0 21 159 568 429 0 0 0 10 423 181 0 0 441 57 31 67 8 32 41 10 8 202 0 0 870 11 
0 0 0 0 16 0 0 518 35 27 0 10 0 2691 18 16 13 775 54 10 8 64 111 0 343 85 0 0 0 30 2234 0 327 521 17 192 0 269 40 24 35 153 399 24 0 217 0 81 236 753 0 60 0 0 0 18 0 0 0 0 1687 124 481 107 0 11 26 35 0 1824 0 637 35 0 276 20 0 143 0 0 18 0 33 0 9 0 45 0 2712 199 0 219 101 0 39 0 0 0 27 44 
0 0 0 0 2299 0 0 58 706 0 0 311 2691 0 61 0 75 216 1083 594 0 0 100 0 78 80 0 0 0 11 3000 0 589 285 183 67 0 139 387 402 26 0 1593 0 0 101 0 41 411 758 0 8 0 0 0 0 0 0 0 0 221 11 931 35 0 324 513 0 0 28 0 34 206 0 2701 44 0 32 0 0 0 0 30 0 213 0 21 0 1680 12 0 43 0 0 15 0 0 0 0 42 
328 488 19 25 452 323 0 9 1376 23 0 29 18 61 0 1230 101 100 323 8 34 96 324 0 842 2099 0 3000 29 204 11 1078 462 3000 8 95 86 68 155 196 207 11 142 8 72 257 8 1123 45 50 0 34 16 17 34 1020 24 0 0 0 94 10 39 80 86 387 1380 40 0 318 147 204 8 1226 83 337 67 99 0 0 86 0 50 111 81 241 3000 3000 7 1096 0 93 66 39 46 304 256 0 11 721 
556 19 28 876 84 111 92 258 69 155 164 689 16 0 1230 0 8 0 60 208 1334 543 26 3000 15 694 29 387 13 39 191 14 29 31 30 3000 33 0 117 354 421 892 2104 37 298 17 17 2428 0 147 105 29 783 244 3000 53 186 40 86 1337 109 8 2713 9 1547 286 234 0 57 117 3000 596 0 3000 650 1477 574 286 82 14 285 1392 14 22 938 403 909 445 787 369 755 27 14 14 122 987 8 28 53 144 
72 0 215 190 15 0 165 298 39 467 204 398 13 75 101 8 0 184 164 10 25 152 20 37 797 51 93 218 765 10 43 63 497 19 500 759 0 43 20 399 560 21 1597 49 86 1735 19 0 86 1656 9 60 42 14 1483 231 38 102 300 46 105 2679 26 23 13 311 302 386 10 18 24 77 557 15 46 3000 134 328 355 123 138 385 96 19 3000 151 62 16 32 76 68 582 194 145 20 27 35 155 58 562 
0 0 0 0 30 0 0 49 283 0 0 334 775 216 100 0 184 0 41 195 0 17 41 0 107 238 0 0 0 37 2694 0 2458 19 46 19 0 983 3000 327 11 0 461 0 0 17 0 31 119 9 0 251 0 0 0 19 0 0 0 0 3000 82 135 16 0 85 419 0 0 366 0 502 22 0 9 10 0 69 0 0 455 0 123 0 2252 0 57 0 359 657 0 97 0 0 9 0 0 0 0 0 
0 59 126 2039 249 1322 0 2798 2207 55 0 117 54 1083 323 60 164 41 0 771 250 130 0 0 10 83 0 3000 1953 940 26 24 354 0 584 51 393 535 87 55 13 32 702 685 0 227 39 7 11 83 95 501 92 47 471 65 105 0 0 0 33 51 844 320 650 2438 71 0 0 26 3000 86 229 38 13 633 0 0 20 0 136 218 39 0 44 150 0 77 3000 564 0 120 13 1533 58 0 241 56 189 0 
0 0 146 0 3000 0 0 686 31 41 0 30 10 594 8 208 10 195 771 0 14 106 244 0 258 176 0 0 211 144 3000 191 22 334 271 9 0 12 74 162 161 96 28 1332 113 18 10 147 82 263 0 122 0 90 37 1190 271 0 0 0 21 683 2624 3000 57 18 81 261 0 372 2673 255 882 0 35 117 289 21 0 0 798 0 669 41 10 47 35 324 35 98 50 3000 54 140 13 11 0 0 105 89 
412 23 46 260 110 160 311 2057 51 21 69 197 8 0 34 1334 25 0 250 14 0 64 21 14 60 45 1130 38 2336 290 44 131 3000 96 257 2037 143 0 341 1438 56 645 868 2193 93 42 495 960 0 215 96 186 20 10 144 9 443 87 107 197 8 8 118 14 176 12 3000 49 1891 16 126 225 0 63 94 106 22 177 391 111 19 709 28 307 11 8 15 157 10 166 1191 1205 45 13 71 470 250 3000 323 2603 
1121 1587 117 134 67 42 96 9 94 252 157 19 64 0 96 543 152 17 130 106 64 0 0 2057 1424 293 1650 26 94 14 63 1200 31 3000 10 85 621 0 167 3000 1305 7 509 97 44 35 1174 13 0 1093 187 326 3000 2538 14 2731 467 191 43 908 63 665 66 17 130 0 114 0 310 192 135 300 0 152 795 9 0 0 642 2252 784 16 64 30 118 402 1058 130 161 321 335 34 416 691 287 0 54 1138 48 0 
13 0 0 0 208 0 1226 226 413 9 22 1998 111 100 324 26 20 41 0 244 21 0 0 189 16 0 113 0 35 829 138 0 9 316 1322 359 0 65 0 15 18 1851 304 985 44 108 0 0 47 41 0 0 0 129 480 517 0 243 111 0 27 76 83 303 0 8 73 335 0 1343 11 15 38 0 0 191 57 26 0 0 0 791 736 527 0 0 170 538 0 11 111 65 848 23 53 31 0 0 882 34 
283 0 28 300 0 0 1462 152 874 1342 3000 1161 0 0 0 3000 37 0 0 0 14 2057 189 0 3000 0 3000 2081 20 0 0 326 584 3000 0 231 217 0 0 0 817 423 0 3000 118 0 15 0 0 0 2993 0 20 944 24 1284 285 143 165 1154 7 0 18 0 31 0 8 0 961 49 932 0 0 227 0 0 1284 0 246 88 3000 734 0 678 0 92 10 240 0 0 18 20 58 62 0 2890 9 222 21 0 
78 10 70 161 63 61 1534 2600 66 348 368 2141 343 78 842 15 797 107 10 258 60 1424 16 3000 0 39 59 93 33 109 205 1307 38 2143 8 11 50 2064 3000 142 52 90 675 27 389 1469 368 219 57 61 61 1059 3000 962 87 34 100 1228 29 0 77 107 477 130 2018 70 99 3000 213 9 30 79 71 587 63 72 44 542 16 3000 249 70 384 80 104 228 76 44 23 9 178 573 1752 167 225 34 1002 1832 211 293 
3000 3000 3000 17 116 43 0 32 23 1475 1019 32 85 80 2099 694 51 238 83 176 45 293 0 0 39 0 56 19 14 8 188 8 1957 0 186 53 449 30 60 399 32 27 9 850 0 98 798 244 15 59 2302 1001 17 35 82 147 71 0 0 0 10 589 170 8 154 61 17 0 0 236 397 241 13 57 593 1089 0 0 69 0 3000 191 74 0 62 11 70 272 182 82 0 216 193 17 18 0 157 553 34 0 
303 469 616 80 14 0 153 976 826 17 71 47 0 0 0 29 93 0 0 0 1130 1650 113 3000 59 56 0 430 77 0 0 36 17 236 0 70 407 0 0 0 1531 3000 0 97 249 3000 995 0 0 0 162 0 44 1233 99 3000 12 2688 92 28 223 0 20 435 70 0 64 0 91 545 9 51 0 738 0 0 71 0 137 1971 21 150 311 48 0 23 12 18 0 0 157 126 86 172 0 392 3000 37 57 0 
11 23 61 494 22 14 58 17 20 26 231 0 0 0 3000 387 218 0 3000 0 38 26 0 2081 93 19 430 0 133 0 0 130 7 0 0 27 12 0 13 0 255 521 3000 123 596 3000 766 18 0 0 47 0 58 18 23 11 17 33 9 161 524 0 3000 0 739 0 487 0 761 0 267 349 0 2926 346 0 0 0 899 41 209 11 287 0 1028 120 0 25 235 0 0 565 524 163 0 0 27 78 17 0 
82 1971 68 218 97 316 865 63 1323 326 171 134 0 0 29 13 765 0 1953 211 2336 94 35 20 33 14 77 133 0 0 0 120 148 11 0 9 263 0 276 0 486 20 0 930 205 35 186 105 0 0 152 0 330 20 54 134 69 15 16 111 444 0 196 0 1403 0 17 0 2391 50 220 381 0 11 0 0 0 0 783 60 181 287 68 14 206 181 10 17 9 0 274 281 137 518 504 3000 20 39 895 0 
0 0 535 0 19 0 0 205 419 63 0 8 30 11 204 39 10 37 940 144 290 14 829 0 109 8 0 0 0 0 261 0 109 359 107 107 0 317 3000 873 327 21 255 491 74 2316 0 10 39 1008 0 168 0 106 71 8 0 0 0 0 192 15 38 31 18 100 942 10 0 265 203 13 14 0 1805 93 7 203 0 0 149 0 534 3000 13 0 506 0 562 46 0 39 178 0 1039 73 0 0 92 87 
0 0 645 0 144 69 0 77 10 13 0 274 2234 3000 11 191 43 2694 26 3000 44 63 138 0 205 188 0 0 0 261 0 103 24 12 341 1291 543 34 261 7 55 110 424 1546 0 401 621 118 15 473 0 3000 0 0 377 210 0 0 0 0 42 1204 346 29 8 2332 75 0 0 29 26 143 218 0 62 188 0 11 0 0 13 0 425 0 95 1620 289 0 903 33 0 14 206 0 66 0 0 0 0 0 
93 827 305 101 27 276 132 9 19 123 720 0 0 0 1078 14 63 0 24 191 131 1200 0 326 1307 8 36 130 120 0 103 0 692 0 1279 256 78 0 56 0 23 109 10 206 55 388 8 52 0 466 443 0 1848 75 82 733 1308 413 102 290 256 0 467 0 509 0 13 0 44 0 216 684 0 462 31 0 0 0 549 12 291 330 18 113 79 12 0 258 64 40 97 25 1246 758 19 0 9 132 11 0 
365 16 145 42 22 33 2823 59 548 46 1026 9 327 589 462 29 497 2458 354 22 3000 31 9 584 38 1957 17 7 148 109 24 692 0 52 54 55 11 105 274 82 240 56 392 18 630 70 69 28 529 63 47 64 451 8 421 62 34 0 3000 0 80 47 116 69 2633 849 15 762 0 29 16 41 35 21 18 636 318 10 12 52 8 330 19 25 294 28 14 524 146 670 11 566 55 353 46 811 196 1553 222 9 
22 0 0 0 307 0 24 25 2783 570 17 89 521 285 3000 31 19 19 0 334 96 3000 316 3000 2143 0 236 0 11 359 12 0 52 0 493 71 0 644 0 57 202 7 3000 137 42 53 0 0 565 56 0 8 0 23 69 580 0 0 237 0 16 94 175 27 0 178 37 58 0 26 23 27 711 0 2479 35 36 13 0 0 0 200 377 82 0 0 112 647 10 165 499 16 15 84 174 19 0 0 37 30 
0 0 775 0 19 0 0 32 498 505 0 55 17 183 8 30 500 46 584 271 257 10 1322 0 8 186 0 0 0 107 341 1279 54 493 0 10 0 1083 63 25 121 528 2469 201 25 27 0 50 163 18 0 11 0 0 22 184 0 0 0 0 2412 221 39 13 138 1484 375 2462 0 11 295 798 40 0 389 16 12 703 0 0 12 0 15 0 13 1146 1442 0 402 8 0 15 622 0 29 0 0 0 14 13 
387 7 19 103 24 881 30 3000 381 37 26 12 192 67 95 3000 759 19 51 9 2037 85 359 231 11 53 70 27 9 107 1291 256 55 71 10 0 17 241 14 3000 1071 176 13 116 185 3000 11 97 76 288 3000 328 159 33 451 60 49 478 53 3000 1275 24 926 45 58 1016 21 0 79 822 129 12 13 747 51 776 152 0 27 138 14 3000 11 195 45 22 339 27 128 186 117 13 428 14 27 9 26 132 25 68 
166 103 3000 17 9 1271 11 462 59 136 23 0 0 0 86 33 0 0 393 0 143 621 0 217 50 449 407 12 263 0 543 78 11 0 0 17 0 0 1047 0 190 86 92 270 0 886 26 10 0 0 11 3000 80 182 56 0 66 61 0 0 11 0 74 0 26 0 341 0 100 0 2813 150 0 1314 121 0 0 0 149 330 68 2829 327 0 325 375 0 759 3000 36 0 25 509 52 635 0 49 50 3000 0 
0 0 0 0 37 0 0 549 2219 0 0 633 269 139 68 0 43 983 535 12 0 0 65 0 2064 30 0 0 0 317 34 0 105 644 1083 241 0 0 58 23 666 0 106 0 0 29 0 0 16 272 0 9 0 0 0 506 0 0 0 0 67 3000 69 279 0 66 162 30 0 29 0 119 139 0 155 78 67 195 0 0 0 0 9 0 167 0 53 0 78 94 0 158 0 0 25 0 0 0 521 907 
0 145 19 0 43 513 0 275 606 349 0 0 40 387 155 117 20 3000 87 74 341 167 0 0 3000 60 0 13 276 3000 261 56 274 0 63 14 1047 58 0 63 2814 48 20 727 0 89 13 51 458 3000 0 55 13 17 65 24 821 0 0 0 507 364 465 91 802 164 89 0 0 3000 91 252 25 15 120 37 0 0 0 0 2874 0 275 0 145 96 0 0 1702 1062 0 121 14 0 24 0 11 0 0 0 
0 0 0 0 212 0 0 83 568 1003 0 1622 24 402 196 354 399 327 55 162 1438 3000 15 0 142 399 0 0 0 873 7 0 82 57 25 3000 0 23 63 0 212 9 42 21 0 37 0 495 136 19 0 1031 0 0 0 24 0 0 0 0 14 98 809 235 0 220 60 176 0 211 0 788 23 0 314 52 200 10 0 0 0 0 70 0 27 0 2528 0 105 729 0 40 195 0 243 0 0 0 71 78 
198 56 9 50 1614 81 0 57 36 28 243 62 35 26 207 421 560 11 13 161 56 1305 18 817 52 32 1531 255 486 327 55 23 240 202 121 1071 190 666 2814 212 0 572 1445 182 1161 967 17 211 82 13 40 70 828 9 393 146 275 0 149 0 9 1223 36 30 56 91 100 74 0 13 74 12 113 75 12 171 455 177 10 0 254 22 818 2134 3000 151 860 2740 79 99 3000 16 18 139 184 787 183 293 85 225 
160 39 43 119 290 225 315 117 114 51 37 2407 153 0 11 892 21 0 32 96 645 7 1851 423 90 27 3000 521 20 21 110 109 56 7 528 176 86 0 48 9 572 0 24 121 81 18 50 3000 0 517 3000 14 13 25 300 720 1844 465 299 196 42 82 257 109 374 12 907 0 3000 3000 324 107 0 26 12 415 344 0 54 409 1681 53 113 95 156 14 1198 256 45 54 17 2054 700 53 26 35 414 101 1075 132 
0 1361 44 0 685 347 0 69 687 50 0 265 399 1593 142 2104 1597 461 702 28 868 509 304 0 675 9 0 3000 0 255 424 10 392 3000 2469 13 92 106 20 42 1445 24 0 243 0 16 31 124 754 26 0 61 0 0 156 527 350 0 0 0 207 8 142 37 199 180 153 0 0 35 376 573 48 0 85 14 0 525 0 0 2675 0 1010 0 671 3000 302 0 167 54 0 1629 75 0 98 0 0 0 15 425 
123 892 58 7 60 34 51 2014 246 111 470 781 24 0 8 37 49 0 685 1332 2193 97 985 3000 27 850 97 123 930 491 1546 206 18 137 201 116 270 0 727 21 182 121 243 0 1986 3000 523 133 0 317 299 0 42 370 2850 13 130 558 208 241 8 48 389 436 43 297 132 10 44 263 377 70 0 740 1767 1631 276 2216 787 291 43 26 94 170 494 270 132 216 12 27 746 51 52 1352 16 1461 17 148 7 19 
245 0 200 2733 142 0 1003 2064 29 248 159 294 0 0 72 298 86 0 0 113 93 44 44 118 389 0 249 596 205 74 0 55 630 42 25 185 0 0 0 0 1161 81 0 1986 0 34 19 0 0 0 1125 0 110 36 19 1375 13 82 149 42 29 0 26 72 27 999 1100 11 255 77 1287 11 0 967 0 66 247 263 436 11 1035 108 55 937 0 20 124 329 0 0 8 759 162 45 1016 555 323 16 29 42 
545 250 8 93 13 158 0 416 50 65 27 91 217 101 257 17 1735 17 227 18 42 35 108 0 1469 98 3000 3000 35 2316 401 388 70 53 27 3000 886 29 89 37 967 18 16 3000 34 0 23 352 412 24 0 137 492 47 3000 184 25 0 0 0 308 125 129 65 30 9 322 12 0 68 203 36 47 11 367 2512 25 312 119 0 365 8 53 51 970 58 451 703 609 20 38 89 921 137 55 2523 129 244 30 33 
173 638 83 1015 210 14 9 19 539 34 489 0 0 0 8 17 19 0 39 10 495 1174 0 15 368 798 995 766 186 0 621 8 69 0 0 11 26 0 13 0 17 50 31 523 19 23 0 172 0 0 35 0 83 54 94 148 24 3000 117 216 444 0 1746 0 14 0 429 0 885 0 38 7 0 46 277 0 0 0 127 40 303 2378 17 0 407 34 0 15 385 9 0 720 8 204 12 0 10 47 62 0 
0 3000 955 46 38 123 0 12 23 32 0 0 81 41 1123 2428 0 31 7 147 960 13 0 0 219 244 0 18 105 10 118 52 28 0 50 97 10 0 51 495 211 3000 124 133 0 352 172 0 54 1301 98 1751 21 173 729 0 29 0 0 0 79 38 106 0 3000 0 33 0 0 0 43 926 335 35 3000 0 0 0 11 0 19 11 64 0 1305 1671 0 0 925 187 0 357 3000 59 458 0 24 287 0 0 
0 0 0 0 180 0 0 25 911 13 0 44 236 411 45 0 86 119 11 82 0 0 47 0 57 15 0 0 0 39 15 0 529 565 163 76 0 16 458 136 82 0 754 0 0 412 0 54 0 473 0 667 0 0 0 24 0 0 0 0 53 41 99 10 0 338 461 912 0 93 0 24 864 0 10 9 28 746 0 0 0 0 449 0 390 0 14 0 231 26 0 106 0 0 1002 0 0 0 31 789 
0 0 53 0 500 0 0 437 1204 41 0 71 753 758 50 147 1656 9 83 263 215 1093 41 0 61 59 0 0 0 1008 473 466 63 56 18 288 0 272 3000 19 13 517 26 317 0 24 0 1301 473 0 0 837 0 0 82 1530 0 0 0 0 520 19 128 773 429 769 54 669 0 298 858 45 16 0 606 105 16 422 0 0 74 0 65 0 28 8 650 0 26 10 0 43 439 0 330 0 0 0 1733 757 
1335 159 8 203 0 288 1407 412 54 92 62 0 0 0 0 105 9 0 95 0 96 187 0 2993 61 2302 162 47 152 0 0 443 47 0 0 3000 11 0 0 0 40 3000 0 299 1125 0 35 98 0 0 0 0 702 46 132 28 12 179 1678 39 57 0 638 0 10 0 15 0 20 0 13 914 0 187 0 0 0 0 33 1885 131 99 0 1943 0 803 329 172 0 0 18 48 1582 353 0 17 180 13 31 0 
0 0 0 0 388 0 0 698 3000 26 0 107 60 8 34 29 60 251 501 122 186 326 0 0 1059 1001 0 0 0 168 3000 0 64 8 11 328 3000 9 55 1031 70 14 61 0 0 137 0 1751 667 837 0 0 0 0 0 12 0 0 0 0 236 32 193 46 41 2711 194 0 0 56 0 2539 817 0 205 41 0 42 0 0 16 0 33 0 7 51 61 0 237 44 0 262 0 0 41 0 0 0 0 0 
17 435 1196 438 105 25 40 36 15 843 253 0 0 0 16 783 42 0 92 0 20 3000 0 20 3000 17 44 58 330 0 0 1848 451 0 0 159 80 0 13 0 828 13 0 42 110 492 83 21 0 0 702 0 0 43 31 43 74 136 2058 31 610 0 23 0 3000 0 77 0 1305 0 8 8 0 459 0 0 0 0 267 557 10 1719 502 59 710 59 0 11 66 0 18 173 129 3000 0 0 137 1576 8 0 
271 676 1024 30 73 26 27 102 9 190 11 2504 0 0 17 244 14 0 47 90 10 2538 129 944 962 35 1233 18 20 106 0 75 8 23 0 33 182 0 17 0 9 25 0 370 36 47 54 173 0 0 46 0 43 0 563 1285 496 86 21 27 283 0 106 38 14 0 16 0 625 75 128 75 0 432 0 73 23 0 13 267 73 113 294 55 3000 53 206 2623 0 0 18 428 2704 17 7 279 14 116 175 398 
814 53 10 102 16 78 94 110 12 30 2250 78 0 0 34 3000 1483 0 471 37 144 14 480 24 87 82 99 23 54 71 377 82 421 69 22 451 56 0 65 0 393 300 156 2850 19 3000 94 729 0 82 132 0 31 563 0 1439 50 52 64 607 755 70 315 12 66 0 49 0 61 20 2046 518 0 716 25 30 1091 0 84 218 47 52 11 14 11 55 71 18 19 15 898 19 55 547 84 9 272 546 627 0 
84 0 87 635 9 0 3000 265 73 470 38 465 18 0 1020 53 231 19 65 1190 9 2731 517 1284 34 147 3000 11 134 8 210 733 62 580 184 60 0 506 24 24 146 720 527 13 1375 184 148 0 24 1530 28 12 43 1285 1439 0 11 733 46 1736 28 20 7 106 241 482 147 21 1628 36 40 119 13 545 16 28 251 317 8 383 311 177 128 11 507 22 10 15 191 50 275 119 13 160 275 9 98 52 117 279 
442 742 101 60 117 160 57 23 14 62 11 0 0 0 24 186 38 0 105 271 443 467 0 285 100 71 12 17 69 0 0 1308 34 0 0 49 66 0 821 0 275 1844 350 130 13 25 24 29 0 0 12 0 74 496 50 11 0 17 54 215 89 0 3000 0 417 0 52 0 3000 0 142 1231 0 13 80 0 0 0 224 298 179 69 11 12 283 318 0 16 40 637 49 26 1496 51 77 0 66 14 227 0 
453 0 26 173 0 0 448 18 67 475 223 18 0 0 0 40 102 0 0 0 87 191 243 143 1228 0 2688 33 15 0 0 413 0 0 0 478 61 0 0 0 0 465 0 558 82 0 3000 0 0 0 179 0 136 86 52 733 17 0 1243 351 798 0 0 0 20 0 54 0 18 0 154 0 0 9 0 0 142 0 14 312 33 196 0 339 0 3000 123 898 0 0 11 27 1911 818 0 198 80 52 1601 0 
166 0 27 577 0 0 160 12 42 71 35 423 0 0 0 86 300 0 0 0 107 43 111 165 29 0 92 9 16 0 0 102 3000 237 0 53 0 0 0 0 149 299 0 208 149 0 117 0 0 0 1678 0 2058 21 64 46 54 1243 0 565 112 0 130 1573 40 0 467 394 8 242 71 0 0 115 0 89 10 0 12 28 0 22 0 185 0 0 243 91 0 0 222 945 76 42 0 21 1001 635 1713 378 
14 0 235 322 0 0 15 0 0 170 249 0 0 0 0 1337 46 0 0 0 197 908 0 1154 0 0 28 161 111 0 0 290 0 0 0 3000 0 0 0 0 0 196 0 241 42 0 216 0 0 0 39 0 31 27 607 1736 215 351 565 0 326 0 0 0 926 0 0 0 320 0 24 0 0 3000 0 0 0 0 87 3000 0 85 0 739 0 1113 0 95 0 0 2008 0 3000 3000 0 23 20 152 696 0 
454 562 43 74 2830 107 44 43 279 11 14 506 1687 221 94 109 105 3000 33 21 8 63 27 7 77 10 223 524 444 192 42 256 80 16 2412 1275 11 67 507 14 9 42 207 8 29 308 444 79 53 520 57 236 610 283 755 28 89 798 112 326 0 803 144 2508 61 1407 155 162 8 9 144 255 64 20 131 2092 120 51 108 2006 1063 9 313 79 45 521 36 78 121 52 977 40 65 579 218 43 76 301 68 1712 
0 0 131 0 156 0 0 57 853 9 0 2783 124 11 10 8 2679 82 51 683 8 665 76 0 107 589 0 0 0 15 1204 0 47 94 221 24 0 3000 364 98 1223 82 8 48 0 125 0 38 41 19 0 32 0 0 70 20 0 0 0 0 803 0 239 209 2068 190 79 1354 0 8 0 26 223 0 41 34 0 193 0 0 22 0 74 0 89 203 10 0 69 136 0 146 199 0 685 0 0 0 1044 95 
1162 13 1280 70 49 954 0 990 1671 8 9 37 481 931 39 2713 26 135 844 2624 118 66 83 18 477 170 20 3000 196 38 346 467 116 175 39 926 74 69 465 809 36 257 142 389 26 129 1746 106 99 128 638 193 23 106 315 7 3000 0 130 0 144 239 0 212 383 122 445 31 0 84 293 57 39 33 464 160 15 81 1064 0 102 503 41 67 55 23 48 349 73 26 244 433 354 8 200 525 45 768 78 55 
980 0 0 0 82 0 0 86 8 25 0 24 107 35 80 9 23 16 320 3000 14 17 303 0 130 8 435 0 0 31 29 0 69 27 13 45 0 279 91 235 30 109 37 436 72 65 0 0 10 773 0 46 0 38 12 106 0 0 1573 0 2508 209 212 0 0 35 22 8 0 38 27 105 669 0 135 259 41 121 0 0 0 0 1305 1580 114 0 26 16 111 29 35 16 545 66 149 1704 0 0 367 1462 
157 1007 114 189 883 361 77 56 143 18 619 0 0 0 86 1547 13 0 650 57 176 130 0 31 2018 154 70 739 1403 18 8 509 2633 0 138 58 26 0 802 0 56 374 199 43 27 30 14 3000 0 429 10 41 3000 14 66 241 417 20 40 926 61 2068 383 0 0 0 270 0 747 147 14 52 0 86 11 0 0 0 50 7 273 43 18 833 36 23 0 36 10 522 24 87 75 935 90 0 125 519 17 0 
0 0 0 0 37 0 0 50 53 664 0 170 11 324 387 286 311 85 2438 18 12 0 8 0 70 61 0 0 0 100 2332 0 849 178 1484 1016 0 66 164 220 91 12 180 297 999 9 0 0 338 769 0 2711 0 0 0 482 0 0 0 0 1407 190 122 35 0 0 21 280 0 31 0 363 2586 0 455 463 12 178 0 0 0 0 732 0 1438 0 119 0 72 429 0 106 397 0 441 51 0 0 75 15 
267 603 549 1853 350 280 371 39 16 17 83 916 26 513 1380 234 302 419 71 81 3000 114 73 8 99 17 64 487 17 942 75 13 15 37 375 21 341 162 89 60 100 907 153 132 1100 322 429 33 461 54 15 194 77 16 49 147 52 54 467 0 155 79 445 22 270 21 0 3000 63 19 12 12 48 692 2083 153 48 66 259 279 1466 12 23 1356 65 154 331 739 112 3000 158 39 10 156 10 462 608 513 559 10 
0 0 0 0 247 0 0 63 113 2030 0 159 35 0 40 0 386 0 0 261 49 0 335 0 3000 0 0 0 0 10 0 0 762 58 2462 0 0 30 0 176 74 0 0 10 11 12 0 0 912 669 0 0 0 0 0 21 0 0 394 0 162 1354 31 8 0 280 3000 0 0 151 0 0 348 0 0 25 1167 63 0 0 0 0 40 8 0 0 122 0 0 0 832 3000 158 0 50 47 0 0 39 32 
10 0 35 303 0 0 379 0 0 45 1399 0 0 0 0 57 10 0 0 0 1891 310 0 961 213 0 91 761 2391 0 0 44 0 0 0 79 100 0 0 0 0 3000 0 44 255 0 885 0 0 0 20 0 1305 625 61 1628 3000 18 8 320 8 0 0 0 747 0 63 0 0 0 685 0 0 10 0 0 0 0 138 49 339 376 0 577 0 208 0 77 0 0 3000 0 9 17 0 462 124 76 144 0 
303 0 56 7 40 0 27 19 60 145 55 89 1824 28 318 117 18 366 26 372 16 192 1343 49 9 236 545 0 50 265 29 0 29 26 11 822 0 29 3000 211 13 3000 35 263 77 68 0 0 93 298 0 56 0 75 20 36 0 0 242 0 9 8 84 38 147 31 19 151 0 0 126 159 50 0 170 273 180 121 0 0 0 61 483 196 42 0 118 860 149 26 72 849 954 62 20 313 0 0 84 8 
48 23 52 19 27 282 155 287 252 415 840 724 0 0 147 3000 24 0 3000 2673 126 135 11 932 30 397 9 267 220 203 26 216 16 23 295 129 2813 0 91 0 74 324 376 377 1287 203 38 43 0 858 13 0 8 128 2046 40 142 154 71 24 144 0 293 27 14 0 12 0 685 126 0 54 0 216 159 419 13 0 8 22 60 8 29 10 62 9 46 227 109 123 109 167 65 25 209 16 40 28 593 0 
951 48 260 29 2790 330 0 498 63 109 0 136 637 34 204 596 77 502 86 255 225 300 15 0 79 241 51 349 381 13 143 684 41 27 798 12 150 119 252 788 12 107 573 70 11 36 7 926 24 45 914 2539 8 75 518 119 1231 0 0 0 255 26 57 105 52 363 12 0 0 159 54 0 28 45 37 256 0 129 368 0 40 497 113 0 12 27 17 274 659 62 0 45 87 174 26 0 805 13 3000 1656 
0 0 0 0 26 0 0 393 91 0 0 2357 35 206 8 0 557 22 229 882 0 0 38 0 71 13 0 0 0 14 218 0 35 711 40 13 0 139 25 23 113 0 48 0 0 47 0 335 864 16 0 817 0 0 0 13 0 0 0 0 64 223 39 669 0 2586 48 348 0 50 0 28 0 0 8 183 0 3000 0 0 0 0 20 0 45 0 344 0 262 26 0 295 0 0 16 0 0 0 0 1048 
168 1518 25 26 1103 165 95 90 1105 12 1185 0 0 0 1226 3000 15 0 38 0 63 152 0 227 587 57 738 2926 11 0 0 462 21 0 0 747 1314 0 15 0 75 26 0 740 967 11 46 35 0 0 187 0 459 432 716 545 13 9 115 3000 20 0 33 0 86 0 692 0 10 0 216 45 0 0 0 0 0 0 828 35 126 1694 69 16 13 603 0 55 588 0 63 51 12 218 0 0 202 102 88 0 
0 466 8 0 24 113 0 197 30 1086 0 21 276 2701 83 650 46 9 13 35 94 795 0 0 63 593 0 346 0 1805 62 31 18 2479 389 51 121 155 120 314 12 12 85 1767 0 367 277 3000 10 606 0 205 0 0 25 16 80 0 0 0 131 41 464 135 11 455 2083 0 0 170 159 37 8 0 0 218 0 0 0 0 419 0 35 0 27 67 3000 0 142 1690 0 68 99 0 23 0 0 0 0 0 
0 0 0 0 33 0 0 7 298 457 0 159 20 44 337 1477 3000 10 633 117 106 9 191 0 72 1089 0 0 0 93 188 0 636 35 16 776 0 78 37 52 171 415 14 1631 66 2512 0 0 9 105 0 41 0 73 30 28 0 0 89 0 2092 34 160 259 0 463 153 25 0 273 419 256 183 0 218 0 30 3000 0 0 0 0 675 1369 519 0 111 1194 73 695 7 121 189 262 56 90 0 0 41 16 
120 0 0 0 51 0 612 86 122 247 8 568 0 0 67 574 134 0 0 289 22 0 57 1284 44 0 71 0 0 7 0 0 318 36 12 152 0 67 0 200 455 344 0 276 247 25 0 0 28 16 0 0 0 23 1091 251 0 142 10 0 120 0 15 41 0 12 48 1167 0 180 13 0 0 0 0 30 0 27 0 0 0 69 418 21 0 0 196 93 0 0 284 177 21 140 7 23 0 0 3000 122 
0 0 0 0 17 0 0 17 134 529 0 429 143 32 99 286 328 69 0 21 177 0 26 0 542 0 0 0 0 203 11 0 10 13 703 0 0 195 0 10 177 0 525 2216 263 312 0 0 746 422 0 42 0 0 0 317 0 0 0 0 51 193 81 121 0 178 66 63 0 121 0 129 3000 0 0 3000 27 0 0 0 0 0 9 378 0 0 168 0 0 13 47 25 44 0 65 8 0 0 76 537 
2153 328 95 72 0 23 17 21 29 126 330 0 0 0 0 82 355 0 20 0 391 642 0 246 16 69 137 899 783 0 0 549 12 0 0 27 149 0 0 0 10 54 0 787 436 119 127 11 0 0 33 0 267 13 84 8 224 14 12 87 108 0 1064 0 50 0 259 0 138 0 8 368 0 828 0 0 0 0 0 258 572 10 0 1096 0 1549 0 2031 0 0 98 20 38 130 0 327 3000 97 8 0 
237 70 20 70 0 0 73 133 336 263 85 0 0 0 0 14 123 0 0 0 111 2252 0 88 3000 0 1971 41 60 0 0 12 52 0 0 138 330 0 0 0 0 409 0 291 11 0 40 0 0 0 1885 0 557 267 218 383 298 312 28 3000 2006 0 0 0 7 0 279 0 49 0 22 0 0 35 0 0 0 0 258 0 14 22 0 22 0 33 0 1079 0 0 472 360 117 56 0 253 1290 274 10 0 
69 8 96 394 1981 31 47 48 15 35 28 0 18 0 86 285 138 455 136 798 19 784 0 3000 249 3000 21 209 181 149 13 291 8 0 12 14 68 0 2874 0 254 1681 2675 43 1035 365 303 19 0 74 131 16 10 73 47 311 179 33 0 0 1063 22 102 0 273 0 1466 0 339 0 60 40 0 126 419 0 0 0 572 14 0 23 13 0 1930 50 0 8 50 567 0 2505 13 16 81 0 35 18 8 0 
179 8 12 157 0 164 265 599 10 67 75 10 0 0 0 1392 385 0 218 0 709 16 791 734 70 191 150 11 287 0 0 330 330 200 0 3000 2829 0 0 0 22 53 0 26 108 8 2378 11 0 0 99 0 1719 113 52 177 69 196 22 85 9 0 503 0 43 0 12 0 376 61 8 497 0 1694 0 0 69 0 10 22 23 0 78 64 0 11 1094 226 0 0 8 59 223 167 0 104 370 2643 39 0 
3000 0 12 69 233 0 0 47 9 8 0 423 33 30 50 14 96 123 39 669 28 64 736 0 384 74 311 287 68 534 425 18 19 377 15 11 327 9 275 70 818 113 1010 94 55 53 17 64 449 65 0 33 502 294 11 128 11 0 0 0 313 74 41 1305 18 732 23 40 0 483 29 113 20 69 35 675 418 9 0 0 13 78 0 380 56 120 8 508 7 184 132 16 22 7 91 89 0 0 2143 155 
85 0 27 27 37 0 84 128 42 1698 53 181 0 0 111 22 19 0 0 41 307 30 527 678 80 0 48 0 14 3000 0 113 25 82 0 195 0 0 0 0 2134 95 0 170 937 51 0 0 0 0 1943 0 59 55 14 11 12 339 185 739 79 0 67 1580 833 0 1356 8 577 196 10 0 0 16 0 1369 21 378 1096 22 0 64 380 0 0 0 165 42 0 0 580 34 950 18 8 92 47 506 270 2438 
0 3000 750 8 34 41 0 166 916 63 0 0 9 213 81 938 3000 2252 44 10 11 118 0 0 104 62 0 1028 206 13 95 79 294 0 13 45 325 167 145 27 3000 156 671 494 0 970 407 1305 390 28 0 7 710 3000 11 507 283 0 0 0 45 89 55 114 36 1438 65 0 0 42 62 12 45 13 27 519 0 0 0 0 1930 0 56 0 0 98 0 0 1160 3000 0 35 12 0 21 0 16 0 0 0 
1262 18 134 922 128 144 83 18 212 37 2262 0 0 0 241 403 151 0 150 47 8 402 0 92 228 11 23 120 181 0 1620 12 28 0 1146 22 375 0 96 0 151 14 3000 270 20 58 34 1671 0 8 803 51 59 53 55 22 318 3000 0 1113 521 203 23 0 23 0 154 0 208 0 9 27 0 603 67 0 0 0 1549 33 50 11 120 0 98 0 0 628 38 3000 0 802 434 15 142 0 1388 23 54 0 
329 0 1149 174 134 0 18 3000 346 124 55 441 45 21 3000 909 62 57 0 35 15 1058 170 10 76 70 12 0 10 506 289 0 14 112 1442 339 0 53 0 2528 860 1198 302 132 124 451 0 0 14 650 329 61 0 206 71 10 0 123 243 0 36 10 48 26 0 119 331 122 0 118 46 17 344 0 3000 111 196 168 0 0 0 1094 8 165 0 0 0 1955 1269 30 233 22 545 163 435 21 0 2655 3000 679 
522 0 248 722 14 0 793 58 24 38 104 57 0 0 3000 445 16 0 77 324 157 130 538 240 44 272 18 25 17 0 0 258 524 647 0 27 759 0 0 0 2740 256 0 216 329 703 15 0 0 0 172 0 11 2623 18 15 16 898 91 95 78 0 349 16 36 0 739 0 77 860 227 274 0 55 0 1194 93 0 2031 1079 8 226 508 42 0 628 1955 0 0 0 19 47 405 41 203 7 204 290 85 13 
0 13 97 0 457 65 0 90 242 35 0 31 2712 1680 7 787 32 359 3000 35 10 161 0 0 23 182 0 235 9 562 903 64 146 10 402 128 3000 78 1702 105 79 45 167 12 0 609 385 925 231 26 0 237 66 0 19 191 40 0 0 0 121 69 73 111 10 72 112 0 0 149 109 659 262 588 142 73 0 0 0 0 50 0 7 0 1160 38 1269 0 0 120 0 298 33 0 79 0 0 0 9 0 
0 7 24 0 232 8 0 70 14 20 0 67 199 12 1096 369 76 657 564 98 166 321 11 0 9 82 0 0 0 46 33 40 670 165 8 186 36 94 1062 729 99 54 54 27 0 20 9 187 26 10 0 44 0 0 15 50 637 0 0 0 52 136 26 29 522 429 3000 0 0 26 123 62 26 0 1690 695 0 13 0 0 567 0 184 0 3000 3000 30 0 120 0 0 553 23 0 279 0 0 0 0 0 
12 0 58 16 82 0 25 653 416 10 395 8 0 0 0 755 68 0 0 50 1191 335 111 18 178 0 157 0 274 0 0 97 11 499 0 117 0 0 0 0 3000 17 0 746 8 38 0 0 0 0 18 0 18 18 898 275 49 11 222 2008 977 0 244 35 24 0 158 832 3000 72 109 0 0 63 0 7 284 47 98 472 0 8 132 580 0 0 233 19 0 0 0 520 246 27 194 163 18 23 8 47 
269 1033 20 171 8 9 589 23 273 79 12 32 219 43 93 27 582 97 120 3000 1205 34 65 20 573 216 126 565 281 39 14 25 566 16 15 13 25 158 121 40 16 2054 1629 51 759 89 720 357 106 43 48 262 173 428 19 119 26 27 945 0 40 146 433 16 87 106 39 3000 0 849 167 45 295 51 68 121 177 25 20 360 2505 59 16 34 35 802 22 47 298 553 520 0 10 61 213 105 826 163 396 11 
334 10 119 1410 604 797 1017 21 38 118 427 41 101 0 66 14 194 0 13 54 45 416 848 58 1752 193 86 524 137 178 206 1246 55 15 622 428 509 0 14 195 18 700 75 52 162 921 8 3000 0 439 1582 0 129 2704 55 13 1496 1911 76 3000 65 199 354 545 75 397 10 158 9 954 65 87 0 12 99 189 21 44 38 117 13 223 22 950 12 434 545 405 33 23 246 10 0 42 31 12 9 17 400 30 
100 310 14 184 98 3000 28 17 34 11 94 10 0 0 39 14 145 0 1533 140 13 691 23 62 167 17 172 163 518 0 0 758 353 84 0 14 52 0 0 0 139 53 0 1352 45 137 204 59 0 0 353 0 3000 17 547 160 51 818 42 3000 579 0 8 66 935 0 156 0 17 62 25 174 0 218 0 262 140 0 130 56 16 167 7 18 0 15 163 41 0 0 27 61 42 0 161 105 246 407 18 97 
0 0 7 0 10 0 0 934 161 954 0 8 39 15 46 122 20 9 58 13 71 287 53 0 225 18 0 0 504 1039 66 19 46 174 29 27 635 25 24 243 184 26 98 16 1016 55 12 458 1002 330 0 41 0 7 84 275 77 0 0 0 218 685 200 149 90 441 10 50 0 20 209 26 16 0 23 56 7 65 0 0 81 0 91 8 21 142 435 203 79 279 194 213 31 161 0 25 0 0 47 681 
2564 0 0 762 18 0 282 25 925 17 39 202 0 0 304 987 27 0 0 11 470 0 31 2890 34 0 392 0 3000 73 0 0 811 19 0 9 0 0 0 0 787 35 0 1461 555 2523 0 0 0 0 17 0 0 279 9 9 0 198 21 23 43 0 525 1704 0 51 462 47 462 313 16 0 0 0 0 90 23 8 327 253 0 104 89 92 0 0 21 7 0 0 163 105 12 105 25 0 202 389 500 19 
1351 3000 2227 343 0 16 32 202 469 1126 47 0 0 0 256 8 35 0 241 0 250 54 0 9 1002 157 3000 27 20 0 0 9 196 0 0 26 49 0 11 0 183 414 0 17 323 129 10 24 0 0 180 0 137 14 272 98 66 80 1001 20 76 0 45 0 125 0 608 0 124 0 40 805 0 202 0 0 0 0 3000 1290 35 370 0 47 16 1388 0 204 0 0 18 826 9 246 0 202 0 1029 309 0 
157 309 21 184 0 118 276 186 28 1690 28 0 0 0 0 28 155 0 56 0 3000 1138 0 222 1832 553 37 78 39 0 0 132 1553 0 0 132 50 0 0 0 293 101 0 148 16 244 47 287 0 0 13 0 1576 116 546 52 14 52 635 152 301 0 768 0 519 0 513 0 76 0 28 13 0 102 0 0 0 0 97 274 18 2643 0 506 0 23 2655 290 0 0 23 163 17 407 0 389 1029 0 15 0 
101 0 16 175 485 0 126 7 655 2964 1450 870 27 0 11 53 58 0 189 105 323 48 882 21 211 34 57 17 895 92 0 11 222 37 14 25 3000 521 0 71 85 1075 15 7 29 30 62 0 31 1733 31 0 8 175 627 117 227 1601 1713 696 68 1044 78 367 17 75 559 39 144 84 593 3000 0 88 0 41 3000 76 8 10 8 39 2143 270 0 54 3000 85 9 0 8 396 400 18 47 500 309 15 0 1219 
239 0 0 0 393 0 0 234 143 142 0 11 44 42 721 144 562 0 0 89 2603 0 34 0 293 0 0 0 0 87 0 0 9 30 13 68 0 907 0 78 225 132 425 19 42 33 0 0 789 757 0 0 0 398 0 279 0 0 378 0 1712 95 55 1462 0 15 10 32 0 8 0 1656 1048 0 0 16 122 537 0 0 0 0 155 2438 0 0 679 13 0 0 47 11 30 97 681 19 0 0 1219 0 
