100
0 78 76 10 30 118 72 84 77 42 96 67 21 80 10 39 8 93 51 79 40 59 112 66 4 84 61 49 16 50 112 79 76 55 72 68 100 97 85 65 72 39 72 93 93 19 72 29 66 20 44 100 62 78 72 53 88 84 108 8 72 9 23 62 71 43 83 32 40 75 67 64 19 59 70 63 44 77 74 59 69 43 75 61 66 73 39 78 86 61 55 72 64 79 18 86 49 78 92 10 
78 0 73 85 57 40 24 33 37 53 24 66 64 17 68 38 86 26 32 71 58 50 35 21 82 8 45 62 68 68 34 31 1 29 25 55 26 20 36 71 24 39 28 72 15 72 49 56 52 58 50 27 17 15 36 43 48 48 31 75 38 82 65 55 22 42 58 52 39 49 33 52 71 55 70 18 34 67 21 60 51 67 67 58 41 58 43 35 57 22 28 13 57 61 60 10 32 45 75 85 
76 73 0 86 84 96 49 103 38 37 96 117 56 59 71 64 81 99 77 127 93 25 92 53 79 80 29 27 82 26 97 45 72 80 90 111 97 89 106 12 90 67 45 135 82 88 24 50 21 72 90 98 72 59 99 91 115 114 94 68 35 85 85 20 51 46 121 80 72 25 40 21 87 22 6 58 67 124 52 109 108 33 5 19 99 116 78 40 121 53 78 59 110 121 69 73 76 31 136 86 
10 85 86 0 33 125 81 89 87 52 102 66 31 89 18 47 7 99 56 78 41 69 120 74 6 91 71 59 18 60 119 88 84 60 77 69 106 103 89 74 77 46 81 93 100 19 82 39 76 27 47 106 69 87 75 57 90 87 115 18 82 3 25 71 80 53 84 36 46 85 76 73 18 68 79 71 51 77 82 60 70 53 85 71 69 74 44 87 88 70 60 81 65 80 25 94 55 88 91 0 
30 57 84 33 0 97 60 56 70 46 71 39 34 65 23 24 37 67 26 51 11 61 92 53 32 62 60 58 14 62 89 69 56 29 45 39 76 74 56 75 45 21 63 64 72 15 71 35 67 14 15 75 40 63 43 24 58 55 86 33 66 30 8 65 59 39 53 5 19 73 60 65 15 62 78 47 26 49 61 31 39 55 81 65 36 44 14 70 57 48 30 57 35 50 18 67 25 74 63 32 
118 40 96 125 97 0 52 54 59 89 31 97 103 41 108 78 126 38 71 97 96 81 5 55 122 34 75 95 108 101 10 53 41 68 56 85 26 24 57 99 56 79 55 93 25 112 73 94 79 99 88 28 57 42 65 78 67 70 12 115 63 123 104 84 52 79 82 91 79 71 62 80 111 85 96 56 74 95 49 93 81 101 91 87 73 86 83 57 79 59 67 47 89 86 100 32 72 66 97 125 
72 24 49 81 60 52 0 56 14 37 47 81 54 11 62 36 80 50 41 88 65 29 48 8 76 31 23 42 67 48 51 10 23 41 45 71 48 40 59 49 44 39 5 92 33 72 25 45 29 56 59 49 29 11 55 55 70 69 47 67 14 79 66 33 2 29 78 55 42 25 10 30 71 33 47 15 35 85 3 74 68 49 44 36 58 75 48 12 78 12 39 11 72 79 56 24 40 21 95 81 
84 33 103 89 56 54 56 0 70 76 24 43 79 50 76 50 92 17 35 43 51 79 51 50 88 29 74 87 70 93 45 64 34 30 14 31 28 32 3 99 14 49 61 40 36 71 80 73 82 65 43 27 32 48 14 32 15 16 43 85 70 86 64 84 54 63 28 53 45 80 64 82 71 83 99 45 45 40 54 41 28 90 98 86 22 32 45 68 25 50 31 45 36 32 68 40 37 77 44 88 
77 37 38 87 70 59 14 70 0 38 59 94 57 22 68 46 84 63 53 102 77 23 55 21 81 44 18 38 75 44 59 7 37 54 59 85 60 52 73 40 59 49 10 106 44 81 14 48 20 64 71 61 43 23 69 68 84 83 56 71 5 85 75 26 17 34 92 65 53 13 11 22 80 27 37 28 46 99 16 87 82 46 32 28 72 89 59 3 92 24 52 25 86 93 63 35 52 8 109 87 
42 53 37 52 46 89 37 76 38 0 77 81 21 48 35 29 48 77 44 92 56 17 84 34 46 62 20 12 45 17 86 41 52 48 62 76 80 73 78 28 62 32 36 102 67 51 31 13 25 35 54 81 45 47 68 57 86 84 82 35 32 51 47 20 37 13 88 43 37 33 29 22 50 17 31 36 33 89 40 73 75 14 35 20 67 82 42 39 90 31 46 43 75 87 32 59 43 37 103 52 
96 24 96 102 71 31 47 24 59 77 0 66 86 37 87 58 104 7 46 67 69 75 27 45 100 16 69 86 84 92 21 53 26 42 27 54 5 10 26 95 27 57 51 63 17 87 72 78 75 76 60 4 35 37 35 50 37 39 19 95 61 99 79 79 45 65 51 67 56 72 57 76 86 79 94 42 52 64 44 63 51 91 91 82 43 55 58 57 48 46 42 37 58 55 79 24 47 67 67 102 
67 66 117 66 39 97 81 43 94 81 66 0 72 80 62 53 72 60 41 12 28 92 93 73 68 66 89 93 50 98 87 91 65 40 42 12 71 73 41 109 43 50 85 27 76 48 100 72 98 52 27 70 53 78 32 27 35 31 85 71 92 63 44 97 79 71 22 40 45 101 85 96 48 95 112 66 51 11 80 8 16 92 113 98 25 13 40 93 27 70 42 73 9 17 57 75 42 100 26 66 
21 64 56 31 34 103 54 79 57 21 86 72 0 64 15 29 27 84 44 84 45 38 98 49 25 72 40 29 27 31 98 60 63 48 65 71 89 84 80 45 65 30 54 96 79 33 52 9 45 20 46 90 51 62 68 52 86 83 95 14 52 30 32 41 53 25 84 33 34 54 48 43 32 38 49 47 34 82 56 64 70 23 54 40 64 76 36 58 87 45 47 57 68 82 16 72 42 58 96 31 
80 17 59 89 65 41 11 50 22 48 37 80 64 0 71 43 88 41 43 86 69 40 36 15 85 22 34 53 74 60 39 15 16 41 41 70 38 30 53 60 40 44 15 89 22 78 35 55 39 63 61 39 28 2 52 55 64 65 36 76 24 87 72 44 11 39 74 60 47 34 21 41 78 45 58 18 40 83 8 74 67 60 54 47 56 74 52 19 74 19 40 9 72 76 63 13 42 30 92 89 
10 68 71 18 23 108 62 76 68 35 87 62 15 71 0 30 18 84 41 74 34 52 103 56 14 75 53 44 13 46 102 70 66 46 63 62 91 87 76 60 63 29 63 87 83 18 65 21 59 11 37 91 52 69 63 46 80 77 98 10 64 17 18 55 61 34 76 24 31 67 58 56 17 52 64 53 35 72 64 54 62 39 69 54 58 67 31 69 79 52 45 63 58 73 8 76 40 70 87 19 
39 38 64 47 24 78 36 50 46 29 58 53 29 43 30 0 48 56 16 64 31 39 73 29 44 45 37 41 31 46 72 45 37 20 36 48 61 57 52 56 36 3 39 73 53 36 48 23 45 21 27 62 23 40 41 28 58 56 69 37 42 44 29 44 35 18 60 19 8 50 36 44 35 42 58 24 6 61 37 45 46 41 60 45 38 53 14 46 61 25 19 34 46 58 22 47 14 50 74 47 
8 86 81 7 37 126 80 92 84 48 104 72 27 88 18 48 0 101 58 84 46 65 121 74 4 93 68 55 23 55 120 86 84 63 79 75 108 105 92 69 80 47 80 99 101 24 79 36 73 28 51 108 70 86 79 61 95 91 116 13 79 9 29 67 79 51 89 39 48 81 74 70 24 64 74 71 52 82 81 65 75 47 80 66 73 79 47 85 93 69 63 80 70 86 26 94 57 85 97 8 
93 26 99 99 67 38 50 17 63 77 7 60 84 41 84 56 101 0 43 60 64 76 34 47 97 19 71 87 81 93 28 57 27 38 23 47 11 17 19 97 22 55 55 56 23 83 75 77 78 73 55 10 34 40 29 45 30 32 26 93 64 96 75 81 48 65 44 63 53 75 59 78 82 81 96 42 50 57 47 57 44 91 94 84 37 48 54 61 41 48 39 39 52 48 76 29 44 71 60 99 
51 32 77 56 26 71 41 35 53 44 46 41 44 43 41 16 58 43 0 50 26 52 66 33 54 37 49 56 38 62 64 51 31 5 21 33 50 48 36 71 22 14 44 58 46 41 59 39 57 30 19 50 15 40 25 14 42 40 60 51 51 53 33 57 39 33 44 21 11 60 44 56 40 56 72 26 11 47 40 33 31 57 73 59 23 38 12 52 46 29 4 34 33 43 33 42 2 59 59 56 
79 71 127 78 51 97 88 43 102 92 67 12 84 86 74 64 84 60 50 0 40 102 94 81 80 69 98 104 63 109 88 98 70 48 46 17 71 75 40 120 46 60 92 16 78 60 108 83 107 64 38 70 59 84 35 36 31 28 86 84 100 75 56 107 86 81 17 52 55 109 93 106 60 105 122 74 60 3 87 20 20 104 123 108 30 13 50 100 21 78 50 79 17 12 69 79 51 108 13 78 
40 58 93 41 11 96 65 51 77 56 69 28 45 69 34 31 46 64 26 40 0 70 91 57 42 62 68 68 23 72 88 75 57 29 41 29 73 72 50 85 42 28 68 53 72 22 79 45 76 25 8 73 41 66 37 19 50 47 85 44 73 38 17 74 63 48 44 14 24 81 66 74 22 72 88 51 31 38 66 20 30 66 90 75 29 34 18 76 47 54 30 60 25 40 29 68 26 81 53 40 
59 50 25 69 61 81 29 79 23 17 75 92 38 40 52 39 65 76 52 102 70 0 76 30 63 59 6 15 61 20 79 29 49 55 65 86 76 69 81 21 65 43 25 110 62 67 14 30 7 51 66 77 47 40 74 66 91 89 76 52 19 68 63 5 30 22 96 56 47 16 19 5 66 5 21 34 42 99 32 84 83 23 21 7 74 91 53 25 97 29 53 38 85 95 48 53 51 21 111 69 
112 35 92 120 92 5 48 51 55 84 27 93 98 36 103 73 121 34 66 94 91 76 0 50 117 29 70 90 103 96 8 48 36 63 52 81 23 20 54 95 51 74 51 90 20 106 69 89 74 93 83 25 52 38 61 74 64 66 8 110 58 117 99 79 47 74 78 86 74 67 57 76 106 80 92 51 69 91 45 89 77 97 87 82 69 82 78 52 75 53 62 42 85 82 95 26 67 61 94 120 
66 21 53 74 53 55 8 50 21 34 45 73 49 15 56 29 74 47 33 81 57 30 50 0 70 29 24 41 60 48 52 18 19 33 38 64 47 39 53 51 38 31 12 85 33 65 30 40 32 49 51 48 21 13 48 47 64 63 48 61 20 72 58 35 6 24 71 47 34 30 13 32 64 35 50 7 27 77 8 66 61 47 48 37 51 68 40 20 71 4 31 8 65 72 49 24 32 28 88 74 
4 82 79 6 32 122 76 88 81 46 100 68 25 85 14 44 4 97 54 80 42 63 117 70 0 88 65 53 18 54 116 83 80 59 75 70 104 101 88 68 76 43 77 95 97 20 77 33 70 24 47 104 66 82 75 56 91 87 112 12 76 7 25 66 75 48 85 35 44 79 71 68 20 63 73 67 48 79 78 61 71 46 79 65 69 75 43 82 89 66 58 77 66 81 22 90 53 82 94 7 
84 8 80 91 62 34 31 29 44 62 16 66 72 22 75 45 93 19 37 69 62 59 29 29 88 0 53 70 74 76 27 38 10 33 24 54 18 12 32 79 24 45 36 69 10 77 56 64 59 65 54 19 23 21 35 45 44 45 24 82 45 89 70 63 29 50 56 57 45 56 41 60 77 63 78 26 40 66 28 61 51 75 75 66 41 57 48 42 54 31 32 21 58 59 67 11 37 52 73 91 
61 45 29 71 60 75 23 74 18 20 69 89 40 34 53 37 68 71 49 98 68 6 70 24 65 53 0 20 61 26 73 23 43 51 60 82 70 63 76 27 60 40 19 106 56 67 12 32 9 50 64 71 43 33 69 63 86 85 70 54 13 69 63 11 24 20 91 55 45 14 13 8 66 11 26 29 39 95 26 81 80 28 25 13 70 87 51 20 92 24 49 32 82 92 49 47 47 17 107 71 
49 62 27 59 58 95 42 87 38 12 86 93 29 53 44 41 55 87 56 104 68 15 90 41 53 70 20 0 55 7 93 43 60 59 73 88 88 81 89 17 73 44 39 114 74 61 28 24 20 46 66 89 55 53 80 69 97 95 89 42 33 59 58 14 43 24 100 55 49 30 33 18 60 12 21 44 45 101 45 85 87 9 26 12 79 94 54 40 102 39 58 50 87 99 42 65 54 35 115 60 
16 68 82 18 14 108 67 70 75 45 84 50 27 74 13 31 23 81 38 63 23 61 103 60 18 74 61 55 0 58 101 75 67 42 58 52 88 86 70 72 59 30 69 77 83 6 73 32 68 11 29 88 51 72 57 38 72 69 98 21 71 16 7 65 66 41 67 18 29 75 65 66 5 62 76 56 35 61 68 43 53 51 80 65 51 57 26 75 70 56 42 65 48 63 13 77 37 78 76 18 
50 68 26 60 62 101 48 93 44 17 92 98 31 60 46 46 55 93 62 109 72 20 96 48 54 76 26 7 58 0 99 49 67 65 79 94 94 87 95 15 79 49 45 119 81 64 32 27 25 49 71 95 61 59 86 74 103 101 95 42 39 60 61 19 49 30 106 59 54 34 39 22 63 16 20 51 51 106 51 90 92 7 26 16 84 99 59 46 107 46 64 56 92 105 45 72 60 40 120 60 
112 34 97 119 89 10 51 45 59 86 21 87 98 39 102 72 120 28 64 88 88 79 8 52 116 27 73 93 101 99 0 52 36 60 48 75 17 16 47 99 47 73 54 83 19 104 73 90 78 92 80 18 50 40 56 70 57 60 4 109 62 116 97 83 50 75 72 84 72 72 60 80 104 84 96 51 67 85 47 84 72 99 92 86 64 76 76 57 69 55 59 43 79 76 94 27 65 66 87 119 
79 31 45 88 69 53 10 64 7 41 53 91 60 15 70 45 86 57 51 98 75 29 48 18 83 38 23 43 75 49 52 0 30 50 54 81 53 45 67 47 53 48 7 102 37 81 21 51 26 64 69 55 38 16 64 65 78 78 49 73 10 86 75 32 12 36 87 64 52 19 12 28 80 33 44 24 44 94 11 84 78 51 39 35 68 85 57 4 87 21 48 19 82 89 64 29 50 14 104 88 
76 1 72 84 56 41 23 34 37 52 26 65 63 16 66 37 84 27 31 70 57 49 36 19 80 10 43 60 67 67 36 30 0 28 25 54 28 21 37 70 24 38 27 72 17 71 48 55 50 57 49 29 16 15 36 42 48 48 32 74 37 81 63 54 21 40 58 51 38 48 32 51 70 54 69 16 32 67 20 60 51 66 66 57 41 58 42 34 57 21 27 12 57 60 59 11 31 44 75 84 
55 29 80 60 29 68 41 30 54 48 42 40 48 41 46 20 63 38 5 48 29 55 63 33 59 33 51 59 42 65 60 50 28 0 17 31 46 44 32 74 17 18 45 55 43 45 60 43 59 35 21 46 13 39 21 14 38 36 57 55 52 58 37 60 38 36 41 25 15 61 45 58 44 58 75 26 15 45 40 33 29 61 76 62 20 36 16 53 42 30 2 33 32 41 38 39 6 60 57 60 
72 25 90 77 45 56 45 14 59 62 27 42 65 41 63 36 79 23 21 46 41 65 52 38 75 24 60 73 58 79 48 54 25 17 0 30 32 32 16 86 1 35 49 48 34 60 68 59 69 52 33 32 18 39 11 23 25 25 45 72 58 74 53 71 42 49 34 41 32 68 52 69 60 70 86 32 31 43 43 37 27 76 85 73 17 33 32 57 33 37 18 35 33 36 55 34 23 66 51 77 
68 55 111 69 39 85 71 31 85 76 54 12 71 70 62 48 75 47 33 17 29 86 81 64 70 54 82 88 52 94 75 81 54 31 30 0 59 61 29 104 31 45 76 26 64 51 92 68 91 51 25 58 43 68 20 19 24 20 73 72 83 66 45 91 69 65 15 38 40 93 76 90 51 89 106 57 44 14 70 11 4 88 107 92 13 5 35 83 19 61 34 63 5 11 56 64 35 91 26 69 
100 26 97 106 76 26 48 28 60 80 5 71 89 38 91 61 108 11 50 71 73 76 23 47 104 18 70 88 88 94 17 53 28 46 32 59 0 8 31 97 31 61 52 67 16 91 73 81 77 80 65 2 39 38 39 55 41 43 15 99 62 104 84 81 46 68 55 71 60 72 58 78 91 81 95 44 56 68 45 68 55 93 92 83 47 60 62 57 52 49 46 39 63 60 83 24 51 67 71 106 
97 20 89 103 74 24 40 32 52 73 10 73 84 30 87 57 105 17 48 75 72 69 20 39 101 12 63 81 86 87 16 45 21 44 32 61 8 0 35 89 32 57 44 72 8 89 65 76 69 77 64 10 35 30 41 55 46 48 13 95 54 101 82 73 39 62 60 69 57 64 50 70 88 73 87 38 52 72 37 69 58 87 84 76 49 63 60 49 57 42 44 31 65 64 79 16 49 59 76 103 
85 36 106 89 56 57 59 3 73 78 26 41 80 53 76 52 92 19 36 40 50 81 54 53 88 32 76 89 70 95 47 67 37 32 16 29 31 35 0 102 16 50 63 37 39 71 83 74 84 65 42 29 34 51 13 32 12 13 46 86 73 86 64 86 56 65 25 53 46 83 66 84 71 85 102 47 46 38 57 40 26 92 101 89 21 29 46 71 22 53 33 48 34 29 69 43 38 80 41 89 
65 71 12 74 75 99 49 99 40 28 95 109 45 60 60 56 69 97 71 120 85 21 95 51 68 79 27 17 72 15 99 47 70 74 86 104 97 89 102 0 86 60 45 129 82 78 26 40 21 62 83 98 68 59 94 84 111 109 95 57 36 74 75 16 50 39 115 71 65 28 39 19 77 16 6 55 60 117 52 101 102 22 13 13 93 109 70 42 116 50 72 58 103 114 59 73 69 34 130 75 
72 24 90 77 45 56 44 14 59 62 27 43 65 40 63 36 80 22 22 46 42 65 51 38 76 24 60 73 59 79 47 53 24 17 1 31 31 32 16 86 0 35 49 48 33 61 68 59 69 52 33 31 18 38 12 23 26 25 44 72 58 74 53 70 42 49 34 41 32 68 51 68 60 69 86 32 31 43 42 38 27 76 85 73 18 34 33 56 33 37 18 34 34 36 55 33 23 66 51 77 
39 39 67 46 21 79 39 49 49 32 57 50 30 44 29 3 47 55 14 60 28 43 74 31 43 45 40 44 30 49 73 48 38 18 35 45 61 57 50 60 35 0 41 70 54 34 51 25 49 20 24 61 23 42 38 25 56 53 69 38 45 44 27 47 37 21 57 16 5 53 39 47 33 45 62 26 5 57 40 42 43 44 64 48 36 50 11 49 59 27 17 36 43 55 21 48 12 53 71 46 
72 28 45 81 63 55 5 61 10 36 51 85 54 15 63 39 80 55 44 92 68 25 51 12 77 36 19 39 69 45 54 7 27 45 49 76 52 44 63 45 49 41 0 97 37 74 20 44 24 57 62 54 33 15 60 58 74 74 50 67 9 80 68 29 7 29 82 57 45 20 7 26 73 30 43 18 38 89 7 78 73 47 39 32 63 80 51 8 82 15 43 15 76 84 57 28 43 17 99 82 
93 72 135 93 64 93 92 40 106 102 63 27 96 89 87 73 99 56 58 16 53 110 90 85 95 69 106 114 77 119 83 102 72 55 48 26 67 72 37 129 48 70 97 0 77 74 115 94 114 77 50 65 64 87 37 45 26 24 82 97 105 90 70 115 90 90 14 64 65 115 98 113 75 113 130 79 69 16 91 33 27 114 131 117 35 20 61 105 15 84 57 83 29 15 81 80 59 113 5 93 
93 15 82 100 72 25 33 36 44 67 17 76 79 22 83 53 101 23 46 78 72 62 20 33 97 10 56 74 83 81 19 37 17 43 34 64 16 8 39 82 33 54 37 77 0 87 57 71 61 74 63 18 32 22 44 55 51 52 15 90 46 98 79 66 32 56 64 67 54 56 43 63 86 66 80 32 49 75 30 71 60 80 76 69 51 66 58 41 62 36 42 25 67 67 75 9 47 51 80 100 
19 72 88 19 15 112 72 71 81 51 87 48 33 78 18 36 24 83 41 60 22 67 106 65 20 77 67 61 6 64 104 81 71 45 60 51 91 89 71 78 61 34 74 74 87 0 79 38 74 17 29 91 55 76 58 39 72 68 101 26 76 16 7 71 71 47 66 20 33 81 70 72 1 68 82 60 39 58 73 41 52 56 86 71 51 56 29 81 69 60 45 70 46 62 19 81 40 83 73 18 
72 49 24 82 71 73 25 80 14 31 72 100 52 35 65 48 79 75 59 108 79 14 69 30 77 56 12 28 73 32 73 21 48 60 68 92 73 65 83 26 68 51 20 115 57 79 0 44 7 62 75 74 50 35 78 73 93 92 70 66 11 81 74 14 27 32 100 66 56 2 16 10 78 16 23 36 49 105 28 92 89 36 19 16 79 96 62 16 100 31 58 36 92 101 60 48 57 8 117 83 
29 56 50 39 35 94 45 73 48 13 78 72 9 55 21 23 36 77 39 83 45 30 89 40 33 64 32 24 32 27 90 51 55 43 59 68 81 76 74 40 59 25 44 94 71 38 44 0 38 22 45 82 44 53 63 49 81 78 86 23 43 37 35 34 44 16 81 32 29 46 39 35 37 31 44 39 28 80 47 63 67 21 48 33 60 74 33 49 83 36 42 48 66 79 19 63 37 49 95 39 
66 52 21 76 67 79 29 82 20 25 75 98 45 39 59 45 73 78 57 107 76 7 74 32 70 59 9 20 68 25 78 26 50 59 69 91 77 69 84 21 69 49 24 114 61 74 7 38 0 58 72 78 51 39 78 72 94 93 75 59 16 75 70 6 30 28 100 63 53 10 19 3 73 9 19 37 47 104 32 90 88 29 16 9 79 96 59 22 101 32 57 38 90 100 55 52 56 15 116 77 
20 58 72 27 14 99 56 65 64 35 76 52 20 63 11 21 28 73 30 64 25 51 93 49 24 65 50 46 11 49 92 64 57 35 52 51 80 77 65 62 52 20 57 77 74 17 62 22 58 0 27 80 42 61 52 35 69 66 89 21 59 24 13 54 55 30 66 13 20 64 53 55 16 52 66 45 25 62 57 44 51 42 70 54 47 57 20 64 69 45 35 55 48 63 4 67 29 66 77 27 
44 50 90 47 15 88 59 43 71 54 60 27 46 61 37 27 51 55 19 38 8 66 83 51 47 54 64 66 29 71 80 69 49 21 33 25 65 64 42 83 33 24 62 50 63 29 75 45 72 27 0 64 34 59 29 10 44 40 77 47 68 44 22 71 57 45 39 14 19 76 61 70 29 69 85 45 25 36 59 19 25 65 87 72 22 30 13 70 42 47 22 53 21 36 31 60 19 76 50 47 
100 27 98 106 75 28 49 27 61 81 4 70 90 39 91 62 108 10 50 70 73 77 25 48 104 19 71 89 88 95 18 55 29 46 32 58 2 10 29 98 31 61 54 65 18 91 74 82 78 80 64 0 39 39 39 54 40 42 17 99 63 104 84 82 48 69 54 71 60 74 59 79 91 82 96 45 56 67 46 67 54 94 93 85 47 59 62 59 51 50 46 40 62 58 83 26 52 69 69 106 
62 17 72 69 40 57 29 32 43 45 35 53 51 28 52 23 70 34 15 59 41 47 52 21 66 23 43 55 51 61 50 38 16 13 18 43 39 35 34 68 18 23 33 64 32 55 50 44 51 42 34 39 0 26 27 27 43 42 47 60 41 66 48 53 26 32 50 35 22 51 34 51 54 52 68 15 18 56 28 46 40 59 67 55 30 47 26 41 50 20 11 20 44 51 44 27 15 49 66 69 
78 15 59 87 63 42 11 48 23 47 37 78 62 2 69 40 86 40 40 84 66 40 38 13 82 21 33 53 72 59 40 16 15 39 39 68 38 30 51 59 38 42 15 87 22 76 35 53 39 61 59 39 26 0 50 53 63 63 36 74 24 84 69 44 10 37 72 57 44 35 21 40 75 44 58 16 37 81 8 72 65 59 54 46 54 71 49 20 72 17 37 6 69 74 61 13 40 30 90 87 
72 36 99 75 43 65 55 14 69 68 35 32 68 52 63 41 79 29 25 35 37 74 61 48 75 35 69 80 57 86 56 64 36 21 11 20 39 41 13 94 12 38 60 37 44 58 78 63 78 52 29 39 27 50 0 19 18 15 54 73 68 73 51 79 53 56 23 40 34 78 61 77 58 78 95 42 36 32 53 28 16 82 94 81 8 22 33 67 23 47 22 45 24 25 56 44 26 76 40 75 
53 43 91 57 24 78 55 32 68 57 50 27 52 55 46 28 61 45 14 36 19 66 74 47 56 45 63 69 38 74 70 65 42 14 23 19 55 55 32 84 23 25 58 45 55 39 73 49 72 35 10 54 27 53 19 0 34 31 67 56 65 54 32 71 52 46 32 22 20 74 58 70 39 69 86 40 25 33 54 19 18 69 87 73 13 25 16 66 35 44 16 47 19 30 39 52 16 73 46 57 
88 48 115 90 58 67 70 15 84 86 37 35 86 64 80 58 95 30 42 31 50 91 64 64 91 44 86 97 72 103 57 78 48 38 25 24 41 46 12 111 26 56 74 26 51 72 93 81 94 69 44 40 43 63 18 34 0 4 56 90 83 88 66 96 67 74 15 56 52 94 77 94 72 95 111 57 53 29 68 36 22 99 111 98 22 22 50 82 11 63 40 59 30 20 73 54 44 91 30 90 
84 48 114 87 55 70 69 16 83 84 39 31 83 65 77 56 91 32 40 28 47 89 66 63 87 45 85 95 69 101 60 78 48 36 25 20 43 48 13 109 25 53 74 24 52 68 92 78 93 66 40 42 42 63 15 31 4 0 58 87 82 84 62 94 67 72 12 53 49 93 76 93 69 93 110 56 51 26 67 32 18 97 109 96 19 19 47 81 9 62 38 59 26 17 70 55 41 90 28 87 
108 31 94 115 86 12 47 43 56 82 19 85 95 36 98 69 116 26 60 86 85 76 8 48 112 24 70 89 98 95 4 49 32 57 45 73 15 13 46 95 44 69 50 82 15 101 70 86 75 89 77 17 47 36 54 67 56 58 0 106 59 113 94 80 46 72 70 81 69 68 57 76 101 80 93 48 64 83 44 82 70 95 88 82 61 74 72 53 67 51 56 40 77 75 91 24 61 63 86 115 
8 75 68 18 33 115 67 85 71 35 95 71 14 76 10 37 13 93 51 84 44 52 110 61 12 82 54 42 21 42 109 73 74 55 72 72 99 95 86 57 72 38 67 97 90 26 66 23 59 21 47 99 60 74 73 56 90 87 106 0 66 17 28 54 66 38 86 34 40 68 61 56 25 51 62 59 43 82 69 64 72 35 67 53 68 77 40 72 90 57 54 69 68 83 17 83 49 71 97 18 
72 38 35 82 66 63 14 70 5 32 61 92 52 24 64 42 79 64 51 100 73 19 58 20 76 45 13 33 71 39 62 10 37 52 58 83 62 54 73 36 58 45 9 105 46 76 11 43 16 59 68 63 41 24 68 65 83 82 59 66 0 80 71 21 16 29 91 61 50 11 7 18 75 23 34 26 43 97 17 84 80 41 30 24 70 87 56 7 91 22 50 25 83 92 58 37 50 8 107 82 
9 82 85 3 30 123 79 86 85 51 99 63 30 87 17 44 9 96 53 75 38 68 117 72 7 89 69 59 16 60 116 86 81 58 74 66 104 101 86 74 74 44 80 90 98 16 81 37 75 24 44 104 66 84 73 54 88 84 113 17 80 0 22 71 78 51 81 33 44 83 75 72 15 68 79 69 49 74 80 57 67 52 84 70 66 71 42 85 85 68 58 78 62 77 23 91 52 86 89 3 
23 65 85 25 8 104 66 64 75 47 79 44 32 72 18 29 29 75 33 56 17 63 99 58 25 70 63 58 7 61 97 75 63 37 53 45 84 82 64 75 53 27 68 70 79 7 74 35 70 13 22 84 48 69 51 32 66 62 94 28 71 22 0 67 64 42 60 13 26 76 64 68 7 64 79 53 32 54 67 36 46 55 83 67 44 50 22 75 64 54 38 63 41 56 16 74 33 78 69 24 
62 55 20 71 65 84 33 84 26 20 79 97 41 44 55 44 67 81 57 107 74 5 79 35 66 63 11 14 65 19 83 32 54 60 71 91 81 73 86 16 70 47 29 115 66 71 14 34 6 54 71 82 53 44 79 71 96 94 80 54 21 71 67 0 34 26 101 61 52 16 23 4 70 3 16 39 47 104 36 89 89 23 16 3 79 96 58 28 102 34 58 42 90 101 52 57 56 21 116 72 
71 22 51 80 59 52 2 54 17 37 45 79 53 11 61 35 79 48 39 86 63 30 47 6 75 29 24 43 66 49 50 12 21 38 42 69 46 39 56 50 42 37 7 90 32 71 27 44 30 55 57 48 26 10 53 52 67 67 46 66 16 78 64 34 0 29 76 53 40 27 11 31 70 35 49 12 33 82 3 72 66 50 46 37 56 73 46 15 75 10 36 8 70 77 55 23 38 24 92 80 
43 42 46 53 39 79 29 63 34 13 65 71 25 39 34 18 51 65 33 81 48 22 74 24 48 50 20 24 41 30 75 36 40 36 49 65 68 62 65 39 49 21 29 90 56 47 32 16 28 30 45 69 32 37 56 46 74 72 72 38 29 51 42 26 29 0 76 35 26 34 24 26 46 24 41 24 21 78 31 63 63 26 42 27 55 70 32 35 78 21 34 33 64 76 29 48 31 36 91 53 
83 58 121 84 53 82 78 28 92 88 51 22 84 74 76 60 89 44 44 17 44 96 78 71 85 56 91 100 67 106 72 87 58 41 34 15 55 60 25 115 34 57 82 14 64 66 100 81 100 66 39 54 50 72 23 32 15 12 70 86 91 81 60 101 76 76 0 53 52 101 84 99 66 99 116 64 55 15 76 25 14 101 116 103 21 10 48 90 4 69 43 68 20 6 70 66 46 99 17 84 
32 52 80 36 5 91 55 53 65 43 67 40 33 60 24 19 39 63 21 52 14 56 86 47 35 57 55 55 18 59 84 64 51 25 41 38 71 69 53 71 41 16 57 64 67 20 66 32 63 13 14 71 35 57 40 22 56 53 81 34 61 33 13 61 53 35 53 0 13 68 55 61 20 58 74 42 20 49 55 32 38 53 77 61 34 44 9 65 56 43 25 51 35 50 17 62 20 69 64 36 
40 39 72 46 19 79 42 45 53 37 56 45 34 47 31 8 48 53 11 55 24 47 74 34 44 45 45 49 29 54 72 52 38 15 32 40 60 57 46 65 32 5 45 65 54 33 56 29 53 20 19 60 22 44 34 20 52 49 69 40 50 44 26 52 40 26 52 13 0 57 43 52 32 50 67 29 7 52 43 37 38 49 68 53 31 45 6 52 54 30 14 38 38 51 23 49 9 58 66 46 
75 49 25 85 73 71 25 80 13 33 72 101 54 34 67 50 81 75 60 109 81 16 67 30 79 56 14 30 75 34 72 19 48 61 68 93 72 64 83 28 68 53 20 115 56 81 2 46 10 64 76 74 51 35 78 74 94 93 68 68 11 83 76 16 27 34 101 68 57 0 17 13 80 19 25 37 51 106 28 93 90 39 20 18 80 97 64 15 101 32 59 35 93 102 63 48 59 6 117 85 
67 33 40 76 60 62 10 64 11 29 57 85 48 21 58 36 74 59 44 93 66 19 57 13 71 41 13 33 65 39 60 12 32 45 52 76 58 50 66 39 51 39 7 98 43 70 16 39 19 53 61 59 34 21 61 58 77 76 57 61 7 75 64 23 11 24 84 55 43 17 0 20 69 23 37 20 36 90 13 77 73 40 35 26 64 81 49 11 84 15 43 20 76 85 52 34 43 15 101 77 
64 52 21 73 65 80 30 82 22 22 76 96 43 41 56 44 70 78 56 106 74 5 76 32 68 60 8 18 66 22 80 28 51 58 69 90 78 70 84 19 68 47 26 113 63 72 10 35 3 55 70 79 51 40 77 70 94 93 76 56 18 72 68 4 31 26 99 61 52 13 20 0 71 6 18 37 46 103 33 88 87 26 17 7 78 94 58 24 100 32 56 39 89 99 53 54 55 18 115 74 
19 71 87 18 15 111 71 71 80 50 86 48 32 78 17 35 24 82 40 60 22 66 106 64 20 77 66 60 5 63 104 80 70 44 60 51 91 88 71 77 60 33 73 75 86 1 78 37 73 16 29 91 54 75 58 39 72 69 101 25 75 15 7 70 70 46 66 20 32 80 69 71 0 67 81 59 38 59 73 41 52 55 85 70 51 56 29 80 70 60 45 69 47 62 18 81 40 82 74 18 
59 55 22 68 62 85 33 83 27 17 79 95 38 45 52 42 64 81 56 105 72 5 80 35 63 63 11 12 62 16 84 33 54 58 70 89 81 73 85 16 69 45 30 113 66 68 16 31 9 52 69 82 52 44 78 69 95 93 80 51 23 68 64 3 35 24 99 58 50 19 23 6 67 0 17 39 45 102 37 87 87 20 19 3 78 94 56 29 100 34 56 42 88 99 49 57 54 24 115 69 
70 70 6 79 78 96 47 99 37 31 94 112 49 58 64 58 74 96 72 122 88 21 92 50 73 78 26 21 76 20 96 44 69 75 86 106 95 87 102 6 86 62 43 130 80 82 23 44 19 66 85 96 68 58 95 86 111 110 93 62 34 79 79 16 49 41 116 74 67 25 37 18 81 17 0 55 62 119 50 104 104 27 8 14 95 111 72 40 117 49 73 57 105 116 63 71 71 31 132 80 
63 18 58 71 47 56 15 45 28 36 42 66 47 18 53 24 71 42 26 74 51 34 51 7 67 26 29 44 56 51 51 24 16 26 32 57 44 38 47 55 32 26 18 79 32 60 36 39 37 45 45 45 15 16 42 40 57 56 48 59 26 69 53 39 12 24 64 42 29 37 20 37 59 39 55 0 22 71 14 59 54 49 53 42 44 61 34 26 65 5 24 10 58 65 46 24 25 34 81 71 
44 34 67 51 26 74 35 45 46 33 52 51 34 40 35 6 52 50 11 60 31 42 69 27 48 40 39 45 35 51 67 44 32 15 31 44 56 52 46 60 31 5 38 69 49 39 49 28 47 25 25 56 18 37 36 25 53 51 64 43 43 49 32 47 33 21 55 20 7 51 36 46 38 45 62 22 0 57 35 43 42 46 63 48 34 49 13 45 57 23 13 31 43 54 27 43 10 51 70 51 
77 67 124 77 49 95 85 40 99 89 64 11 82 83 72 61 82 57 47 3 38 99 91 77 79 66 95 101 61 106 85 94 67 45 43 14 68 72 38 117 43 57 89 16 75 58 105 80 104 62 36 67 56 81 32 33 29 26 83 82 97 74 54 104 82 78 15 49 52 106 90 103 59 102 119 71 57 0 84 18 16 101 120 105 27 9 47 97 19 75 47 76 14 9 66 76 48 105 15 76 
74 21 52 82 61 49 3 54 16 40 44 80 56 8 64 37 81 47 40 87 66 32 45 8 78 28 26 45 68 51 47 11 20 40 43 70 45 37 57 52 42 40 7 91 30 73 28 47 32 57 59 46 28 8 53 54 68 67 44 69 17 80 67 36 3 31 76 55 43 28 13 33 73 37 50 14 35 84 0 73 67 52 47 39 57 74 48 14 76 13 38 8 71 78 57 21 40 24 93 83 
59 60 109 60 31 93 74 41 87 73 63 8 64 74 54 45 65 57 33 20 20 84 89 66 61 61 81 85 43 90 84 84 60 33 37 11 68 69 40 101 38 42 78 33 71 41 92 63 90 44 19 67 46 72 28 19 36 32 82 64 84 57 36 89 72 63 25 32 37 93 77 88 41 87 104 59 43 18 73 0 14 84 105 90 20 15 31 86 30 63 35 66 6 21 49 70 35 92 33 59 
69 51 108 70 39 81 68 28 82 75 51 16 70 67 62 46 75 44 31 20 30 83 77 61 71 51 80 87 53 92 72 78 51 29 27 4 55 58 26 102 27 43 73 27 60 52 89 67 88 51 25 54 40 65 16 18 22 18 70 72 80 67 46 89 66 63 14 38 38 90 73 87 52 87 104 54 42 16 67 14 0 87 104 90 10 7 34 81 18 59 31 60 8 12 56 60 33 89 28 70 
43 67 33 53 55 101 49 90 46 14 91 92 23 60 39 41 47 91 57 104 66 23 97 47 46 75 28 9 51 7 99 51 66 61 76 88 93 87 92 22 76 44 47 114 80 56 36 21 29 42 65 94 59 59 82 69 99 97 95 35 41 52 55 23 50 26 101 53 49 39 40 26 55 20 27 49 46 101 52 84 87 0 33 21 80 94 53 48 103 45 59 56 86 99 38 72 56 44 115 53 
75 67 5 85 81 91 44 98 32 35 91 113 54 54 69 60 80 94 73 123 90 21 87 48 79 75 25 26 80 26 92 39 66 76 85 107 92 84 101 13 85 64 39 131 76 86 19 48 16 70 87 93 67 54 94 87 111 109 88 67 30 84 83 16 46 42 116 77 68 20 35 17 85 19 8 53 63 120 47 105 104 33 0 16 95 112 74 35 117 48 73 54 106 116 67 67 72 25 132 85 
61 58 19 71 65 87 36 86 28 20 82 98 40 47 54 45 66 84 59 108 75 7 82 37 65 66 13 12 65 16 86 35 57 62 73 92 83 76 89 13 73 48 32 117 69 71 16 33 9 54 72 85 55 46 81 73 98 96 82 53 24 70 67 3 37 27 103 61 53 18 26 7 70 3 14 42 48 105 39 90 90 21 16 0 81 97 59 31 104 36 60 45 91 102 52 60 57 24 118 71 
66 41 99 69 36 73 58 22 72 67 43 25 64 56 58 38 73 37 23 30 29 74 69 51 69 41 70 79 51 84 64 68 41 20 17 13 47 49 21 93 18 36 63 35 51 51 79 60 79 47 22 47 30 54 8 13 22 19 61 68 70 66 44 79 56 55 21 34 31 80 64 78 51 78 95 44 34 27 57 20 10 80 95 81 0 17 28 70 23 49 22 49 16 21 51 50 24 79 37 69 
73 58 116 74 44 86 75 32 89 82 55 13 76 74 67 53 79 48 38 13 34 91 82 68 75 57 87 94 57 99 76 85 58 36 33 5 60 63 29 109 34 50 80 20 66 56 96 74 96 57 30 59 47 71 22 25 22 19 74 77 87 71 50 96 73 70 10 44 45 97 81 94 56 94 111 61 49 9 74 15 7 94 112 97 17 0 41 88 15 66 38 67 9 6 61 67 40 96 21 74 
39 43 78 44 14 83 48 45 59 42 58 40 36 52 31 14 47 54 12 50 18 53 78 40 43 48 51 54 26 59 76 57 42 16 32 35 62 60 46 70 33 11 51 61 58 29 62 33 59 20 13 62 26 49 33 16 50 47 72 40 56 42 22 58 46 32 48 9 6 64 49 58 29 56 72 34 13 47 48 31 34 53 74 59 28 41 0 58 51 36 16 43 33 46 23 53 11 64 61 44 
78 35 40 87 70 57 12 68 3 39 57 93 58 19 69 46 85 61 52 100 76 25 52 20 82 42 20 40 75 46 57 4 34 53 57 83 57 49 71 42 56 49 8 105 41 81 16 49 22 64 70 59 41 20 67 66 82 81 53 72 7 85 75 28 15 35 90 65 52 15 11 24 80 29 40 26 45 97 14 86 81 48 35 31 70 88 58 0 90 23 50 22 84 91 63 33 51 10 107 87 
86 57 121 88 57 79 78 25 92 90 48 27 87 74 79 61 93 41 46 21 47 97 75 71 89 54 92 102 70 107 69 87 57 42 33 19 52 57 22 116 33 59 82 15 62 69 100 83 101 69 42 51 50 72 23 35 11 9 67 90 91 85 64 102 75 78 4 56 54 101 84 100 70 100 117 65 57 19 76 30 18 103 117 104 23 15 51 90 0 70 44 68 24 10 73 64 47 99 19 88 
61 22 53 70 48 59 12 50 24 31 46 70 45 19 52 25 69 48 29 78 54 29 53 4 66 31 24 39 56 46 55 21 21 30 37 61 49 42 53 50 37 27 15 84 36 60 31 36 32 45 47 50 20 17 47 44 63 62 51 57 22 68 54 34 10 21 69 43 30 32 15 32 60 34 49 5 23 75 13 63 59 45 48 36 49 66 36 23 70 0 28 12 62 70 45 27 29 30 86 70 
55 28 78 60 30 67 39 31 52 46 42 42 47 40 45 19 63 39 4 50 30 53 62 31 58 32 49 58 42 64 59 48 27 2 18 34 46 44 33 72 18 17 43 57 42 45 58 42 57 35 22 46 11 37 22 16 40 38 56 54 50 58 38 58 36 34 43 25 14 59 43 56 45 56 73 24 13 47 38 35 31 59 73 60 22 38 16 50 44 28 0 31 34 43 37 38 5 58 59 60 
72 13 59 81 57 47 11 45 25 43 37 73 57 9 63 34 80 39 34 79 60 38 42 8 77 21 32 50 65 56 43 19 12 33 35 63 39 31 48 58 34 36 15 83 25 70 36 48 38 55 53 40 20 6 45 47 59 59 40 69 25 78 63 42 8 33 68 51 38 35 20 39 69 42 57 10 31 76 8 66 60 56 54 45 49 67 43 22 68 12 31 0 64 70 55 16 34 32 85 81 
64 57 110 65 35 89 72 36 86 75 58 9 68 72 58 46 70 52 33 17 25 85 85 65 66 58 82 87 48 92 79 82 57 32 33 5 63 65 34 103 34 43 76 29 67 46 92 66 90 48 21 62 44 69 24 19 30 26 77 68 83 62 41 90 70 64 20 35 38 93 76 89 47 88 105 58 43 14 71 6 8 86 106 91 16 9 33 84 24 62 34 64 0 15 52 66 34 92 29 65 
79 61 121 80 50 86 79 32 93 87 55 17 82 76 73 58 86 48 43 12 40 95 82 72 81 59 92 99 63 105 76 89 60 41 36 11 60 64 29 114 36 55 84 15 67 62 101 79 100 63 36 58 51 74 25 30 20 17 75 83 92 77 56 101 77 76 6 50 51 102 85 99 62 99 116 65 54 9 78 21 12 99 116 102 21 6 46 91 10 70 43 70 15 0 67 69 45 100 16 80 
18 60 69 25 18 100 56 68 63 32 79 57 16 63 8 22 26 76 33 69 29 48 95 49 22 67 49 42 13 45 94 64 59 38 55 56 83 79 69 59 55 21 57 81 75 19 60 19 55 4 31 83 44 61 56 39 73 70 91 17 58 23 16 52 55 29 70 17 23 63 52 53 18 49 63 46 27 66 57 49 56 38 67 52 51 61 23 63 73 45 37 55 52 67 0 69 32 65 81 25 
86 10 73 94 67 32 24 40 35 59 24 75 72 13 76 47 94 29 42 79 68 53 26 24 90 11 47 65 77 72 27 29 11 39 34 64 24 16 43 73 33 48 28 80 9 81 48 63 52 67 60 26 27 13 44 52 54 55 24 83 37 91 74 57 23 48 66 62 49 48 34 54 81 57 71 24 43 76 21 70 60 72 67 60 50 67 53 33 64 27 38 16 66 69 69 0 42 43 83 94 
49 32 76 55 25 72 40 37 52 43 47 42 42 42 40 14 57 44 2 51 26 51 67 32 53 37 47 54 37 60 65 50 31 6 23 35 51 49 38 69 23 12 43 59 47 40 57 37 56 29 19 52 15 40 26 16 44 41 61 49 50 52 33 56 38 31 46 20 9 59 43 55 40 54 71 25 10 48 40 35 33 56 72 57 24 40 11 51 47 29 5 34 34 45 32 42 0 58 61 55 
78 45 31 88 74 66 21 77 8 37 67 100 58 30 70 50 85 71 59 108 81 21 61 28 82 52 17 35 78 40 66 14 44 60 66 91 67 59 80 34 66 53 17 113 51 83 8 49 15 66 76 69 49 30 76 73 91 90 63 71 8 86 78 21 24 36 99 69 58 6 15 18 82 24 31 34 51 105 24 92 89 44 25 24 79 96 64 10 99 30 58 32 92 100 65 43 58 0 116 88 
92 75 136 91 63 97 95 44 109 103 67 26 96 92 87 74 97 60 59 13 53 111 94 88 94 73 107 115 76 120 87 104 75 57 51 26 71 76 41 130 51 71 99 5 80 73 117 95 116 77 50 69 66 90 40 46 30 28 86 97 107 89 69 116 92 91 17 64 66 117 101 115 74 115 132 81 70 15 93 33 28 115 132 118 37 21 61 107 19 86 59 85 29 16 81 83 61 116 0 91 
10 85 86 0 32 125 81 88 87 52 102 66 31 89 19 47 8 99 56 78 40 69 120 74 7 91 71 60 18 60 119 88 84 60 77 69 106 103 89 75 77 46 82 93 100 18 83 39 77 27 47 106 69 87 75 57 90 87 115 18 82 3 24 72 80 53 84 36 46 85 77 74 18 69 80 71 51 76 83 59 70 53 85 71 69 74 44 87 88 70 60 81 65 80 25 94 55 88 91 0 
0 116 10 21 19 75 88 218 217 175 87 216 99 9 330 71 25 249 813 48 21 1494 300 893 470 755 13 157 212 28 3000 248 30 3000 223 71 513 310 134 73 20 438 105 29 141 0 58 1300 46 10 489 1829 0 9 10 345 221 35 393 341 160 647 444 1964 102 15 3000 8 1288 860 1318 11 212 109 3000 20 312 16 117 1210 897 214 26 487 17 74 3000 9 2745 53 49 18 245 19 64 1269 374 199 474 53 
116 0 12 1473 26 567 259 748 25 11 8 744 108 3000 134 762 15 48 94 24 995 39 16 44 3000 678 12 205 171 223 27 58 613 27 441 444 153 24 1247 22 82 21 9 35 154 361 2024 46 152 23 112 164 104 39 1566 20 30 716 434 170 534 48 1557 0 9 26 3000 442 367 1066 0 50 8 13 410 419 155 32 143 88 14 68 1670 481 431 180 132 23 12 205 164 24 236 90 982 116 125 130 7 213 
10 12 0 17 104 258 1269 34 31 166 79 435 206 1290 0 422 367 121 186 42 47 169 0 14 460 0 33 1213 1287 141 751 274 26 0 0 101 154 7 16 3000 3000 0 118 8 2478 0 3000 0 53 0 220 20 0 0 846 0 33 11 15 235 3000 177 15 22 116 18 410 1642 0 0 570 171 456 0 7 107 46 1035 645 0 315 508 1109 16 0 0 0 104 154 2274 68 303 0 34 0 363 197 0 3000 399 
21 1473 17 0 23 3000 34 20 503 598 1766 306 1158 45 229 10 126 240 255 3000 322 604 8 277 19 26 676 2171 70 45 19 147 75 23 225 2241 149 101 195 427 330 494 190 800 30 180 478 934 102 640 1333 138 0 28 16 136 256 18 33 1226 3000 131 124 22 504 3000 90 44 7 17 81 187 28 10 23 159 9 12 241 0 15 25 215 39 8 379 137 237 224 13 23 69 53 16 16 1320 276 1851 147 23 
19 26 104 23 0 8 0 24 0 115 34 1557 0 0 0 189 805 841 17 30 24 0 0 0 242 0 0 810 44 71 13 1868 0 7 205 27 706 136 370 0 1853 182 340 0 2119 0 99 0 17 130 13 711 0 192 0 0 3000 21 24 0 3000 31 23 0 27 285 0 16 61 100 0 0 240 157 506 0 2503 9 12 20 483 59 158 0 15 0 3000 363 171 65 75 58 0 154 1580 11 471 0 22 23 
75 567 258 3000 8 0 222 13 354 199 399 53 117 90 1950 98 304 63 114 396 65 152 45 7 8 18 188 91 112 220 25 873 630 113 39 242 282 52 44 48 18 355 1447 92 172 2213 16 23 8 3000 14 12 158 189 90 41 104 106 730 248 1416 91 14 51 66 143 516 114 114 52 300 16 22 36 464 22 326 65 781 212 21 42 288 144 1377 64 67 930 74 513 62 1822 237 712 108 14 52 165 11 79 
88 259 1269 34 0 222 0 498 78 476 0 40 188 923 213 369 77 315 83 2082 19 46 194 116 21 296 2067 536 44 0 24 390 3000 0 1162 177 129 11 0 515 17 24 0 196 288 19 81 13 77 192 70 42 10 67 1175 202 14 21 214 187 9 198 825 62 50 357 17 2276 12 0 193 301 3000 0 126 1452 81 1897 8 0 3000 623 835 63 0 305 8 217 36 0 107 33 8 670 277 96 15 115 59 75 
218 748 34 20 24 13 498 0 10 7 1027 605 362 996 563 18 154 51 72 14 399 19 9 2135 38 1236 13 59 230 243 10 63 2427 127 206 3000 26 14 0 201 151 430 632 15 178 314 194 87 9 55 240 77 536 52 759 765 57 81 77 1191 2487 116 3000 99 1662 509 466 41 52 610 107 362 15 384 1142 170 47 368 19 69 52 498 531 554 166 197 36 27 69 0 137 951 91 3000 833 69 770 1648 85 15 
217 25 31 503 0 354 78 10 0 134 0 50 79 891 88 724 67 2594 19 55 8 86 8 1624 59 127 14 23 9 0 25 112 305 0 479 3000 917 60 0 8 101 1374 0 653 492 52 189 52 205 39 275 52 189 1222 267 2115 51 16 920 122 595 138 170 663 31 81 77 34 392 0 49 234 15 0 152 39 119 488 251 0 502 103 7 225 0 1945 1542 52 33 0 2416 192 500 3000 179 69 131 1972 217 9 
175 11 166 598 115 199 476 7 134 0 12 28 146 18 57 499 830 33 105 106 11 30 60 2600 200 149 934 104 8 14 8 115 772 949 37 30 32 28 29 119 301 245 150 29 78 14 29 35 67 3000 890 2940 0 20 928 101 850 1185 98 17 3000 27 483 17 405 459 37 147 2090 36 397 188 23 59 40 27 99 96 8 20 93 850 41 414 46 156 45 28 83 709 29 13 115 10 16 180 150 3000 211 1506 
87 8 79 1766 34 399 0 1027 0 12 0 264 0 0 513 116 440 13 16 20 29 0 0 0 16 687 0 21 7 141 13 14 0 28 44 316 20 274 179 67 0 19 74 0 10 0 397 0 201 93 292 386 0 231 0 0 2820 449 62 1652 243 229 22 0 272 116 0 96 110 554 0 0 53 629 9 0 188 1058 0 59 25 547 191 0 705 0 22 55 176 1547 9 757 0 205 29 0 403 0 519 474 
216 744 435 306 1557 53 40 605 50 28 264 0 51 31 0 364 2146 1435 48 248 151 650 0 82 289 0 21 554 21 372 779 3000 67 0 0 18 7 30 241 990 63 0 279 10 17 0 41 0 46 0 42 30 0 0 13 0 99 52 8 344 74 19 33 302 191 35 58 440 0 0 36 20 237 0 116 67 1376 89 653 0 259 3000 29 19 1200 0 0 177 8 18 275 88 0 39 0 1627 74 0 44 122 
99 108 206 1158 0 117 188 362 79 146 0 51 0 1612 303 33 72 0 22 24 102 50 8 2859 0 54 484 60 8 0 228 579 99 0 0 65 135 294 0 90 15 0 0 117 973 1257 13 1058 1502 25 42 72 31 9 143 3000 997 128 93 104 0 0 57 356 14 22 50 13 636 0 928 673 184 0 42 1315 0 19 52 0 0 0 1062 143 0 865 31 24 154 0 54 461 119 66 0 148 13 520 28 48 
9 3000 1290 45 0 90 923 996 891 18 0 31 1612 0 1364 19 0 0 46 399 0 45 54 126 0 96 121 3000 2331 0 43 128 48 0 0 52 25 653 0 3000 219 0 0 3000 81 17 235 958 0 195 596 67 32 0 313 180 333 611 11 7 0 0 137 283 72 2051 292 302 9 0 15 21 98 0 652 459 0 36 72 0 0 0 54 243 0 11 14 414 137 0 248 30 183 9 0 391 515 59 430 606 
330 134 0 229 0 1950 213 563 88 57 513 0 303 1364 0 115 0 0 83 459 180 1204 17 18 171 3000 210 114 0 0 3000 234 0 428 3000 0 0 50 0 14 0 244 0 50 45 542 13 424 303 90 742 29 45 2238 44 1836 82 8 0 52 0 0 30 0 204 20 322 69 109 259 0 48 0 11 2273 241 0 0 0 50 0 0 28 11 11 21 63 271 1445 0 151 10 373 466 17 0 0 34 0 16 
71 762 422 10 189 98 369 18 724 499 116 364 33 19 115 0 21 10 75 127 101 14 1078 211 3000 150 127 53 77 82 77 11 1184 627 1350 83 68 67 60 219 16 32 482 230 190 0 113 48 34 165 614 21 0 530 126 188 1114 27 15 49 25 90 954 9 865 14 1859 494 104 211 117 31 618 293 907 8 124 330 1269 0 1433 7 19 272 382 1841 651 26 60 3000 40 76 1360 961 1311 945 268 51 309 352 
25 15 367 126 805 304 77 154 67 830 440 2146 72 0 0 21 0 62 2579 380 15 133 0 238 72 528 146 26 92 314 1389 1867 127 1148 45 48 3000 109 87 377 655 32 9 873 71 0 12 0 2536 57 22 194 0 106 0 0 3000 92 204 3000 296 15 343 745 2040 124 17 10 108 20 0 0 10 18 26 0 158 17 14 45 1624 65 62 138 118 0 118 209 502 222 98 39 0 935 1201 44 233 0 229 46 
249 48 121 240 841 63 315 51 2594 33 13 1435 0 0 0 10 62 0 18 1535 165 77 0 0 782 0 0 19 342 127 114 13 8 93 0 3000 1871 413 665 0 88 3000 3000 183 589 0 24 0 372 3000 794 94 0 0 0 0 30 9 63 0 2224 511 832 34 49 17 382 3000 0 252 0 0 30 0 259 0 157 1110 237 0 79 148 54 123 45 0 0 35 23 34 48 9 0 1457 0 18 204 0 12 33 
813 94 186 255 17 114 83 72 19 105 16 48 22 46 83 75 2579 18 0 3000 10 142 179 96 30 842 726 15 30 160 199 70 523 69 19 12 1206 56 84 118 46 267 34 401 194 0 163 0 230 24 147 808 0 133 143 0 205 9 580 776 49 21 10 140 117 150 37 77 19 255 0 269 379 1744 3000 177 37 129 51 89 59 114 3000 12 185 0 365 61 67 142 38 67 0 147 8 145 254 0 241 7 
48 24 42 3000 30 396 2082 14 55 106 20 248 24 399 459 127 380 1535 3000 0 68 827 866 131 534 64 353 313 34 12 346 19 7 88 433 44 385 30 71 1373 145 767 3000 51 148 122 211 531 183 652 21 10 402 792 12 627 1300 173 1053 410 8 122 3000 238 9 139 106 114 16 272 12 321 947 198 142 397 105 20 1402 1189 2070 9 45 327 10 276 24 126 16 10 23 123 40 136 3000 72 38 337 71 377 
21 995 47 322 24 65 19 399 8 11 29 151 102 0 180 101 15 165 10 68 0 274 18 286 80 17 0 32 310 201 1293 131 0 2426 251 10 146 50 10 41 200 690 188 7 781 0 18 173 263 121 1755 206 0 918 722 57 20 89 1333 50 400 30 279 0 44 107 62 90 26 505 0 893 59 183 18 167 15 14 68 686 434 451 47 8 749 308 80 21 54 241 1953 146 8 92 32 10 44 79 72 141 
1494 39 169 604 0 152 46 19 86 30 0 650 50 45 1204 14 133 77 142 827 274 0 21 1919 7 23 39 1796 8 145 180 57 12 0 0 10 249 10 0 23 22 0 57 217 498 18 2542 242 314 1107 290 1333 52 19 377 41 177 47 3000 148 56 243 46 802 7 266 1259 170 355 0 197 7 52 0 135 73 36 94 49 0 77 2860 352 10 0 755 13 1835 1431 0 64 15 9 811 0 17 76 347 57 24 
300 16 0 8 0 45 194 9 8 60 0 0 8 54 17 1078 0 0 179 866 18 21 0 413 272 27 315 254 0 0 50 684 3000 0 43 70 0 339 0 326 0 383 0 64 9 1977 1932 29 89 372 130 10 333 56 261 84 9 138 343 233 0 0 43 1445 14 3000 978 1120 10 0 279 9 341 0 1133 266 0 47 700 0 0 0 76 31 0 460 110 280 2766 0 75 157 31 42 3000 0 9 3000 252 7 
893 44 14 277 0 7 116 2135 1624 2600 0 82 2859 126 18 211 238 0 96 131 286 1919 413 0 0 21 2461 1414 0 0 140 150 161 0 308 39 111 29 0 25 140 1538 0 22 919 365 130 55 22 11 1289 225 18 15 98 217 55 29 150 210 0 0 78 9 287 478 878 1440 45 0 85 26 23 0 796 971 0 157 19 0 0 0 634 1046 0 185 1481 3000 98 0 13 17 71 90 0 8 59 23 318 26 
470 3000 460 19 242 8 21 38 59 200 16 289 0 0 171 3000 72 782 30 534 80 7 272 0 0 111 0 231 252 1666 527 64 0 56 18 251 311 293 173 391 8 26 20 197 355 0 324 503 27 48 90 2218 0 56 0 377 568 62 69 290 182 247 74 0 1235 142 0 143 393 919 0 0 150 216 21 0 15 87 0 75 425 630 39 122 31 662 2657 191 259 37 8 1256 138 3000 7 0 609 14 24 1736 
755 678 0 26 0 18 296 1236 127 149 687 0 54 96 3000 150 528 0 842 64 17 23 27 21 111 0 14 1099 0 0 1001 10 90 3000 58 475 129 8 0 254 0 64 0 1358 205 1785 2062 1984 97 307 94 129 189 105 1357 305 855 28 19 26 0 0 482 0 138 7 47 30 235 10 0 161 760 371 160 77 0 46 8 34 33 49 43 270 119 1018 82 1106 9 0 29 298 32 61 1464 0 26 304 33 713 
13 12 33 676 0 188 2067 13 14 934 0 21 484 121 210 127 146 0 726 353 0 39 315 2461 0 14 0 20 457 0 68 37 650 0 0 580 48 19 0 19 43 0 0 724 588 357 54 40 0 0 981 45 79 0 332 278 23 51 22 455 114 0 77 164 92 153 50 371 3000 0 13 8 134 0 602 7 2710 266 161 0 0 0 335 130 0 242 0 494 313 0 27 251 26 12 0 3000 12 628 32 7 
157 205 1213 2171 810 91 536 59 23 104 21 554 60 3000 114 53 26 19 15 313 32 1796 254 1414 231 1099 20 0 2095 102 10 13 54 8 1752 7 69 45 0 7 44 301 48 367 191 188 36 240 75 11 17 131 32 179 28 14 44 323 259 827 278 18 18 13 310 34 96 1313 74 398 31 184 223 0 11 229 74 3000 48 0 188 11 2591 206 998 35 209 81 380 0 242 19 18 59 55 1645 866 142 225 60 
212 171 1287 70 44 112 44 230 9 8 7 21 8 2331 0 77 92 342 30 34 310 8 0 0 252 0 457 2095 0 700 17 23 228 0 0 60 727 125 144 0 41 0 60 139 103 0 109 0 111 8 25 10 0 0 0 0 172 25 231 3000 331 378 497 450 37 1599 7 65 0 0 178 23 116 0 48 0 313 136 2012 0 8 17 16 95 16 0 0 56 38 1866 126 296 0 91 0 1524 400 0 74 142 
28 223 141 45 71 220 0 243 0 14 141 372 0 0 0 82 314 127 160 12 201 145 0 0 1666 0 0 102 700 0 27 358 0 10 0 15 11 114 56 0 48 978 11 0 79 0 170 0 192 1448 299 1037 0 0 0 0 77 31 1158 0 40 33 9 8 18 11 0 854 0 444 0 0 765 1215 157 0 1499 90 77 0 114 9 2215 2383 1769 0 0 29 81 43 8 47 0 329 745 355 589 0 182 120 
3000 27 751 19 13 25 24 10 25 8 13 779 228 43 3000 77 1389 114 199 346 1293 180 50 140 527 1001 68 10 17 27 0 445 129 41 19 170 9 264 482 125 1853 1900 10 15 192 78 261 18 3000 54 123 630 192 136 7 74 1736 322 800 625 22 9 21 12 381 58 36 2261 43 1295 13 419 9 9 1226 29 11 75 25 154 2205 23 13 13 2234 15 377 57 67 93 1319 764 488 16 91 92 186 167 404 3000 
248 58 274 147 1868 873 390 63 112 115 14 3000 579 128 234 11 1867 13 70 19 131 57 684 150 64 10 37 13 23 358 445 0 15 13 10 332 176 48 9 3000 12 88 100 81 30 0 41 121 768 67 297 112 0 58 56 12 89 1388 169 169 266 14 741 21 39 11 3000 130 643 302 0 161 8 11 20 9 3000 36 111 24 13 45 392 112 884 16 93 210 10 142 8 3000 74 1120 19 118 2869 19 332 366 
30 613 26 75 0 630 3000 2427 305 772 0 67 99 48 0 1184 127 8 523 7 0 12 3000 161 0 90 650 54 228 0 129 15 0 0 0 972 245 18 0 150 165 0 0 24 123 554 97 1436 0 0 11 31 0 0 25 260 617 71 1928 91 19 109 252 13 7 12 441 10 3000 0 13 24 14 0 1539 248 29 8 155 0 0 0 37 108 0 45 0 310 168 0 2899 89 35 277 0 86 107 176 122 235 
3000 27 0 23 7 113 0 127 0 949 28 0 0 0 428 627 1148 93 69 88 2426 0 0 0 56 3000 0 8 0 10 41 13 0 0 1388 0 0 34 156 0 0 117 35 0 75 0 141 0 1320 38 131 32 0 52 0 0 0 0 0 76 855 1039 0 0 1442 29 0 12 2299 822 0 0 0 82 0 0 0 0 0 63 309 10 123 0 1033 0 402 8 22 606 399 30 0 404 50 0 9 0 97 0 
223 441 0 225 205 39 1162 206 479 37 44 0 0 0 3000 1350 45 0 19 433 251 0 43 308 18 58 0 1752 0 0 19 10 0 1388 0 0 0 281 0 412 0 37 86 309 75 283 27 50 34 114 317 23 28 104 0 23 0 105 0 789 0 0 147 0 115 2156 0 66 76 282 0 0 0 148 0 315 0 0 0 3000 17 55 42 0 12 28 21 35 20 0 59 10 755 181 399 0 417 609 185 0 
71 444 101 2241 27 242 177 3000 3000 30 316 18 65 52 0 83 48 3000 12 44 10 10 70 39 251 475 580 7 60 15 170 332 972 0 0 0 944 23 29 299 18 0 128 374 3000 0 53 0 1684 272 3000 1228 0 0 323 0 11 62 122 34 645 149 25 60 215 15 69 37 34 0 1188 1604 199 0 119 150 138 172 79 0 357 183 37 136 51 0 2132 1695 2315 237 299 455 0 371 0 9 723 0 17 21 
513 153 154 149 706 282 129 26 917 32 20 7 135 25 0 68 3000 1871 1206 385 146 249 0 111 311 129 48 69 727 11 9 176 245 0 0 944 0 255 11 251 63 0 11 903 2691 0 20 0 129 16 113 269 0 0 341 0 40 160 557 95 943 29 34 39 179 11 884 700 39 0 115 235 3000 0 313 50 19 12 263 0 113 601 167 384 13 0 9 11 67 478 194 13 0 8 0 242 124 0 254 9 
310 24 7 101 136 52 11 14 60 28 274 30 294 653 50 67 109 413 56 30 50 10 339 29 293 8 19 45 125 114 264 48 18 34 281 23 255 0 3000 115 749 21 56 359 105 434 58 2555 61 77 155 27 0 14 21 45 588 151 18 8 1334 25 38 72 1405 283 1879 111 2171 129 1745 18 47 10 29 14 530 1361 60 2497 772 47 56 35 421 133 22 11 473 82 250 18 325 1012 53 29 130 54 588 57 
134 1247 16 195 370 44 0 0 0 29 179 241 0 0 0 60 87 665 84 71 10 0 0 0 173 0 0 0 144 56 482 9 0 156 0 29 11 3000 0 0 23 0 361 0 19 0 0 0 241 0 102 0 0 0 0 0 682 156 86 0 49 16 9 0 86 8 0 2609 0 138 0 0 9 89 19 0 86 1730 1516 0 9 154 3000 0 68 0 0 22 1609 86 0 14 0 11 0 14 36 0 83 839 
73 22 3000 427 0 48 515 201 8 119 67 990 90 3000 14 219 377 0 118 1373 41 23 326 25 391 254 19 7 0 0 125 3000 150 0 412 299 251 115 0 0 32 2819 0 9 262 794 3000 102 16 102 136 65 12 13 44 89 101 227 2176 22 0 0 27 18 36 1475 40 28 240 0 44 9 11 0 73 99 0 65 12 0 25 526 159 12 0 995 268 9 1226 0 7 33 164 240 29 1647 1423 59 146 40 
20 82 3000 330 1853 18 17 151 101 301 0 63 15 219 0 16 655 88 46 145 200 22 0 140 8 0 43 44 41 48 1853 12 165 0 0 18 63 749 23 32 0 0 672 11 82 0 8 0 12 0 26 14 0 0 118 0 212 242 33 372 2661 290 332 293 20 58 8 112 0 0 61 23 74 0 67 774 1305 32 87 0 368 211 2763 77 0 0 0 22 595 348 149 161 0 875 0 68 51 0 379 163 
438 21 0 494 182 355 24 430 1374 245 19 0 0 0 244 32 32 3000 267 767 690 0 383 1538 26 64 0 301 0 978 1900 88 0 117 37 0 0 21 0 2819 0 0 221 74 13 88 2213 286 8 29 311 54 66 83 0 825 0 30 0 23 0 16 33 0 279 51 0 85 162 46 0 0 0 217 0 40 0 0 0 136 367 209 160 0 8 107 116 27 330 662 2340 153 14 597 678 0 15 12 69 0 
105 9 118 190 340 1447 0 632 0 150 74 279 0 0 0 482 9 3000 34 3000 188 57 0 0 20 0 0 48 60 11 10 100 0 35 86 128 11 56 361 0 672 221 0 266 68 0 7 0 662 11 401 43 0 11 0 0 197 153 76 22 142 961 212 0 13 2829 0 551 839 93 0 0 352 13 31 0 1558 28 65 97 159 39 67 455 2209 0 10 95 435 3000 1552 2836 0 28 420 64 77 0 57 9 
29 35 8 800 0 92 196 15 653 29 0 10 117 3000 50 230 873 183 401 51 7 217 64 22 197 1358 724 367 139 0 15 81 24 0 309 374 903 359 0 9 11 74 266 0 94 123 173 335 3000 94 587 237 36 18 91 555 13 157 85 344 12 3000 160 3000 487 3000 3000 39 30 0 113 54 437 0 157 846 75 38 223 0 1787 21 100 121 0 32 24 25 40 0 449 9 226 290 258 171 12 28 3000 95 
141 154 2478 30 2119 172 288 178 492 78 10 17 973 81 45 190 71 589 194 148 781 498 9 919 355 205 588 191 103 79 192 30 123 75 75 3000 2691 105 19 262 82 13 68 94 0 46 18 17 3000 614 42 348 0 108 12 307 2466 205 2806 105 10 63 121 603 297 46 349 1289 7 984 0 14 9 148 317 25 54 497 48 341 38 45 86 353 11 219 191 3000 699 38 940 48 137 1493 11 18 180 133 2202 34 
0 361 0 180 0 2213 19 314 52 14 0 0 1257 17 542 0 0 0 0 122 0 18 1977 365 0 1785 357 188 0 0 78 0 554 0 283 0 0 434 0 794 0 88 0 123 46 0 54 109 450 19 92 75 8 1266 36 149 8 40 0 50 0 0 321 0 369 18 103 570 60 0 0 3000 0 0 13 8 0 0 0 0 0 0 199 774 0 87 34 0 321 0 42 194 147 0 39 0 0 159 0 0 
58 2024 3000 478 99 16 81 194 189 29 397 41 13 235 13 113 12 24 163 211 18 2542 1932 130 324 2062 54 36 109 170 261 41 97 141 27 53 20 58 0 3000 8 2213 7 173 18 54 0 24 17 122 7 90 36 166 321 18 144 7 164 76 290 274 79 395 61 8 28 75 144 978 154 111 732 87 271 729 1582 49 1926 360 41 268 734 13 31 390 25 136 66 0 136 79 421 18 67 18 54 11 395 169 
1300 46 0 934 0 23 13 87 52 35 0 0 1058 958 424 48 0 0 0 531 173 242 29 55 503 1984 40 240 0 0 18 121 1436 0 50 0 0 2555 0 102 0 286 0 335 17 109 24 0 217 52 20 485 30 173 79 20 58 1526 0 363 0 0 184 0 201 21 859 36 3000 0 9 193 0 0 17 279 0 0 35 0 0 0 63 880 0 11 31 127 28 0 222 10 2455 127 3000 0 0 78 0 20 
46 152 53 102 17 8 77 9 205 67 201 46 1502 0 303 34 2536 372 230 183 263 314 89 22 27 97 0 75 111 192 3000 768 0 1320 34 1684 129 61 241 16 12 8 662 3000 3000 450 17 217 0 11 99 13 0 402 0 132 380 65 60 200 73 355 3000 0 983 45 10 175 54 49 0 0 45 28 171 15 530 26 348 9 180 245 266 20 408 65 294 207 9 28 84 47 209 425 23 79 67 320 307 1049 
10 23 0 640 130 3000 192 55 39 3000 93 0 25 195 90 165 57 3000 24 652 121 1107 372 11 48 307 0 11 8 1448 54 67 0 38 114 272 16 77 0 102 0 29 11 94 614 19 122 52 11 0 99 10 157 72 34 240 353 94 590 151 10 454 1546 0 460 391 1501 64 86 451 0 42 1012 364 42 2962 0 23 0 500 109 12 557 132 137 1986 1613 460 49 21 97 1529 206 285 3000 0 1395 66 243 30 
489 112 220 1333 13 14 70 240 275 890 292 42 42 596 742 614 22 794 147 21 1755 290 130 1289 90 94 981 17 25 299 123 297 11 131 317 3000 113 155 102 136 26 311 401 587 42 92 7 20 99 99 0 434 106 799 239 126 9 197 34 97 38 62 376 665 97 14 26 64 20 1564 129 228 164 31 30 76 327 3000 288 118 64 256 388 803 11 26 9 14 286 381 15 150 1784 86 43 76 1310 168 864 3000 
1829 164 20 138 711 12 42 77 52 2940 386 30 72 67 29 21 194 94 808 10 206 1333 10 225 2218 129 45 131 10 1037 630 112 31 32 23 1228 269 27 0 65 14 54 43 237 348 75 90 485 13 10 434 0 8 29 16 154 237 7 796 2090 10 75 83 225 52 597 64 31 155 873 331 462 358 94 10 313 18 11 192 31 235 40 10 44 21 24 14 78 7 0 47 12 1075 37 23 145 157 3000 34 10 
0 104 0 0 0 158 10 536 189 0 0 0 31 32 45 0 0 0 0 402 0 52 333 18 0 189 79 32 0 0 192 0 0 0 28 0 0 0 0 12 0 66 0 36 0 8 36 30 0 157 106 8 0 133 3000 47 11 0 0 23 0 0 1221 0 0 123 286 229 3000 0 0 22 0 0 0 10 0 0 0 0 0 0 0 33 0 219 754 0 24 0 330 23 62 0 296 0 0 35 0 0 
9 39 0 28 192 189 67 52 1222 20 231 0 9 0 2238 530 106 0 133 792 918 19 56 15 56 105 0 179 0 0 136 58 0 52 104 0 0 14 0 13 0 83 11 18 108 1266 166 173 402 72 799 29 133 0 646 27 36 368 0 12 0 0 33 0 117 1198 108 141 18 33 0 1395 0 888 195 261 0 0 0 67 149 237 272 839 247 1139 135 1386 318 0 235 88 1479 1645 1723 0 95 687 272 0 
10 1566 846 16 0 90 1175 759 267 928 0 13 143 313 44 126 0 0 143 12 722 377 261 98 0 1357 332 28 0 0 7 56 25 0 0 323 341 21 0 44 118 0 0 91 12 36 321 79 0 34 239 16 3000 646 0 3000 2165 86 384 196 0 0 182 26 29 21 161 89 3000 0 25 3000 1268 0 144 15 0 50 3000 0 0 0 2090 28 0 39 122 148 543 0 63 51 34 906 0 51 44 7 74 174 
345 20 0 136 0 41 202 765 2115 101 0 0 3000 180 1836 188 0 0 0 627 57 41 84 217 377 305 278 14 0 0 74 12 260 0 23 0 0 45 0 89 0 825 0 555 307 149 18 20 132 240 126 154 47 27 3000 0 165 1690 0 593 0 0 16 0 51 8 27 519 14 0 0 88 0 0 31 130 0 0 0 41 0 0 27 692 0 485 152 90 11 0 10 394 21 50 39 0 0 14 0 28 
221 30 33 256 3000 104 14 57 51 850 2820 99 997 333 82 1114 3000 30 205 1300 20 177 9 55 568 855 23 44 172 77 1736 89 617 0 0 11 40 588 682 101 212 0 197 13 2466 8 144 58 380 353 9 237 11 36 2165 165 0 9 3000 22 311 428 89 408 42 702 112 10 186 0 42 13 89 0 382 45 732 13 23 0 468 40 145 163 0 162 572 30 9 480 21 720 223 628 0 20 58 489 1059 286 
35 716 11 18 21 106 21 81 16 1185 449 52 128 611 8 27 92 9 9 173 89 47 138 29 62 28 51 323 25 31 322 1388 71 0 105 62 160 151 156 227 242 30 153 157 205 40 7 1526 65 94 197 7 0 368 86 1690 9 0 58 185 427 3000 14 922 14 13 700 774 26 0 517 85 158 0 19 48 169 32 89 0 65 8 254 396 14 511 183 84 664 546 33 13 52 27 126 343 789 63 389 1543 
393 434 15 33 24 730 214 77 920 98 62 8 93 11 0 15 204 63 580 1053 1333 3000 343 150 69 19 22 259 231 1158 800 169 1928 0 0 122 557 18 86 2176 33 0 76 85 2806 0 164 0 60 590 34 796 0 0 384 0 3000 58 0 1036 65 403 247 334 30 2770 51 1405 153 0 38 18 12 0 2247 333 22 11 13 0 3000 512 44 207 149 0 0 23 71 92 1785 68 0 250 0 260 44 0 75 463 
341 170 235 1226 0 248 187 1191 122 17 1652 344 104 7 52 49 3000 0 776 410 50 148 233 210 290 26 455 827 3000 0 625 169 91 76 789 34 95 8 0 22 372 23 22 344 105 50 76 363 200 151 97 2090 23 12 196 593 22 185 1036 0 0 117 170 12 31 406 2689 154 213 1086 33 100 104 22 397 17 0 15 54 105 161 3000 251 21 3000 326 2117 142 19 0 11 16 117 34 293 391 42 35 10 2015 
160 534 3000 3000 3000 1416 9 2487 595 3000 243 74 0 0 0 25 296 2224 49 8 400 56 0 0 182 0 114 278 331 40 22 266 19 855 0 645 943 1334 49 0 2661 0 142 12 10 0 290 0 73 10 38 10 0 0 0 0 311 427 65 0 0 17 144 26 46 16 826 1865 0 189 187 0 190 0 1057 0 158 76 8 0 108 135 115 151 113 0 0 193 341 473 506 347 0 24 0 17 14 0 82 9 
647 48 177 131 31 91 198 116 138 27 229 19 0 0 0 90 15 511 21 122 30 243 0 0 247 0 0 18 378 33 9 14 109 1039 0 149 29 25 16 0 290 16 961 3000 63 0 274 0 355 454 62 75 0 0 0 0 428 3000 403 117 17 0 57 25 957 8 9 10 147 8 0 0 3000 39 3000 0 96 19 13 0 33 13 107 19 329 0 88 1362 14 663 819 3000 0 66 46 255 17 0 39 27 
444 1557 15 124 23 14 825 3000 170 483 22 33 57 137 30 954 343 832 10 3000 279 46 43 78 74 482 77 18 497 9 21 741 252 0 147 25 34 38 9 27 332 33 212 160 121 321 79 184 3000 1546 376 83 1221 33 182 16 89 14 247 170 144 57 0 19 10 693 885 9 1053 0 2921 8 660 0 23 561 88 3000 23 0 8 672 93 836 37 305 212 106 1130 115 44 46 73 32 34 33 3000 101 107 67 
1964 0 22 22 0 51 62 99 663 17 0 302 356 283 0 9 745 34 140 238 0 802 1445 9 0 0 164 13 450 8 12 21 13 0 0 60 39 72 0 18 293 0 0 3000 603 0 395 0 0 0 665 225 0 0 26 0 408 922 334 12 26 25 19 0 137 22 120 1490 0 0 208 20 15 0 10 413 8 47 30 0 0 0 1142 47 0 0 0 209 37 0 487 8 0 1242 0 213 185 0 323 726 
102 9 116 504 27 66 50 1662 31 405 272 191 14 72 204 865 2040 49 117 9 44 7 14 287 1235 138 92 310 37 18 381 39 7 1442 115 215 179 1405 86 36 20 279 13 487 297 369 61 201 983 460 97 52 0 117 29 51 42 14 30 31 46 957 10 137 0 14 82 56 156 25 0 82 16 724 1559 101 14 13 38 23 40 180 17 148 449 76 48 212 71 122 46 3000 9 485 410 91 13 15 366 1676 
15 26 18 3000 285 143 357 509 81 459 116 35 22 2051 20 14 124 17 150 139 107 266 3000 478 142 7 153 34 1599 11 58 11 12 29 2156 15 11 283 8 1475 58 51 2829 3000 46 18 8 21 45 391 14 597 123 1198 21 8 702 13 2770 406 16 8 693 22 14 0 101 16 1326 557 135 73 35 22 1043 19 30 106 12 225 56 57 785 22 73 89 46 1534 461 229 46 157 804 606 181 96 261 10 1687 408 
3000 3000 410 90 0 516 17 466 77 37 0 58 50 292 322 1859 17 382 37 106 62 1259 978 878 0 47 50 96 7 0 36 3000 441 0 0 69 884 1879 0 40 8 0 0 3000 349 103 28 859 10 1501 26 64 286 108 161 27 112 700 51 2689 826 9 885 120 82 101 0 31 9 0 420 22 823 0 13 45 398 118 23 0 0 9 35 417 0 269 352 797 153 0 119 26 177 499 0 259 9 2898 332 3000 
8 442 1642 44 16 114 2276 41 34 147 96 440 13 302 69 494 10 3000 77 114 90 170 1120 1440 143 30 371 1313 65 854 2261 130 10 12 66 37 700 111 2609 28 112 85 551 39 1289 570 75 36 175 64 64 31 229 141 89 519 10 774 1405 154 1865 10 9 1490 56 16 31 0 21 18 0 1207 1748 135 43 238 90 84 10 9 18 1035 334 703 19 121 49 24 32 188 578 14 66 415 49 504 26 36 513 1964 
1288 367 0 7 61 114 12 52 392 2090 110 0 636 9 109 104 108 0 19 16 26 355 10 45 393 235 3000 74 0 0 43 643 3000 2299 76 34 39 2171 0 240 0 162 839 30 7 60 144 3000 54 86 20 155 3000 18 3000 14 186 26 153 213 0 147 1053 0 156 1326 9 21 0 119 0 57 165 3000 2044 21 0 34 116 72 561 37 1586 2905 109 59 43 9 9 0 342 20 17 883 387 0 782 351 12 66 
860 1066 0 17 100 52 0 610 0 36 554 0 0 0 259 211 20 252 255 272 505 0 0 0 919 10 0 398 0 444 1295 302 0 822 282 0 0 129 138 0 0 46 93 0 984 0 978 0 49 451 1564 873 0 33 0 0 0 0 0 1086 189 8 0 0 25 557 0 18 119 0 0 0 0 317 0 0 0 0 0 65 1525 195 534 0 15 0 1010 104 2667 16 141 151 0 11 1358 0 73 0 93 0 
1318 0 570 81 0 300 193 107 49 397 0 36 928 15 0 117 0 0 0 12 0 197 279 85 0 0 13 31 178 0 13 0 13 0 0 1188 115 1745 0 44 61 0 0 113 0 0 154 9 0 0 129 331 0 0 25 0 42 517 38 33 187 0 2921 208 0 135 420 0 0 0 0 3000 8 0 141 14 116 898 246 0 0 0 0 20 0 16 0 0 184 0 158 581 0 90 0 29 110 0 1407 91 
11 50 171 187 0 16 301 362 234 188 0 20 673 21 48 31 0 0 269 321 893 7 9 26 0 161 8 184 23 0 419 161 24 0 0 1604 235 18 0 9 23 0 0 54 14 3000 111 193 0 42 228 462 22 1395 3000 88 13 85 18 100 0 0 8 20 82 73 22 1207 57 0 3000 0 152 0 243 158 0 11 215 0 0 0 348 11 0 250 159 459 674 0 44 8 33 556 0 3000 26 146 89 24 
212 8 456 28 240 22 3000 15 15 23 53 237 184 98 0 618 10 30 379 947 59 52 341 23 150 760 134 223 116 765 9 8 14 0 0 199 3000 47 9 11 74 0 352 437 9 0 732 0 45 1012 164 358 0 0 1268 0 89 158 12 104 190 3000 660 15 16 35 823 1748 165 0 8 152 0 0 30 777 51 3000 157 0 227 893 26 18 0 0 178 545 45 1515 110 13 0 49 0 151 15 0 246 279 
109 13 0 10 157 36 0 384 0 59 629 0 0 0 11 293 18 0 1744 198 183 0 0 0 216 371 0 0 0 1215 9 11 0 82 148 0 0 10 89 0 0 217 13 0 148 0 87 0 28 364 31 94 0 888 0 0 0 0 0 22 0 39 0 0 724 22 0 135 3000 317 0 0 0 0 0 0 0 0 0 9 8 300 984 0 272 0 113 113 79 9 111 0 0 97 2209 0 291 0 0 0 
3000 410 7 23 506 464 126 1142 152 40 9 116 42 652 2273 907 26 259 3000 142 18 135 1133 796 21 160 602 11 48 157 1226 20 1539 0 0 119 313 29 19 73 67 0 31 157 317 13 271 17 171 42 30 10 0 195 144 31 382 19 2247 397 1057 3000 23 10 1559 1043 13 43 2044 0 141 243 30 0 0 9 390 418 246 0 8 16 1364 85 948 689 1319 54 14 248 2952 15 1003 685 0 15 160 73 225 131 
20 419 107 159 0 22 1452 170 39 27 0 67 1315 459 241 8 0 0 177 397 167 73 266 971 0 77 7 229 0 0 29 9 248 0 315 150 50 14 0 99 774 40 0 846 25 8 729 279 15 2962 76 313 10 261 15 130 45 48 333 17 0 0 561 413 101 19 45 238 21 0 14 158 777 0 9 0 0 54 1054 0 0 0 1553 403 0 10 46 211 8 0 794 288 555 205 0 203 136 32 39 455 
312 155 46 9 2503 326 81 47 119 99 188 1376 0 0 0 124 158 157 37 105 15 36 0 0 15 0 2710 74 313 1499 11 3000 29 0 0 138 19 530 86 0 1305 0 1558 75 54 0 1582 0 530 0 327 18 0 0 0 0 732 169 22 0 158 96 88 8 14 30 398 90 0 0 116 0 51 0 390 0 0 39 21 0 638 413 591 118 60 0 0 12 8 85 111 15 0 118 0 3000 129 0 212 20 
16 32 1035 12 9 65 1897 368 488 96 1058 89 19 36 0 330 17 1110 129 20 14 94 47 157 87 46 266 3000 136 90 75 36 8 0 0 172 12 1361 1730 65 32 0 28 38 497 0 49 0 26 23 3000 11 0 0 50 0 13 32 11 15 76 19 3000 47 13 106 118 84 34 0 898 11 3000 0 418 54 39 0 58 0 2549 10 10 35 37 0 13 72 13 151 62 79 0 617 0 14 26 0 584 782 
117 143 645 241 12 781 8 19 251 8 0 653 52 72 0 1269 14 237 51 1402 68 49 700 19 0 8 161 48 2012 77 25 111 155 0 0 79 263 60 1516 12 87 0 65 223 48 0 1926 35 348 0 288 192 0 0 3000 0 23 89 13 54 8 13 23 30 38 12 23 10 116 0 246 215 157 0 246 1054 21 58 0 0 201 21 331 19 0 130 0 45 7 43 133 126 0 356 0 1050 314 0 2135 1019 
1210 88 0 0 20 212 0 69 0 20 59 0 0 0 50 0 45 0 89 1189 686 0 0 0 75 34 0 0 0 0 154 24 0 63 3000 0 0 2497 0 0 0 136 97 0 341 0 360 0 9 500 118 31 0 67 0 41 0 0 0 105 0 0 0 0 23 225 0 9 72 65 0 0 0 9 0 0 0 0 0 0 575 150 171 0 39 0 35 986 9 0 23 0 14 31 25 0 38 3000 0 0 
897 14 315 15 483 21 3000 52 502 93 25 259 0 0 0 1433 1624 79 59 2070 434 77 0 0 425 33 0 188 8 114 2205 13 0 309 17 357 113 772 9 25 368 367 159 1787 38 0 41 0 180 109 64 235 0 149 0 0 468 65 3000 161 108 33 8 0 40 56 0 18 561 1525 0 0 227 8 8 0 638 2549 201 575 0 15 534 497 379 0 516 414 313 582 359 23 0 131 2648 209 58 0 1086 1032 
214 68 508 25 59 42 623 498 103 850 547 3000 0 0 0 7 65 148 114 9 451 2860 0 0 630 49 0 11 17 9 23 45 0 10 55 183 601 47 154 526 211 209 39 21 45 0 268 0 245 12 256 40 0 237 0 0 40 8 512 3000 135 13 672 0 180 57 9 1035 37 195 0 0 893 300 16 0 413 10 21 150 15 0 45 112 7 0 49 54 40 23 3000 175 0 517 140 841 19 0 92 1381 
26 1670 1109 215 158 288 835 531 7 41 191 29 1062 54 28 19 62 54 3000 45 47 352 76 634 39 43 335 2591 16 2215 13 392 37 123 42 37 167 56 3000 159 2763 160 67 100 86 199 734 63 266 557 388 10 0 272 2090 27 145 254 44 251 115 107 93 1142 17 785 35 334 1586 534 0 348 26 984 1364 1553 591 10 331 171 534 45 0 2848 61 166 3000 46 53 187 61 17 164 2366 209 10 195 52 1414 303 
487 481 16 39 0 144 63 554 225 414 0 19 143 243 11 272 138 123 12 327 8 10 31 1046 122 270 130 206 95 2383 13 112 108 0 0 136 384 35 0 12 77 0 455 121 353 774 13 880 20 132 803 44 33 839 28 692 163 396 207 21 151 19 836 47 148 22 417 703 2905 0 20 11 18 0 85 403 118 35 19 0 497 112 2848 0 0 43 55 10 20 0 81 12 27 2296 0 190 61 20 37 75 
17 431 0 8 15 1377 0 166 0 46 705 1200 0 0 11 382 118 45 185 10 749 0 0 0 31 119 0 998 16 1769 2234 884 0 1033 12 51 13 421 68 0 0 8 2209 0 11 0 31 0 408 137 11 21 0 247 0 0 0 14 149 3000 113 329 37 0 449 73 0 19 109 15 0 0 0 272 948 0 60 37 0 39 379 7 61 0 0 0 1095 14 34 678 141 117 0 1550 15 0 353 0 353 0 
74 180 0 379 0 64 305 197 1945 156 0 0 865 11 21 1841 0 0 0 276 308 755 460 185 662 1018 242 35 0 0 15 16 45 0 28 0 0 133 0 995 0 107 0 32 219 87 390 11 65 1986 26 24 219 1139 39 485 162 511 0 326 0 0 305 0 76 89 269 121 59 0 16 250 0 0 689 10 0 0 130 0 0 0 166 43 0 0 229 68 764 0 3000 1333 951 150 95 0 0 88 0 503 
3000 132 0 137 3000 67 8 36 1542 45 22 0 31 14 63 651 118 0 365 24 80 13 110 1481 2657 82 0 209 0 0 377 93 0 402 21 2132 9 22 0 268 0 116 10 24 191 34 25 31 294 1613 9 14 754 135 122 152 572 183 0 2117 0 88 212 0 48 46 352 49 43 1010 0 159 178 113 1319 46 0 13 0 35 516 49 3000 55 1095 229 0 53 377 0 917 46 9 141 3000 0 444 145 215 14 
9 23 104 237 363 930 217 27 52 28 55 177 24 414 271 26 209 35 61 126 21 1835 280 3000 191 1106 494 81 56 29 57 210 310 8 35 1695 11 11 22 9 22 27 95 25 3000 0 136 127 207 460 14 78 0 1386 148 90 30 84 23 142 193 1362 106 209 212 1534 797 24 9 104 0 459 545 113 54 211 12 72 45 986 414 54 46 10 14 68 53 0 45 31 13 774 29 21 38 9 21 181 198 224 
2745 12 154 224 171 74 36 69 33 83 176 8 154 137 1445 60 502 23 67 16 54 1431 2766 98 259 9 313 380 38 81 67 10 168 22 20 2315 67 473 1609 1226 595 330 435 40 699 321 66 28 9 49 286 7 24 318 543 11 9 664 71 19 341 14 1130 37 71 461 153 32 9 2667 184 674 45 79 14 8 8 13 7 9 313 40 53 20 34 764 377 45 0 377 45 282 233 501 167 993 373 1516 31 150 
53 205 2274 13 65 513 0 0 0 709 1547 18 0 0 0 3000 222 34 142 10 241 0 0 0 37 0 0 0 1866 43 93 142 0 606 0 237 478 82 86 0 348 662 3000 0 38 0 0 0 28 21 381 0 0 0 0 0 480 546 92 0 473 663 115 0 122 229 0 188 0 16 0 0 1515 9 248 0 85 151 43 0 582 23 187 0 678 0 0 31 377 0 12 148 0 1056 8 932 9 0 1284 12 
49 164 68 23 75 62 107 137 2416 29 9 275 54 248 151 40 98 48 38 23 1953 64 75 13 8 29 27 242 126 8 1319 8 2899 399 59 299 194 250 0 7 149 2340 1552 449 940 42 136 222 84 97 15 47 330 235 63 10 21 33 1785 11 506 819 44 487 46 46 119 578 342 141 158 44 110 111 2952 794 111 62 133 23 359 3000 61 81 141 3000 917 13 45 12 0 67 521 1109 1140 2247 16 61 3000 11 
18 24 303 69 58 1822 33 951 192 13 757 88 461 30 10 76 39 9 67 123 146 15 157 17 1256 298 251 19 296 47 764 3000 89 30 10 455 13 18 14 33 161 153 2836 9 48 194 79 10 47 1529 150 12 23 88 51 394 720 13 68 16 347 3000 46 8 3000 157 26 14 20 151 581 8 13 0 15 288 15 79 126 0 23 175 17 12 117 1333 46 774 282 148 67 0 1081 727 46 18 556 23 25 155 
245 236 0 53 0 237 8 91 500 115 0 0 119 183 373 1360 0 0 0 40 8 9 31 71 138 32 26 18 0 0 488 74 35 0 755 0 0 325 0 164 0 14 0 226 137 147 421 2455 209 206 1784 1075 62 1479 34 21 223 52 0 117 0 0 73 0 9 804 177 66 17 0 0 33 0 0 1003 555 0 0 0 14 0 0 164 27 0 951 9 29 233 0 521 1081 0 96 186 0 0 261 0 143 
19 90 34 16 154 712 670 3000 3000 10 205 39 66 9 466 961 935 1457 147 136 92 811 42 90 3000 61 12 59 91 329 16 1120 277 404 181 371 8 1012 11 240 875 597 28 290 1493 0 18 127 425 285 86 37 0 1645 906 50 628 27 250 34 24 66 32 1242 485 606 499 415 883 11 90 556 49 97 685 205 118 617 356 31 131 517 2366 2296 1550 150 141 21 501 1056 1109 727 96 0 182 3000 25 170 38 10 
64 982 0 16 1580 108 277 833 179 16 29 0 0 0 17 1311 1201 0 8 3000 32 0 3000 0 7 1464 0 55 0 745 91 19 0 50 399 0 0 53 0 29 0 678 420 258 11 39 67 3000 23 3000 43 23 296 1723 0 39 0 126 0 293 0 46 34 0 410 181 0 49 387 1358 0 0 0 2209 0 0 0 0 0 25 2648 140 209 0 15 95 3000 38 167 8 1140 46 186 182 0 0 47 13 3000 0 
1269 116 363 1320 11 14 96 69 69 180 0 1627 148 391 0 945 44 18 145 72 10 17 0 8 0 0 3000 1645 1524 355 92 118 86 0 0 9 242 29 14 1647 68 0 64 171 18 0 18 0 79 0 76 145 0 0 51 0 20 343 260 391 17 255 33 213 91 96 259 504 0 0 29 3000 151 0 15 203 3000 14 1050 0 209 841 10 190 0 0 0 9 993 932 2247 18 0 3000 0 0 167 0 598 3000 
374 125 197 276 471 52 15 770 131 150 403 74 13 515 0 268 233 204 254 38 44 76 9 59 609 26 12 866 400 589 186 2869 107 9 417 723 124 130 36 1423 51 15 77 12 180 0 54 0 67 1395 1310 157 0 95 44 0 58 789 44 42 14 17 3000 185 13 261 9 26 782 73 110 26 15 291 160 136 129 26 314 38 58 19 195 61 353 0 444 21 373 9 16 556 0 25 47 167 0 0 8 8 
199 130 0 1851 0 165 115 1648 1972 3000 0 0 520 59 34 51 0 0 0 337 79 347 3000 23 14 304 628 142 0 0 167 19 176 0 609 0 0 54 0 59 0 12 0 28 133 159 11 78 320 66 168 3000 35 687 7 14 489 63 0 35 0 0 101 0 15 10 2898 36 351 0 0 146 0 0 73 32 0 0 0 3000 0 0 52 20 0 88 145 181 1516 0 61 23 261 170 13 0 0 0 0 1292 
474 7 3000 147 22 11 59 85 217 211 519 44 28 430 0 309 229 12 241 71 72 57 252 318 24 33 32 225 74 182 404 332 122 97 185 17 254 588 83 146 379 69 57 3000 2202 0 395 0 307 243 864 34 0 272 74 0 1059 389 75 10 82 39 107 323 366 1687 332 513 12 93 1407 89 246 0 225 39 212 584 2135 0 1086 92 1414 37 353 0 215 198 31 1284 3000 25 0 38 3000 598 8 0 0 14 
53 213 399 23 23 79 75 15 9 1506 474 122 48 606 16 352 46 33 7 377 141 24 7 26 1736 713 7 60 142 120 3000 366 235 0 0 21 9 57 839 40 163 0 9 95 34 0 169 20 1049 30 3000 10 0 0 174 28 286 1543 463 2015 9 27 67 726 1676 408 3000 1964 66 0 91 24 279 0 131 455 20 782 1019 0 1032 1381 303 75 0 503 14 224 150 12 11 155 143 10 0 3000 8 1292 14 0 
