100
0 59 62 62 26 38 15 107 85 23 55 101 68 40 43 75 54 90 24 24 22 32 73 68 89 92 68 52 66 44 108 41 105 98 44 57 89 99 76 49 40 60 70 98 32 102 35 71 61 91 41 73 58 63 51 24 22 34 16 84 16 34 93 56 31 95 55 53 95 16 81 90 67 80 50 54 43 95 35 13 94 87 55 22 92 105 39 63 46 45 38 28 57 73 99 94 20 84 92 66 
59 0 19 71 33 25 45 54 75 41 9 48 57 25 27 22 76 44 39 64 44 54 82 41 35 42 59 21 8 34 57 93 57 90 24 45 75 99 51 16 61 17 17 65 37 47 25 27 20 54 23 69 4 18 70 36 72 42 66 34 58 69 40 5 56 59 43 39 68 63 50 65 35 51 64 49 20 63 50 46 40 57 42 37 58 51 34 83 54 61 30 47 10 27 83 90 57 27 67 20 
62 19 0 88 38 25 47 67 94 51 27 61 76 39 43 39 91 60 48 74 53 67 99 60 49 57 78 10 17 50 72 101 72 109 19 63 94 118 70 33 75 3 34 84 50 59 35 45 39 73 38 87 15 37 85 42 79 35 74 51 66 81 54 24 68 78 61 24 87 71 69 84 54 70 79 67 35 82 64 52 53 76 26 41 77 64 49 99 69 76 25 59 29 46 102 109 67 40 86 39 
62 71 88 0 60 72 64 88 27 47 62 83 22 49 45 68 15 67 49 40 46 30 12 40 78 73 20 83 79 38 84 58 78 37 78 28 33 37 38 55 22 85 67 56 41 87 56 57 55 55 51 16 74 58 13 56 49 83 50 68 46 33 78 66 31 58 29 96 49 48 47 43 45 43 12 22 53 53 30 56 80 47 99 61 54 88 39 15 20 17 77 36 62 59 43 32 42 78 45 59 
26 33 38 60 0 15 13 83 75 14 29 76 56 18 22 49 58 67 11 36 16 32 72 50 64 68 57 29 40 27 84 63 82 90 21 43 78 95 59 24 42 36 44 80 19 77 10 47 37 71 18 65 32 39 53 4 41 24 36 60 28 44 68 30 33 76 41 37 79 33 63 74 46 62 49 43 19 77 31 14 69 69 40 5 73 80 23 67 40 44 18 24 31 49 88 88 29 58 77 42 
38 25 25 72 15 0 23 79 84 28 26 73 65 24 29 46 72 66 26 50 31 46 84 55 60 66 67 15 31 36 82 77 80 99 7 51 86 106 65 25 55 22 41 84 31 72 16 47 38 73 23 75 23 38 67 19 55 18 49 58 42 58 64 25 47 79 50 24 84 47 67 80 50 67 62 53 23 81 44 27 65 74 27 17 76 76 33 80 52 57 6 38 29 49 95 98 44 52 82 41 
15 45 47 64 13 23 0 96 83 17 42 89 65 30 34 62 59 80 16 32 18 34 76 61 77 81 65 37 52 37 97 55 94 97 29 52 86 100 70 37 43 45 57 91 26 90 23 60 50 83 30 72 44 51 55 12 34 21 28 73 23 42 81 43 34 88 50 40 89 26 74 84 58 73 52 51 32 88 34 8 82 80 42 8 85 93 33 68 45 47 23 27 44 62 96 94 26 71 87 55 
107 54 67 88 83 79 96 0 73 86 54 6 66 68 65 33 100 20 84 104 87 89 92 49 19 16 68 73 51 67 7 133 13 83 78 64 69 97 50 59 91 66 39 42 77 8 73 37 46 35 66 76 57 44 95 84 114 96 110 24 100 104 15 54 92 36 63 90 50 106 42 52 46 46 88 70 64 43 84 94 14 44 93 87 38 3 71 103 80 88 84 86 51 35 69 87 99 27 53 41 
85 75 94 27 75 84 83 73 0 66 67 70 19 60 55 63 43 54 67 66 65 52 24 34 69 61 18 91 81 48 67 86 61 15 89 33 6 26 26 62 46 92 64 33 57 74 68 53 55 38 61 12 78 58 40 72 75 98 75 59 69 59 67 70 54 38 34 107 25 72 32 21 41 29 36 32 62 31 50 76 69 28 110 78 35 73 52 40 39 41 90 57 65 54 16 16 66 71 21 57 
23 41 51 47 14 28 17 86 66 0 35 79 48 18 20 53 44 68 3 23 3 19 59 46 68 70 48 42 49 21 86 52 83 80 35 35 69 84 54 28 28 48 49 76 10 81 17 49 39 68 20 55 42 42 40 9 31 36 25 62 16 30 71 37 19 73 34 51 73 22 59 68 44 58 36 34 22 73 18 11 72 64 53 14 70 84 17 53 28 31 32 11 37 51 79 77 16 63 71 45 
55 9 27 62 29 26 42 54 67 35 0 48 49 18 19 21 68 41 33 57 38 46 73 34 35 40 51 26 16 26 56 87 54 82 27 36 67 91 44 8 53 25 16 59 30 48 20 22 13 49 16 60 12 12 62 31 66 43 61 32 51 62 39 4 48 54 35 44 61 57 43 58 27 44 55 40 13 57 42 42 40 50 47 34 52 51 26 75 45 52 31 40 3 23 75 82 51 29 60 15 
101 48 61 83 76 73 89 6 70 79 48 0 61 61 59 27 95 16 78 98 81 83 89 44 13 10 64 67 45 61 11 127 14 81 71 58 66 94 46 53 86 60 32 41 71 4 66 31 40 32 60 72 51 38 90 78 107 90 103 17 94 98 8 48 86 34 58 84 48 100 38 50 41 42 82 65 58 41 79 88 8 42 87 81 36 4 65 99 75 82 78 80 45 29 68 85 93 21 51 35 
68 57 76 22 56 65 65 66 19 48 49 61 0 41 36 48 36 45 48 52 47 37 28 19 57 52 3 73 63 30 62 76 56 34 70 14 22 42 16 43 33 73 49 35 38 65 49 38 38 33 42 12 61 41 31 54 62 80 61 47 54 47 56 52 39 36 15 88 29 57 24 24 25 21 25 14 43 32 34 58 58 25 92 59 32 66 33 38 23 28 71 39 47 39 32 33 50 58 26 41 
40 25 39 49 18 24 30 68 60 18 18 61 41 0 5 35 52 51 17 40 20 29 61 33 50 52 42 33 33 12 68 70 65 75 29 27 62 82 42 10 37 36 31 62 13 62 8 31 21 53 2 51 26 23 46 17 48 39 44 44 34 44 53 20 31 58 26 47 61 40 45 57 29 45 41 29 4 60 25 27 54 52 51 22 56 65 10 60 30 37 30 22 19 33 72 74 34 45 60 26 
43 27 43 45 22 29 34 65 55 20 19 59 36 5 0 34 49 48 19 39 22 27 56 28 48 50 37 38 35 7 66 69 62 70 34 22 57 77 37 11 34 41 30 58 12 61 14 28 19 49 6 46 30 22 43 21 49 44 44 42 35 43 51 23 29 54 20 53 56 41 41 52 24 40 37 24 8 55 23 30 52 47 56 26 51 63 7 56 26 33 35 22 20 30 66 69 34 44 54 25 
75 22 39 68 49 46 62 33 63 53 21 27 48 35 34 0 77 21 52 73 55 60 76 29 15 20 51 43 23 38 36 103 34 77 46 40 62 88 37 26 64 38 5 46 46 27 40 10 15 34 34 60 26 12 71 51 83 63 78 12 69 76 19 21 62 39 39 61 50 75 33 48 23 35 64 46 31 44 56 61 19 40 64 54 38 31 40 82 54 62 51 55 18 9 67 79 68 11 50 10 
54 76 91 15 58 72 59 100 43 44 68 95 36 52 49 77 0 80 47 30 42 26 23 51 89 85 34 84 84 42 97 43 92 51 78 37 49 48 51 60 16 88 75 71 41 98 57 67 63 69 54 31 78 66 6 54 37 80 40 79 38 21 89 71 25 72 38 95 64 38 60 58 55 57 13 31 56 68 28 51 91 61 98 58 69 100 42 9 23 16 76 34 67 69 58 45 34 87 60 68 
90 44 60 67 67 66 80 20 54 68 41 16 45 51 48 21 80 0 67 84 69 69 73 28 16 7 48 64 44 49 18 113 15 66 67 43 51 79 30 43 71 59 27 28 59 20 57 20 30 18 50 56 47 29 74 68 94 84 91 10 82 84 13 42 72 21 43 82 34 87 22 35 26 26 67 49 48 28 65 77 15 26 85 72 22 20 52 83 60 68 72 67 38 18 54 69 80 23 36 26 
24 39 48 49 11 26 16 84 67 3 33 78 48 17 19 52 47 67 0 26 5 21 61 45 66 69 49 39 47 21 85 55 81 81 32 36 70 85 54 26 30 45 47 75 10 79 14 47 38 67 18 56 39 40 42 7 33 34 28 61 19 33 70 35 22 72 34 48 73 24 59 68 43 57 38 34 20 73 20 11 71 64 51 12 69 82 17 56 29 33 29 13 35 49 80 78 19 61 71 43 
24 64 74 40 36 50 32 104 66 23 57 98 52 40 39 73 30 84 26 0 21 15 51 58 88 88 51 65 72 36 103 30 98 77 57 44 71 77 63 49 19 71 70 85 27 99 40 67 58 80 41 53 65 61 28 31 11 53 10 80 9 10 90 60 13 84 43 71 80 7 70 75 58 68 30 39 44 82 20 24 91 74 74 34 81 102 33 40 28 25 53 18 58 69 81 73 7 84 77 64 
22 44 53 46 16 31 18 87 65 3 38 81 47 20 22 55 42 69 5 21 0 16 58 46 70 72 47 45 52 22 87 50 84 79 38 35 69 82 54 30 26 51 51 76 11 82 19 50 41 69 22 53 44 43 38 12 28 38 23 64 14 28 73 40 17 73 34 53 73 20 60 68 45 58 34 33 25 73 16 11 74 65 56 16 70 85 18 51 27 29 34 9 39 52 79 76 14 65 70 46 
32 54 67 30 32 46 34 89 52 19 46 83 37 29 27 60 26 69 21 15 16 0 42 42 74 73 36 59 62 22 88 44 83 65 53 28 57 67 48 38 9 64 57 70 17 85 32 52 45 65 31 40 55 48 21 28 26 54 24 66 17 16 76 49 3 69 27 69 65 21 55 60 43 52 18 24 33 67 5 26 77 59 72 32 65 87 20 35 13 13 50 8 47 54 67 61 14 71 62 50 
73 82 99 12 72 84 76 92 24 59 73 89 28 61 56 76 23 73 61 51 58 42 0 47 85 79 25 94 89 49 88 65 82 29 90 37 30 26 42 66 33 96 76 56 53 92 68 65 64 58 62 17 85 68 23 68 59 95 61 75 57 43 84 77 42 59 38 107 48 59 51 44 52 47 23 32 64 54 42 68 86 49 111 73 56 93 51 17 32 29 89 49 72 67 38 23 54 86 44 68 
68 41 60 40 50 55 61 49 34 46 34 44 19 33 28 29 51 28 45 58 46 42 47 0 38 34 22 59 46 25 46 86 41 49 58 15 34 59 10 31 43 58 30 30 36 47 41 19 21 22 33 31 45 24 46 49 68 71 66 28 57 57 38 37 45 27 15 76 29 62 13 25 7 12 39 21 33 27 38 56 40 19 80 54 24 48 29 55 32 39 61 42 31 20 42 50 54 39 27 23 
89 35 49 78 64 60 77 19 69 68 35 13 57 50 48 15 89 16 66 88 70 74 85 38 0 10 60 54 32 52 23 117 24 81 59 51 66 94 43 41 77 48 20 44 60 13 54 21 29 34 49 68 38 27 83 66 97 77 93 10 83 89 5 35 76 37 51 72 50 89 36 51 33 40 75 57 46 44 69 76 5 42 74 69 38 16 54 93 67 75 65 70 33 20 69 84 82 8 52 24 
92 42 57 73 68 66 81 16 61 70 40 10 52 52 50 20 85 7 69 88 72 73 79 34 10 0 54 62 41 52 16 117 15 73 65 48 58 86 37 44 76 56 25 35 62 13 58 21 31 25 51 62 45 29 80 69 98 83 94 8 85 88 6 41 76 28 48 80 41 90 29 42 30 33 72 54 49 34 69 79 8 33 83 73 29 15 55 89 65 72 71 70 37 20 61 76 83 18 43 26 
68 59 78 20 57 67 65 68 18 48 51 64 3 42 37 51 34 48 49 51 47 36 25 22 60 54 0 74 66 31 64 74 59 33 71 15 21 40 18 45 32 75 51 37 39 67 50 41 40 36 43 10 63 44 29 54 61 81 60 50 53 46 59 54 38 38 17 90 31 57 27 25 28 23 23 14 45 34 33 58 61 27 93 60 35 68 34 35 23 27 72 39 49 42 32 32 50 61 27 43 
52 21 10 83 29 15 37 73 91 42 26 67 73 33 38 43 84 64 39 65 45 59 94 59 54 62 74 0 22 45 77 92 77 107 8 59 93 114 70 29 68 9 38 85 43 66 27 47 39 75 32 84 17 38 79 33 70 25 64 55 57 72 59 23 61 80 58 18 87 61 69 84 54 70 73 62 30 83 57 42 59 76 21 32 78 70 43 92 63 69 15 51 29 48 101 106 58 46 86 41 
66 8 17 79 40 31 52 51 81 49 16 45 63 33 35 23 84 44 47 72 52 62 89 46 32 41 66 22 0 42 55 101 56 95 28 52 80 105 56 24 69 16 18 68 46 44 33 30 25 57 31 75 8 22 78 43 80 46 74 34 65 77 38 13 64 62 50 39 71 71 53 69 40 55 72 56 29 66 58 54 37 61 42 44 60 48 42 91 61 69 34 55 17 30 87 96 66 24 71 24 
44 34 50 38 27 36 37 67 48 21 26 61 30 12 7 38 42 49 21 36 22 22 49 25 52 52 31 45 42 0 67 66 63 63 41 16 51 70 33 18 27 48 35 55 11 63 20 31 23 47 13 39 37 26 36 25 46 50 42 44 33 38 54 29 25 52 14 60 53 39 38 48 23 37 29 17 15 52 18 31 55 43 63 30 49 66 4 49 19 26 42 18 26 32 61 62 31 48 50 28 
108 57 72 84 84 82 97 7 67 86 56 11 62 68 66 36 97 18 85 103 87 88 88 46 23 16 64 77 55 67 0 132 6 77 81 61 63 91 46 60 89 71 41 36 77 14 74 37 47 30 67 71 61 46 92 85 113 99 109 24 100 103 18 57 90 30 61 95 44 105 38 47 44 41 85 67 65 37 83 95 18 39 97 89 33 10 70 100 78 86 87 85 54 35 63 81 98 31 47 42 
41 93 101 58 63 77 55 133 86 52 87 127 76 70 69 103 43 113 55 30 50 44 65 86 117 117 74 92 101 66 132 0 127 94 84 71 92 89 89 79 43 99 100 111 58 129 69 96 88 107 71 74 94 91 46 59 22 75 28 110 36 29 120 90 41 111 71 94 105 31 97 99 87 94 51 65 74 108 49 50 121 100 96 60 107 131 63 49 54 48 78 48 88 98 101 88 36 114 101 94 
105 57 72 78 82 80 94 13 61 83 54 14 56 65 62 34 92 15 81 98 84 83 82 41 24 15 59 77 56 63 6 127 0 71 80 56 57 84 41 58 84 71 40 29 73 18 72 34 44 23 64 65 60 43 86 82 109 98 105 22 96 98 18 56 86 24 56 95 37 101 32 40 40 35 79 62 63 30 79 92 20 33 97 86 26 15 66 94 73 80 86 81 52 33 57 75 94 32 41 40 
98 90 109 37 90 99 97 83 15 80 82 81 34 75 70 77 51 66 81 77 79 65 29 49 81 73 33 107 95 63 77 94 71 0 104 48 15 14 40 77 58 107 79 41 71 85 83 67 70 49 76 25 94 73 50 87 86 113 87 72 82 70 79 85 66 47 50 122 33 84 45 31 56 42 48 47 77 40 63 90 81 40 126 92 45 84 67 45 52 53 105 70 80 68 15 6 78 85 30 72 
44 24 19 78 21 7 29 78 89 35 27 71 70 29 34 46 78 67 32 57 38 53 90 58 59 65 71 8 28 41 81 84 80 104 0 56 91 111 69 28 62 17 40 86 37 71 22 48 39 75 28 80 21 39 73 26 62 19 56 58 49 65 64 25 54 81 55 18 87 54 69 83 53 70 68 58 27 84 51 34 64 76 22 24 79 75 39 87 58 63 7 45 30 50 99 103 50 51 86 42 
57 45 63 28 43 51 52 64 33 35 36 58 14 27 22 40 37 43 36 44 35 28 37 15 51 48 15 59 52 16 61 71 56 48 56 0 35 55 20 30 28 60 39 42 25 61 36 30 27 36 28 24 48 31 32 41 54 66 52 42 44 42 52 40 31 40 2 75 38 48 27 33 18 24 24 6 29 39 24 46 54 31 78 46 37 63 20 42 17 24 57 29 35 32 45 47 41 50 35 31 
89 75 94 33 78 86 86 69 6 69 67 66 22 62 57 62 49 51 70 71 69 57 30 34 66 58 21 93 80 51 63 92 57 15 91 35 0 28 25 63 51 92 64 28 60 70 71 52 55 34 63 18 79 58 46 76 81 101 81 56 74 65 64 71 59 33 37 109 20 77 30 17 41 27 42 36 64 27 54 80 66 25 112 81 31 70 55 46 44 46 92 61 65 52 10 18 71 70 16 57 
99 99 118 37 95 106 100 97 26 84 91 94 42 82 77 88 48 79 85 77 82 67 26 59 94 86 40 114 105 70 91 89 84 14 111 55 28 0 51 85 58 115 90 55 76 99 89 78 80 62 83 31 103 83 48 92 85 118 87 84 83 68 92 94 68 61 57 129 47 84 58 45 66 54 49 53 84 54 66 93 94 53 132 97 59 98 73 40 55 54 111 73 89 79 29 10 79 97 44 82 
76 51 70 38 59 65 70 50 26 54 44 46 16 42 37 37 51 30 54 63 54 48 42 10 43 37 18 70 56 33 46 89 41 40 69 20 25 51 0 41 46 68 39 22 44 50 50 27 31 18 42 25 55 34 46 58 74 81 72 33 63 60 42 47 50 21 21 87 19 68 9 15 16 5 40 24 42 19 44 64 44 11 90 63 18 50 37 53 35 42 71 48 41 28 31 41 60 46 17 32 
49 16 33 55 24 25 37 59 62 28 8 53 43 10 11 26 60 43 26 49 30 38 66 31 41 44 45 29 24 18 60 79 58 77 28 30 63 85 41 0 45 30 21 59 22 53 14 24 14 49 8 54 19 15 54 25 58 42 53 36 44 54 44 11 40 54 29 46 59 50 42 55 25 42 48 34 6 56 34 35 45 49 49 29 52 57 18 67 37 44 31 32 9 25 72 77 43 35 58 18 
40 61 75 22 42 55 43 91 46 28 53 86 33 37 34 64 16 71 30 19 26 9 33 43 77 76 32 68 69 27 89 43 84 58 62 28 51 58 46 45 0 73 62 68 25 88 41 56 50 64 38 34 63 53 12 37 29 64 29 69 24 14 79 56 9 67 28 78 62 26 54 57 45 51 10 22 41 65 11 35 80 57 81 42 64 90 27 25 11 5 60 17 53 58 62 54 21 75 59 55 
60 17 3 85 36 22 45 66 92 48 25 60 73 36 41 38 88 59 45 71 51 64 96 58 48 56 75 9 16 48 71 99 71 107 17 60 92 115 68 30 73 0 33 82 48 59 32 44 37 71 35 85 13 35 83 40 77 34 71 50 63 78 53 21 66 76 59 24 85 69 67 82 52 69 77 64 33 81 61 49 53 74 26 39 75 63 47 96 67 73 24 57 27 44 100 107 64 40 84 37 
70 17 34 67 44 41 57 39 64 49 16 32 49 31 30 5 75 27 47 70 51 57 76 30 20 25 51 38 18 35 41 100 40 79 40 39 64 90 39 21 62 33 0 50 42 32 35 12 12 38 29 61 21 9 69 46 79 58 74 17 65 73 24 16 59 43 38 56 53 71 36 51 24 38 62 45 27 48 53 57 24 43 58 49 42 36 37 81 52 60 46 52 13 12 70 80 64 14 53 8 
98 65 84 56 80 84 91 42 33 76 59 41 35 62 58 46 71 28 75 85 76 70 56 30 44 35 37 85 68 55 36 111 29 41 86 42 28 55 22 59 68 82 50 0 66 45 70 39 47 11 62 40 69 48 66 79 96 101 94 36 85 82 41 62 72 7 43 103 8 90 17 13 34 18 60 46 62 3 66 86 43 11 106 84 7 44 59 70 57 63 90 70 57 38 27 46 83 50 12 45 
32 37 50 41 19 31 26 77 57 10 30 71 38 13 12 46 41 59 10 27 11 17 53 36 60 62 39 43 46 11 77 58 73 71 37 25 60 76 44 22 25 48 42 66 0 73 16 40 31 58 14 46 39 34 36 16 37 42 32 54 23 32 63 33 19 63 24 55 63 29 49 58 34 48 31 25 17 63 14 21 64 54 58 21 60 75 7 49 21 26 36 10 31 42 70 69 22 56 61 37 
102 47 59 87 77 72 90 8 74 81 48 4 65 62 61 27 98 20 79 99 82 85 92 47 13 13 67 66 44 63 14 129 18 85 71 61 70 99 50 53 88 59 32 45 73 0 67 33 41 37 61 75 50 39 93 78 109 89 105 19 96 101 10 48 88 39 61 83 53 101 42 54 43 46 85 67 59 46 81 89 8 46 85 81 40 4 66 102 77 85 77 81 45 31 72 89 94 20 55 36 
35 25 35 56 10 16 23 73 68 17 20 66 49 8 14 40 57 57 14 40 19 32 68 41 54 58 50 27 33 20 74 69 72 83 22 36 71 89 50 14 41 32 35 70 16 67 0 37 27 61 8 59 25 29 51 12 47 31 42 50 33 46 58 21 34 66 34 40 70 38 53 65 37 53 46 37 9 68 29 22 59 60 43 15 64 70 17 65 36 42 22 24 22 39 80 82 33 48 68 32 
71 27 45 57 47 47 60 37 53 49 22 31 38 31 28 10 67 20 47 67 50 52 65 19 21 21 41 47 30 31 37 96 34 67 48 30 52 78 27 24 56 44 12 39 40 33 37 0 10 28 30 50 31 10 61 48 76 65 73 14 63 68 23 24 55 33 30 65 41 69 24 39 13 26 54 36 28 37 48 58 25 31 68 52 31 35 34 72 45 53 53 49 19 2 58 69 62 20 41 6 
61 20 39 55 37 38 50 46 55 39 13 40 38 21 19 15 63 30 38 58 41 45 64 21 29 31 40 39 25 23 47 88 44 70 39 27 55 80 31 14 50 37 12 47 31 41 27 10 0 36 20 50 24 4 57 38 68 55 64 23 54 61 32 16 47 41 26 57 48 60 30 45 15 31 50 33 18 44 41 48 33 37 60 42 39 44 25 69 40 48 43 40 10 12 63 71 53 26 47 6 
91 54 73 55 71 73 83 35 38 68 49 32 33 53 49 34 69 18 67 80 69 65 58 22 34 25 36 75 57 47 30 107 23 49 75 36 34 62 18 49 64 71 38 11 58 37 61 28 36 0 53 42 58 37 65 70 90 91 88 25 79 78 30 51 67 5 37 92 17 84 10 18 24 13 58 42 52 10 60 78 33 10 96 75 4 36 51 71 53 60 79 64 46 27 36 52 77 39 19 34 
41 23 38 51 18 23 30 66 61 20 16 60 42 2 6 34 54 50 18 41 22 31 62 33 49 51 43 32 31 13 67 71 64 76 28 28 63 83 42 8 38 35 29 62 14 61 8 30 20 53 0 52 25 22 48 18 50 39 45 43 36 46 52 19 33 58 26 47 62 41 45 57 29 45 42 30 3 60 27 28 53 52 50 22 55 64 12 61 32 38 29 24 17 32 72 75 35 43 60 25 
73 69 87 16 65 75 72 76 12 55 60 72 12 51 46 60 31 56 56 53 53 40 17 31 68 62 10 84 75 39 71 74 65 25 80 24 18 31 25 54 34 85 61 40 46 75 59 50 50 42 52 0 72 53 28 62 63 88 63 58 57 47 67 64 42 43 26 99 33 60 34 28 37 30 24 22 54 38 38 64 69 32 102 67 40 76 42 30 27 29 81 45 59 51 28 23 54 70 29 53 
58 4 15 74 32 23 44 57 78 42 12 51 61 26 30 26 78 47 39 65 44 55 85 45 38 45 63 17 8 37 61 94 60 94 21 48 79 103 55 19 63 13 21 69 39 50 25 31 24 58 25 72 0 22 73 35 72 39 67 38 58 70 43 8 57 63 47 35 72 63 54 69 39 55 66 52 22 67 52 46 43 61 38 36 62 54 36 86 56 63 27 48 14 31 86 94 58 30 71 24 
63 18 37 58 39 38 51 44 58 42 12 38 41 23 22 12 66 29 40 61 43 48 68 24 27 29 44 38 22 26 46 91 43 73 39 31 58 83 34 15 53 35 9 48 34 39 29 10 4 37 22 53 22 0 60 40 71 55 66 21 57 64 30 14 51 42 30 56 50 63 32 47 17 33 53 36 20 46 44 50 31 39 59 43 40 42 28 72 44 51 43 43 9 11 65 74 56 22 49 3 
51 70 85 13 53 67 55 95 40 40 62 90 31 46 43 71 6 74 42 28 38 21 23 46 83 80 29 79 78 36 92 46 86 50 73 32 46 48 46 54 12 83 69 66 36 93 51 61 57 65 48 28 73 60 0 49 37 75 38 73 35 20 83 65 21 67 32 90 60 36 55 54 50 52 7 25 51 64 22 47 85 56 93 53 64 94 36 14 17 10 71 29 62 63 56 45 31 81 56 62 
24 36 42 56 4 19 12 84 72 9 31 78 54 17 21 51 54 68 7 31 12 28 68 49 66 69 54 33 43 25 85 59 82 87 26 41 76 92 58 25 37 40 46 79 16 78 12 48 38 70 18 62 35 40 49 0 37 27 32 61 23 39 69 33 29 75 39 41 77 29 62 72 46 61 45 40 20 76 27 11 70 68 44 5 73 82 21 63 36 40 22 20 33 50 85 85 25 60 75 43 
22 72 79 49 41 55 34 114 75 31 66 107 62 48 49 83 37 94 33 11 28 26 59 68 97 98 61 70 80 46 113 22 109 86 62 54 81 85 74 58 29 77 79 96 37 109 47 76 68 90 50 63 72 71 37 37 0 55 6 90 14 17 100 68 24 94 53 74 91 9 81 85 69 78 39 50 53 93 30 28 101 85 76 38 91 112 43 46 39 34 57 28 67 78 91 82 15 93 87 73 
34 42 35 83 24 18 21 96 98 36 43 90 80 39 44 63 80 84 34 53 38 54 95 71 77 83 81 25 46 50 99 75 98 113 19 66 101 118 81 42 64 34 58 101 42 89 31 65 55 91 39 88 39 55 75 27 55 0 49 75 44 63 82 42 54 96 64 20 100 48 84 96 67 84 72 67 39 98 53 29 82 90 21 22 94 93 47 89 63 66 12 47 46 66 111 111 47 69 99 58 
16 66 74 50 36 49 28 110 75 25 61 103 61 44 44 78 40 91 28 10 23 24 61 66 93 94 60 64 74 42 109 28 105 87 56 52 81 87 72 53 29 71 74 94 32 105 42 73 64 88 45 63 67 66 38 32 6 49 0 86 9 19 96 63 22 92 51 68 89 4 78 84 65 76 39 48 48 91 28 22 97 83 70 32 89 108 39 49 37 34 51 24 62 74 91 83 11 88 86 69 
84 34 51 68 60 58 73 24 59 62 32 17 47 44 42 12 79 10 61 80 64 66 75 28 10 8 50 55 34 44 24 110 22 72 58 42 56 84 33 36 69 50 17 36 54 19 50 14 23 25 43 58 38 21 73 61 90 75 86 0 77 81 10 33 68 29 42 73 42 82 26 41 24 30 66 48 41 35 61 71 12 32 76 65 29 22 47 83 58 66 63 62 29 12 60 74 75 14 43 18 
16 58 66 46 28 42 23 100 69 16 51 94 54 34 35 69 38 82 19 9 14 17 57 57 83 85 53 57 65 33 100 36 96 82 49 44 74 83 63 44 24 63 65 85 23 96 33 63 54 79 36 57 58 57 35 23 14 44 9 77 0 19 86 54 15 84 43 62 82 6 70 76 56 68 34 40 38 83 20 15 87 74 65 25 80 98 30 47 30 29 44 15 53 65 84 78 4 79 78 60 
34 69 81 33 44 58 42 104 59 30 62 98 47 44 43 76 21 84 33 10 28 16 43 57 89 88 46 72 77 38 103 29 98 70 65 42 65 68 60 54 14 78 73 82 32 101 46 68 61 78 46 47 70 64 20 39 17 63 19 81 19 0 91 65 13 81 41 80 76 18 68 71 58 65 23 36 49 79 20 34 93 71 83 42 78 103 36 30 25 19 62 22 62 70 75 65 16 86 73 66 
93 40 54 78 68 64 81 15 67 71 39 8 56 53 51 19 89 13 70 90 73 76 84 38 5 6 59 59 38 54 18 120 18 79 64 52 64 92 42 44 79 53 24 41 63 10 58 23 32 30 52 67 43 30 83 69 100 82 96 10 86 91 0 40 78 34 51 77 47 92 34 48 34 38 76 58 50 40 71 80 2 39 80 73 34 12 57 93 68 76 69 72 37 21 66 82 85 14 49 27 
56 5 24 66 30 25 43 54 70 37 4 48 52 20 23 21 71 42 35 60 40 49 77 37 35 41 54 23 13 29 57 90 56 85 25 40 71 94 47 11 56 21 16 62 33 48 21 24 16 51 19 64 8 14 65 33 68 42 63 33 54 65 40 0 51 56 38 41 64 59 46 61 31 47 59 44 16 60 46 43 40 53 44 35 55 51 30 78 49 56 30 43 6 25 78 85 53 28 63 17 
31 56 68 31 33 47 34 92 54 19 48 86 39 31 29 62 25 72 22 13 17 3 42 45 76 76 38 61 64 25 90 41 86 66 54 31 59 68 50 40 9 66 59 72 19 88 34 55 47 67 33 42 57 51 21 29 24 54 22 68 15 13 78 51 0 71 30 70 68 19 57 62 46 55 19 26 36 69 7 26 80 61 73 33 68 90 23 34 15 14 51 9 49 57 69 63 12 73 64 53 
95 59 78 58 76 79 88 36 38 73 54 34 36 58 54 39 72 21 72 84 73 69 59 27 37 28 38 80 62 52 30 111 24 47 81 40 33 61 21 54 67 76 43 7 63 39 66 33 41 5 58 43 63 42 67 75 94 96 92 29 84 81 34 56 71 0 41 98 14 88 14 17 30 16 61 45 57 7 64 83 36 11 101 80 3 37 56 73 57 63 85 68 51 32 34 51 81 43 17 39 
55 43 61 29 41 50 50 63 34 34 35 58 15 26 20 39 38 43 34 43 34 27 38 15 51 48 17 58 50 14 61 71 56 50 55 2 37 57 21 29 28 59 38 43 24 61 34 30 26 37 26 26 47 30 32 39 53 64 51 42 43 41 51 38 30 41 0 73 40 47 27 34 18 25 25 7 28 40 23 44 53 32 76 44 38 63 18 43 17 24 56 27 33 31 46 48 40 50 37 30 
53 39 24 96 37 24 40 90 107 51 44 84 88 47 53 61 95 82 48 71 53 69 107 76 72 80 90 18 39 60 95 94 95 122 18 75 109 129 87 46 78 24 56 103 55 83 40 65 57 92 47 99 35 56 90 41 74 20 68 73 62 80 77 41 70 98 73 0 105 66 87 101 71 88 85 77 45 101 67 47 77 94 3 38 96 87 57 104 76 81 19 61 47 66 118 121 64 64 104 59 
95 68 87 49 79 84 89 50 25 73 61 48 29 61 56 50 64 34 73 80 73 65 48 29 50 41 31 87 71 53 44 105 37 33 87 38 20 47 19 59 62 85 53 8 63 53 70 41 48 17 62 33 72 50 60 77 91 100 89 42 82 76 47 64 68 14 40 105 0 86 18 6 34 17 54 42 61 7 62 84 49 11 108 82 13 51 57 63 52 57 90 67 58 41 20 38 79 55 4 47 
16 63 71 48 33 47 26 106 72 22 57 100 57 40 41 75 38 87 24 7 20 21 59 62 89 90 57 61 71 39 105 31 101 84 54 48 77 84 68 50 26 69 71 90 29 101 38 69 60 84 41 60 63 63 36 29 9 48 4 82 6 18 92 59 19 88 47 66 86 0 75 80 62 72 37 44 44 87 24 20 93 79 69 30 85 104 35 47 34 31 49 20 58 71 88 80 7 85 83 65 
81 50 69 47 63 67 74 42 32 59 43 38 24 45 41 33 60 22 59 70 60 55 51 13 36 29 27 69 53 38 38 97 32 45 69 27 30 58 9 42 54 67 36 17 49 42 53 24 30 10 45 34 54 32 55 62 81 84 78 26 70 68 34 46 57 14 27 87 18 75 0 15 17 4 48 32 45 15 51 69 36 7 90 67 11 42 42 62 43 50 73 54 41 24 34 48 67 40 18 30 
90 65 84 43 74 80 84 52 21 68 58 50 24 57 52 48 58 35 68 75 68 60 44 25 51 42 25 84 69 48 47 99 40 31 83 33 17 45 15 55 57 82 51 13 58 54 65 39 45 18 57 28 69 47 54 72 85 96 84 41 76 71 48 61 62 17 34 101 6 80 15 0 30 13 48 36 57 10 56 79 50 9 104 78 14 53 52 58 47 52 86 61 55 39 19 35 73 55 3 45 
67 35 54 45 46 50 58 46 41 44 27 41 25 29 24 23 55 26 43 58 45 43 52 7 33 30 28 54 40 23 44 87 40 56 53 18 41 66 16 25 45 52 24 34 34 43 37 13 15 24 29 37 39 17 50 46 69 67 65 24 56 58 34 31 46 30 18 71 34 62 17 30 0 17 42 24 28 31 39 54 36 23 74 51 27 45 27 60 34 42 56 41 25 14 48 56 54 33 33 16 
80 51 70 43 62 67 73 46 29 58 44 42 21 45 40 35 57 26 57 68 58 52 47 12 40 33 23 70 55 37 41 94 35 42 70 24 27 54 5 42 51 69 38 18 48 46 53 26 31 13 45 30 55 33 52 61 78 84 76 30 68 65 38 47 55 16 25 88 17 72 4 13 17 0 45 29 45 15 48 68 40 7 91 66 13 46 41 58 40 47 73 52 42 26 32 44 65 43 16 31 
50 64 79 12 49 62 52 88 36 36 55 82 25 41 37 64 13 67 38 30 34 18 23 39 75 72 23 73 72 29 85 51 79 48 68 24 42 49 40 48 10 77 62 60 31 85 46 54 50 58 42 24 66 53 7 45 39 72 39 66 34 23 76 59 19 61 25 85 54 37 48 48 42 45 0 18 44 57 18 44 78 50 88 50 57 87 30 20 10 6 67 25 55 56 52 44 31 74 50 54 
54 49 67 22 43 53 51 70 32 34 40 65 14 29 24 46 31 49 34 39 33 24 32 21 57 54 14 62 56 17 67 65 62 47 58 6 36 53 24 34 22 64 45 46 25 67 37 36 33 42 30 22 52 36 25 40 50 67 48 48 40 36 58 44 26 45 7 77 42 44 32 36 24 29 18 0 32 43 20 44 60 35 80 46 42 69 20 36 11 18 59 26 39 38 46 45 37 57 38 37 
43 20 35 53 19 23 32 64 62 22 13 58 43 4 8 31 56 48 20 44 25 33 64 33 46 49 45 30 29 15 65 74 63 77 27 29 64 84 42 6 41 33 27 62 17 59 9 28 18 52 3 54 22 20 51 20 53 39 48 41 38 49 50 16 36 57 28 45 61 44 45 57 28 45 44 32 0 59 30 30 51 51 49 24 55 62 14 64 34 41 29 27 14 30 73 76 38 41 60 23 
95 63 82 53 77 81 88 43 31 73 57 41 32 60 55 44 68 28 73 82 73 67 54 27 44 34 34 83 66 52 37 108 30 40 84 39 27 54 19 56 65 81 48 3 63 46 68 37 44 10 60 38 67 46 64 76 93 98 91 35 83 79 40 60 69 7 40 101 7 87 15 10 31 15 57 43 59 0 63 83 42 8 104 81 6 44 56 68 54 60 87 67 55 36 27 44 80 49 10 43 
35 50 64 30 31 44 34 84 50 18 42 79 34 25 23 56 28 65 20 20 16 5 42 38 69 69 33 57 58 18 83 49 79 63 51 24 54 66 44 34 11 61 53 66 14 81 29 48 41 60 27 38 52 44 22 27 30 53 28 61 20 20 71 46 7 64 23 67 62 24 51 56 39 48 18 20 30 63 0 27 73 55 70 31 61 83 16 36 11 13 49 7 43 50 65 60 17 66 58 46 
13 46 52 56 14 27 8 94 76 11 42 88 58 27 30 61 51 77 11 24 11 26 68 56 76 79 58 42 54 31 95 50 92 90 34 46 80 93 64 35 35 49 57 86 21 89 22 58 48 78 28 64 46 50 47 11 28 29 22 71 15 34 80 43 26 83 44 47 84 20 69 79 54 68 44 44 30 83 27 0 81 75 49 10 80 92 27 60 37 39 29 20 44 59 90 87 18 70 81 53 
94 40 53 80 69 65 82 14 69 72 40 8 58 54 52 19 91 15 71 91 74 77 86 40 5 8 61 59 37 55 18 121 20 81 64 54 66 94 44 45 80 53 24 43 64 8 59 25 33 33 53 69 43 31 85 70 101 82 97 12 87 93 2 40 80 36 53 77 49 93 36 50 36 40 78 60 51 42 73 81 0 41 79 73 37 12 58 95 70 77 70 73 37 23 69 84 86 13 51 28 
87 57 76 47 69 74 80 44 28 64 50 42 25 52 47 40 61 26 64 74 65 59 49 19 42 33 27 76 61 43 39 100 33 40 76 31 25 53 11 49 57 74 43 11 54 46 60 31 37 10 52 32 61 39 56 68 85 90 83 32 74 71 39 53 61 11 32 94 11 79 7 9 23 7 50 35 51 8 55 75 41 0 97 73 8 45 48 62 46 52 80 59 48 31 28 43 71 46 11 37 
55 42 26 99 40 27 42 93 110 53 47 87 92 51 56 64 98 85 51 74 56 72 111 80 74 83 93 21 42 63 97 96 97 126 22 78 112 132 90 49 81 26 58 106 58 85 43 68 60 96 50 102 38 59 93 44 76 21 70 76 65 83 80 44 73 101 76 3 108 69 90 104 74 91 88 80 49 104 70 49 79 97 0 40 99 90 60 107 79 84 22 64 50 69 121 125 67 66 107 62 
22 37 41 61 5 17 8 87 78 14 34 81 59 22 26 54 58 72 12 34 16 32 73 54 69 73 60 32 44 30 89 60 86 92 24 46 81 97 63 29 42 39 49 84 21 81 15 52 42 75 22 67 36 43 53 5 38 22 32 65 25 42 73 35 33 80 44 38 82 30 67 78 51 66 50 46 24 81 31 10 73 73 40 0 77 85 26 67 41 44 19 25 36 54 91 90 27 63 80 47 
92 58 77 54 73 76 85 38 35 70 52 36 32 56 51 38 69 22 69 81 70 65 56 24 38 29 35 78 60 49 33 107 26 45 79 37 31 59 18 52 64 75 42 7 60 40 64 31 39 4 55 40 62 40 64 73 91 94 89 29 80 78 34 55 68 3 38 96 13 85 11 14 27 13 57 42 55 6 61 80 37 8 99 77 0 39 53 69 53 59 82 65 49 31 32 49 78 43 15 38 
105 51 64 88 80 76 93 3 73 84 51 4 66 65 63 31 100 20 82 102 85 87 93 48 16 15 68 70 48 66 10 131 15 84 75 63 70 98 50 57 90 63 36 44 75 4 70 35 44 36 64 76 54 42 94 82 112 93 108 22 98 103 12 51 90 37 63 87 51 104 42 53 45 46 87 69 62 44 83 92 12 45 90 85 39 0 69 103 79 87 81 84 49 33 71 88 97 24 54 39 
39 34 49 39 23 33 33 71 52 17 26 65 33 10 7 40 42 52 17 33 18 20 51 29 54 55 34 43 42 4 70 63 66 67 39 20 55 73 37 18 27 47 37 59 7 66 17 34 25 51 12 42 36 28 36 21 43 47 39 47 30 36 57 30 23 56 18 57 57 35 42 52 27 41 30 20 14 56 16 27 58 48 60 26 53 69 0 50 20 26 39 15 27 35 64 65 28 51 54 31 
63 83 99 15 67 80 68 103 40 53 75 99 38 60 56 82 9 83 56 40 51 35 17 55 93 89 35 92 91 49 100 49 94 45 87 42 46 40 53 67 25 96 81 70 49 102 65 72 69 71 61 30 86 72 14 63 46 89 49 83 47 30 93 78 34 73 43 104 63 47 62 58 60 58 20 36 64 68 36 60 95 62 107 67 69 103 50 0 30 23 85 42 74 74 55 39 44 92 59 73 
46 54 69 20 40 52 45 80 39 28 45 75 23 30 26 54 23 60 29 28 27 13 32 32 67 65 23 63 61 19 78 54 73 52 58 17 44 55 35 37 11 67 52 57 21 77 36 45 40 53 32 27 56 44 17 36 39 63 37 58 30 25 68 49 15 57 17 76 52 34 43 47 34 40 10 11 34 54 11 37 70 46 79 41 53 79 20 30 0 8 57 18 45 47 54 49 27 65 49 45 
45 61 76 17 44 57 47 88 41 31 52 82 28 37 33 62 16 68 33 25 29 13 29 39 75 72 27 69 69 26 86 48 80 53 63 24 46 54 42 44 5 73 60 63 26 85 42 53 48 60 38 29 63 51 10 40 34 66 34 66 29 19 76 56 14 63 24 81 57 31 50 52 42 47 6 18 41 60 13 39 77 52 84 44 59 87 26 23 8 0 62 20 52 55 57 49 25 73 54 53 
38 30 25 77 18 6 23 84 90 32 31 78 71 30 35 51 76 72 29 53 34 50 89 61 65 71 72 15 34 42 87 78 86 105 7 57 92 111 71 31 60 24 46 90 36 77 22 53 43 79 29 81 27 43 71 22 57 12 51 63 44 62 69 30 51 85 56 19 90 49 73 86 56 73 67 59 29 87 49 29 70 80 22 19 82 81 39 85 57 62 0 42 34 54 101 104 46 57 88 47 
28 47 59 36 24 38 27 86 57 11 40 80 39 22 22 55 34 67 13 18 9 8 49 42 70 70 39 51 55 18 85 48 81 70 45 29 61 73 48 32 17 57 52 70 10 81 24 49 40 64 24 45 48 43 29 20 28 47 24 62 15 22 72 43 9 68 27 61 67 20 54 61 41 52 25 26 27 67 7 20 73 59 64 25 65 84 15 42 18 20 42 0 41 51 71 67 13 66 64 46 
57 10 29 62 31 29 44 51 65 37 3 45 47 19 20 18 67 38 35 58 39 47 72 31 33 37 49 29 17 26 54 88 52 80 30 35 65 89 41 9 53 27 13 57 31 45 22 19 10 46 17 59 14 9 62 33 67 46 62 29 53 62 37 6 49 51 33 47 58 58 41 55 25 42 55 39 14 55 43 44 37 48 50 36 49 49 27 74 45 52 34 41 0 20 73 80 52 27 58 12 
73 27 46 59 49 49 62 35 54 51 23 29 39 33 30 9 69 18 49 69 52 54 67 20 20 20 42 48 30 32 35 98 33 68 50 32 52 79 28 25 58 44 12 38 42 31 39 2 12 27 32 51 31 11 63 50 78 66 74 12 65 70 21 25 57 32 31 66 41 71 24 39 14 26 56 38 30 36 50 59 23 31 69 54 31 33 35 74 47 55 54 51 20 0 58 69 64 19 41 8 
99 83 102 43 88 95 96 69 16 79 75 68 32 72 66 67 58 54 80 81 79 67 38 42 69 61 32 101 87 61 63 101 57 15 99 45 10 29 31 72 62 100 70 27 70 72 80 58 63 36 72 28 86 65 56 85 91 111 91 60 84 75 66 78 69 34 46 118 20 88 34 19 48 32 52 46 73 27 65 90 69 28 121 91 32 71 64 55 54 57 101 71 73 58 0 20 81 74 18 63 
94 90 109 32 88 98 94 87 16 77 82 85 33 74 69 79 45 69 78 73 76 61 23 50 84 76 32 106 96 62 81 88 75 6 103 47 18 10 41 77 54 107 80 46 69 89 82 69 71 52 75 23 94 74 45 85 82 111 83 74 78 65 82 85 63 51 48 121 38 80 48 35 56 44 44 45 76 44 60 87 84 43 125 90 49 88 65 39 49 49 104 67 80 69 20 0 74 87 34 73 
20 57 67 42 29 44 26 99 66 16 51 93 50 34 34 68 34 80 19 7 14 14 54 54 82 83 50 58 66 31 98 36 94 78 50 41 71 79 60 43 21 64 64 83 22 94 33 62 53 77 35 54 58 56 31 25 15 47 11 75 4 16 85 53 12 81 40 64 79 7 67 73 54 65 31 37 38 80 17 18 86 71 67 27 78 97 28 44 27 25 46 13 52 64 81 74 0 78 75 58 
84 27 40 78 58 52 71 27 71 63 29 21 58 45 44 11 87 23 61 84 65 71 86 39 8 18 61 46 24 48 31 114 32 85 51 50 70 97 46 35 75 40 14 50 56 20 48 20 26 39 43 70 30 22 81 60 93 69 88 14 79 86 14 28 73 43 50 64 55 85 40 55 33 43 74 57 41 49 66 70 13 46 66 63 43 24 51 92 65 73 57 66 27 19 74 87 78 0 57 20 
92 67 86 45 77 82 87 53 21 71 60 51 26 60 54 50 60 36 71 77 70 62 44 27 52 43 27 86 71 50 47 101 41 30 86 35 16 44 17 58 59 84 53 12 61 55 68 41 47 19 60 29 71 49 56 75 87 99 86 43 78 73 49 63 64 17 37 104 4 83 18 3 33 16 50 38 60 10 58 81 51 11 107 80 15 54 54 59 49 54 88 64 58 41 18 34 75 57 0 47 
66 20 39 59 42 41 55 41 57 45 15 35 41 26 25 10 68 26 43 64 46 50 68 23 24 26 43 41 24 28 42 94 40 72 42 31 57 82 32 18 55 37 8 45 37 36 32 6 6 34 25 53 24 3 62 43 73 58 69 18 60 66 27 17 53 39 30 59 47 65 30 45 16 31 54 37 23 43 46 53 28 37 62 47 38 39 31 73 45 53 47 46 12 8 63 73 58 20 47 0 
0 97 87 205 514 72 14 0 79 0 342 2133 0 57 192 46 0 58 30 1339 0 110 108 0 0 0 63 0 20 55 332 776 0 667 375 60 122 23 1971 94 40 17 105 78 34 3000 14 9 163 144 142 95 146 10 13 1267 81 24 95 552 23 98 102 412 0 456 510 167 161 308 2716 811 0 20 40 106 50 280 943 456 0 62 0 409 0 0 65 0 518 1203 201 91 628 0 207 36 53 214 86 39 
97 0 330 0 308 521 146 3000 734 0 1545 425 0 127 61 0 959 9 489 1799 374 50 78 14 63 0 23 53 9 120 53 9 23 1000 10 826 7 345 27 25 46 221 233 223 73 55 48 8 158 199 16 3000 851 94 109 154 402 183 20 18 249 9 317 7 1817 54 38 8 407 1785 23 56 875 0 50 13 20 0 288 31 3000 13 0 136 202 0 1114 9 31 372 167 1712 1041 33 335 17 271 89 3000 126 
87 330 0 0 74 110 9 0 14 0 277 14 0 35 274 57 0 3000 653 602 43 326 13 397 0 0 21 0 14 114 575 467 171 300 245 494 3000 2305 152 35 21 1279 520 86 9 809 21 94 435 174 21 576 36 389 503 46 119 30 166 0 2631 150 209 579 29 389 43 19 306 1091 836 839 45 0 450 824 636 0 14 26 0 48 0 184 0 0 22 0 904 678 403 53 36 63 248 44 3000 86 119 255 
205 0 0 0 0 523 0 0 0 30 34 641 31 174 2394 100 24 62 506 0 86 9 365 0 83 73 206 0 193 0 112 15 29 0 17 0 32 10 0 0 20 0 453 28 130 0 0 0 0 89 0 171 27 0 1756 1121 62 347 0 1030 588 59 0 69 0 0 9 0 3000 69 34 227 480 87 305 1787 41 60 2665 57 281 283 449 0 41 27 11 0 8 3000 18 0 0 0 29 0 44 414 46 0 
514 308 74 0 0 70 774 862 517 0 0 47 0 18 211 0 424 0 0 290 24 0 10 9 45 0 1540 3000 0 392 0 0 49 78 21 584 34 584 908 631 167 314 84 7 28 0 13 274 111 26 314 0 0 14 74 87 0 204 15 92 349 8 77 0 47 52 33 14 15 109 0 154 104 0 12 12 80 0 647 88 120 678 0 64 10 19 22 135 20 13 355 30 0 435 0 10 8 89 661 310 
72 521 110 523 70 0 14 22 196 21 999 57 14 849 74 244 49 37 41 59 84 37 120 209 12 13 1667 78 168 33 778 2725 52 53 821 1785 1384 36 12 152 31 31 24 10 110 85 36 48 1377 291 24 287 264 165 3000 167 24 3000 9 99 126 32 12 7 812 80 153 11 1157 21 8 44 152 240 1097 1188 228 109 1630 121 75 124 0 944 254 849 10 30 3000 36 16 42 564 170 1065 8 1025 9 73 9 
14 146 9 0 774 14 0 553 355 0 0 131 0 171 7 0 742 8 368 28 269 0 500 11 357 0 44 3000 0 50 116 7 587 217 10 244 276 108 45 1166 285 2244 157 497 23 197 26 23 239 143 133 391 0 52 12 147 546 17 66 75 233 3000 224 7 386 274 321 604 98 1425 33 45 584 0 1748 42 125 0 46 19 1288 53 0 300 14 0 316 8 526 437 7 796 25 17 10 253 123 68 790 18 
0 3000 0 0 862 22 553 0 0 13 0 9 11 17 0 0 47 0 0 1120 116 0 0 43 73 0 545 240 0 0 0 0 403 0 0 9 0 46 24 0 27 0 20 0 0 0 0 921 292 125 87 0 0 0 81 560 0 258 0 374 929 0 139 0 291 0 755 0 0 0 0 71 157 0 0 226 15 0 0 13 9 288 0 11 46 72 979 421 1363 493 157 0 0 225 0 0 18 0 72 0 
79 734 14 0 517 196 355 0 0 0 0 74 0 165 0 0 0 0 0 50 0 0 16 536 0 0 161 0 0 516 0 0 0 219 41 54 60 72 16 31 151 213 414 225 0 3000 66 69 15 3000 92 0 0 25 465 49 0 13 22 0 30 13 12 0 21 34 0 1468 167 11 0 139 0 0 180 535 280 0 25 56 0 3000 0 17 0 0 28 0 0 214 49 784 18 16 0 726 0 0 101 576 
0 0 0 30 0 21 0 13 0 0 0 169 387 0 99 16 159 10 0 0 231 0 171 0 92 909 443 0 0 0 3000 143 607 0 0 0 536 0 0 0 30 0 158 0 354 0 0 0 0 0 0 1040 92 0 0 70 615 0 0 57 545 0 0 28 0 0 47 0 22 0 36 1415 58 48 0 200 26 296 347 128 64 73 15 0 293 3000 0 0 312 15 556 0 0 0 415 0 11 218 2693 0 
342 1545 277 34 0 999 0 0 0 0 0 592 0 0 30 1581 0 528 1101 0 0 1801 111 0 0 0 0 0 509 44 15 131 0 19 3000 0 16 81 0 744 0 0 269 112 32 39 30 0 0 13 0 46 1181 95 61 138 214 0 0 21 0 1694 0 45 0 0 104 1139 327 282 242 9 0 10 24 149 336 203 39 33 0 733 0 0 0 0 29 0 154 0 9 203 11 0 56 991 0 8 0 0 
2133 425 14 641 47 57 131 9 74 169 592 0 36 90 30 106 17 148 303 63 9 14 183 759 117 3000 1528 9 11 91 232 3000 8 895 44 168 384 86 586 3000 998 10 21 211 240 10 10 381 3000 19 9 3000 179 43 44 275 9 61 532 12 127 298 15 2136 20 589 39 205 44 116 48 14 50 29 79 214 184 41 19 1839 97 35 0 25 267 397 17 45 179 143 131 107 43 1415 23 320 171 199 12 139 
0 0 0 31 0 14 0 11 0 387 0 36 0 0 127 145 73 141 0 0 179 0 26 0 45 215 958 0 0 0 884 21 65 0 0 0 886 0 0 0 1937 0 14 0 342 0 0 0 0 0 0 417 663 0 48 63 18 73 0 154 23 0 0 81 0 0 277 0 298 235 287 13 172 380 0 19 13 59 1016 162 636 53 75 0 14 3000 42 181 23 59 1133 0 0 0 8 0 1258 49 138 0 
57 127 35 174 18 849 171 17 165 0 0 90 0 0 144 60 10 80 555 71 1316 0 87 155 332 0 183 243 0 28 152 32 11 36 328 15 156 204 281 10 1376 764 121 28 49 44 20 794 144 111 10 24 669 87 179 122 451 63 196 323 3000 99 34 108 102 971 72 773 68 206 69 113 72 2039 38 43 78 286 12 237 318 1095 0 168 143 270 43 17 14 8 14 61 2469 3000 3000 58 964 1225 24 240 
192 61 274 2394 211 74 7 0 0 99 30 30 127 144 0 580 419 161 377 0 62 81 173 0 9 416 21 0 21 144 605 322 876 80 346 189 19 211 62 28 288 83 1850 216 170 19 1094 0 0 1007 0 550 21 174 715 1053 293 51 0 131 41 976 211 16 0 0 63 401 75 7 26 1633 856 60 78 2190 39 269 38 30 3000 58 29 83 148 35 196 0 52 402 85 150 925 0 261 439 3000 101 721 0 
46 0 57 100 0 244 0 0 0 16 1581 106 145 60 580 0 7 722 578 0 0 186 1415 0 0 20 271 0 131 8 3000 718 512 0 98 0 42 340 0 0 19 0 285 8 20 60 0 0 0 14 0 41 688 0 57 14 26 118 0 2102 87 47 0 211 0 0 54 0 37 647 11 151 18 110 60 8 222 43 240 88 80 704 81 0 73 12 40 0 75 173 39 0 0 0 165 71 21 28 648 0 
0 959 0 24 424 49 742 47 0 159 0 17 73 10 419 7 0 0 0 713 9 0 15 286 483 399 1001 107 0 0 0 0 541 0 441 23 0 548 70 0 24 150 32 0 40 0 0 264 21 1051 684 0 0 0 62 19 0 1785 0 91 1213 0 54 0 91 0 70 0 0 789 0 450 50 298 0 37 541 839 0 20 450 175 0 7 73 1179 336 139 29 11 822 0 0 17 0 0 28 13 1572 0 
58 9 3000 62 0 37 8 0 0 10 528 148 141 80 161 722 0 0 162 0 0 60 360 0 0 307 8 0 128 537 26 693 27 0 34 0 9 14 0 0 40 0 69 183 34 604 0 0 0 8 0 1971 8 96 135 3000 2624 14 0 644 35 9 0 75 0 0 201 86 19 57 67 503 2522 55 836 140 22 2806 26 3000 436 27 2164 0 57 3000 1280 0 289 32 1252 0 438 0 478 116 343 3000 13 0 
30 489 653 506 0 41 368 0 0 0 1101 303 0 555 377 578 0 162 0 0 0 50 531 0 0 0 0 0 19 15 156 132 0 1395 167 0 83 8 0 14 0 528 57 16 15 706 116 0 0 30 0 27 17 134 547 262 67 0 0 0 0 35 59 11 0 0 0 1903 960 511 20 665 0 775 47 63 14 108 25 314 0 14 0 0 0 0 118 0 287 0 26 1790 223 0 1060 245 0 107 0 0 
1339 1799 602 0 290 59 28 1120 50 0 0 63 0 71 0 0 713 0 0 0 67 0 26 180 526 0 1078 2211 0 676 0 0 16 20 113 215 0 14 582 1167 12 103 40 338 0 0 23 476 37 939 300 0 0 12 52 304 0 79 41 0 14 282 16 0 1041 235 153 169 97 19 0 298 150 0 598 173 343 0 253 8 30 32 0 715 25 0 1035 110 53 1576 12 56 0 678 0 31 286 14 18 1151 
0 374 43 86 24 84 269 116 0 231 0 9 179 1316 62 0 9 0 0 67 0 0 72 252 395 0 10 9 0 0 0 0 1755 507 60 452 0 23 135 0 18 11 703 0 375 0 0 9 177 315 19 0 0 0 33 85 0 715 247 65 117 0 443 0 142 2529 8 0 0 94 0 239 3000 0 0 37 593 0 0 183 412 94 0 3000 35 3000 227 2182 17 211 215 0 0 30 0 0 799 344 201 0 
110 50 326 9 0 37 0 0 0 0 1801 14 0 0 81 186 0 60 50 0 0 0 144 0 0 48 0 0 207 10 137 139 0 11 9 0 15 121 0 30 0 0 30 1349 1594 568 65 0 0 26 0 164 10 14 1032 246 1485 0 0 175 0 155 0 919 0 0 10 29 9 33 194 341 0 825 175 2917 24 174 46 833 0 278 0 0 0 1161 49 0 3000 0 160 1247 10 0 3000 30 94 636 711 0 
108 78 13 365 10 120 500 0 16 171 111 183 26 87 173 1415 15 360 531 26 72 144 0 45 0 0 251 0 163 343 165 785 917 308 23 67 122 10 13 64 62 254 311 38 169 815 45 13 1607 1510 18 130 148 1374 314 76 121 1024 43 31 435 11 285 96 332 75 3000 170 508 250 515 73 93 57 97 129 264 454 8 232 62 604 0 16 31 25 2469 0 255 45 81 126 644 246 62 30 719 1062 24 1053 
0 14 397 0 9 209 11 43 536 0 0 759 0 155 0 0 286 0 0 180 252 0 45 0 147 0 27 3000 0 2241 0 0 1329 8 99 304 0 10 24 33 593 97 191 241 0 0 3000 17 23 33 383 0 0 0 31 104 0 56 194 0 143 0 390 0 14 150 12 0 125 12 0 121 138 0 237 856 89 0 0 17 33 37 0 32 11 0 2120 28 44 1907 11 0 0 39 0 0 367 22 275 98 
0 63 0 83 45 12 357 73 0 92 0 117 45 332 9 0 483 0 0 526 395 0 0 147 0 0 3000 31 0 0 0 0 26 0 0 41 0 1227 90 0 613 0 32 0 0 0 0 265 954 349 78 0 0 0 46 190 0 57 0 146 1316 0 76 0 58 0 195 0 0 3000 0 38 604 0 0 10 19 0 0 514 1109 1844 0 796 950 8 39 804 44 20 39 0 0 30 0 0 12 175 382 0 
0 0 0 73 0 13 0 0 0 909 0 3000 215 0 416 20 399 307 0 0 0 48 0 0 0 0 13 0 0 0 8 320 2285 0 0 0 52 0 0 0 12 0 71 0 196 0 0 0 0 0 0 25 210 0 0 278 895 0 0 415 774 0 0 855 0 0 225 0 669 0 81 35 1123 3000 0 230 13 38 14 91 57 2633 15 0 13 37 0 0 13 62 19 0 0 0 327 0 1109 269 33 0 
63 23 21 206 1540 1667 44 545 161 443 0 1528 958 183 21 271 1001 8 0 1078 10 0 251 27 3000 13 0 10 0 26 20 401 12 18 21 9 175 29 40 49 233 235 1042 8 147 0 45 63 239 116 22 9 0 428 36 849 20 20 273 24 80 18 432 38 46 869 69 186 88 9 331 259 119 462 16 328 12 27 87 183 964 174 10 384 68 43 180 66 214 78 28 0 0 155 8 189 185 14 188 0 
0 53 0 0 3000 78 3000 240 0 0 0 9 0 243 0 0 107 0 0 2211 9 0 0 3000 31 0 10 0 0 0 0 0 28 0 407 256 0 3000 1675 0 179 64 392 0 0 0 0 161 646 1265 45 0 0 0 82 83 0 71 257 0 14 0 111 0 11 88 286 0 0 20 0 201 18 0 0 267 106 0 0 182 8 101 0 268 3000 0 41 69 380 8 0 0 0 3000 0 0 237 0 246 0 
20 9 14 193 0 168 0 0 0 0 509 11 0 0 21 131 0 128 19 0 0 207 163 0 0 0 0 0 0 350 21 11 0 133 197 0 772 268 0 1172 0 0 865 24 163 609 86 0 0 1409 0 19 86 2131 224 113 23 0 0 3000 0 255 0 31 0 0 918 1395 232 135 164 835 0 1433 43 3000 16 88 228 31 0 186 0 0 0 0 10 0 43 0 57 3000 107 0 258 38 0 3000 0 0 
55 120 114 0 392 33 50 0 516 0 44 91 0 28 144 8 0 537 15 676 0 10 343 2241 0 0 26 0 350 0 10 8 0 9 62 1747 94 33 51 142 32 3000 2502 58 34 85 9 17 509 557 78 1649 9 860 103 34 1455 808 31 0 3000 182 295 288 207 284 508 27 373 198 17 2093 838 0 187 36 8 0 7 80 0 17 0 23 0 0 8 0 2070 13 8 331 34 0 36 30 43 459 44 115 
332 53 575 112 0 778 116 0 0 3000 15 232 884 152 605 3000 0 26 156 0 0 137 165 0 0 8 20 0 21 10 0 110 0 0 15 0 90 106 0 0 1001 0 61 14 152 3000 437 0 0 125 0 26 8 809 2782 439 152 319 0 55 9 259 0 14 0 0 146 19 566 110 17 1721 543 22 1535 731 25 24 64 24 12 75 13 0 0 14 183 0 60 9 56 3000 175 0 16 2097 79 345 29 0 
776 9 467 15 0 2725 7 0 0 143 131 3000 21 32 322 718 0 693 132 0 0 139 785 0 0 320 401 0 11 8 110 0 0 33 111 404 8 10 0 382 396 463 21 68 8 69 148 0 0 10 0 24 9 20 77 944 417 3000 0 107 165 22 282 38 0 0 2152 957 538 493 599 90 10 803 1337 117 3000 18 215 3000 106 37 1733 3000 0 87 358 0 15 42 214 320 113 0 268 1102 40 629 8 0 
0 23 171 29 49 52 587 403 0 607 0 8 65 11 876 512 541 27 0 16 1755 0 917 1329 26 2285 12 28 0 0 0 0 0 0 1078 11 0 23 765 0 1233 1573 184 0 1495 0 0 28 3000 154 309 0 0 0 524 875 0 111 0 25 284 0 62 0 17 0 67 0 39 877 0 74 236 78 0 55 142 442 0 256 71 39 0 95 164 49 1074 28 1318 269 122 0 0 784 0 0 39 165 12 0 
667 1000 300 0 78 53 217 0 219 0 19 895 0 36 80 0 0 0 1395 20 507 11 308 8 0 0 18 0 133 9 0 33 0 0 12 41 19 1143 9 397 53 903 71 46 1300 434 587 88 304 15 84 3000 1361 87 61 11 16 105 89 0 19 28 119 16 174 676 110 176 12 70 69 267 0 0 75 406 28 0 11 987 0 602 0 80 0 0 268 0 17 186 33 64 1013 287 1049 9 0 12 24 54 
375 10 245 17 21 821 10 0 41 0 3000 44 0 328 346 98 441 34 167 113 60 9 23 99 0 0 21 407 197 62 15 111 1078 12 0 2706 115 1560 50 25 16 86 409 527 11 85 3000 150 2184 188 46 246 9 24 12 172 24 12 322 21 908 713 17 556 52 69 43 468 85 841 1331 146 2003 0 159 966 8 0 19 536 96 63 0 32 275 0 34 0 25 50 239 80 19 10 30 11 22 8 272 39 
60 826 494 0 584 1785 244 9 54 0 0 168 0 15 189 0 23 0 0 215 452 0 67 304 41 0 9 256 0 1747 0 404 11 41 2706 0 294 23 1058 3000 156 589 35 3000 1339 235 49 435 3000 27 28 23 0 61 1026 116 0 63 22 0 26 49 52 51 10 18 47 103 344 607 0 68 17 0 785 628 54 0 100 215 584 117 0 447 61 0 31 21 106 106 158 167 115 143 10 580 12 72 119 300 
122 7 3000 32 34 1384 276 0 60 536 16 384 886 156 19 42 0 9 83 0 0 15 122 0 0 52 175 0 772 94 90 8 0 19 115 294 0 721 236 478 25 582 76 403 21 69 27 0 0 66 0 15 93 8 13 132 88 30 0 26 56 793 150 288 0 72 1988 799 379 300 10 652 330 177 2748 57 30 644 1060 988 0 35 0 14 0 206 145 0 121 505 114 1229 62 0 18 16 26 192 57 527 
23 345 2305 10 584 36 108 46 72 0 81 86 0 204 211 340 548 14 8 14 23 121 10 10 1227 0 29 3000 268 33 106 10 23 1143 1560 23 721 0 174 22 31 25 104 312 32 15 49 138 15 362 48 427 15 1075 2586 144 284 30 1026 410 22 82 3000 678 164 9 44 29 475 209 402 80 11 0 30 239 9 0 24 119 126 16 0 1001 86 601 1422 408 1071 42 813 197 77 27 52 8 14 11 38 285 
1971 27 152 0 908 12 45 24 16 0 0 586 0 281 62 0 70 0 0 582 135 0 13 24 90 0 40 1675 0 51 0 0 765 9 50 1058 236 174 0 592 21 1417 433 20 598 0 178 9 48 47 1504 0 0 343 192 183 0 1505 2041 0 160 347 159 0 34 396 12 139 27 25 0 8 22 0 444 15 19 0 42 678 206 154 0 67 117 0 150 363 28 566 15 123 0 124 0 2788 23 51 134 35 
94 25 35 0 631 152 1166 0 31 0 744 3000 0 10 28 0 0 0 14 1167 0 30 64 33 0 0 49 0 1172 142 0 382 0 397 25 3000 478 22 592 0 185 29 16 149 223 21 8 12 428 77 47 191 0 19 44 165 0 65 1327 0 252 9 305 188 14 18 0 7 67 305 0 96 0 0 9 19 45 0 3000 2225 0 22 0 57 0 0 109 0 9 18 546 556 8 0 32 36 0 14 1877 1439 
40 46 21 20 167 31 285 27 151 30 0 998 1937 1376 288 19 24 40 0 12 18 0 62 593 613 12 233 179 0 32 1001 396 1233 53 16 156 25 31 21 185 0 3000 182 2441 230 0 13 19 94 97 169 72 57 23 14 15 132 27 647 531 279 94 637 23 281 1414 47 319 43 43 175 95 153 29 370 75 704 141 196 129 51 50 33 30 10 20 579 14 56 108 36 137 0 365 881 844 257 1753 3000 93 
17 221 1279 0 314 31 2244 0 213 0 0 10 0 764 83 0 150 0 528 103 11 0 254 97 0 0 235 64 0 3000 0 463 1573 903 86 589 582 25 1417 29 3000 0 35 52 8 23 241 446 973 1149 184 393 0 439 317 21 0 37 469 0 16 25 952 20 18 23 569 47 98 28 0 77 0 0 91 49 24 0 1180 3000 0 30 0 10 0 0 99 0 188 75 69 220 101 186 26 27 0 22 126 363 
105 233 520 453 84 24 157 20 414 158 269 21 14 121 1850 285 32 69 57 40 703 30 311 191 32 71 1042 392 865 2502 61 21 184 71 409 35 76 104 433 16 182 35 0 33 542 71 59 140 242 26 2731 869 82 110 1825 104 35 14 1934 198 39 90 43 70 1035 105 104 22 668 184 19 1890 13 68 86 769 61 437 114 397 3000 37 70 36 710 94 692 319 179 29 13 98 246 156 25 30 455 1006 164 9 
78 223 86 28 7 10 497 0 225 0 112 211 0 28 216 8 0 183 16 338 0 1349 38 241 0 0 8 0 24 58 14 68 0 46 527 3000 403 312 20 149 2441 52 33 0 136 12 125 16 429 266 3000 161 82 253 27 46 9 21 626 127 336 51 1795 47 0 204 92 16 1122 10 1146 18 808 315 580 45 307 84 1136 20 0 208 0 1526 0 0 751 0 500 245 40 132 240 0 150 343 15 320 9 104 
34 73 9 130 28 110 23 0 0 354 32 240 342 49 170 20 40 34 15 0 375 1594 169 0 0 196 147 0 163 34 152 8 1495 1300 11 1339 21 32 598 223 230 8 542 136 0 224 1306 0 0 49 0 210 743 831 15 1022 21 15 0 194 133 356 501 815 0 0 91 10 20 569 74 139 9 1256 83 10 36 31 2677 190 69 41 39 18 102 13 389 0 2185 29 2661 54 162 0 10 3000 336 19 75 0 
3000 55 809 0 0 85 197 0 3000 0 39 10 0 44 19 60 0 604 706 0 0 568 815 0 0 0 0 0 609 85 3000 69 0 434 85 235 69 15 0 21 0 23 71 12 224 0 10 0 0 3000 0 654 165 67 10 1112 105 111 12 0 0 794 199 189 0 98 0 42 86 83 63 176 0 0 24 775 1131 0 3000 992 0 1165 0 264 0 0 14 0 290 0 277 3000 123 0 998 458 0 96 23 175 
14 48 21 0 13 36 26 0 66 0 30 10 0 20 1094 0 0 0 116 23 0 65 45 3000 0 0 45 0 86 9 437 148 0 587 3000 49 27 49 178 8 13 241 59 125 1306 10 0 14 401 141 35 323 157 1704 23 69 130 3000 29 0 54 10 838 8 0 8 54 246 36 29 76 177 0 0 3000 3000 465 0 104 236 0 788 0 95 0 0 27 0 51 504 149 26 1499 0 200 21 0 460 33 62 
9 8 94 0 274 48 23 921 69 0 0 381 0 794 0 0 264 0 0 476 9 0 13 17 265 0 63 161 0 17 0 0 28 88 150 435 0 138 9 12 19 446 140 16 0 0 14 0 270 84 8 0 0 18 26 24 0 12 59 0 359 132 336 0 484 33 0 979 661 2553 0 270 0 0 96 1181 35 0 0 596 0 48 0 1896 0 0 115 15 0 210 313 2956 0 79 0 593 0 0 604 95 
163 158 435 0 111 1377 239 292 15 0 0 3000 0 144 0 0 21 0 0 37 177 0 1607 23 954 0 239 646 0 509 0 0 3000 304 2184 3000 0 15 48 428 94 973 242 429 0 0 401 270 0 14 1129 0 0 16 1021 50 0 31 37 0 12 893 104 0 66 858 17 1275 70 368 0 101 35 0 252 75 1391 0 0 57 0 688 0 66 71 0 89 24 1731 70 371 622 0 74 0 17 0 0 245 309 
144 199 174 89 26 291 143 125 3000 0 13 19 0 111 1007 14 1051 8 30 939 315 26 1510 33 349 0 116 1265 1409 557 125 10 154 15 188 27 66 362 47 77 97 1149 26 266 49 3000 141 84 14 0 21 346 47 42 166 1502 14 408 608 32 8 87 25 15 10 16 57 10 49 34 218 2433 75 283 761 32 63 189 171 1730 24 131 0 447 47 98 1036 94 21 34 126 30 12 35 15 296 35 290 68 12 
142 16 21 0 314 24 133 87 92 0 0 9 0 10 0 0 684 0 0 300 19 0 18 383 78 0 22 45 0 78 0 0 309 84 46 28 0 48 1504 47 169 184 2731 3000 0 0 35 8 1129 21 0 0 0 75 27 183 0 239 14 0 17 122 38 0 10 38 0 489 10 153 0 3000 0 0 367 3000 93 0 0 11 0 9 0 14 3000 0 15 74 12 10 28 293 0 1146 0 204 0 0 13 3000 
95 3000 576 171 0 287 391 0 0 1040 46 3000 417 24 550 41 0 1971 27 0 0 164 130 0 0 25 9 0 19 1649 26 24 0 3000 246 23 15 427 0 191 72 393 869 161 210 654 323 0 0 346 0 0 27 30 110 16 91 70 0 124 36 666 3000 2418 0 0 316 16 46 551 8 10 192 21 307 27 1557 17 93 409 107 3000 357 383 0 14 40 0 19 154 21 74 63 0 308 40 54 8 151 0 
146 851 36 27 0 264 0 0 0 92 1181 179 663 669 21 688 0 8 17 0 0 10 148 0 0 210 0 0 86 9 8 9 0 1361 9 0 93 15 0 0 57 0 82 82 743 165 157 0 0 47 0 27 0 588 668 412 27 0 0 482 0 42 0 42 0 0 163 15 98 475 45 7 0 36 25 88 240 256 3000 254 0 3000 84 0 0 34 20 0 693 0 375 72 217 0 68 28 205 9 47 0 
10 94 389 0 14 165 52 0 25 0 95 43 0 87 174 0 0 96 134 12 0 14 1374 0 0 0 428 0 2131 860 809 20 0 87 24 61 8 1075 343 19 23 439 110 253 831 67 1704 18 16 42 75 30 588 0 12 281 1095 430 17 0 19 35 63 34 0 775 832 180 17 126 3000 394 0 0 37 88 3000 0 21 336 0 2215 0 235 0 0 30 0 50 162 498 34 145 0 1333 71 0 137 47 2572 
13 109 503 1756 74 3000 12 81 465 0 61 44 48 179 715 57 62 135 547 52 33 1032 314 31 46 0 36 82 224 103 2782 77 524 61 12 1026 13 2586 192 44 14 317 1825 27 15 10 23 26 1021 166 27 110 668 12 0 53 16 61 3000 12 53 129 467 910 100 102 18 14 41 138 8 263 1163 32 2658 50 47 95 148 3000 629 1005 0 542 962 71 429 336 533 1162 77 28 21 172 9 244 752 88 394 171 
1267 154 46 1121 87 167 147 560 49 70 138 275 63 122 1053 14 19 3000 262 304 85 246 76 104 190 278 849 83 113 34 439 944 875 11 172 116 132 144 183 165 15 21 104 46 1022 1112 69 24 50 1502 183 16 412 281 53 0 98 264 3000 172 23 50 83 121 1403 248 785 40 2339 151 13 46 1701 194 722 218 210 55 110 2156 2942 102 1260 167 1426 11 56 21 347 53 346 255 54 749 137 169 122 741 33 175 
81 402 119 62 0 24 546 0 0 615 214 9 18 451 293 26 0 2624 67 0 0 1485 121 0 0 895 20 0 23 1455 152 417 0 16 24 0 88 284 0 0 132 0 35 9 21 105 130 0 0 14 0 91 27 1095 16 98 0 161 0 16 980 2429 96 77 0 0 2214 141 841 259 27 2269 176 516 7 31 3000 17 120 40 37 114 176 0 0 107 150 0 15 649 459 3000 711 0 12 8 99 39 15 0 
24 183 30 347 204 3000 17 258 13 0 0 61 73 63 51 118 1785 14 0 79 715 0 1024 56 57 0 20 71 0 808 319 3000 111 105 12 63 30 30 1505 65 27 37 14 21 15 111 3000 12 31 408 239 70 0 430 61 264 161 0 105 299 12 70 10 1426 775 11 175 3000 91 129 76 8 82 207 154 19 452 18 40 257 286 845 0 102 15 3000 20 129 898 658 10 19 3000 484 82 20 11 23 296 372 
95 20 166 0 15 9 66 0 22 0 0 532 0 196 0 0 0 0 0 41 247 0 43 194 0 0 273 257 0 31 0 0 0 89 322 22 0 1026 2041 1327 647 469 1934 626 0 12 29 59 37 608 14 0 0 17 3000 3000 0 105 0 0 24 203 338 0 251 13 0 21 31 148 0 447 0 0 204 33 29 0 0 381 0 41 0 355 0 0 1890 0 0 34 3000 49 26 560 0 388 0 0 14 77 
552 18 0 1030 92 99 75 374 0 57 21 12 154 323 131 2102 91 644 0 0 65 175 31 0 146 415 24 0 3000 0 55 107 25 0 21 0 26 410 0 0 531 0 198 127 194 0 0 0 0 32 0 124 482 0 12 172 16 299 0 0 14 3000 345 44 0 0 10 0 291 99 288 237 823 603 93 46 23 90 83 52 34 1123 1033 0 15 42 31 697 182 23 405 0 0 375 1500 0 522 199 110 0 
23 249 2631 588 349 126 233 929 30 545 0 127 23 3000 41 87 1213 35 0 14 117 0 435 143 1316 774 80 14 0 3000 9 165 284 19 908 26 56 22 160 252 279 16 39 336 133 0 54 359 12 8 17 36 0 19 53 23 980 12 24 14 0 71 19 932 35 115 19 14 1821 95 343 85 10 30 43 141 913 2328 84 64 3000 989 70 70 229 338 19 10 51 225 74 0 0 266 1575 251 38 189 218 379 
98 9 150 59 8 32 3000 0 13 0 1694 298 0 99 976 47 0 9 35 282 0 155 11 0 0 0 18 0 255 182 259 22 0 28 713 49 793 82 347 9 94 25 90 51 356 794 10 132 893 87 122 666 42 35 129 50 2429 70 203 3000 71 0 7 684 0 73 38 26 10 24 171 196 0 32 532 217 1604 465 44 649 0 119 0 554 0 0 3000 0 52 30 82 1240 8 0 345 11 10 60 3000 193 
102 317 209 0 77 12 224 139 12 0 0 15 0 34 211 0 54 0 59 16 443 0 285 390 76 0 432 111 0 295 0 282 62 119 17 52 150 3000 159 305 637 952 43 1795 501 199 838 336 104 25 38 3000 0 63 467 83 96 10 338 345 19 7 0 1000 30 821 164 3000 1293 52 12 1758 1859 0 8 40 1407 0 234 61 1465 890 0 15 976 0 71 13 619 10 98 14 96 80 8 29 732 586 87 1077 
412 7 579 69 0 7 7 0 0 28 45 2136 81 108 16 211 0 75 11 0 0 919 96 0 0 855 38 0 31 288 14 38 0 16 556 51 288 678 0 188 23 20 70 47 815 189 8 0 0 15 0 2418 42 34 910 121 77 1426 0 44 932 684 1000 0 0 0 234 12 438 348 457 92 247 15 412 49 306 511 35 183 50 216 793 1216 0 577 261 0 272 35 56 328 246 0 124 124 64 7 1305 0 
0 1817 29 0 47 812 386 291 21 0 0 20 0 102 0 0 91 0 0 1041 142 0 332 14 58 0 46 11 0 207 0 0 17 174 52 10 0 164 34 14 281 18 1035 0 0 0 0 484 66 10 10 0 0 0 100 1403 0 775 251 0 35 0 30 0 0 201 118 0 0 24 0 337 17 0 0 40 26 0 0 133 19 188 0 130 121 0 32 95 11 21 48 0 0 506 0 0 19 0 131 76 
456 54 389 0 52 80 274 0 34 0 0 589 0 971 0 0 0 0 0 235 2529 0 75 150 0 0 869 88 0 284 0 0 0 676 69 18 72 9 396 18 1414 23 105 204 0 98 8 33 858 16 38 0 0 775 102 248 0 11 13 0 115 73 821 0 201 0 0 63 514 102 0 394 0 0 20 13 23 0 107 207 0 142 0 362 0 0 206 0 0 482 529 8 278 168 0 311 0 0 20 105 
510 38 43 9 33 153 321 755 0 47 104 39 277 72 63 54 70 201 0 153 8 10 3000 12 195 225 69 286 918 508 146 2152 67 110 43 47 1988 44 12 0 47 569 104 92 91 0 54 0 17 57 0 316 163 832 18 785 2214 175 0 10 19 38 164 234 118 0 0 466 195 25 11 55 13 516 21 18 327 3000 2579 218 8 504 45 1799 15 23 239 105 613 16 626 0 0 863 121 46 15 47 46 0 
167 8 19 0 14 11 604 0 1468 0 1139 205 0 773 401 0 0 86 1903 169 0 29 170 0 0 0 186 0 1395 27 19 957 0 176 468 103 799 29 139 7 319 47 22 16 10 42 246 979 1275 10 489 16 15 180 14 40 141 3000 21 0 14 26 3000 12 0 63 466 0 340 12 574 657 0 0 15 31 403 0 14 286 0 528 0 416 0 0 1298 0 99 190 70 288 37 0 843 237 0 280 3000 271 
161 407 306 3000 15 1157 98 0 167 22 327 44 298 68 75 37 0 19 960 97 0 9 508 125 0 669 88 0 232 373 566 538 39 12 85 344 379 475 27 67 43 98 668 1122 20 86 36 661 70 49 10 46 98 17 41 2339 841 91 31 291 1821 10 1293 438 0 514 195 340 0 332 196 35 234 42 191 76 3000 52 194 1449 161 8 0 130 0 21 401 0 1003 22 821 186 92 0 29 483 58 49 1931 25 
308 1785 1091 69 109 21 1425 0 11 0 282 116 235 206 7 647 789 57 511 19 94 33 250 12 3000 0 9 20 135 198 110 493 877 70 841 607 300 209 25 305 43 28 184 10 569 83 29 2553 368 34 153 551 475 126 138 151 259 129 148 99 95 24 52 348 24 102 25 12 332 0 622 23 153 44 446 49 32 96 375 391 8 491 0 497 29 33 3000 190 353 2500 934 118 42 667 1047 3000 85 14 83 32 
2716 23 836 34 0 8 33 0 0 36 242 48 287 69 26 11 0 67 20 0 0 194 515 0 0 81 331 0 164 17 17 599 0 69 1331 0 10 402 0 0 175 0 19 1146 74 63 76 0 0 218 0 8 45 3000 8 13 27 76 0 288 343 171 12 457 0 0 11 574 196 622 0 29 33 3000 1226 132 22 404 54 31 115 261 83 0 0 66 17 0 41 391 238 350 14 0 8 645 22 76 308 0 
811 56 839 227 154 44 45 71 139 1415 9 14 13 113 1633 151 450 503 665 298 239 341 73 121 38 35 259 201 835 2093 1721 90 74 267 146 68 652 80 8 96 95 77 1890 18 139 176 177 270 101 2433 3000 10 7 394 263 46 2269 8 447 237 85 196 1758 92 337 394 55 657 35 23 29 0 16 345 72 154 60 60 15 12 789 20 27 46 136 48 734 25 168 19 1897 214 268 9 8 1491 34 144 78 25 
0 875 45 480 104 152 584 157 0 58 0 50 172 72 856 18 50 2522 0 150 3000 0 93 138 604 1123 119 18 0 838 543 10 236 0 2003 17 330 11 22 0 153 0 13 808 9 0 0 0 35 75 0 192 0 0 1163 1701 176 82 0 823 10 0 1859 247 17 0 13 0 234 153 33 16 0 131 106 89 1032 10 569 20 1908 160 15 3000 1622 134 236 29 27 48 723 0 0 193 8 0 124 9 89 0 
20 0 0 87 0 240 0 0 0 48 10 29 380 2039 60 110 298 55 775 0 0 825 57 0 0 3000 462 0 1433 0 22 803 78 0 0 0 177 0 0 0 29 0 68 315 1256 0 0 0 0 283 0 21 36 0 32 194 516 207 0 603 30 32 0 15 0 0 516 0 42 44 3000 345 131 0 136 12 613 87 1597 75 391 196 21 0 112 144 747 0 46 272 760 0 0 0 20 0 395 13 73 0 
40 50 450 305 12 1097 1748 0 180 0 24 79 0 38 78 60 0 836 47 598 0 175 97 237 0 0 16 0 43 187 1535 1337 0 75 159 785 2748 30 444 9 370 91 86 580 83 24 3000 96 252 761 367 307 25 37 2658 722 7 154 204 93 43 532 8 412 0 20 21 15 191 446 1226 72 106 136 0 1572 64 418 203 74 1324 12 0 16 0 0 997 0 46 68 3000 16 89 0 123 1110 146 38 9 66 
106 13 824 1787 12 1188 42 226 535 200 149 214 19 43 2190 8 37 140 63 173 37 2917 129 856 10 230 328 267 3000 36 731 117 55 406 966 628 57 239 15 19 75 49 769 45 10 775 3000 1181 75 32 3000 27 88 88 50 218 31 19 33 46 141 217 40 49 40 13 18 31 76 49 132 154 89 12 1572 0 389 248 42 17 11 113 0 9 100 654 145 45 831 32 643 3000 20 79 34 209 193 1673 18 9 
50 20 636 41 80 228 125 15 280 26 336 184 13 78 39 222 541 22 14 343 593 24 264 89 19 13 12 106 16 8 25 3000 142 28 8 54 30 9 19 45 704 24 61 307 36 1131 465 35 1391 63 93 1557 240 3000 47 210 3000 452 29 23 913 1604 1407 306 26 23 327 403 3000 32 22 60 1032 613 64 389 0 10 1752 82 410 76 0 398 12 11 7 31 351 300 188 19 106 1240 23 17 67 58 56 61 
280 0 0 60 0 109 0 0 0 296 203 41 59 286 269 43 839 2806 108 0 0 174 454 0 0 38 27 0 88 0 24 18 442 0 0 0 644 0 0 0 141 0 437 84 31 0 0 0 0 189 0 17 256 0 95 55 17 18 0 90 2328 465 0 511 0 0 3000 0 52 96 404 60 10 87 418 248 10 0 251 24 107 37 66 0 331 859 556 0 265 16 27 0 0 0 54 0 126 27 691 0 
943 288 14 2665 647 1630 46 0 25 347 39 19 1016 12 38 240 0 26 25 253 0 46 8 0 0 14 87 0 228 7 64 215 0 11 19 100 1060 24 42 3000 196 1180 114 1136 2677 3000 104 0 0 171 0 93 3000 21 148 110 120 40 0 83 84 44 234 35 0 107 2579 14 194 375 54 15 569 1597 203 42 1752 251 0 23 14 34 43 1214 0 31 234 0 573 534 156 226 21 0 165 145 182 48 98 0 
456 31 26 57 88 121 19 13 56 128 33 1839 162 237 30 88 20 3000 314 8 183 833 232 17 514 91 183 182 31 80 24 3000 256 987 536 215 988 119 678 2225 129 3000 397 20 190 992 236 596 57 1730 11 409 254 336 3000 2156 40 257 381 52 64 649 61 183 133 207 218 286 1449 391 31 12 20 75 74 17 82 24 23 0 195 20 93 7 162 38 45 342 135 199 2367 268 15 111 32 39 236 23 1022 3000 
0 3000 0 281 120 75 1288 9 0 64 0 97 636 318 3000 80 450 436 0 30 412 0 62 33 1109 57 964 8 0 0 12 106 71 0 96 584 0 126 206 0 51 0 3000 0 69 0 0 0 0 24 0 107 0 0 629 2942 37 286 0 34 3000 0 1465 50 19 0 8 0 161 8 115 789 1908 391 1324 11 410 107 14 195 0 527 376 8 2569 669 99 175 84 18 43 0 0 34 194 0 41 569 72 0 
62 13 48 283 678 124 53 288 3000 73 733 35 53 1095 58 704 175 27 14 32 94 278 604 37 1844 2633 174 101 186 17 75 37 39 602 63 117 35 16 154 22 50 30 37 208 41 1165 788 48 688 131 9 3000 3000 2215 1005 102 114 845 41 1123 989 119 890 216 188 142 504 528 8 491 261 20 160 196 12 113 76 37 34 20 527 0 0 28 177 84 184 549 1187 7 315 12 1877 8 2908 149 27 679 10 133 
0 0 0 449 0 0 0 0 0 15 0 0 75 0 29 81 0 2164 0 0 0 0 0 0 0 15 10 0 0 0 13 1733 0 0 0 0 0 0 0 0 33 0 70 0 39 0 0 0 0 0 0 357 84 0 0 1260 176 0 0 1033 70 0 0 793 0 0 45 0 0 0 83 27 15 21 0 0 0 66 43 93 376 0 0 0 17 18 0 0 290 26 12 0 0 0 14 0 183 27 43 0 
409 136 184 0 64 944 300 11 17 0 0 25 0 168 83 0 7 0 0 715 3000 0 16 32 796 0 384 268 0 23 0 3000 95 80 32 447 14 1001 67 57 30 10 36 1526 18 264 95 1896 66 447 14 383 0 235 542 167 0 102 355 0 70 554 15 1216 130 362 1799 416 130 497 0 46 3000 0 16 9 398 0 1214 7 8 28 0 0 84 0 1394 100 68 10 1136 10 13 13 88 50 964 157 99 21 
0 202 0 41 10 254 14 46 0 293 0 267 14 143 148 73 73 57 0 25 35 0 31 11 950 13 68 3000 0 0 0 0 164 0 275 61 0 86 117 0 10 0 710 0 102 0 0 0 71 47 3000 0 0 0 962 1426 0 15 0 15 229 0 976 0 121 0 15 0 0 29 0 136 1622 112 0 100 12 331 0 162 2569 177 17 84 0 13 18 85 316 136 1233 0 0 312 0 0 22 2934 261 0 
0 0 0 27 19 849 0 72 0 3000 0 397 3000 270 35 12 1179 3000 0 0 3000 1161 25 0 8 37 43 0 0 0 14 87 49 0 0 0 206 601 0 0 20 0 94 0 13 0 0 0 0 98 0 14 34 0 71 11 107 3000 0 42 338 0 0 577 0 0 23 0 21 33 66 48 134 144 0 654 11 859 31 38 669 84 18 0 13 0 10 86 52 12 75 0 0 0 512 0 70 8 190 0 
65 1114 22 11 22 10 316 979 28 0 29 17 42 43 196 40 336 1280 118 1035 227 49 2469 2120 39 0 180 41 10 8 183 358 1074 268 34 31 145 1422 150 109 579 99 692 751 389 14 27 115 89 1036 15 40 20 30 429 56 150 20 1890 31 19 3000 71 261 32 206 239 1298 401 3000 17 734 236 747 997 145 7 556 234 45 99 184 0 1394 18 10 0 1672 37 896 471 2369 21 14 72 130 94 1688 32 7 
0 9 0 0 135 30 8 421 0 0 0 45 181 17 0 0 139 0 0 110 2182 0 0 28 804 0 66 69 0 0 0 0 28 0 0 21 0 408 363 0 14 0 319 0 0 0 0 15 24 94 74 0 0 0 336 21 0 129 0 697 10 0 13 0 95 0 105 0 0 190 0 25 29 0 0 45 31 0 0 342 175 549 0 100 85 86 1672 0 3000 2566 174 0 0 31 0 0 139 0 61 0 
518 31 904 8 20 3000 526 1363 0 312 154 179 23 14 52 75 29 289 287 53 17 3000 255 44 44 13 214 380 43 2070 60 15 1318 17 25 106 121 1071 28 9 56 188 179 500 2185 290 51 0 1731 21 12 19 693 50 533 347 15 898 0 182 51 52 619 272 11 0 613 99 1003 353 41 168 27 46 46 831 351 265 573 135 84 1187 290 68 316 52 37 3000 0 103 299 15 59 175 1100 61 76 189 42 0 
1203 372 678 3000 13 36 437 493 214 15 0 143 59 8 402 173 11 32 0 1576 211 0 45 1907 20 62 78 8 0 13 9 42 269 186 50 106 505 42 566 18 108 75 29 245 29 0 504 210 70 34 10 154 0 162 1162 53 649 658 34 23 225 30 10 35 21 482 16 190 22 2500 391 19 48 272 68 32 300 16 534 199 18 7 26 10 136 12 896 2566 103 0 12 0 0 11 10 9 100 31 213 144 
201 167 403 18 355 16 7 157 49 556 9 131 1133 14 85 39 822 1252 26 12 215 160 81 11 39 19 28 0 57 8 56 214 122 33 239 158 114 813 15 546 36 69 13 40 2661 277 149 313 371 126 28 21 375 498 77 346 459 10 3000 405 74 82 98 56 48 529 626 70 821 934 238 1897 723 760 3000 643 188 27 156 2367 43 315 12 1136 1233 75 471 174 299 12 0 365 359 71 39 49 30 151 634 488 
91 1712 53 0 30 42 796 0 784 0 203 107 0 61 150 0 0 0 1790 56 0 1247 126 0 0 0 0 0 3000 331 3000 320 0 64 80 167 1229 197 123 556 137 220 98 132 54 3000 26 2956 622 30 293 74 72 34 28 255 3000 19 49 0 0 1240 14 328 0 8 0 288 186 118 350 214 0 0 16 3000 19 0 226 268 0 12 0 10 0 0 2369 0 15 0 365 0 213 0 421 211 0 94 10 814 
628 1041 36 0 0 564 25 0 18 0 11 43 0 2469 925 0 0 438 223 0 0 10 644 0 0 0 0 0 107 34 175 113 0 1013 19 115 62 77 0 8 0 101 246 240 162 123 1499 0 0 12 0 63 217 145 21 54 711 3000 26 0 0 8 96 246 0 278 0 37 92 42 14 268 0 0 89 20 106 0 21 15 0 1877 0 13 0 0 21 0 59 0 359 213 0 0 300 278 0 87 0 45 
0 33 63 0 435 170 17 225 16 0 0 1415 0 3000 0 0 17 0 0 678 30 0 246 39 30 0 155 3000 0 0 0 0 784 287 10 143 0 27 124 0 365 186 156 0 0 0 0 79 74 35 1146 0 0 0 172 749 0 484 560 375 266 0 80 0 506 168 863 0 0 667 0 9 193 0 0 79 1240 0 0 111 34 8 0 13 312 0 14 31 175 11 71 0 0 0 0 0 35 0 1416 50 
207 335 248 29 0 1065 10 0 0 415 56 23 8 3000 261 165 0 478 1060 0 0 3000 62 0 0 327 8 0 258 36 16 268 0 1049 30 10 18 52 0 32 881 26 25 150 10 998 200 0 0 15 0 308 68 1333 9 137 12 82 0 1500 1575 345 8 124 0 0 121 843 29 1047 8 8 8 20 123 34 23 54 165 32 194 2908 14 88 0 512 72 0 1100 10 39 421 300 0 0 24 108 14 165 0 
36 17 44 0 10 8 253 0 726 0 991 320 0 58 439 71 0 116 245 31 0 30 30 0 0 0 189 0 38 30 2097 1102 0 9 11 580 16 8 2788 36 844 27 30 343 3000 458 21 593 17 296 204 40 28 71 244 169 8 20 388 0 251 11 29 124 0 311 46 237 483 3000 645 1491 0 0 1110 209 17 0 145 39 0 149 0 50 0 0 130 0 61 9 49 211 278 0 24 0 0 11 185 161 
53 271 3000 44 8 1025 123 18 0 11 0 171 1258 964 3000 21 28 343 0 286 799 94 719 367 12 1109 185 237 0 43 79 40 39 0 22 12 26 14 23 0 257 0 455 15 336 0 0 0 0 35 0 54 205 0 752 122 99 11 0 522 38 10 732 64 19 0 15 0 58 85 22 34 124 395 146 193 67 126 182 236 41 27 183 964 22 70 94 139 76 100 30 0 0 35 108 0 0 16 11 0 
214 89 86 414 89 9 68 0 0 218 8 199 49 1225 101 28 13 3000 107 14 344 636 1062 22 175 269 14 0 3000 459 345 629 165 12 8 72 192 11 51 14 1753 22 1006 320 19 96 460 0 0 290 0 8 9 137 88 741 39 23 0 199 189 60 586 7 0 0 47 280 49 14 76 144 9 13 38 1673 58 27 48 23 569 679 27 157 2934 8 1688 0 189 31 151 94 87 0 14 11 16 0 80 0 
86 3000 119 46 661 73 790 72 101 2693 0 12 138 24 721 648 1572 13 0 18 201 711 24 275 382 33 188 246 0 44 29 8 12 24 272 119 57 38 134 1877 3000 126 164 9 75 23 33 604 245 68 13 151 47 47 394 33 15 296 14 110 218 3000 87 1305 131 20 46 3000 1931 83 308 78 89 73 9 18 56 691 98 1022 72 10 43 99 261 190 32 61 42 213 634 10 0 1416 165 185 11 80 0 19 
39 126 255 0 310 9 18 0 576 0 0 139 0 240 0 0 0 0 0 1151 0 0 1053 98 0 0 0 0 0 115 0 0 0 54 39 300 527 285 35 1439 93 363 9 104 0 175 62 95 309 12 3000 0 0 2572 171 175 0 372 77 0 379 193 1077 0 76 105 0 271 25 32 0 25 0 0 66 9 61 0 0 3000 0 133 0 21 0 0 7 0 0 144 488 814 45 50 0 161 0 0 19 0 
