100
0 82 5 82 88 59 61 99 78 31 38 55 81 10 93 83 78 51 48 75 75 43 95 32 13 74 3 85 23 86 26 34 77 41 74 71 55 88 67 70 41 66 81 83 54 90 14 74 75 14 69 25 86 32 68 24 15 48 25 43 107 89 69 67 27 31 64 26 5 13 37 23 87 43 79 54 107 101 35 21 57 99 29 63 43 56 80 63 20 81 81 76 55 85 87 42 10 2 62 45 
82 0 80 52 26 104 31 65 54 76 50 28 14 91 49 53 5 36 35 50 12 42 57 100 74 64 82 6 59 17 56 87 48 89 93 99 30 70 41 114 40 26 59 6 28 62 92 51 80 68 50 58 16 55 92 90 69 75 59 40 71 61 26 79 55 61 60 59 81 74 75 62 10 40 15 108 70 63 53 61 43 72 88 103 47 27 77 57 89 10 10 53 29 58 52 42 78 84 22 98 
5 80 0 84 88 63 61 101 80 35 34 53 79 11 95 85 76 51 46 77 74 43 97 37 9 77 3 84 23 86 25 39 79 46 79 76 55 90 68 75 40 66 83 82 53 92 19 76 79 12 71 23 85 33 72 28 12 51 25 41 109 91 66 70 26 27 66 23 1 16 41 25 85 42 76 59 109 102 32 21 58 101 34 67 44 55 83 65 17 80 79 78 55 87 89 40 14 5 61 50 
82 52 84 0 30 71 31 18 6 58 72 57 65 92 13 1 49 40 58 7 41 46 13 83 82 17 84 47 63 37 62 66 6 64 50 57 41 18 18 77 55 31 8 46 45 11 84 8 34 74 13 71 38 52 51 76 77 46 59 61 26 9 70 38 62 81 23 73 85 69 54 60 62 51 65 78 25 18 74 65 27 22 71 68 41 57 28 22 99 43 61 7 42 6 5 63 74 84 42 72 
88 26 88 30 0 94 27 40 33 73 65 43 40 98 24 30 25 37 49 31 19 45 32 98 83 45 89 20 65 9 63 83 27 82 77 84 34 47 27 102 50 22 38 20 36 39 94 32 63 76 33 69 10 57 77 90 78 66 63 53 45 38 50 64 62 75 46 70 88 77 70 65 35 47 41 100 45 37 67 67 34 48 86 92 46 43 57 43 100 17 35 33 34 35 28 55 82 90 29 92 
59 104 63 71 94 0 73 80 65 33 83 88 111 62 84 71 99 69 82 66 93 66 81 31 69 54 61 103 62 98 63 25 69 19 29 20 75 63 67 12 74 78 65 102 78 71 47 64 41 63 62 72 98 55 23 36 67 29 57 81 86 71 105 34 65 83 49 74 64 50 31 54 113 71 109 10 86 83 82 62 62 74 30 6 58 89 49 51 78 98 109 64 77 69 76 81 51 59 83 14 
61 31 61 31 27 73 0 49 30 47 42 26 40 70 37 32 27 10 27 26 20 18 42 72 57 37 61 30 38 27 36 58 25 58 63 68 10 46 14 83 25 6 35 29 14 42 67 26 51 49 22 43 27 29 61 63 51 43 36 31 56 40 41 49 36 52 31 45 61 49 45 38 41 21 40 77 56 48 44 40 12 53 60 72 19 26 49 27 74 25 37 28 11 36 34 32 54 63 12 68 
99 65 101 18 40 80 49 0 21 73 90 74 79 109 16 17 63 58 76 24 56 64 9 96 100 27 101 60 81 49 79 80 24 76 54 63 58 17 36 83 73 47 18 59 63 10 100 25 39 91 30 89 50 69 57 91 94 59 77 79 8 10 86 46 80 99 37 91 102 86 68 77 75 69 80 88 8 4 92 83 44 9 85 75 59 74 31 36 117 56 75 23 59 14 15 81 90 101 58 84 
78 54 80 6 33 65 30 21 0 53 70 56 66 87 19 6 50 38 57 4 43 43 18 77 78 12 80 50 60 40 58 61 6 58 45 52 39 16 16 72 52 31 5 49 44 13 79 4 29 70 9 67 41 48 45 71 73 40 55 59 29 11 70 32 59 78 17 69 80 65 49 55 64 48 66 73 29 23 72 62 24 23 65 62 38 56 24 16 95 45 62 2 41 7 11 61 69 80 41 66 
31 76 35 58 73 33 47 73 53 0 51 56 81 39 71 59 72 41 50 51 66 35 71 25 39 46 34 77 29 74 30 11 54 14 43 41 47 59 47 45 42 53 55 75 49 63 27 50 44 32 46 39 74 23 37 18 36 16 24 48 81 63 74 36 32 50 36 41 36 20 5 21 85 40 79 33 80 75 50 29 38 71 13 35 29 58 49 37 52 72 80 51 48 59 63 48 22 33 54 23 
38 50 34 72 65 83 42 90 70 51 0 23 45 45 79 74 47 33 16 66 47 27 84 66 26 72 37 55 22 60 20 59 67 65 88 89 33 85 54 96 18 45 75 53 29 83 51 66 82 25 61 13 59 30 83 56 23 60 27 12 98 81 32 76 18 11 63 12 35 36 53 29 53 22 43 83 98 90 3 22 47 93 57 86 34 24 83 61 40 53 47 68 32 77 76 10 39 39 36 72 
55 28 53 57 43 88 26 74 56 56 23 0 26 64 61 58 24 21 8 52 25 22 66 77 46 62 55 32 33 38 31 67 51 70 84 87 17 72 39 99 15 26 61 31 12 68 66 52 75 42 48 31 37 33 81 67 42 60 35 12 81 66 18 71 29 34 54 31 54 49 57 38 32 16 24 89 81 73 26 35 35 78 67 88 30 1 74 51 61 30 26 54 15 62 59 14 53 57 16 79 
81 14 79 65 40 111 40 79 66 81 45 26 0 89 64 66 16 41 33 63 24 46 71 103 71 76 80 21 59 32 57 92 61 94 103 108 35 83 52 122 41 37 72 21 32 76 92 63 91 67 61 56 30 58 101 93 67 82 61 37 85 74 15 89 55 56 71 56 79 75 81 64 9 42 2 114 85 77 49 60 52 86 92 111 53 25 88 68 85 24 5 65 34 71 66 39 79 83 29 104 
10 91 11 92 98 62 70 109 87 39 45 64 89 0 103 93 87 61 56 85 85 53 105 33 19 83 9 94 33 96 35 39 87 46 81 77 65 97 76 74 51 76 91 93 64 99 15 84 83 23 79 33 95 42 75 27 23 55 34 52 117 98 77 75 36 36 73 33 10 23 44 33 96 52 87 57 116 110 42 31 67 108 34 67 53 65 88 72 16 91 90 86 65 94 97 50 18 8 71 48 
93 49 95 13 24 84 37 16 19 71 79 61 64 103 0 13 47 47 64 19 40 54 7 96 92 30 95 44 73 33 71 79 16 77 62 70 46 26 27 90 62 34 20 43 51 17 96 21 46 84 25 79 34 62 63 89 86 59 69 67 21 16 71 51 71 88 36 81 95 81 67 70 59 58 64 91 21 13 81 75 36 24 83 81 51 61 39 34 109 40 59 20 47 16 8 69 85 95 45 85 
83 53 85 1 30 71 32 17 6 59 74 58 66 93 13 0 50 41 60 8 42 47 12 83 83 17 85 48 64 38 63 67 7 64 49 57 42 17 19 77 56 32 8 47 47 10 85 9 34 75 14 72 39 53 51 77 78 46 60 63 25 8 71 38 63 82 23 74 86 70 55 61 63 52 66 79 24 17 75 66 28 21 71 68 42 58 28 22 100 43 62 7 43 5 5 64 75 85 43 73 
78 5 76 49 25 99 27 63 50 72 47 24 16 87 47 50 0 31 31 47 8 37 54 95 70 60 78 8 55 17 52 83 44 84 89 94 25 67 37 110 36 22 56 7 24 60 87 47 76 64 46 54 15 50 87 86 65 70 55 36 69 58 25 75 51 58 56 55 77 69 71 57 14 35 17 103 68 61 50 56 38 70 84 99 42 23 73 53 85 8 12 49 24 55 49 38 74 80 17 94 
51 36 51 40 37 69 10 58 38 41 33 21 41 61 47 41 31 0 20 34 26 8 51 65 46 42 51 36 28 36 26 52 34 53 64 67 6 53 21 80 15 15 43 35 9 50 58 34 54 39 29 33 35 20 61 55 41 41 26 22 65 49 38 50 26 42 34 34 51 40 40 28 44 11 40 73 65 58 35 30 15 61 53 69 11 22 53 31 63 32 39 36 7 44 43 23 45 53 14 63 
48 35 46 58 49 82 27 76 57 50 16 8 33 56 64 60 31 20 0 53 31 18 69 70 39 61 47 39 26 44 23 61 53 64 81 84 18 72 40 94 9 30 62 38 13 69 59 53 73 34 48 23 43 27 77 60 34 56 28 5 84 68 23 68 22 27 53 24 46 42 52 31 40 11 31 83 83 76 19 27 34 80 60 83 26 9 73 50 54 37 34 55 17 63 61 7 45 49 20 73 
75 50 77 7 31 66 26 24 4 51 66 52 63 85 19 8 47 34 53 0 39 39 20 76 75 14 77 46 57 37 55 60 4 57 47 54 36 20 13 73 49 27 9 45 40 16 77 1 32 67 6 64 38 45 47 70 70 40 52 56 32 15 66 34 56 74 17 66 78 62 47 53 61 45 63 73 32 25 68 59 20 27 64 63 35 52 27 15 92 41 59 3 37 11 12 57 67 77 37 66 
75 12 74 41 19 93 20 56 43 66 47 25 24 85 40 42 8 26 31 39 0 33 47 91 69 52 76 10 52 12 50 77 37 78 82 87 21 59 29 103 34 15 48 9 21 52 84 40 69 62 38 53 12 46 80 81 63 64 52 36 62 50 31 68 49 59 49 54 75 66 65 54 22 33 24 97 61 54 50 54 31 62 79 92 37 25 65 46 85 6 20 41 20 47 42 38 70 77 13 88 
43 42 43 46 45 66 18 64 43 35 27 22 46 53 54 47 37 8 18 39 33 0 58 58 39 45 44 43 20 43 18 46 40 49 64 66 13 57 28 77 10 23 48 42 13 56 51 39 56 31 34 25 43 13 60 49 33 38 19 18 72 54 39 51 18 35 36 27 43 33 36 21 49 6 44 68 71 64 29 22 19 66 47 67 8 23 56 33 56 39 44 41 13 50 50 19 37 45 20 58 
95 57 97 13 32 81 42 9 18 71 84 66 71 105 7 12 54 51 69 20 47 58 0 95 95 27 97 51 76 40 74 78 18 75 57 66 51 20 30 86 66 40 16 51 56 11 97 21 42 86 26 83 41 64 59 89 89 58 72 72 15 10 78 47 75 93 35 85 97 82 66 72 66 62 71 89 15 7 86 78 39 17 83 77 54 66 34 34 112 47 66 19 52 12 8 74 87 97 51 83 
32 100 37 83 98 31 72 96 77 25 66 77 103 33 96 83 95 65 70 76 91 58 95 0 44 69 34 101 45 99 47 16 79 21 56 49 71 81 72 42 62 78 79 100 72 87 18 75 63 42 70 53 99 45 49 10 44 38 42 67 104 86 94 54 49 61 60 54 37 30 29 39 108 61 101 24 103 99 64 44 64 93 12 37 54 79 69 61 49 97 102 76 71 83 88 66 27 32 78 18 
13 74 9 82 83 69 57 100 78 39 26 46 71 19 92 83 70 46 39 75 69 39 95 44 0 77 11 77 19 80 21 44 77 51 82 80 49 90 65 81 34 62 82 76 48 91 27 75 80 9 69 16 80 31 76 36 6 54 23 34 108 90 58 73 21 18 66 15 9 20 44 23 78 36 69 66 107 101 23 17 56 100 40 73 41 47 84 65 17 75 72 77 49 85 87 32 19 14 56 56 
74 64 77 17 45 54 37 27 12 46 72 62 76 83 30 17 60 42 61 14 52 45 27 69 77 0 76 61 59 52 58 53 18 49 32 40 45 14 24 60 55 39 11 59 50 18 73 13 17 68 14 68 53 47 33 64 71 31 54 63 35 17 77 21 59 79 11 70 77 61 41 53 74 51 75 62 34 30 74 61 27 25 58 50 38 62 13 12 93 55 72 12 46 15 22 64 65 76 49 57 
3 82 3 84 89 61 61 101 80 34 37 55 80 9 95 85 78 51 47 77 76 44 97 34 11 76 0 85 24 87 26 36 79 43 77 74 56 90 68 73 42 67 83 83 55 92 16 76 78 13 71 25 86 33 71 26 14 50 26 43 109 90 68 69 27 29 65 25 3 15 39 25 87 43 78 57 109 102 34 22 59 101 31 65 44 56 82 65 18 82 81 78 56 86 89 41 12 3 62 47 
85 6 84 47 20 103 30 60 50 77 55 32 21 94 44 48 8 36 39 46 10 43 51 101 77 61 85 0 62 11 59 88 44 89 91 97 31 65 38 113 43 25 55 2 31 58 94 47 77 72 47 62 10 56 90 92 72 74 62 44 65 56 32 77 58 66 58 63 84 76 76 64 15 42 22 108 65 57 58 63 41 67 89 102 48 31 73 55 93 5 16 49 30 53 47 46 80 87 23 98 
23 59 23 63 65 62 38 81 60 29 22 33 59 33 73 64 55 28 26 57 52 20 76 45 19 59 24 62 0 63 2 38 58 43 68 68 32 72 46 74 19 43 64 60 31 72 33 56 65 11 51 10 63 12 63 35 13 40 6 22 89 71 49 57 4 22 48 13 23 16 32 8 65 19 57 61 89 82 21 2 37 82 36 64 22 35 67 47 36 58 59 58 32 67 68 21 20 25 39 51 
86 17 86 37 9 98 27 49 40 74 60 38 32 96 33 38 17 36 44 37 12 43 40 99 80 52 87 11 63 0 61 85 34 85 83 90 31 55 31 107 46 21 45 11 33 47 94 38 69 74 38 65 1 56 83 90 75 69 62 48 54 46 42 70 60 71 51 66 86 76 72 64 26 44 33 103 54 46 63 65 37 56 87 96 46 37 64 48 97 8 27 40 31 43 36 50 81 88 25 95 
26 56 25 62 63 63 36 79 58 30 20 31 57 35 71 63 52 26 23 55 50 18 74 47 21 58 26 59 2 61 0 39 56 44 69 69 30 71 44 75 16 41 63 58 29 71 36 54 64 13 49 10 60 11 64 37 15 40 6 20 87 69 46 57 2 22 47 13 25 18 33 9 62 17 55 63 87 80 20 4 35 81 38 65 20 32 66 46 38 56 57 56 30 65 66 19 22 28 36 52 
34 87 39 66 83 25 58 80 61 11 59 67 92 39 79 67 83 52 61 60 77 46 78 16 44 53 36 88 38 85 39 0 63 7 42 38 58 65 56 37 52 64 62 86 60 70 25 59 47 38 54 47 85 34 36 13 42 21 33 58 87 70 84 38 41 58 44 49 39 25 13 30 96 50 90 23 87 82 58 38 49 77 6 29 40 68 54 45 54 83 90 60 59 67 72 58 25 35 65 13 
77 48 79 6 27 69 25 24 6 54 67 51 61 87 16 7 44 34 53 4 37 40 18 79 77 18 79 44 58 34 56 63 0 61 50 57 35 22 12 76 49 25 11 43 40 17 80 5 35 68 9 65 35 46 51 73 71 43 54 56 31 15 65 38 57 75 21 67 80 65 50 54 58 45 60 76 31 24 68 60 21 27 67 67 36 52 30 18 94 39 56 6 36 11 10 57 69 79 36 70 
41 89 46 64 82 19 58 76 58 14 65 70 94 46 77 64 84 53 64 57 78 49 75 21 51 49 43 89 43 85 44 7 61 0 36 31 59 61 55 31 56 64 59 87 62 67 32 56 42 45 52 53 85 37 29 20 48 18 38 62 83 66 88 33 46 64 41 55 46 31 13 35 98 54 93 19 83 79 64 43 48 72 13 22 42 71 48 42 61 84 93 57 61 63 69 62 32 42 67 10 
74 93 79 50 77 29 63 54 45 43 88 84 103 81 62 49 89 64 81 47 82 64 57 56 82 32 77 91 68 83 69 42 50 36 0 9 69 37 53 30 74 67 42 90 73 46 67 45 16 74 45 79 84 58 6 56 78 28 63 81 59 47 102 14 70 91 33 81 79 63 38 61 104 70 102 38 59 58 88 70 51 47 48 23 55 85 23 36 95 86 100 45 70 46 54 82 65 76 75 38 
71 99 76 57 84 20 68 63 52 41 89 87 108 77 70 57 94 67 84 54 87 66 66 49 80 40 74 97 68 90 69 38 57 31 9 0 73 46 59 21 75 72 50 95 77 55 63 52 24 73 51 79 90 59 7 51 76 28 62 83 68 55 105 20 70 90 39 81 76 60 36 60 109 72 107 30 68 67 88 69 56 56 44 15 58 89 32 42 92 91 105 52 74 54 62 84 62 72 79 32 
55 30 55 41 34 75 10 58 39 47 33 17 35 65 46 42 25 6 18 36 21 13 51 71 49 45 56 31 32 31 30 58 35 59 69 73 0 55 23 86 16 13 45 29 5 52 63 36 59 43 32 35 31 26 66 61 44 47 31 21 66 50 33 55 29 43 38 36 55 45 46 33 38 13 34 79 66 58 35 34 19 62 59 75 18 17 57 35 66 27 33 38 1 46 44 23 50 57 8 69 
88 70 90 18 47 63 46 17 16 59 85 72 83 97 26 17 67 53 72 20 59 57 20 81 90 14 90 65 72 55 71 65 22 61 37 46 55 0 33 67 67 47 11 64 60 10 87 20 22 82 24 81 56 60 40 77 85 44 67 75 23 11 86 29 72 92 24 83 91 75 54 67 80 63 83 72 23 21 86 74 38 12 70 59 51 73 15 25 106 60 78 18 57 12 19 76 79 90 58 68 
67 41 68 18 27 67 14 36 16 47 54 39 52 76 27 19 37 21 40 13 29 28 30 72 65 24 68 38 46 31 44 56 12 55 53 59 23 33 0 76 36 15 22 37 28 29 70 13 39 57 9 53 32 35 52 64 59 38 43 43 44 27 54 39 45 63 20 55 68 54 44 43 51 33 52 73 44 36 56 48 9 39 60 65 24 40 36 17 82 33 48 15 24 23 22 45 59 69 25 65 
70 114 75 77 102 12 83 83 72 45 96 99 122 74 90 77 110 80 94 73 103 77 86 42 81 60 73 113 74 107 75 37 76 31 30 21 86 67 76 0 85 88 70 111 89 75 59 71 45 76 69 84 107 67 27 47 79 40 69 93 89 76 117 39 77 95 57 86 76 62 43 66 124 83 120 18 89 87 95 74 71 77 42 11 70 100 52 59 90 108 119 71 87 74 81 92 63 71 93 26 
41 40 40 55 50 74 25 73 52 42 18 15 41 51 62 56 36 15 9 49 34 10 66 62 34 55 42 43 19 46 16 52 49 56 74 75 16 67 36 85 0 29 57 42 14 65 52 48 66 28 44 19 45 18 69 52 29 47 20 8 80 63 32 60 15 27 46 20 40 34 43 23 46 4 39 75 80 73 20 20 29 76 52 75 18 16 66 44 51 40 41 51 16 59 58 9 38 43 21 65 
66 26 66 31 22 78 6 47 31 53 45 26 37 76 34 32 22 15 30 27 15 23 40 78 62 39 67 25 43 21 41 64 25 64 67 72 13 47 15 88 29 0 36 23 16 42 73 27 55 54 24 47 21 35 65 69 56 49 42 33 55 40 39 53 41 55 34 49 67 55 51 43 36 26 36 83 54 47 48 46 17 52 66 77 25 27 52 31 79 20 33 29 13 36 33 35 60 68 11 74 
81 59 83 8 38 65 35 18 5 55 75 61 72 91 20 8 56 43 62 9 48 48 16 79 82 11 83 55 64 45 63 62 11 59 42 50 45 11 22 70 57 36 0 54 50 9 82 9 27 74 14 72 46 52 44 73 77 41 59 65 26 7 75 31 63 83 19 74 84 68 50 59 69 53 72 72 26 20 77 66 28 18 67 61 42 62 20 18 99 50 67 7 46 4 11 66 73 83 47 67 
83 6 82 46 20 102 29 59 49 75 53 31 21 93 43 47 7 35 38 45 9 42 51 100 76 59 83 2 60 11 58 86 43 87 90 95 29 64 37 111 42 23 54 0 29 57 92 46 76 70 45 60 10 55 88 90 71 72 60 43 65 55 32 76 57 65 57 61 82 74 74 62 16 41 22 106 64 57 56 62 40 66 88 101 46 30 72 53 92 4 16 48 29 52 46 44 79 85 22 97 
54 28 53 45 36 78 14 63 44 49 29 12 32 64 51 47 24 9 13 40 21 13 56 72 48 50 55 31 31 33 29 60 40 62 73 77 5 60 28 89 14 16 50 29 0 56 63 40 63 41 36 33 32 27 70 62 42 50 31 17 70 55 29 59 28 39 42 34 54 45 49 33 36 12 31 81 70 62 32 33 23 67 60 79 20 13 62 39 64 27 31 43 3 50 48 19 50 56 8 71 
90 62 92 11 39 71 42 10 13 63 83 68 76 99 17 10 60 50 69 16 52 56 11 87 91 18 92 58 72 47 71 70 17 67 46 55 52 10 29 75 65 42 9 57 56 0 90 17 31 82 22 80 48 60 49 81 85 49 68 72 17 2 81 37 72 91 27 82 93 77 59 68 73 61 76 79 17 12 84 74 36 11 75 67 50 68 24 27 108 53 71 15 53 6 11 73 81 92 53 74 
14 92 19 84 94 47 67 100 79 27 51 66 92 15 96 85 87 58 59 77 84 51 97 18 27 73 16 94 33 94 36 25 80 32 67 63 63 87 70 59 52 73 82 92 63 90 0 76 71 26 71 38 93 38 61 12 28 44 32 55 108 89 81 62 37 45 63 39 19 18 33 30 98 52 90 42 107 102 49 32 61 98 19 52 48 68 77 63 31 90 92 78 64 86 89 54 14 14 70 33 
74 51 76 8 32 64 26 25 4 50 66 52 63 84 21 9 47 34 53 1 40 39 21 75 75 13 76 47 56 38 54 59 5 56 45 52 36 20 13 71 48 27 9 46 40 17 76 0 31 66 5 64 39 44 46 68 69 38 51 55 33 15 66 33 55 74 16 66 77 61 46 52 61 44 63 71 33 26 68 58 20 27 63 61 34 52 26 14 91 42 59 2 37 11 13 57 66 76 38 65 
75 80 79 34 63 41 51 39 29 44 82 75 91 83 46 34 76 54 73 32 69 56 42 63 80 17 78 77 65 69 64 47 35 42 16 24 59 22 39 45 66 55 27 76 63 31 71 31 0 72 31 75 70 53 18 60 76 28 59 74 45 31 91 9 66 86 21 77 79 62 39 58 91 62 91 50 45 43 82 66 40 33 53 37 48 76 8 24 95 72 88 30 60 31 38 75 66 77 63 47 
14 68 12 74 76 63 49 91 70 32 25 42 67 23 84 75 64 39 34 67 62 31 86 42 9 68 13 72 11 74 13 38 68 45 74 73 43 82 57 76 28 54 74 70 41 82 26 66 72 0 61 12 73 22 68 32 4 46 15 30 99 81 55 64 14 20 57 12 12 13 36 15 74 30 65 61 99 92 22 9 48 92 35 67 33 43 75 56 25 68 68 68 43 77 78 28 14 16 49 51 
69 50 71 13 33 62 22 30 9 46 61 48 61 79 25 14 46 29 48 6 38 34 26 70 69 14 71 47 51 38 49 54 9 52 45 51 32 24 9 69 44 24 14 45 36 22 71 5 31 61 0 58 39 39 44 64 64 34 46 51 38 20 63 31 50 69 13 60 72 56 42 46 60 40 61 68 38 32 63 53 15 32 58 59 29 49 27 10 86 41 57 7 33 16 18 52 61 71 34 61 
25 58 23 71 69 72 43 89 67 39 13 31 56 33 79 72 54 33 23 64 53 25 83 53 16 68 25 62 10 65 10 47 65 53 79 79 35 81 53 84 19 47 72 60 33 80 38 64 75 12 58 0 65 22 74 43 11 51 16 19 97 79 43 68 9 12 58 2 23 23 43 18 63 22 54 70 96 89 11 10 44 90 45 74 30 32 77 56 32 59 57 66 35 74 75 17 26 27 40 60 
86 16 85 38 10 98 27 50 41 74 59 37 30 95 34 39 15 35 43 38 12 43 41 99 80 53 86 10 63 1 60 85 35 85 84 90 31 56 32 107 45 21 46 10 32 48 93 39 70 73 39 65 0 56 83 90 74 69 62 48 55 47 41 70 59 70 51 66 86 76 72 64 25 43 31 103 55 47 62 65 37 57 87 97 46 36 65 48 96 7 25 41 30 44 38 49 80 88 24 95 
32 55 33 52 57 55 29 69 48 23 30 33 58 42 62 53 50 20 27 45 46 13 64 45 31 47 33 56 12 56 11 34 46 37 58 59 26 60 35 67 18 35 52 55 27 60 38 44 53 22 39 22 56 0 53 36 25 30 8 25 77 59 50 46 13 33 36 24 33 20 25 8 62 17 56 57 77 70 30 14 26 70 34 57 11 34 55 35 48 52 57 46 26 55 56 25 25 34 33 46 
68 92 72 51 77 23 61 57 45 37 83 81 101 75 63 51 87 61 77 47 80 60 59 49 76 33 71 90 63 83 64 36 51 29 6 7 66 40 52 27 69 65 44 88 70 49 61 46 18 68 44 74 83 53 0 49 72 23 57 77 63 49 99 13 65 86 32 76 73 57 32 56 102 66 100 33 63 61 83 64 49 51 42 18 52 82 26 35 89 84 98 45 68 48 55 78 59 69 72 32 
24 90 28 76 90 36 63 91 71 18 56 67 93 27 89 77 86 55 60 70 81 49 89 10 36 64 26 92 35 90 37 13 73 20 56 51 61 77 64 47 52 69 73 90 62 81 12 68 60 32 64 43 90 36 49 0 35 33 32 57 99 81 83 51 39 51 54 44 29 19 23 29 98 51 91 31 98 93 54 34 56 89 7 40 44 69 66 55 43 87 92 70 62 77 82 56 17 24 69 22 
15 69 12 77 78 67 51 94 73 36 23 42 67 23 86 78 65 41 34 70 63 33 89 44 6 71 14 72 13 75 15 42 71 48 78 76 44 85 59 79 29 56 77 71 42 85 28 69 76 4 64 11 74 25 72 35 0 50 18 29 102 84 54 68 15 17 61 11 12 17 40 18 73 31 64 64 102 95 20 11 50 95 38 70 35 43 79 59 23 69 68 71 44 80 81 28 17 16 50 54 
48 75 51 46 66 29 43 59 40 16 60 60 82 55 59 46 70 41 56 40 64 38 58 38 54 31 50 74 40 69 40 21 43 18 28 28 47 44 38 40 47 49 41 72 50 49 44 38 28 46 34 51 69 30 23 33 50 0 34 55 66 48 78 19 42 62 23 53 52 35 11 32 84 44 81 34 66 61 60 41 32 56 26 29 30 61 33 25 68 69 80 39 48 45 51 55 38 49 53 27 
25 59 25 59 63 57 36 77 55 24 27 35 61 34 69 60 55 26 28 52 52 19 72 42 23 54 26 62 6 62 6 33 54 38 63 62 31 67 43 69 20 42 59 60 31 68 32 51 59 15 46 16 62 8 57 32 18 34 0 25 85 66 52 52 8 28 43 18 26 14 27 3 66 20 59 56 84 78 26 7 33 77 32 59 18 37 62 42 40 58 61 53 32 62 64 25 19 27 38 46 
43 40 41 61 53 81 31 79 59 48 12 12 37 52 67 63 36 22 5 56 36 18 72 67 34 63 43 44 22 48 20 58 56 62 81 83 21 75 43 93 8 33 65 43 17 72 55 55 74 30 51 19 48 25 77 57 29 55 25 0 87 70 26 68 18 23 54 19 41 38 50 28 44 12 35 81 86 79 15 23 36 83 57 82 26 13 74 51 49 42 38 58 20 66 65 2 42 45 24 71 
107 71 109 26 45 86 56 8 29 81 98 81 85 117 21 25 69 65 84 32 62 72 15 104 108 35 109 65 89 54 87 87 31 83 59 68 66 23 44 89 80 55 26 65 70 17 108 33 45 99 38 97 55 77 63 99 102 66 85 87 0 18 92 52 88 107 44 99 110 94 76 85 80 77 86 94 0 8 100 91 52 12 92 81 67 81 37 44 125 61 80 31 67 22 22 88 98 109 65 90 
89 61 91 9 38 71 40 10 11 63 81 66 74 98 16 8 58 49 68 15 50 54 10 86 90 17 90 56 71 46 69 70 15 66 47 55 50 11 27 76 63 40 7 55 55 2 89 15 31 81 20 79 47 59 49 81 84 48 66 70 18 0 79 37 70 89 26 81 91 76 58 66 71 60 74 79 18 13 83 73 35 12 74 67 49 67 24 26 106 51 70 13 51 4 9 72 80 91 51 74 
69 26 66 70 50 105 41 86 70 74 32 18 15 77 71 71 25 38 23 66 31 39 78 94 58 77 68 32 49 42 46 84 65 88 102 105 33 86 54 117 32 39 75 32 29 81 81 66 91 55 63 43 41 50 99 83 54 78 52 26 92 79 0 88 45 42 71 43 66 64 75 54 24 34 13 107 92 84 35 50 51 91 83 106 47 17 90 68 71 33 19 68 31 75 71 27 68 70 29 97 
67 79 70 38 64 34 49 46 32 36 76 71 89 75 51 38 75 50 68 34 68 51 47 54 73 21 69 77 57 70 57 38 38 33 14 20 55 29 39 39 60 53 31 76 59 37 62 33 9 64 31 68 70 46 13 51 68 19 52 68 52 37 88 0 59 80 19 70 71 54 30 50 90 57 88 42 52 49 76 59 37 41 44 30 42 72 16 22 87 72 86 32 57 35 42 69 57 68 61 39 
27 55 26 62 62 65 36 80 59 32 18 29 55 36 71 63 51 26 22 56 49 18 75 49 21 59 27 58 4 60 2 41 57 46 70 70 29 72 45 77 15 41 63 57 28 72 37 55 66 14 50 9 59 13 65 39 15 42 8 18 88 70 45 59 0 21 48 11 26 20 35 11 61 16 53 65 88 81 18 5 36 82 40 67 21 31 68 47 38 55 55 57 29 66 67 17 23 29 35 54 
31 61 27 81 75 83 52 99 78 50 11 34 56 36 88 82 58 42 27 74 59 35 93 61 18 79 29 66 22 71 22 58 75 64 91 90 43 92 63 95 27 55 83 65 39 91 45 74 86 20 69 12 70 33 86 51 17 62 28 23 107 89 42 80 21 0 69 10 26 33 54 30 64 30 54 81 106 99 8 21 54 101 55 86 41 35 88 67 29 64 58 76 42 85 85 21 34 32 47 70 
64 60 66 23 46 49 31 37 17 36 63 54 71 73 36 23 56 34 53 17 49 36 35 60 66 11 65 58 48 51 47 44 21 41 33 39 38 24 20 57 46 34 19 57 42 27 63 16 21 57 13 58 51 36 32 54 61 23 43 54 44 26 71 19 48 69 0 60 67 50 32 43 71 42 70 56 44 39 64 50 19 35 48 46 28 55 20 3 82 53 68 16 39 23 28 55 54 65 43 49 
26 59 23 73 70 74 45 91 69 41 12 31 56 33 81 74 55 34 24 66 54 27 85 54 15 70 25 63 13 66 13 49 67 55 81 81 36 83 55 86 20 49 74 61 34 82 39 66 77 12 60 2 66 24 76 44 11 53 18 19 99 81 43 70 11 10 60 0 23 25 45 20 63 23 54 72 98 91 10 12 46 92 46 76 32 33 79 58 30 60 57 68 36 77 77 17 27 27 42 62 
5 81 1 85 88 64 61 102 80 36 35 54 79 10 95 86 77 51 46 78 75 43 97 37 9 77 3 84 23 86 25 39 80 46 79 76 55 91 68 76 40 67 84 82 54 93 19 77 79 12 72 23 86 33 73 29 12 52 26 41 110 91 66 71 26 26 67 23 0 17 41 25 86 42 76 60 109 103 32 21 59 102 34 68 44 55 84 66 16 81 80 79 55 87 89 40 14 6 61 50 
13 74 16 69 77 50 49 86 65 20 36 49 75 23 81 70 69 40 42 62 66 33 82 30 20 61 15 76 16 76 18 25 65 31 63 60 45 75 54 62 34 55 68 74 45 77 18 61 62 13 56 23 76 20 57 19 17 35 14 38 94 76 64 54 20 33 50 25 17 0 24 12 80 34 73 48 94 88 34 15 45 85 22 53 31 50 67 50 33 72 75 63 46 72 74 37 5 15 53 37 
37 75 41 54 70 31 45 68 49 5 53 57 81 44 67 55 71 40 52 47 65 36 66 29 44 41 39 76 32 72 33 13 50 13 38 36 46 54 44 43 43 51 50 74 49 59 33 46 39 36 42 43 72 25 32 23 40 11 27 50 76 58 75 30 35 54 32 45 41 24 0 24 84 41 79 33 76 71 53 33 36 66 17 32 29 58 44 33 57 71 79 47 47 55 59 50 27 38 54 23 
23 62 25 60 65 54 38 77 55 21 29 38 64 33 70 61 57 28 31 53 54 21 72 39 23 53 25 64 8 64 9 30 54 35 61 60 33 67 43 66 23 43 59 62 33 68 30 52 58 15 46 18 64 8 56 29 18 32 3 28 85 66 54 50 11 30 43 20 25 12 24 0 69 22 62 54 84 78 28 9 34 77 29 56 19 39 61 41 40 60 63 54 34 62 64 28 17 25 41 43 
87 10 85 62 35 113 41 75 64 85 53 32 9 96 59 63 14 44 40 61 22 49 66 108 78 74 87 15 65 26 62 96 58 98 104 109 38 80 51 124 46 36 69 16 36 73 98 61 91 74 60 63 25 62 102 98 73 84 66 44 80 71 24 90 61 64 71 63 86 80 84 69 0 46 11 117 80 72 56 66 53 82 96 113 56 31 87 67 92 20 6 63 37 68 62 46 84 89 31 107 
43 40 42 51 47 71 21 69 48 40 22 16 42 52 58 52 35 11 11 45 33 6 62 61 36 51 43 42 19 44 17 50 45 54 70 72 13 63 33 83 4 26 53 41 12 61 52 44 62 30 40 22 43 17 66 51 31 44 20 12 77 60 34 57 16 30 42 23 42 34 41 22 46 0 40 73 76 69 23 21 25 72 50 72 15 18 62 40 53 39 41 47 13 55 55 13 38 45 19 63 
79 15 76 65 41 109 40 80 66 79 43 24 2 87 64 66 17 40 31 63 24 44 71 101 69 75 78 22 57 33 55 90 60 93 102 107 34 83 52 120 39 36 72 22 31 76 90 63 91 65 61 54 31 56 100 91 64 81 59 35 86 74 13 88 53 54 70 54 76 73 79 62 11 40 0 112 85 78 46 58 51 86 90 110 51 23 88 67 82 25 6 65 33 71 66 37 76 80 28 102 
54 108 59 78 100 10 77 88 73 33 83 89 114 57 91 79 103 73 83 73 97 68 89 24 66 62 57 108 61 103 63 23 76 19 38 30 79 72 73 18 75 83 72 106 81 79 42 71 50 61 68 70 103 57 33 31 64 34 56 81 94 79 107 42 65 81 56 72 60 48 33 54 117 73 112 0 94 91 81 61 67 83 26 16 61 91 58 58 73 103 112 72 80 77 83 81 47 54 86 10 
107 70 109 25 45 86 56 8 29 80 98 81 85 116 21 24 68 65 83 32 61 71 15 103 107 34 109 65 89 54 87 87 31 83 59 68 66 23 44 89 80 54 26 64 70 17 107 33 45 99 38 96 55 77 63 98 102 66 84 86 0 18 92 52 88 106 44 98 109 94 76 84 80 76 85 94 0 8 100 91 52 12 92 81 67 81 37 44 124 61 80 31 67 22 22 88 98 109 65 90 
101 63 102 18 37 83 48 4 23 75 90 73 77 110 13 17 61 58 76 25 54 64 7 99 101 30 102 57 82 46 80 82 24 79 58 67 58 21 36 87 73 47 20 57 62 12 102 26 43 92 32 89 47 70 61 93 95 61 78 79 8 13 84 49 81 99 39 91 103 88 71 78 72 69 78 91 8 0 92 84 45 13 87 79 60 73 35 38 118 53 72 24 59 16 14 80 92 103 57 87 
35 53 32 74 67 82 44 92 72 50 3 26 49 42 81 75 50 35 19 68 50 29 86 64 23 74 34 58 21 63 20 58 68 64 88 88 35 86 56 95 20 48 77 56 32 84 49 68 82 22 63 11 62 30 83 54 20 60 26 15 100 83 35 76 18 8 64 10 32 34 53 28 56 23 46 81 100 92 0 20 48 95 56 85 35 27 84 62 36 56 50 70 34 79 78 13 36 37 39 71 
21 61 21 65 67 62 40 83 62 29 22 35 60 31 75 66 56 30 27 59 54 22 78 44 17 61 22 63 2 65 4 38 60 43 70 69 34 74 48 74 20 46 66 62 33 74 32 58 66 9 53 10 65 14 64 34 11 41 7 23 91 73 50 59 5 21 50 12 21 15 33 9 66 21 58 61 91 84 20 0 39 84 36 65 24 36 69 49 34 60 61 60 34 69 70 22 18 23 41 51 
57 43 58 27 34 62 12 44 24 38 47 35 52 67 36 28 38 15 34 20 31 19 39 64 56 27 59 41 37 37 35 49 21 48 51 56 19 38 9 71 29 17 28 40 23 36 61 20 40 48 15 44 37 26 49 56 50 32 33 36 52 35 51 37 36 54 19 46 59 45 36 34 53 25 51 67 52 45 48 39 0 47 51 61 15 36 39 16 73 36 49 22 20 30 31 38 50 59 23 58 
99 72 101 22 48 74 53 9 23 71 93 78 86 108 24 21 70 61 80 27 62 66 17 93 100 25 101 67 82 56 81 77 27 72 47 56 62 12 39 77 76 52 18 66 67 11 98 27 33 92 32 90 57 70 51 89 95 56 77 83 12 12 91 41 82 101 35 92 102 85 66 77 82 72 86 83 12 13 95 84 47 0 82 69 60 79 25 36 117 63 81 25 63 17 20 84 90 100 63 79 
29 88 34 71 86 30 60 85 65 13 57 67 92 34 83 71 84 53 60 64 79 47 83 12 40 58 31 89 36 87 38 6 67 13 48 44 59 70 60 42 52 66 67 88 60 75 19 63 53 35 58 45 87 34 42 7 38 26 32 57 92 74 83 44 40 55 48 46 34 22 17 29 96 50 90 26 92 87 56 36 51 82 0 34 42 68 59 49 49 85 91 64 60 71 76 57 21 29 66 16 
63 103 67 68 92 6 72 75 62 35 86 88 111 67 81 68 99 69 83 63 92 67 77 37 73 50 65 102 64 96 65 29 67 22 23 15 75 59 65 11 75 77 61 101 79 67 52 61 37 67 59 74 97 57 18 40 70 29 59 82 81 67 106 30 67 86 46 76 68 53 32 56 113 72 110 16 81 79 85 65 61 69 34 0 59 90 44 49 83 97 109 61 77 65 72 82 54 63 82 19 
43 47 44 41 46 58 19 59 38 29 34 30 53 53 51 42 42 11 26 35 37 8 54 54 41 38 44 48 22 46 20 40 36 42 55 58 18 51 24 70 18 25 42 46 20 50 48 34 48 33 29 30 46 11 52 44 35 30 18 26 67 49 47 42 21 41 28 32 44 31 29 19 56 15 51 61 67 60 35 24 15 60 42 59 0 31 48 26 58 43 51 36 19 45 46 27 36 45 25 51 
56 27 55 57 43 89 26 74 56 58 24 1 25 65 61 58 23 22 9 52 25 23 66 79 47 62 56 31 35 37 32 68 52 71 85 89 17 73 40 100 16 27 62 30 13 68 68 52 76 43 49 32 36 34 82 69 43 61 37 13 81 67 17 72 31 35 55 33 55 50 58 39 31 18 23 91 81 73 27 36 36 79 68 90 31 0 75 52 63 30 25 55 16 62 60 15 54 58 16 81 
80 77 83 28 57 49 49 31 24 49 83 74 88 88 39 28 73 53 73 27 65 56 34 69 84 13 82 73 67 64 66 54 30 48 23 32 57 15 36 52 66 52 20 72 62 24 77 26 8 75 27 77 65 55 26 66 79 33 62 74 37 24 90 16 68 88 20 79 84 67 44 61 87 62 88 58 37 35 84 69 39 25 59 44 48 75 0 23 99 68 85 24 59 24 31 75 70 81 61 54 
63 57 65 22 43 51 27 36 16 37 61 51 68 72 34 22 53 31 50 15 46 33 34 61 65 12 65 55 47 48 46 45 18 42 36 42 35 25 17 59 44 31 18 53 39 27 63 14 24 56 10 56 48 35 35 55 59 25 42 51 44 26 68 22 47 67 3 58 66 50 33 41 67 40 67 58 44 38 62 49 16 36 49 49 26 52 23 0 81 50 64 15 36 22 27 52 54 65 39 51 
20 89 17 99 100 78 74 117 95 52 40 61 85 16 109 100 85 63 54 92 85 56 112 49 17 93 18 93 36 97 38 54 94 61 95 92 66 106 82 90 51 79 99 92 64 108 31 91 95 25 86 32 96 48 89 43 23 68 40 49 125 106 71 87 38 29 82 30 16 33 57 40 92 53 82 73 124 118 36 34 73 117 49 83 58 63 99 81 0 91 86 93 66 102 104 47 30 20 72 64 
81 10 80 43 17 98 25 56 45 72 53 30 24 91 40 43 8 32 37 41 6 39 47 97 75 55 82 5 58 8 56 83 39 84 86 91 27 60 33 108 40 20 50 4 27 53 90 42 72 68 41 59 7 52 84 87 69 69 58 42 61 51 33 72 55 64 53 60 81 72 71 60 20 39 25 103 61 53 56 60 36 63 85 97 43 30 68 50 91 0 19 44 26 48 42 44 76 83 19 93 
81 10 79 61 35 109 37 75 62 80 47 26 5 90 59 62 12 39 34 59 20 44 66 102 72 72 81 16 59 27 57 90 56 93 100 105 33 78 48 119 41 33 67 16 31 71 92 59 88 68 57 57 25 57 98 92 68 80 61 38 80 70 19 86 55 58 68 57 80 75 79 63 6 41 6 112 80 72 50 61 49 81 91 109 51 25 85 64 86 19 0 61 32 66 61 40 79 83 26 102 
76 53 78 7 33 64 28 23 2 51 68 54 65 86 20 7 49 36 55 3 41 41 19 76 77 12 78 49 58 40 56 60 6 57 45 52 38 18 15 71 51 29 7 48 43 15 78 2 30 68 7 66 41 46 45 70 71 39 53 58 31 13 68 32 57 76 16 68 79 63 47 54 63 47 65 72 31 24 70 60 22 25 64 61 36 55 24 15 93 44 61 0 39 9 12 59 68 78 40 65 
55 29 55 42 34 77 11 59 41 48 32 15 34 65 47 43 24 7 17 37 20 13 52 71 49 46 56 30 32 31 30 59 36 61 70 74 1 57 24 87 16 13 46 29 3 53 64 37 60 43 33 35 30 26 68 62 44 48 32 20 67 51 31 57 29 42 39 36 55 46 47 34 37 13 33 80 67 59 34 34 20 63 60 77 19 16 59 36 66 26 32 39 0 47 45 22 50 57 7 70 
85 58 87 6 35 69 36 14 7 59 77 62 71 94 16 5 55 44 63 11 47 50 12 83 85 15 86 53 67 43 65 67 11 63 46 54 46 12 23 74 59 36 4 52 50 6 86 11 31 77 16 74 44 55 48 77 80 45 62 66 22 4 75 35 66 85 23 77 87 72 55 62 68 55 71 77 22 16 79 69 30 17 71 65 45 62 24 22 102 48 66 9 47 0 8 68 76 87 47 71 
87 52 89 5 28 76 34 15 11 63 76 59 66 97 8 5 49 43 61 12 42 50 8 88 87 22 89 47 68 36 66 72 10 69 54 62 44 19 22 81 58 33 11 46 48 11 89 13 38 78 18 75 38 56 55 82 81 51 64 65 22 9 71 42 67 85 28 77 89 74 59 64 62 55 66 83 22 14 78 70 31 20 76 72 46 60 31 27 104 42 61 12 45 8 0 66 79 89 44 77 
42 42 40 63 55 81 32 81 61 48 10 14 39 50 69 64 38 23 7 57 38 19 74 66 32 64 41 46 21 50 19 58 57 62 82 84 23 76 45 92 9 35 66 44 19 73 54 57 75 28 52 17 49 25 78 56 28 55 25 2 88 72 27 69 17 21 55 17 40 37 50 28 46 13 37 81 88 80 13 22 38 84 57 82 27 15 75 52 47 44 40 59 22 68 66 0 40 44 26 71 
10 78 14 74 82 51 54 90 69 22 39 53 79 18 85 75 74 45 45 67 70 37 87 27 19 65 12 80 20 81 22 25 69 32 65 62 50 79 59 63 38 60 73 79 50 81 14 66 66 14 61 26 80 25 59 17 17 38 19 42 98 80 68 57 23 34 54 27 14 5 27 17 84 38 76 47 98 92 36 18 50 90 21 54 36 54 70 54 30 76 79 68 50 76 79 40 0 11 57 37 
2 84 5 84 90 59 63 101 80 33 39 57 83 8 95 85 80 53 49 77 77 45 97 32 14 76 3 87 25 88 28 35 79 42 76 72 57 90 69 71 43 68 83 85 56 92 14 76 77 16 71 27 88 34 69 24 16 49 27 45 109 91 70 68 29 32 65 27 6 15 38 25 89 45 80 54 109 103 37 23 59 100 29 63 45 58 81 65 20 83 83 78 57 87 89 44 11 0 64 45 
62 22 61 42 29 83 12 58 41 54 36 16 29 71 45 43 17 14 20 37 13 20 51 78 56 49 62 23 39 25 36 65 36 67 75 79 8 58 25 93 21 11 47 22 8 53 70 38 63 49 34 40 24 33 72 69 50 53 38 24 65 51 29 61 35 47 43 42 61 53 54 41 31 19 28 86 65 57 39 41 23 63 66 82 25 16 61 39 72 19 26 40 7 47 44 26 57 64 0 76 
45 98 50 72 92 14 68 84 66 23 72 79 104 48 85 73 94 63 73 66 88 58 83 18 56 57 47 98 51 95 52 13 70 10 38 32 69 68 65 26 65 74 67 97 71 74 33 65 47 51 61 60 95 46 32 22 54 27 46 71 90 74 97 39 54 70 49 62 50 37 23 43 107 63 102 10 90 87 71 51 58 79 16 19 51 81 54 51 64 93 102 65 70 71 77 71 37 45 76 0 
0 0 56 158 0 45 0 1782 207 20 0 1307 0 0 37 1429 652 38 101 70 25 178 36 90 0 3000 13 1174 0 86 190 45 0 202 461 0 0 1231 589 0 25 0 38 0 0 21 22 357 62 0 62 9 0 0 477 45 9 36 0 11 0 0 10 0 0 0 472 0 0 192 210 0 0 33 0 0 338 0 0 0 0 0 0 118 13 307 0 14 0 284 42 137 0 0 0 40 8 21 126 0 
0 0 44 0 498 0 74 0 0 0 68 2966 42 8 0 0 104 0 25 0 0 0 0 0 126 0 0 0 216 0 242 42 51 0 206 8 565 0 404 139 22 58 0 29 455 0 67 53 930 384 0 563 0 291 272 0 122 0 10 11 46 182 127 13 10 0 905 9 537 149 449 1970 389 0 33 1263 0 19 1379 23 43 190 28 23 0 0 82 0 1339 0 0 0 11 3000 9 8 166 0 0 925 
56 44 0 79 12 0 0 115 34 1500 33 140 69 43 0 39 3000 0 136 52 15 154 667 0 28 0 20 59 0 0 512 41 12 33 887 18 10 190 15 119 516 0 12 231 133 0 483 303 18 67 0 1580 66 33 27 23 235 73 164 377 0 0 3000 0 0 0 18 35 40 317 248 2725 398 1225 51 7 68 94 57 311 666 2136 0 23 72 935 447 410 61 0 0 0 666 644 10 135 62 977 37 57 
158 0 79 0 340 810 0 38 18 9 0 55 215 9 34 17 44 157 46 165 213 118 140 90 0 13 723 12 187 19 606 2095 0 91 128 0 28 173 330 40 823 0 356 0 153 277 117 948 103 0 379 1274 0 51 42 1617 307 13 0 373 35 250 258 9 0 427 60 143 0 201 315 3000 199 33 8 0 38 65 39 70 45 0 54 64 16 370 505 40 0 3000 25 10 70 0 0 115 146 170 3000 3000 
0 498 12 340 0 0 0 27 12 670 64 131 0 42 0 103 143 0 27 10 795 1543 53 0 0 0 212 7 0 0 0 3000 0 0 2301 96 0 0 92 345 89 0 139 65 1185 0 9 60 200 432 0 327 61 14 369 1811 0 0 44 148 0 0 0 0 0 0 987 0 100 109 164 35 0 0 110 109 181 182 344 3000 13 0 0 16 0 0 0 9 0 0 0 0 297 0 1734 0 139 1539 0 74 
45 0 0 810 0 0 0 69 1879 38 0 33 0 0 47 8 0 57 173 21 62 0 37 517 0 391 110 10 107 8 647 331 0 573 47 0 3000 9 699 0 9 0 51 0 0 100 21 1125 716 0 381 38 0 0 729 36 23 150 0 344 22 35 92 0 0 115 10 0 0 16 138 156 3000 41 0 0 15 0 40 0 0 0 0 867 451 480 32 3000 0 3000 172 1656 0 0 0 241 256 460 259 0 
0 74 0 0 0 0 0 0 0 0 3000 62 1944 79 0 0 0 12 0 0 0 0 0 0 92 2140 0 0 8 0 264 0 91 0 0 0 55 0 3000 381 0 156 0 812 0 0 0 0 37 8 0 57 0 187 58 0 11 0 0 0 123 2296 1119 120 18 95 41 10 399 73 78 809 826 0 118 145 0 15 1414 139 835 27 340 137 0 0 38 0 24 43 3000 0 48 12 19 41 0 0 0 0 
1782 0 115 38 27 69 0 0 16 978 2326 202 0 565 51 910 49 1203 1242 1255 792 71 8 16 0 73 39 14 0 49 138 298 0 98 3000 460 161 269 420 39 9 0 365 0 692 754 509 42 53 0 9 692 33 26 1858 258 37 695 0 104 0 0 47 0 0 0 11 0 0 27 640 12 103 602 14 0 93 0 162 0 0 0 0 433 606 130 48 3000 0 72 202 39 10 0 0 29 97 480 20 22 
207 0 34 18 12 1879 0 16 0 10 44 186 0 148 0 15 44 0 973 10 371 849 15 21 0 0 149 1593 0 69 383 98 0 73 13 60 121 564 354 570 7 0 32 132 3000 0 1011 319 30 0 288 9 35 207 91 2867 262 177 109 48 0 0 288 0 0 0 126 0 1754 1481 48 2445 346 36 18 0 686 11 631 12 1701 0 0 24 21 628 0 399 0 0 0 233 501 0 113 268 160 714 130 268 
20 0 1500 9 670 38 0 978 10 0 461 2348 0 307 153 49 133 38 538 183 325 638 393 140 0 21 227 41 0 473 149 17 0 535 2137 698 258 325 173 158 72 0 11 0 254 0 28 73 55 0 206 1047 594 1527 64 540 13 86 83 25 0 0 3000 0 0 0 636 0 65 95 63 290 39 191 92 0 18 199 345 109 3000 0 0 92 14 3000 701 35 0 87 30 55 44 0 99 90 912 21 53 33 
0 68 33 0 64 0 3000 2326 44 461 0 163 1083 7 0 45 1329 0 19 15 24 222 322 0 8 0 0 1824 0 0 22 22 50 0 679 29 118 0 9 62 380 127 0 1533 313 0 936 94 23 40 0 31 216 618 442 655 0 0 626 79 0 0 3000 0 10 0 160 233 298 2385 34 3000 10 0 72 320 0 11 13 67 79 812 0 20 0 0 0 102 286 0 0 0 149 59 67 0 0 37 0 2197 
1307 2966 140 55 131 33 62 202 186 2348 163 0 19 1075 851 35 9 166 61 126 610 1153 59 232 410 43 87 26 381 31 183 642 17 2264 43 1733 33 19 298 1561 54 16 68 45 78 782 84 117 14 17 917 20 0 56 283 171 658 10 31 2068 206 791 90 276 16 13 7 8 109 9 27 17 12 195 334 198 97 9 3000 1939 80 277 10 71 570 32 1083 1036 11 1123 14 30 243 12 65 131 365 685 354 129 
0 42 69 215 0 0 1944 0 0 0 1083 19 0 1054 33 0 0 194 18 0 9 0 0 0 1902 44 0 0 1749 92 129 184 74 0 2756 0 693 0 3000 13 2628 33 0 93 218 65 0 124 222 34 0 312 0 2638 23 0 74 7 0 156 54 1409 8 26 26 145 2158 354 74 656 116 37 15 204 21 1592 41 126 142 2684 21 11 27 46 0 0 20 0 540 171 16 125 3000 25 377 94 3000 0 21 0 
0 8 43 9 42 0 79 565 148 307 7 1075 1054 0 0 345 67 0 40 447 68 17 13 0 541 0 66 1295 66 0 1827 21 69 327 175 98 13 0 297 54 404 998 20 1915 101 0 24 8 1437 722 0 61 24 23 67 2853 8 7 14 163 145 449 536 36 25 0 34 673 748 181 33 74 116 347 10 24 7 14 18 3000 110 10 74 2117 107 0 79 98 14 0 0 0 2282 39 29 2474 216 152 260 89 
37 0 0 34 0 47 0 51 0 153 0 851 33 0 0 127 0 88 0 0 29 0 0 63 0 2783 82 0 21 21 123 0 0 215 14 0 16 81 196 0 0 0 0 0 0 17 0 78 2436 0 0 176 0 0 23 582 18 39 0 370 451 19 321 636 0 25 0 615 0 7 574 0 14 88 0 0 13 0 30 3000 0 0 362 72 122 16 39 0 0 11 202 15 0 0 0 3000 18 0 274 0 
1429 0 39 17 103 8 0 910 15 49 45 35 0 345 127 0 192 148 12 646 303 48 218 894 0 124 1452 96 0 839 29 778 0 367 26 10 393 7 170 13 44 0 18 0 17 0 86 8 24 0 195 9 719 276 896 64 145 656 28 70 0 0 894 0 0 0 44 0 13 26 158 930 10 83 22 0 335 0 446 0 0 0 0 28 352 288 76 60 0 14 87 11 1182 0 0 282 13 982 454 1916 
652 104 3000 44 143 0 0 49 44 133 1329 9 0 67 0 192 0 0 94 27 484 31 61 1089 0 0 1257 930 0 0 192 9 0 1725 175 14 0 457 333 504 614 0 1366 23 646 0 24 25 151 18 567 20 19 902 2033 166 0 57 289 143 0 0 68 0 0 0 49 0 113 152 376 52 0 113 74 69 54 2768 27 630 1527 0 0 273 31 1542 0 38 0 0 0 0 552 0 674 0 230 74 224 245 
38 0 0 157 0 57 12 1203 0 38 0 166 194 0 88 148 0 0 0 0 1921 0 0 473 0 337 99 0 53 84 59 7 0 85 3000 0 59 128 73 0 0 0 161 0 0 165 597 137 46 0 0 11 0 0 9 15 93 30 0 179 989 29 20 276 0 1016 81 81 0 32 11 17 59 126 27 0 1038 0 10 76 60 0 9 300 203 81 42 0 0 77 2293 108 0 270 0 51 94 0 16 0 
101 25 136 46 27 173 0 1242 973 538 19 61 18 40 0 12 94 0 0 27 11 14 3000 16 0 0 602 3000 0 0 88 1545 0 162 127 731 35 3000 466 888 183 0 9 119 362 0 2894 9 71 152 19 895 1014 50 44 81 11 50 293 1414 0 0 39 0 0 0 443 0 21 83 168 110 131 18 53 1021 7 29 229 61 18 0 0 115 31 943 59 1468 0 0 0 43 14 0 58 70 1106 1851 130 23 
70 0 52 165 10 21 0 1255 10 183 15 126 0 447 0 646 27 0 27 0 21 25 293 11 0 0 71 282 0 0 247 15 0 1038 154 466 0 8 229 40 1368 0 64 0 2722 0 25 156 1801 0 146 29 162 139 191 96 9 731 46 1169 0 0 410 0 0 0 61 0 401 539 58 1337 0 117 452 0 84 0 299 0 0 0 0 444 281 515 0 20 0 0 0 146 17 0 0 0 450 106 8 2224 
25 0 15 213 795 62 0 792 371 325 24 610 9 68 29 303 484 1921 11 21 0 63 3000 21 0 653 55 143 30 11 16 51 0 19 165 46 9 3000 52 54 142 0 58 0 11 190 130 16 10 0 14 263 355 392 447 58 16 1122 0 13 58 8 29 0 0 0 2210 16 706 3000 3000 352 92 25 77 0 48 11 2221 149 184 0 0 42 144 164 859 588 0 20 193 2247 715 0 0 274 95 1299 46 42 
178 0 154 118 1543 0 0 71 849 638 222 1153 0 17 0 48 31 0 14 25 63 0 411 3000 0 0 107 19 0 0 76 36 0 317 65 164 0 28 42 20 121 0 35 82 912 0 135 150 272 679 317 2202 17 785 9 163 0 118 84 12 0 0 22 0 0 0 545 0 215 3000 54 1603 0 133 356 0 863 1673 1125 0 0 0 0 2086 233 29 0 38 0 0 0 0 842 0 44 0 158 102 174 3000 
36 0 667 140 53 37 0 8 15 393 322 59 0 13 0 218 61 0 3000 293 3000 411 0 216 0 0 8 962 0 0 245 196 0 149 85 9 0 116 45 76 133 0 10 28 17 0 25 8 62 43 1028 206 7 322 136 1222 0 14 287 2822 0 0 242 0 0 0 29 0 242 365 176 519 0 47 1354 0 101 86 41 0 0 0 0 46 108 16 0 133 0 0 0 0 978 0 32 0 1358 662 131 76 
90 0 0 90 0 517 0 16 21 140 0 232 0 0 63 894 1089 473 16 11 21 3000 216 0 0 45 19 7 0 21 32 129 0 76 12 0 0 121 18 0 232 0 104 0 0 0 25 32 0 0 206 3000 0 0 343 57 19 107 0 21 0 0 0 0 0 0 9 0 0 1966 0 0 0 99 0 0 297 0 0 0 0 0 0 603 19 30 0 57 0 177 199 1530 0 0 0 0 900 105 8 0 
0 126 28 0 0 0 92 0 0 0 8 410 1902 541 0 0 0 0 0 0 0 0 0 0 0 0 0 0 165 0 57 0 1795 0 0 0 222 0 951 9 12 128 0 19 115 0 0 0 611 22 0 42 0 63 528 0 49 0 10 0 1880 10 17 775 195 0 273 19 662 40 875 271 15 0 14 3000 0 110 3000 69 3000 1836 47 9 0 0 83 0 1337 0 0 0 27 359 134 329 0 0 0 0 
3000 0 0 13 0 391 2140 73 0 21 0 43 44 0 2783 124 0 337 0 0 653 0 0 45 0 0 63 0 53 526 211 0 0 69 12 0 1148 273 209 0 0 0 0 0 0 33 0 174 32 0 0 3000 0 0 115 71 44 101 0 71 677 25 801 60 0 1086 0 375 0 107 34 70 125 89 340 0 169 0 1757 223 208 0 8 108 52 10 33 0 0 1378 17 3000 0 305 0 3000 47 0 296 0 
13 0 20 723 212 110 0 39 149 227 0 87 0 66 82 1452 1257 99 602 71 55 107 8 19 0 63 0 54 186 183 24 81 0 164 17 0 36 27 120 0 3000 0 764 0 39 39 162 73 25 0 215 250 0 241 191 941 196 142 0 167 55 478 30 0 0 319 285 0 0 94 8 1388 879 859 1000 0 590 0 62 0 0 0 0 64 916 30 2406 2791 0 349 46 1051 95 0 0 1222 103 255 93 14 
1174 0 59 12 7 10 0 14 1593 41 1824 26 0 1295 0 96 930 0 3000 282 143 19 962 7 0 0 54 0 0 0 2797 377 0 182 3000 523 0 58 183 221 20 0 426 0 21 0 162 226 12 0 129 325 268 16 78 3000 322 142 162 23 0 0 10 0 0 0 635 0 830 40 45 49 0 233 96 0 70 13 18 0 0 0 0 19 43 36 0 1721 0 0 0 65 255 0 286 42 55 339 233 10 
0 216 0 187 0 107 8 0 0 0 0 381 1749 66 21 0 0 53 0 0 30 0 0 0 165 53 186 0 0 123 1130 0 1460 1110 0 0 3000 0 1503 285 0 182 0 49 0 563 0 107 1168 82 0 9 0 0 520 0 777 1893 0 0 504 642 30 339 152 37 488 112 869 636 47 224 761 71 36 52 1880 404 99 7 99 105 37 386 1462 0 53 0 70 89 461 217 0 307 266 128 1174 0 751 0 
86 0 0 19 0 8 0 49 69 473 0 31 92 0 21 839 0 84 0 0 11 0 0 21 0 526 183 0 123 0 680 121 0 217 248 0 107 28 747 0 0 0 501 0 0 13 19 8 13 0 20 59 0 0 16 26 1968 1477 0 257 232 31 10 0 0 7 3000 71 0 13 32 0 52 9 0 0 339 0 13 0 0 0 23 11 328 17 749 0 0 9 20 146 0 0 0 652 123 23 20 0 
190 242 512 606 0 647 264 138 383 149 22 183 129 1827 123 29 192 59 88 247 16 76 245 32 57 211 24 2797 1130 680 0 33 8 58 380 0 250 43 1226 113 344 262 522 383 632 134 116 44 1349 17 148 90 0 72 23 9 170 29 0 39 821 83 36 64 345 9 73 1057 12 54 3000 156 345 41 1608 11 78 75 206 19 94 120 984 1028 12 72 1505 201 22 79 9 62 255 18 40 3000 29 21 70 21 
45 42 41 2095 3000 331 0 298 98 17 22 642 184 21 0 778 9 7 1545 15 51 36 196 129 0 0 81 377 0 121 33 0 0 13 12 218 1030 227 178 18 126 0 3000 2371 3000 0 187 14 17 364 1108 9 100 83 69 102 81 1975 15 405 0 8 117 0 0 0 43 355 1081 8 121 21 2098 110 226 31 15 722 3000 11 51 0 0 173 141 26 32 38 0 287 9 197 20 0 3000 1747 953 11 23 34 
0 51 12 0 0 0 91 0 0 0 50 17 74 69 0 0 0 0 0 0 0 0 0 0 1795 0 0 0 1460 0 8 0 0 0 0 0 2605 0 2115 550 128 111 0 2608 39 0 0 0 210 108 0 0 0 21 55 0 0 0 750 0 21 16 59 1373 29 0 53 50 527 230 14 2966 215 0 11 16 0 12 591 54 1590 501 15 53 0 0 322 0 29 0 0 0 267 26 52 452 0 0 0 16 
202 0 33 91 0 573 0 98 73 535 0 2264 0 327 215 367 1725 85 162 1038 19 317 149 76 0 69 164 182 1110 217 58 13 0 0 17 0 19 313 198 0 117 0 46 0 12 1178 3000 29 33 0 97 10 0 169 41 29 8 11 0 196 123 3000 1047 0 0 266 392 0 0 80 17 74 197 3000 0 0 101 0 39 0 0 0 0 75 193 79 46 44 0 349 8 298 0 0 0 25 171 995 44 0 
461 206 887 128 2301 47 0 3000 13 2137 679 43 2756 175 14 26 175 3000 127 154 165 65 85 12 0 12 17 3000 0 248 380 12 0 17 0 2058 655 560 53 435 18 0 385 20 1451 0 188 109 251 60 742 14 240 67 82 20 12 1258 41 10 0 152 49 0 0 0 2242 16 842 66 703 17 79 335 196 22 48 18 387 144 3000 0 0 72 1576 14 583 79 0 36 184 2593 8 0 63 456 202 1127 329 2931 
0 8 18 0 96 0 0 460 60 698 29 1733 0 98 0 10 14 0 731 466 46 164 9 0 0 0 0 523 0 0 0 218 0 0 2058 0 0 0 0 772 116 0 33 19 133 0 660 14 0 10 0 364 73 117 499 16 0 0 2977 313 0 0 0 0 0 0 207 0 351 0 238 14 0 0 33 61 0 8 20 148 511 0 0 0 0 0 0 963 0 0 0 0 46 0 246 0 0 94 0 57 
0 565 10 28 0 3000 55 161 121 258 118 33 693 13 16 393 0 59 35 0 9 0 0 0 222 1148 36 0 3000 107 250 1030 2605 19 655 0 0 50 314 606 46 1360 0 211 12 45 29 44 461 1786 0 189 0 501 1183 37 1038 57 0 26 499 137 25 282 898 11 46 397 744 10 77 146 89 9 37 67 26 19 542 24 60 205 259 424 76 318 1046 0 59 118 649 505 723 287 1743 25 40 0 3000 0 
1231 0 190 173 0 9 0 269 564 325 0 19 0 0 81 7 457 128 3000 8 3000 28 116 121 0 273 27 58 0 28 43 227 0 313 560 0 50 0 522 0 161 0 3000 0 0 15 624 62 360 0 150 410 0 0 1372 885 727 26 0 1699 0 0 248 0 0 199 580 0 0 22 137 160 322 91 0 0 28 0 0 0 0 0 0 2358 3000 1063 478 967 0 2980 50 9 0 0 0 550 775 773 8 0 
589 404 15 330 92 699 3000 420 354 173 9 298 3000 297 196 170 333 73 466 229 52 42 45 18 951 209 120 183 1503 747 1226 178 2115 198 53 0 314 522 0 1873 18 284 981 1297 34 67 36 297 116 100 466 27 0 119 15 257 287 25 0 13 974 3000 1191 281 13 251 83 1760 594 2081 69 26 581 318 1317 111 96 536 29 630 1787 81 11 320 109 57 102 12 15 10 37 1570 117 486 1372 1722 15 249 533 551 
0 139 119 40 345 0 381 39 570 158 62 1561 13 54 0 13 504 0 888 40 54 20 76 0 9 0 0 221 285 0 113 18 550 0 435 772 606 0 1873 0 197 56 0 586 698 0 76 20 21 208 0 52 17 11 49 13 163 0 35 13 58 1837 97 12 120 0 83 1525 72 161 340 182 209 0 84 377 0 10 37 19 17 48 9 131 0 0 1286 117 202 0 0 0 11 354 477 13 347 73 0 527 
25 22 516 823 89 9 0 9 7 72 380 54 2628 404 0 44 614 0 183 1368 142 121 133 232 12 0 3000 20 0 0 344 126 128 117 18 116 46 161 18 197 0 0 3000 49 56 0 182 160 247 355 134 10 315 239 67 34 380 151 192 104 0 0 2266 0 0 0 47 109 78 139 54 75 20 160 41 410 45 1158 133 214 47 0 0 45 328 88 42 14 0 0 0 0 14 0 42 32 35 943 21 42 
0 58 0 0 0 0 156 0 0 0 127 16 33 998 0 0 0 0 0 0 0 0 0 0 128 0 0 0 182 0 262 0 111 0 0 0 1360 0 284 56 0 0 0 3000 0 0 0 0 2231 194 0 0 0 25 88 0 0 0 0 0 293 15 168 956 405 0 0 203 8 36 1661 254 102 0 84 42 0 54 118 1896 89 2005 21 55 0 0 363 0 706 0 0 0 328 12 317 19 0 0 0 0 
38 0 12 356 139 51 0 365 32 11 0 68 0 20 0 18 1366 161 9 64 58 35 10 104 0 0 764 426 0 501 522 3000 0 46 385 33 0 3000 981 0 3000 0 0 0 78 0 2290 490 57 0 253 17 29 8 109 18 3000 46 0 1262 0 0 0 0 0 0 25 0 0 152 2805 14 0 7 0 0 18 0 0 0 0 0 0 87 2247 31 0 44 0 0 1030 262 16 0 0 0 14 207 231 13 
0 29 231 0 65 0 812 0 132 0 1533 45 93 1915 0 0 23 0 119 0 0 82 28 0 19 0 0 0 49 0 383 2371 2608 0 20 19 211 0 1297 586 49 3000 0 0 32 0 59 189 36 8 0 67 135 2827 457 0 11 0 54 94 223 77 3000 24 8 0 35 84 24 190 33 14 108 0 60 43 0 373 25 625 459 27 184 273 0 0 1019 0 190 0 0 0 216 153 22 640 0 0 0 1016 
0 455 133 153 1185 0 0 692 3000 254 313 78 218 101 0 17 646 0 362 2722 11 912 17 0 115 0 39 21 0 0 632 3000 39 12 1451 133 12 0 34 698 56 0 78 32 0 0 352 522 49 246 0 497 14 94 586 184 797 311 18 1236 0 0 17 0 52 0 69 457 19 72 3000 211 239 217 371 20 602 46 28 21 156 109 689 30 784 42 10 814 117 0 0 0 69 26 22 546 37 11 73 173 
21 0 0 277 0 100 0 754 0 0 0 782 65 0 17 0 0 165 0 0 190 0 0 0 0 33 39 0 563 13 134 0 0 1178 0 0 45 15 67 0 0 0 0 0 0 0 0 24 150 0 0 86 0 0 232 0 2796 813 0 0 417 15 33 107 0 107 0 16 0 183 0 0 243 1314 0 0 90 0 28 1195 0 0 38 312 14 121 30 0 0 72 59 33 0 0 0 716 916 0 232 0 
22 67 483 117 9 21 0 509 1011 28 936 84 0 24 0 86 24 597 2894 25 130 135 25 25 0 0 162 162 0 19 116 187 0 3000 188 660 29 624 36 76 182 0 2290 59 352 0 0 760 38 64 2302 668 460 116 1538 29 169 89 3000 69 0 0 420 0 0 0 111 0 10 526 17 11 162 3000 836 0 333 617 9 716 66 0 0 135 36 105 332 905 0 48 84 19 13 0 116 260 14 274 330 96 
357 53 303 948 60 1125 0 42 319 73 94 117 124 8 78 8 25 137 9 156 16 150 8 32 0 174 73 226 107 8 44 14 0 29 109 14 44 62 297 20 160 0 490 189 522 24 760 0 129 1598 172 3000 3000 150 17 29 28 21 530 10 38 42 480 0 0 0 33 113 930 92 452 98 236 258 425 0 186 368 19 3000 97 0 101 150 165 29 220 292 0 282 37 201 541 0 48 176 22 255 19 42 
62 930 18 103 200 716 37 53 30 55 23 14 222 1437 2436 24 151 46 71 1801 10 272 62 0 611 32 25 12 1168 13 1349 17 210 33 251 0 461 360 116 21 247 2231 57 36 49 150 38 129 0 24 0 628 0 140 15 62 68 90 685 56 3000 7 236 54 1718 65 818 585 1806 127 1224 11 36 10 47 1322 422 13 2888 271 97 169 59 1380 8 146 28 29 36 195 540 56 64 830 792 27 61 53 214 8 
0 384 67 0 432 0 8 0 0 0 40 17 34 722 0 0 18 0 152 0 0 679 43 0 22 0 0 0 82 0 17 364 108 0 60 10 1786 0 100 208 355 194 0 8 246 0 64 1598 24 0 0 25 1720 37 12 0 67 0 3000 262 27 534 16 3000 2699 0 14 1571 165 34 11 59 9 0 148 76 0 205 424 623 11 13 133 685 0 0 83 0 289 0 0 0 101 3000 23 22 0 0 0 474 
62 0 0 379 0 381 0 9 288 206 0 917 0 0 0 195 567 0 19 146 14 317 1028 206 0 0 215 129 0 20 148 1108 0 97 742 0 0 150 466 0 134 0 253 0 0 0 2302 172 0 0 0 22 0 0 10 256 20 203 0 40 0 0 0 0 0 0 29 0 0 165 0 0 0 148 0 0 14 0 0 0 0 0 0 73 2702 2756 0 10 0 0 0 223 0 0 0 0 980 1870 1274 0 
9 563 1580 1274 327 38 57 692 9 1047 31 20 312 61 176 9 20 11 895 29 263 2202 206 3000 42 3000 250 325 9 59 90 9 0 10 14 364 189 410 27 52 10 0 17 67 497 86 668 3000 628 25 22 0 0 3000 20 36 2632 10 123 280 168 38 214 45 0 63 11 1981 224 166 155 627 12 138 1027 46 3000 7 28 315 63 94 23 70 341 140 431 21 0 695 35 880 361 45 39 145 728 3000 85 508 
0 0 66 0 61 0 0 33 35 594 216 0 0 24 0 719 19 0 1014 162 355 17 7 0 0 0 0 268 0 0 0 100 0 0 240 73 0 0 0 17 315 0 29 135 14 0 460 3000 0 1720 0 0 0 82 83 132 0 0 15 2676 0 0 0 0 0 0 871 0 571 0 403 58 0 0 80 1060 0 71 56 0 0 0 0 0 0 0 0 994 0 0 0 0 10 0 73 0 0 3000 0 173 
0 291 33 51 14 0 187 26 207 1527 618 56 2638 23 0 276 902 0 50 139 392 785 322 0 63 0 241 16 0 0 72 83 21 169 67 117 501 0 119 11 239 25 8 2827 94 0 116 150 140 37 0 3000 82 0 921 416 30 54 32 221 0 15 22 171 1952 0 12 81 58 3000 18 974 8 78 53 520 232 663 355 400 14 91 84 1152 82 69 439 70 205 0 0 0 8 49 1879 118 44 250 918 1522 
477 272 27 42 369 729 58 1858 91 64 442 283 23 67 23 896 2033 9 44 191 447 9 136 343 528 115 191 78 520 16 23 69 55 41 82 499 1183 1372 15 49 67 88 109 457 586 232 1538 17 15 12 10 20 83 921 0 96 86 1069 510 488 17 9 27 57 42 17 172 28 42 672 97 2581 1045 39 24 264 184 70 1124 47 367 18 19 688 94 88 14 157 276 509 75 156 694 109 3000 9 1884 51 166 23 
45 0 23 1617 1811 36 0 258 2867 540 655 171 0 2853 582 64 166 15 81 96 58 163 1222 57 0 71 941 3000 0 26 9 102 0 29 20 16 37 885 257 13 34 0 18 0 184 0 29 29 62 0 256 36 132 416 96 0 340 23 3000 11 0 288 285 0 0 0 122 25 230 1052 91 1090 772 130 35 0 18 582 11 26 1370 0 0 78 11 31 722 216 0 28 31 11 189 0 32 120 211 17 122 19 
9 122 235 307 0 23 11 37 262 13 0 658 74 8 18 145 0 93 11 9 16 0 0 19 49 44 196 322 777 1968 170 81 0 8 12 0 1038 727 287 163 380 0 3000 11 797 2796 169 28 68 67 20 2632 0 30 86 340 0 280 0 18 29 17 9 41 206 105 1223 36 15 848 834 12 8 11 223 0 692 179 290 135 252 695 601 440 98 106 121 349 0 42 78 47 658 2089 0 304 96 284 10 0 
36 0 73 13 0 150 0 695 177 86 0 10 7 7 39 656 57 30 50 731 1122 118 14 107 0 101 142 142 1893 1477 29 1975 0 11 1258 0 57 26 25 0 151 0 46 0 311 813 89 21 90 0 203 10 0 54 1069 23 280 0 0 15 19 209 1205 0 0 144 147 12 0 329 1013 18 73 837 11 0 33 0 190 13 3000 0 1301 11 410 1548 29 824 0 540 201 223 0 0 0 14 26 250 424 0 
0 10 164 0 44 0 0 0 109 83 626 31 0 14 0 28 289 0 293 46 0 84 287 0 10 0 0 162 0 0 0 15 750 0 41 2977 0 0 0 35 192 0 0 54 18 0 3000 530 685 3000 0 123 15 32 510 3000 0 0 0 239 0 0 0 0 0 0 32 0 1184 0 13 44 0 0 60 28 0 182 279 64 126 13 0 0 0 0 0 755 85 0 0 0 199 0 265 0 0 1272 0 418 
11 11 377 373 148 344 0 104 48 25 79 2068 156 163 370 70 143 179 1414 1169 13 12 2822 21 0 71 167 23 0 257 39 405 0 196 10 313 26 1699 13 13 104 0 1262 94 1236 0 69 10 56 262 40 280 2676 221 488 11 18 15 239 0 0 78 96 0 0 0 1170 7 11 128 26 715 186 493 48 0 80 593 89 14 23 0 0 986 646 219 255 81 0 308 13 49 153 0 50 183 54 11 171 46 
0 46 0 35 0 22 123 0 0 0 0 206 54 145 451 0 0 989 0 0 58 0 0 0 1880 677 55 0 504 232 821 0 21 123 0 0 499 0 974 58 0 293 0 223 0 417 0 38 3000 27 0 168 0 0 17 0 29 19 0 0 0 145 35 243 10 49 673 680 0 2914 894 18 36 13 13 16 14 241 261 3000 459 29 340 10 15 0 41 0 14 145 232 446 0 1127 0 365 125 0 51 0 
0 182 0 250 0 35 2296 0 0 0 0 791 1409 449 19 0 0 29 0 0 8 0 0 0 10 25 478 0 642 31 83 8 16 3000 152 0 137 0 3000 1837 0 15 0 77 0 15 0 42 7 534 0 38 0 15 9 288 17 209 0 78 145 0 44 55 9 137 35 140 115 512 898 86 819 3000 908 85 118 171 30 321 11 28 10 48 56 41 32 0 55 77 119 336 533 51 11 10 77 0 3000 0 
10 127 3000 258 0 92 1119 47 288 3000 3000 90 8 536 321 894 68 20 39 410 29 22 242 0 17 801 30 10 30 10 36 117 59 1047 49 0 25 248 1191 97 2266 168 0 3000 17 33 420 480 236 16 0 214 0 22 27 285 9 1205 0 96 35 44 0 14 42 665 92 115 131 1146 70 28 1011 489 20 156 290 3000 144 10 330 345 64 768 49 164 283 177 55 22 206 2398 267 473 8 56 81 403 100 142 
0 13 0 9 0 0 120 0 0 0 0 276 26 36 636 0 0 276 0 0 0 0 0 0 775 60 0 0 339 0 64 0 1373 0 0 0 282 0 281 12 0 956 0 24 0 107 0 0 54 3000 0 45 0 171 57 0 41 0 0 0 243 55 14 0 20 1814 11 146 258 227 1291 259 213 0 65 439 0 130 2331 83 16 30 602 394 0 0 273 0 18 171 135 8 487 206 117 29 19 0 0 0 
0 10 0 0 0 0 18 0 0 0 10 16 26 25 0 0 0 0 0 0 0 0 0 0 195 0 0 0 152 0 345 0 29 0 0 0 898 0 13 120 0 405 0 8 52 0 0 0 1718 2699 0 0 0 1952 42 0 206 0 0 0 10 9 42 20 0 0 38 269 156 1095 75 134 1376 0 337 120 0 46 81 78 483 1288 90 33 0 0 142 0 391 0 0 0 1259 11 8 1580 0 0 0 0 
0 0 0 427 0 115 95 0 0 0 0 13 145 0 25 0 0 1016 0 0 0 0 0 0 0 1086 319 0 37 7 9 0 0 266 0 0 11 199 251 0 0 0 0 0 0 107 0 0 65 0 0 63 0 0 17 0 105 144 0 0 49 137 665 1814 0 0 0 3000 0 428 0 0 185 463 0 0 697 0 31 453 0 0 73 3000 885 14 19 0 0 142 339 55 0 8 0 19 86 0 21 0 
472 905 18 60 987 10 41 11 126 636 160 7 2158 34 0 44 49 81 443 61 2210 545 29 9 273 0 285 635 488 3000 73 43 53 392 2242 207 46 580 83 83 47 0 25 35 69 0 111 33 818 14 29 11 871 12 172 122 1223 147 32 1170 673 35 92 11 38 0 0 32 69 134 1624 44 151 139 1740 874 14 10 618 294 221 665 9 31 13 991 22 941 96 39 149 1594 1298 1835 30 157 33 62 458 10 
0 9 35 143 0 0 10 0 0 0 233 8 354 673 615 0 0 81 0 0 16 0 0 0 19 375 0 0 112 71 1057 355 50 0 16 0 397 0 1760 1525 109 203 0 84 457 16 0 113 585 1571 0 1981 0 81 28 25 36 12 0 7 680 140 115 146 269 3000 32 0 14 73 156 672 41 1622 187 2742 141 135 558 13 90 60 3000 21 0 0 684 0 342 356 1577 25 1795 821 38 719 23 0 22 0 
0 537 40 0 100 0 399 0 1754 65 298 109 74 748 0 13 113 0 21 401 706 215 242 0 662 0 0 830 869 0 12 1081 527 0 842 351 744 0 594 72 78 8 0 24 19 0 10 930 1806 165 0 224 571 58 42 230 15 0 1184 11 0 115 131 258 156 0 69 14 0 18 3000 1675 13 0 34 84 0 641 125 56 704 34 88 39 0 0 47 60 730 0 0 0 36 2371 559 223 109 69 0 133 
192 149 317 201 109 16 73 27 1481 95 2385 9 656 181 7 26 152 32 83 539 3000 3000 365 1966 40 107 94 40 636 13 54 8 230 80 66 0 10 22 2081 161 139 36 152 190 72 183 526 92 127 34 165 166 0 3000 672 1052 848 329 0 128 2914 512 1146 227 1095 428 134 73 18 0 1798 123 414 365 677 376 7 35 171 24 99 21 144 77 17 192 434 45 18 38 33 7 216 24 88 75 14 11 379 54 
210 449 248 315 164 138 78 640 48 63 34 27 116 33 574 158 376 11 168 58 3000 54 176 0 875 34 8 45 47 32 3000 121 14 17 703 238 77 137 69 340 54 1661 2805 33 3000 0 17 452 1224 11 0 155 403 18 97 91 834 1013 13 26 894 898 70 1291 75 0 1624 156 3000 1798 0 251 1561 218 34 31 107 31 22 62 138 34 421 109 56 2964 570 839 1078 86 906 8 33 109 25 378 16 1305 54 1002 
0 1970 2725 3000 35 156 809 12 2445 290 3000 17 37 74 0 930 52 17 110 1337 352 1603 519 0 271 70 1388 49 224 0 156 21 2966 74 17 14 146 160 26 182 75 254 14 14 211 0 11 98 11 59 0 627 58 974 2581 1090 12 18 44 715 18 86 28 259 134 0 44 672 1675 123 251 0 15 18 1686 202 12 857 10 11 420 369 606 148 27 2352 346 84 30 146 70 9 206 1180 116 297 7 17 46 95 
0 389 398 199 0 3000 826 103 346 39 10 12 15 116 14 10 0 59 131 0 92 0 0 0 15 125 879 0 761 52 345 2098 215 197 79 0 89 322 581 209 20 102 0 108 239 243 162 236 36 9 0 12 0 8 1045 772 8 73 0 186 36 819 1011 213 1376 185 151 41 13 414 1561 15 0 663 30 14 532 358 589 355 773 31 16 118 225 30 609 0 154 737 7 918 13 3000 30 19 56 0 15 0 
33 0 1225 33 0 41 0 602 36 191 0 195 204 347 88 83 113 126 18 117 25 133 47 99 0 89 859 233 71 9 41 110 0 3000 335 0 9 91 318 0 160 0 7 0 217 1314 3000 258 10 0 148 138 0 78 39 130 11 837 0 493 13 3000 489 0 0 463 139 1622 0 365 218 18 663 0 12 0 420 0 451 219 129 0 12 16 7 22 37 228 0 9 21 1308 0 0 0 96 14 224 14 0 
0 33 51 8 110 0 118 14 18 92 72 334 21 10 0 22 74 27 53 452 77 356 1354 0 14 340 1000 96 36 0 1608 226 11 0 196 33 37 0 1317 84 41 84 0 60 371 0 836 425 47 148 0 1027 80 53 24 35 223 11 60 48 13 908 20 65 337 0 1740 187 34 677 34 1686 30 12 0 17 863 523 52 35 90 780 192 42 0 0 25 14 14 672 516 11 69 52 79 180 800 59 21 264 
0 1263 7 0 109 0 145 0 0 0 320 198 1592 24 0 0 69 0 1021 0 0 0 0 0 3000 0 0 0 52 0 11 31 16 0 22 61 67 0 111 377 410 42 0 43 20 0 0 0 1322 76 0 46 1060 520 264 0 0 0 28 0 16 85 156 439 120 0 874 2742 84 376 31 202 14 0 17 0 0 13 84 143 1275 847 1763 11 0 0 3000 0 99 0 0 0 333 119 127 66 0 0 0 24 
338 0 68 38 181 15 0 93 686 18 0 97 41 7 13 335 54 1038 7 84 48 863 101 297 0 169 590 70 1880 339 78 15 0 101 48 0 26 28 96 0 45 0 18 0 602 90 333 186 422 0 14 3000 0 232 184 18 692 33 0 80 14 118 290 0 0 697 14 141 0 7 107 12 532 420 863 0 0 0 113 64 431 0 0 334 308 998 733 8 0 41 34 178 249 0 0 22 745 106 107 12 
0 19 94 65 182 0 15 0 11 199 11 9 126 14 0 0 2768 0 29 0 11 1673 86 0 110 0 0 13 404 0 75 722 12 0 18 8 19 0 536 10 1158 54 0 373 46 0 617 368 13 205 0 7 71 663 70 582 179 0 182 593 241 171 3000 130 46 0 10 135 641 35 31 857 358 0 523 13 0 0 20 283 146 48 36 17 0 0 560 34 11 0 0 0 65 46 38 82 178 162 0 11 
0 1379 57 39 344 40 1414 162 631 345 13 3000 142 18 30 446 27 10 229 299 2221 1125 41 0 3000 1757 62 18 99 13 206 3000 591 39 387 20 542 0 29 37 133 118 0 25 28 28 9 19 2888 424 0 28 56 355 1124 11 290 190 279 89 261 30 144 2331 81 31 618 558 125 171 22 10 589 451 52 84 113 20 0 52 37 471 106 1174 119 19 167 23 153 7 73 165 82 106 343 26 14 457 1287 23 
0 23 311 70 3000 0 139 0 12 109 67 1939 2684 3000 3000 0 630 76 61 0 149 0 0 0 69 223 0 0 7 0 19 11 54 0 144 148 24 0 630 19 214 1896 0 625 21 1195 716 3000 271 623 0 315 0 400 47 26 135 13 64 14 3000 321 10 83 78 453 294 13 56 24 62 11 355 219 35 143 64 283 52 0 789 208 26 382 0 0 1908 0 497 132 447 362 432 280 145 775 16 0 527 369 
0 43 666 45 13 0 835 0 1701 3000 79 80 21 110 0 0 1527 60 18 0 184 0 0 0 3000 208 0 0 99 0 94 51 1590 0 3000 511 60 0 1787 17 47 89 0 459 156 0 66 97 97 11 0 63 0 14 367 1370 252 3000 126 23 459 11 330 16 483 0 221 90 704 99 138 420 773 129 90 1275 431 146 37 789 0 2886 58 883 0 0 305 0 9 315 701 7 398 9 12 53 18 0 75 47 
0 190 2136 0 0 0 27 0 0 0 812 277 11 10 0 0 0 0 0 0 0 0 0 0 1836 0 0 0 105 0 120 0 501 0 0 0 205 0 81 48 0 2005 0 27 109 0 0 0 169 13 0 94 0 91 18 0 695 0 13 0 29 28 345 30 1288 0 665 60 34 21 34 369 31 0 780 847 0 48 471 208 2886 0 81 138 0 0 51 0 149 0 0 0 1956 27 279 1128 0 0 0 0 
0 28 0 54 0 0 340 0 0 0 0 10 27 74 362 0 0 9 0 0 0 0 0 0 47 8 0 0 37 23 984 0 15 0 0 0 259 0 11 9 0 21 0 184 689 38 0 101 59 133 0 23 0 84 19 0 601 1301 0 0 340 10 64 602 90 73 9 3000 88 144 421 606 16 12 192 1763 0 36 106 26 58 81 0 75 0 0 108 0 16 344 59 48 73 107 13 65 29 0 0 0 
118 23 23 64 16 867 137 433 24 92 20 71 46 2117 72 28 273 300 115 444 42 2086 46 603 9 108 64 19 386 11 1028 173 53 75 72 0 424 2358 320 131 45 55 87 273 30 312 135 150 1380 685 73 70 0 1152 688 78 440 11 0 986 10 48 768 394 33 3000 31 21 39 77 109 148 118 16 42 11 334 17 1174 382 883 138 75 0 2454 353 336 14 3000 650 646 399 152 612 400 40 1119 20 70 68 
13 0 72 16 0 451 0 606 21 14 0 570 0 107 122 352 31 203 31 281 144 233 108 19 0 52 916 43 1462 328 12 141 0 193 1576 0 76 3000 109 0 328 0 2247 0 784 14 36 165 8 0 2702 341 0 82 94 11 98 410 0 646 15 56 49 0 0 885 13 0 0 17 56 27 225 7 0 0 308 0 119 0 0 0 0 2454 0 70 8 3000 0 170 737 162 0 0 0 51 1061 995 32 0 
307 0 935 370 0 480 0 130 628 3000 0 32 0 0 16 288 1542 81 943 515 164 29 16 30 0 10 30 36 0 17 72 26 0 79 14 0 318 1063 57 0 88 0 31 0 42 121 105 29 146 0 2756 140 0 69 88 31 106 1548 0 219 0 41 164 0 0 14 991 0 0 192 2964 2352 30 22 0 0 998 0 19 0 0 0 0 353 70 0 57 1635 0 17 25 11 0 0 0 546 311 457 3000 0 
0 82 447 505 0 32 38 48 0 701 0 1083 20 79 39 76 0 42 59 0 859 0 0 0 83 33 2406 0 53 749 1505 32 322 46 583 0 1046 478 102 1286 42 363 0 1019 10 30 332 220 28 83 0 431 0 439 14 722 121 29 0 255 41 32 283 273 142 19 22 684 47 434 570 346 609 37 25 3000 733 560 167 1908 305 51 108 336 8 57 0 0 83 716 325 329 275 97 174 82 16 0 569 0 
14 0 410 40 9 3000 0 3000 399 35 102 1036 0 98 0 60 38 0 1468 20 588 38 133 57 0 0 2791 1721 0 0 201 38 0 44 79 963 0 967 12 117 14 0 44 0 814 0 905 292 29 0 10 21 994 70 157 216 349 824 755 81 0 0 177 0 0 0 941 0 60 45 839 84 0 228 14 0 8 34 23 0 0 0 0 14 3000 1635 0 0 0 0 0 0 13 0 545 0 37 107 554 137 
0 1339 61 0 0 0 24 0 0 0 286 11 540 14 0 0 0 0 0 0 0 0 0 0 1337 0 0 0 70 0 22 0 29 0 0 0 59 0 15 202 0 706 0 190 117 0 0 0 36 289 0 0 0 205 276 0 0 0 85 0 14 55 55 18 391 0 96 342 730 18 1078 30 154 0 14 99 0 11 153 497 9 149 16 3000 0 0 83 0 0 0 0 0 213 187 45 151 0 0 0 0 
284 0 0 3000 0 3000 43 72 0 87 0 1123 171 0 11 14 0 77 0 0 20 0 0 177 0 1378 349 0 89 9 79 287 0 349 36 0 118 2980 10 0 0 0 0 0 0 72 48 282 195 0 0 695 0 0 509 28 42 540 0 308 145 77 22 171 0 142 39 356 0 38 86 146 737 9 672 0 41 0 7 132 315 0 344 650 170 17 716 0 0 0 131 11 0 115 0 156 200 0 144 0 
42 0 0 25 0 172 3000 202 0 30 0 14 16 0 202 87 0 2293 0 0 193 0 0 199 0 17 46 0 461 20 9 9 0 8 184 0 649 50 37 0 0 0 1030 0 0 59 84 37 540 0 0 35 0 0 75 31 78 201 0 13 232 119 206 135 0 339 149 1577 0 33 906 70 7 21 516 0 34 0 73 447 701 0 59 646 737 25 325 0 0 131 0 12 0 27 0 113 21 0 44 0 
137 0 0 10 0 1656 0 39 233 55 0 30 125 0 15 11 0 108 43 146 2247 0 0 1530 0 3000 1051 65 217 146 62 197 0 298 2593 0 505 9 1570 0 0 0 262 0 0 33 19 201 56 0 223 880 0 0 156 11 47 223 0 49 446 336 2398 8 0 55 1594 25 0 7 8 9 918 1308 11 0 178 0 165 362 7 0 48 399 162 11 329 0 0 11 12 0 0 0 0 157 115 38 334 0 
0 11 666 70 297 0 48 10 501 44 149 243 3000 2282 0 1182 552 0 14 17 715 842 978 0 27 0 95 255 0 0 255 20 267 0 8 46 723 0 117 11 14 328 16 216 69 0 13 541 64 101 0 361 10 8 694 189 658 0 199 153 0 533 267 487 1259 0 1298 1795 36 216 33 206 13 0 69 333 249 65 82 432 398 1956 73 152 0 0 275 13 213 0 0 0 0 389 1765 14 107 82 0 353 
0 3000 644 0 0 0 12 0 0 0 59 12 25 39 0 0 0 270 0 0 0 0 0 0 359 305 0 0 307 0 18 0 26 0 0 0 287 0 486 354 0 12 0 153 26 0 0 0 830 3000 0 45 0 49 109 0 2089 0 0 0 1127 51 473 206 11 8 1835 821 2371 24 109 1180 3000 0 52 119 0 46 106 280 9 27 107 612 0 0 97 0 187 115 27 0 389 0 261 644 9 0 0 0 
0 9 10 0 1734 0 19 0 113 99 67 65 377 29 0 0 674 0 58 0 0 44 32 0 134 0 0 286 266 0 40 3000 52 0 63 246 1743 0 1372 477 42 317 0 22 22 0 116 48 792 23 0 39 73 1879 3000 32 0 0 265 50 0 11 8 117 8 0 30 38 559 88 25 116 30 0 79 127 0 38 343 145 12 279 13 400 0 0 174 545 45 0 0 0 1765 261 0 434 0 0 0 11 
40 8 135 115 0 241 41 29 268 90 0 131 94 2474 3000 282 0 51 70 0 274 0 0 0 329 3000 1222 42 128 652 3000 1747 452 25 456 0 25 550 1722 13 32 19 0 640 546 716 260 176 27 22 0 145 0 118 9 120 304 14 0 183 365 10 56 29 1580 19 157 719 223 75 378 297 19 96 180 66 22 82 26 775 53 1128 65 40 51 546 82 0 151 156 113 157 14 644 434 0 210 511 38 0 
8 166 62 146 139 256 0 97 160 912 0 365 3000 216 18 13 230 94 1106 450 95 158 1358 900 0 47 103 55 1174 123 29 953 0 171 202 0 40 775 15 347 35 0 14 0 37 916 14 22 61 0 980 728 0 44 1884 211 96 26 0 54 125 77 81 19 0 86 33 23 109 14 16 7 56 14 800 0 745 178 14 16 18 0 29 1119 1061 311 16 37 0 200 21 115 107 9 0 210 0 1262 15 868 
21 0 977 170 1539 460 0 480 714 21 37 685 0 152 0 982 74 0 1851 106 1299 102 662 105 0 0 255 339 0 23 21 11 0 995 1127 94 0 773 249 73 943 0 207 0 11 0 274 255 53 0 1870 3000 3000 250 51 17 284 250 1272 11 0 0 403 0 0 0 62 0 69 11 1305 17 0 224 59 0 106 162 457 0 0 0 0 20 995 457 0 107 0 0 0 38 82 0 0 511 1262 0 159 58 
126 0 37 3000 0 259 0 20 130 53 0 354 21 260 274 454 224 16 130 8 46 174 131 8 0 296 93 233 751 20 70 23 0 44 329 0 3000 8 533 0 21 0 231 0 73 232 330 19 214 0 1274 85 0 918 166 122 10 424 0 171 51 3000 100 0 0 21 458 22 0 379 54 46 15 14 21 0 107 0 1287 527 75 0 0 70 32 3000 569 554 0 144 44 334 0 0 0 38 15 159 0 0 
0 925 57 3000 74 0 0 22 268 33 2197 129 0 89 0 1916 245 0 23 2224 42 3000 76 0 0 0 14 10 0 0 21 34 16 0 2931 57 0 0 551 527 42 0 13 1016 173 0 96 42 8 474 0 508 173 1522 23 19 0 0 418 46 0 0 142 0 0 0 10 0 133 54 1002 95 0 0 264 24 12 11 23 369 47 0 0 68 0 0 0 137 0 0 0 0 353 0 11 0 868 58 0 0 
