100
0 95 46 64 100 91 21 93 18 73 38 69 46 68 66 18 90 95 38 30 54 14 47 9 86 27 13 74 49 52 43 33 57 26 58 54 85 82 33 63 60 41 91 87 75 59 56 57 98 81 36 58 47 77 100 42 77 16 21 69 79 67 71 30 74 50 64 59 15 59 60 76 57 34 65 97 66 29 57 81 79 76 78 58 52 54 64 37 72 38 72 32 56 26 40 48 92 105 63 38 
95 0 51 32 47 51 83 14 79 34 87 27 56 35 36 101 47 48 91 107 67 96 92 87 55 69 84 30 70 46 60 63 44 82 67 42 10 55 66 56 48 58 43 11 26 109 66 48 28 52 96 87 55 23 27 56 31 92 80 54 18 72 35 67 43 51 47 84 88 69 38 65 106 100 49 13 36 67 61 40 28 27 31 40 74 58 45 58 50 70 68 77 42 84 60 63 7 37 32 60 
46 51 0 18 58 64 39 51 31 28 52 25 12 23 20 56 49 54 55 65 44 45 48 37 49 19 36 37 29 19 27 14 26 32 47 15 40 45 24 29 34 9 60 41 35 66 45 29 53 43 59 49 25 31 54 20 41 47 29 47 33 43 27 21 45 9 24 47 38 35 23 46 63 60 26 51 31 17 27 50 34 37 42 22 49 21 22 11 48 35 44 39 21 35 11 36 48 61 18 9 
64 32 18 0 47 56 54 35 49 16 64 10 25 11 9 72 40 44 67 80 49 64 62 55 44 37 53 26 41 22 36 32 25 49 51 15 22 41 38 31 33 26 50 23 22 79 50 30 37 38 72 59 31 13 38 30 31 63 47 45 15 48 16 37 39 20 22 57 56 42 19 46 77 74 25 33 24 35 33 42 19 25 31 19 56 29 19 27 44 46 47 52 20 52 28 43 30 46 3 28 
100 47 58 47 0 95 96 60 88 31 109 52 54 36 39 112 10 5 113 122 96 94 73 90 18 75 93 67 55 69 82 71 71 76 98 62 46 21 81 38 79 59 87 39 62 85 96 76 19 21 116 62 78 37 21 75 70 104 79 90 43 45 32 79 82 51 36 59 87 47 65 33 83 118 34 35 68 74 44 82 28 64 71 65 103 46 36 68 87 91 38 97 67 78 60 90 53 15 50 63 
91 51 64 56 95 0 72 37 74 71 64 47 75 67 65 87 92 94 67 87 40 99 112 87 98 73 78 30 93 45 49 68 39 92 37 49 49 96 60 87 33 73 8 56 35 130 38 37 78 93 73 113 46 59 77 52 26 80 86 23 53 104 70 64 19 71 78 110 92 97 41 102 127 78 81 64 34 70 89 14 69 32 25 42 46 83 76 63 19 54 103 61 43 95 75 44 44 87 53 71 
21 83 39 54 96 72 0 78 9 66 19 56 44 61 59 18 88 93 21 26 33 32 60 20 86 23 9 57 54 37 25 26 41 36 37 41 73 82 17 63 42 38 72 76 60 74 35 39 91 80 22 68 30 67 92 27 60 9 28 49 68 72 65 18 56 46 61 68 28 63 46 79 72 23 63 87 50 23 59 63 72 60 61 43 31 54 60 28 53 18 75 12 41 38 38 28 78 99 53 34 
93 14 51 35 60 37 78 0 75 42 80 26 59 41 41 96 59 60 84 101 57 96 97 85 67 68 80 21 75 41 54 62 37 83 57 39 15 65 62 63 40 59 29 21 19 114 57 40 42 63 89 93 49 29 40 51 20 87 79 43 23 80 42 64 32 54 54 90 88 75 33 75 111 93 56 27 29 65 67 28 38 18 20 35 65 63 51 56 38 63 77 71 37 86 61 55 7 50 33 60 
18 79 31 49 88 74 9 75 0 59 28 52 35 54 51 24 79 85 30 34 38 26 51 13 77 14 5 56 44 34 25 18 39 27 42 37 69 73 14 54 42 30 73 71 57 66 39 39 84 71 32 59 29 61 86 24 59 15 18 52 63 62 58 12 56 37 53 59 21 54 43 70 64 32 55 82 48 15 50 63 65 58 60 40 37 45 52 21 55 22 66 18 38 29 29 31 74 92 47 25 
73 34 28 16 31 71 66 42 59 0 78 24 27 6 8 83 24 28 82 92 66 69 59 63 28 46 64 41 37 38 51 41 41 53 68 31 27 25 51 22 50 31 64 23 36 74 66 46 26 22 86 52 47 13 28 44 45 74 53 62 20 38 1 49 55 23 13 49 62 35 35 33 72 88 15 29 40 44 27 56 7 39 45 35 72 25 11 38 60 60 35 66 37 55 33 59 36 33 20 35 
38 87 52 64 109 64 19 80 28 78 0 63 59 72 70 25 101 106 4 23 24 50 79 39 101 40 28 58 72 42 28 41 43 55 27 49 78 97 28 79 40 54 67 82 62 94 26 40 101 94 9 87 33 76 102 34 60 21 47 42 75 89 77 32 52 60 75 87 48 81 50 95 91 14 78 94 51 40 75 59 82 61 60 48 18 70 74 41 47 18 92 13 46 57 54 24 81 109 61 49 
69 27 25 10 52 47 56 26 52 24 63 0 33 20 18 75 47 50 67 81 46 70 71 61 51 43 57 17 50 20 35 37 20 57 47 15 17 49 39 41 28 33 41 20 13 88 46 25 39 46 72 69 30 14 40 30 21 65 54 38 12 58 23 40 31 28 31 66 62 52 14 55 86 75 34 31 17 40 43 33 24 16 22 15 53 39 29 31 36 45 56 52 17 60 35 40 23 48 7 34 
46 56 12 25 54 75 44 59 35 27 59 33 0 23 21 59 44 50 63 69 55 42 38 37 42 21 39 47 18 31 38 19 37 26 58 26 47 38 32 19 46 6 71 46 45 55 56 41 53 36 65 37 36 34 55 31 51 51 26 59 39 32 26 28 57 5 18 35 35 24 34 36 53 66 20 54 42 21 16 61 34 47 52 33 59 11 18 19 59 44 34 47 33 28 6 47 55 59 26 10 
68 35 23 11 36 67 61 41 54 6 72 20 23 0 3 78 29 34 76 87 60 65 58 59 32 41 59 37 35 33 46 36 36 49 62 26 26 29 45 22 45 27 60 23 32 74 61 41 30 26 80 52 41 12 32 39 41 69 49 57 18 39 4 44 50 19 13 49 58 35 30 35 71 82 15 31 35 40 26 53 11 35 42 30 67 23 10 33 55 55 37 60 31 52 28 53 35 38 15 30 
66 36 20 9 39 65 59 41 51 8 70 18 21 3 0 76 32 36 74 84 58 63 57 56 34 39 56 35 35 30 43 34 33 47 60 23 27 31 43 23 42 24 59 25 31 73 58 38 33 29 77 52 39 13 35 36 40 67 47 55 19 40 7 41 49 17 13 49 55 35 28 37 71 80 16 33 33 37 26 51 14 34 40 28 64 23 10 30 53 52 38 58 29 50 26 51 36 41 13 28 
18 101 56 72 112 87 18 96 24 83 25 75 59 78 76 0 103 109 24 12 47 32 66 25 101 38 20 75 65 55 43 42 59 44 51 60 91 97 35 77 59 54 88 94 78 77 49 57 108 95 20 76 47 85 110 45 78 9 37 65 86 83 82 35 72 61 77 77 33 75 64 92 75 17 78 105 67 39 72 79 89 78 78 61 43 68 76 45 69 34 88 26 59 44 53 44 96 116 71 49 
90 47 49 40 10 92 88 59 79 24 101 47 44 29 32 103 0 5 104 113 90 84 64 81 9 65 83 63 45 62 75 62 65 66 92 55 45 11 73 28 74 50 85 38 58 76 90 70 22 11 108 53 71 33 25 68 67 95 69 85 39 35 25 70 78 42 26 50 77 38 59 24 74 110 25 36 63 64 34 79 23 61 67 59 96 37 27 60 83 84 29 88 61 68 51 83 52 22 44 54 
95 48 54 44 5 94 93 60 85 28 106 50 50 34 36 109 5 0 109 119 94 89 69 86 13 71 89 66 50 66 79 67 69 72 96 59 46 16 78 33 77 55 87 39 60 80 94 74 21 16 113 58 75 36 23 72 69 100 75 89 42 40 29 75 81 47 32 55 82 43 63 28 78 115 30 36 67 70 40 81 26 63 70 63 100 42 32 65 86 88 34 93 65 73 56 87 53 18 47 59 
38 91 55 67 113 67 21 84 30 82 4 67 63 76 74 24 104 109 0 20 28 51 81 40 104 43 30 62 74 47 32 44 48 57 31 53 82 100 31 82 44 57 70 87 66 95 29 44 105 98 5 89 37 80 106 38 64 21 49 46 79 92 81 35 55 63 79 89 49 84 54 98 93 10 81 98 55 43 78 62 86 65 64 52 22 73 77 45 51 22 95 16 50 58 57 28 85 113 65 52 
30 107 65 80 122 87 26 101 34 92 23 81 69 87 84 12 113 119 20 0 48 44 78 37 111 48 31 80 77 61 47 51 64 56 51 66 98 107 42 88 62 64 90 101 83 89 49 61 117 105 15 88 53 93 118 51 82 19 48 66 93 95 91 44 74 71 87 89 45 87 69 103 87 10 89 112 72 49 83 82 98 83 82 67 42 79 86 54 70 38 99 30 65 56 63 46 102 125 78 59 
54 67 44 49 96 40 33 57 38 66 24 46 55 60 58 47 90 94 28 48 0 63 85 51 92 43 41 37 71 28 17 40 25 62 4 35 59 88 27 73 18 50 42 64 41 102 2 20 85 85 33 90 20 60 85 24 37 40 54 18 57 87 65 32 28 53 67 88 58 79 32 90 99 38 70 75 31 41 71 35 68 40 37 31 8 66 65 37 23 16 88 22 29 64 51 8 60 94 46 46 
14 96 45 64 94 99 32 96 26 69 50 70 42 65 63 32 84 89 51 44 63 0 34 13 79 28 23 78 40 56 50 34 62 17 68 57 86 75 39 56 67 39 97 86 78 45 65 63 95 74 50 46 53 75 97 48 82 30 16 77 79 57 68 35 81 46 59 47 8 49 64 67 43 48 59 96 70 31 50 88 76 79 82 62 63 47 59 39 80 48 62 43 60 16 37 57 93 101 64 36 
47 92 48 62 73 112 60 97 51 59 79 71 38 58 57 66 64 69 81 78 85 34 0 41 56 42 51 85 22 67 68 46 73 24 89 64 83 53 58 38 81 40 108 81 83 18 86 76 81 53 81 14 68 70 84 62 89 61 33 93 75 29 58 53 93 43 46 16 33 26 72 42 15 80 45 88 79 44 32 99 66 85 90 70 87 34 48 50 95 70 36 69 69 22 38 77 92 84 64 41 
9 87 37 55 90 87 20 85 13 63 39 61 37 59 56 25 81 86 40 37 51 13 41 0 77 18 11 67 40 45 38 24 50 19 55 47 77 73 27 54 54 32 85 78 67 55 53 51 89 72 40 52 41 68 91 36 70 20 12 65 70 58 62 23 69 40 55 52 9 50 53 67 53 38 56 88 59 21 48 76 70 68 71 51 50 44 55 29 68 35 63 31 49 19 31 44 84 96 55 29 
86 55 49 44 18 98 86 67 77 28 101 51 42 32 34 101 9 13 104 111 92 79 56 77 0 63 81 68 39 64 76 60 68 61 94 57 52 4 73 24 77 48 91 45 63 67 92 73 32 6 107 45 72 39 34 69 72 93 65 89 45 27 28 69 82 41 25 42 72 31 62 15 65 109 23 45 67 63 29 84 29 66 73 62 97 33 27 59 87 84 21 88 63 63 48 84 60 31 47 52 
27 69 19 37 75 73 23 68 14 46 40 43 21 41 39 38 65 71 43 48 43 28 42 18 63 0 18 50 32 29 26 6 35 19 47 29 59 59 16 40 40 16 71 60 50 59 44 36 72 57 45 48 27 50 73 21 54 29 13 52 52 49 45 10 54 24 39 47 20 41 36 56 56 46 41 70 43 3 36 61 53 52 55 34 45 31 38 11 54 28 52 28 32 22 15 35 66 79 37 11 
13 84 36 53 93 78 9 80 5 64 28 57 39 59 56 20 83 89 30 31 41 23 51 11 81 18 0 61 47 39 30 22 44 27 45 42 74 77 19 58 47 34 78 76 62 65 43 43 89 75 30 60 33 66 91 29 64 12 19 56 68 65 62 17 61 42 57 60 19 56 48 73 63 30 59 87 53 19 53 68 70 63 64 45 40 48 56 26 59 25 69 20 43 29 33 35 80 97 52 29 
74 30 37 26 67 30 57 21 56 41 58 17 47 37 35 75 63 66 62 80 37 78 85 67 68 50 61 0 65 22 33 44 17 67 36 22 23 66 41 57 18 45 24 30 6 102 36 19 52 63 68 84 28 30 52 31 5 66 63 24 25 74 40 44 15 43 48 81 70 68 14 72 100 72 51 40 8 47 59 16 40 3 5 16 44 54 45 39 21 42 73 50 18 70 47 34 24 61 23 45 
49 70 29 41 55 93 54 75 44 37 72 50 18 35 35 65 45 50 74 77 71 40 22 40 39 32 47 65 0 49 54 32 55 23 75 44 61 35 46 17 63 22 89 59 62 39 73 58 60 34 76 19 53 48 62 47 69 58 29 77 53 18 36 41 75 22 24 17 34 10 52 27 36 76 23 66 60 32 11 79 44 64 70 51 75 12 26 34 77 59 23 60 51 24 20 63 70 64 43 25 
52 46 19 22 69 45 37 41 34 38 42 20 31 33 30 55 62 66 47 61 28 56 67 45 64 29 39 22 49 0 15 23 6 47 30 7 36 61 20 47 15 28 42 40 23 84 28 10 58 58 51 68 10 33 59 10 25 46 41 28 32 62 37 23 27 28 40 66 49 54 8 63 82 54 43 52 14 26 46 32 41 24 26 6 34 41 37 18 28 24 62 32 4 50 29 21 41 68 19 26 
43 60 27 36 82 49 25 54 25 51 28 35 38 46 43 43 75 79 32 47 17 50 68 38 76 26 30 33 54 15 0 23 16 45 21 21 50 72 11 56 17 33 48 55 35 85 19 14 73 70 37 72 5 48 74 7 35 34 38 27 47 70 50 16 31 37 51 71 44 61 22 73 82 40 53 66 25 24 54 38 55 35 36 20 22 48 49 20 30 10 71 17 18 48 34 9 54 82 33 29 
33 63 14 32 71 68 26 62 18 41 41 37 19 36 34 42 62 67 44 51 40 34 46 24 60 6 22 44 32 23 23 0 29 24 44 23 53 57 14 38 36 13 65 54 44 63 41 31 67 54 47 50 23 44 68 17 48 33 18 48 46 49 40 9 49 20 36 49 26 40 30 54 60 48 38 65 37 3 34 56 48 46 49 28 43 29 35 5 50 27 51 29 27 27 13 32 60 74 31 8 
57 44 26 25 71 39 41 37 39 41 43 20 37 36 33 59 65 69 48 64 25 62 73 50 68 35 44 17 55 6 16 29 0 53 27 11 35 65 25 52 9 34 36 39 19 91 25 5 59 62 53 74 11 35 60 15 20 50 47 22 32 68 40 28 20 34 44 72 55 60 7 68 88 56 47 51 9 32 52 26 43 19 20 6 32 46 42 24 22 26 68 34 5 56 36 20 38 69 21 32 
26 82 32 49 76 92 36 83 27 53 55 57 26 49 47 44 66 72 57 56 62 17 24 19 61 19 27 67 23 47 45 24 53 0 66 46 72 58 35 38 60 24 89 71 66 40 63 55 78 56 58 33 46 60 80 41 72 38 8 72 64 40 51 29 73 31 42 33 11 33 54 50 38 57 42 80 60 22 32 79 60 68 72 51 63 30 43 29 74 47 45 45 50 3 22 54 80 84 50 23 
58 67 47 51 98 37 37 57 42 68 27 47 58 62 60 51 92 96 31 51 4 68 89 55 94 47 45 36 75 30 21 44 27 66 0 37 59 91 31 76 19 54 40 65 41 106 3 22 86 88 36 93 23 61 86 28 36 44 58 16 58 90 67 36 26 57 70 92 63 82 33 93 103 41 72 76 31 45 74 32 70 40 36 33 9 69 67 41 20 20 91 26 31 68 55 12 60 95 48 50 
54 42 15 15 62 49 41 39 37 31 49 15 26 26 23 60 55 59 53 66 35 57 64 47 57 29 42 22 44 7 21 23 11 46 37 0 32 54 24 41 20 24 45 35 21 81 35 16 52 51 57 64 16 27 53 15 26 50 41 33 26 56 30 25 30 23 33 62 49 49 8 57 78 60 36 46 15 26 41 35 34 23 27 7 41 35 31 18 33 31 56 37 7 49 26 28 37 61 12 23 
85 10 40 22 46 49 73 15 69 27 78 17 47 26 27 91 45 46 82 98 59 86 83 77 52 59 74 23 61 36 50 53 35 72 59 32 0 50 56 48 40 48 41 7 18 100 58 39 29 47 87 79 45 14 29 46 25 82 69 48 8 65 27 57 38 42 39 76 78 61 28 59 97 91 41 17 28 56 53 36 22 20 26 30 66 49 36 48 44 60 62 68 33 75 50 55 9 39 22 50 
82 55 45 41 21 96 82 65 73 25 97 49 38 29 31 97 11 16 100 107 88 75 53 73 4 59 77 66 35 61 72 57 65 58 91 54 50 0 69 20 74 44 89 44 61 64 89 69 33 3 103 42 69 37 35 65 70 89 62 86 43 24 26 66 80 37 22 39 69 27 59 13 63 105 19 45 65 59 26 81 28 64 70 59 94 29 24 55 84 80 18 84 60 59 44 81 58 33 44 48 
33 66 24 38 81 60 17 62 14 51 28 39 32 45 43 35 73 78 31 42 27 39 58 27 73 16 19 41 46 20 11 14 25 35 31 24 56 69 0 51 28 26 59 59 43 75 28 24 75 67 35 63 14 50 76 10 45 26 27 38 51 63 50 6 42 32 48 62 33 54 29 68 72 37 50 70 33 14 48 49 56 44 45 26 29 43 46 14 41 13 65 15 24 37 27 19 61 83 36 22 
63 56 29 31 38 87 63 63 54 22 79 41 19 22 23 77 28 33 82 88 73 56 38 54 24 40 58 57 17 47 56 38 52 38 76 41 48 20 51 0 61 25 81 45 53 53 74 56 43 18 85 31 53 34 45 49 62 69 42 74 40 17 21 47 70 20 10 28 49 13 47 17 51 86 7 50 54 40 7 73 29 56 62 47 78 9 12 38 73 63 16 66 47 40 25 65 57 47 34 30 
60 48 34 33 79 33 42 40 42 50 40 28 46 45 42 59 74 77 44 62 18 67 81 54 77 40 47 18 63 15 17 36 9 60 19 20 40 74 28 61 0 42 31 46 23 98 18 5 67 71 49 82 14 42 67 19 20 50 53 13 39 77 49 32 14 43 53 81 60 69 15 77 95 54 56 57 12 38 61 21 51 22 20 15 26 55 51 31 14 24 77 32 14 63 44 16 42 76 30 40 
41 58 9 26 59 73 38 59 30 31 54 33 6 27 24 54 50 55 57 64 50 39 40 32 48 16 34 45 22 28 33 13 34 24 54 24 48 44 26 25 42 0 69 48 44 57 51 37 57 42 60 41 31 37 59 26 50 45 22 55 40 37 30 22 54 8 23 39 31 29 32 42 54 61 25 57 39 15 22 59 38 46 51 30 54 16 23 13 56 39 39 41 30 27 2 42 56 64 26 5 
91 43 60 50 87 8 72 29 73 64 67 41 71 60 59 88 85 87 70 90 42 97 108 85 91 71 78 24 89 42 48 65 36 89 40 45 41 89 59 81 31 69 0 48 28 126 41 35 70 86 76 108 45 52 69 50 20 81 83 24 46 98 64 63 17 67 72 106 91 92 37 96 123 80 75 55 29 68 83 10 62 25 19 38 49 78 70 60 20 54 97 62 39 92 71 44 36 79 47 68 
87 11 41 23 39 56 76 21 71 23 82 20 46 23 25 94 38 39 87 101 64 86 81 78 45 60 76 30 59 40 55 54 39 71 65 35 7 44 59 45 46 48 48 0 24 97 64 44 22 42 91 75 49 11 22 50 32 85 70 54 8 61 24 59 44 41 35 72 78 58 33 54 95 94 38 12 34 58 49 43 17 27 32 35 72 47 33 50 50 64 57 72 37 74 50 59 14 32 23 50 
75 26 35 22 62 35 60 19 57 36 62 13 45 32 31 78 58 60 66 83 41 78 83 67 63 50 62 6 62 23 35 44 19 66 41 21 18 61 43 53 23 44 28 24 0 100 41 22 46 58 71 81 30 25 46 33 9 69 62 30 19 70 35 45 20 40 44 78 70 64 14 68 97 75 47 35 11 47 56 21 34 3 10 17 49 51 41 39 26 45 69 53 19 69 46 38 19 56 20 44 
59 109 66 79 85 130 74 114 66 74 94 88 55 74 73 77 76 80 95 89 102 45 18 55 67 59 65 102 39 84 85 63 91 40 106 81 100 64 75 53 98 57 126 97 100 0 103 93 95 65 95 23 85 86 97 80 107 74 48 111 92 40 74 69 111 60 62 26 46 40 89 52 3 93 60 103 96 61 48 116 82 102 108 87 103 51 64 67 112 87 47 84 87 38 55 94 109 97 81 59 
56 66 45 50 96 38 35 57 39 66 26 46 56 61 58 49 90 94 29 49 2 65 86 53 92 44 43 36 73 28 19 41 25 63 3 35 58 89 28 74 18 51 41 64 41 103 0 21 85 86 35 91 21 60 85 26 36 42 55 17 57 88 65 34 26 54 68 90 60 80 32 91 100 40 70 75 30 42 72 33 68 39 36 31 9 67 65 38 21 17 89 24 29 66 52 9 60 94 47 48 
57 48 29 30 76 37 39 40 39 46 40 25 41 41 38 57 70 74 44 61 20 63 76 51 73 36 43 19 58 10 14 31 5 55 22 16 39 69 24 56 5 37 35 44 22 93 21 0 64 67 49 78 10 39 65 15 21 48 49 18 37 72 45 28 18 38 49 76 56 64 12 73 90 53 52 55 11 33 56 25 48 22 22 11 28 50 46 26 19 23 72 31 9 58 39 16 41 73 26 35 
98 28 53 37 19 78 91 42 84 26 101 39 53 30 33 108 22 21 105 117 85 95 81 89 32 72 89 52 60 58 73 67 59 78 86 52 29 33 75 43 67 57 70 22 46 95 85 64 0 31 109 72 68 25 3 67 54 99 79 76 28 55 27 73 67 49 36 69 87 55 53 45 93 111 37 15 55 70 49 65 19 49 55 54 92 49 35 63 73 83 50 89 56 80 58 79 34 10 39 60 
81 52 43 38 21 93 80 63 71 22 94 46 36 26 29 95 11 16 98 105 85 74 53 72 6 57 75 63 34 58 70 54 62 56 88 51 47 3 67 18 71 42 86 42 58 65 86 67 31 0 101 42 66 34 34 62 67 87 60 83 41 25 23 63 77 35 19 39 67 27 56 14 63 102 17 43 62 57 24 79 25 61 67 56 91 27 21 53 81 78 19 82 57 58 42 78 56 32 41 46 
36 96 59 72 116 73 22 89 32 86 9 72 65 80 77 20 108 113 5 15 33 50 81 40 107 45 30 68 76 51 37 47 53 58 36 57 87 103 35 85 49 60 76 91 71 95 35 49 109 101 0 90 42 84 110 42 69 20 49 51 83 94 85 38 61 66 82 90 49 86 59 101 92 5 84 103 60 45 81 68 90 71 69 57 27 76 81 48 56 27 98 20 55 59 60 34 90 118 70 55 
58 87 49 59 62 113 68 93 59 52 87 69 37 52 52 76 53 58 89 88 90 46 14 52 45 48 60 84 19 68 72 50 74 33 93 64 79 42 63 31 82 41 108 75 81 23 91 78 72 42 90 0 71 64 75 66 88 71 41 96 70 18 52 58 94 41 40 3 43 18 72 30 21 90 38 80 79 49 26 99 59 83 89 70 93 30 42 53 96 76 24 76 70 32 39 82 87 74 61 43 
47 55 25 31 78 46 30 49 29 47 33 30 36 41 39 47 71 75 37 53 20 53 68 41 72 27 33 28 53 10 5 23 11 46 23 16 45 69 14 53 14 31 45 49 30 85 21 10 68 66 42 71 0 43 69 6 31 39 40 25 41 67 46 18 28 34 47 70 46 59 17 70 83 45 50 61 20 25 52 35 50 30 31 15 25 46 45 19 27 15 69 23 13 49 32 12 49 77 29 28 
77 23 31 13 37 59 67 29 61 13 76 14 34 12 13 85 33 36 80 93 60 75 70 68 39 50 66 30 48 33 48 44 35 60 61 27 14 37 50 34 42 37 52 11 25 86 60 39 25 34 84 64 43 0 26 42 33 76 59 53 7 51 13 50 45 29 24 62 68 47 28 45 84 87 27 21 31 47 38 45 10 28 34 29 67 35 22 40 50 58 47 64 31 63 39 54 23 34 15 39 
100 27 54 38 21 77 92 40 86 28 102 40 55 32 35 110 25 23 106 118 85 97 84 91 34 73 91 52 62 59 74 68 60 80 86 53 29 35 76 45 67 59 69 22 46 97 85 65 3 34 110 75 69 26 0 68 54 101 81 76 28 58 29 75 66 51 38 71 89 57 53 48 95 113 39 14 55 72 51 65 21 49 55 55 92 51 38 65 72 84 52 90 57 82 60 80 33 10 41 62 
42 56 20 30 75 52 27 51 24 44 34 30 31 39 36 45 68 72 38 51 24 48 62 36 69 21 29 31 47 10 7 17 15 41 28 15 46 65 10 49 19 26 50 50 33 80 26 15 67 62 42 66 6 42 68 0 35 36 34 31 42 63 43 13 33 29 43 64 41 54 19 66 77 45 46 61 23 19 47 40 49 34 35 16 29 41 41 13 33 16 64 22 14 44 27 16 51 76 27 22 
77 31 41 31 70 26 60 20 59 45 60 21 51 41 40 78 67 69 64 82 37 82 89 70 72 54 64 5 69 25 35 48 20 72 36 26 25 70 45 62 20 50 20 32 9 107 36 21 54 67 69 88 31 33 54 35 0 69 67 23 28 79 44 48 12 47 53 86 74 72 18 76 104 73 56 42 11 51 63 12 43 6 1 20 45 59 50 43 19 44 77 52 22 75 52 35 24 64 28 49 
16 92 47 63 104 80 9 87 15 74 21 65 51 69 67 9 95 100 21 19 40 30 61 20 93 29 12 66 58 46 34 33 50 38 44 50 82 89 26 69 50 45 81 85 69 74 42 48 99 87 20 71 39 76 101 36 69 0 30 57 76 76 73 26 64 53 68 71 29 68 55 84 72 19 70 96 59 30 64 71 80 69 70 52 37 60 67 36 61 26 81 19 50 39 44 36 87 107 61 41 
21 80 29 47 79 86 28 79 18 53 47 54 26 49 47 37 69 75 49 48 54 16 33 12 65 13 19 63 29 41 38 18 47 8 58 41 69 62 27 42 53 22 83 70 62 48 55 49 79 60 49 41 40 59 81 34 67 30 0 65 62 47 52 22 67 30 44 41 9 38 49 55 46 49 45 80 55 15 36 74 60 64 67 46 55 33 44 24 67 38 51 36 45 11 21 46 77 85 47 20 
69 54 47 45 90 23 49 43 52 62 42 38 59 57 55 65 85 89 46 66 18 77 93 65 89 52 56 24 77 28 27 48 22 72 16 33 48 86 38 74 13 55 24 54 30 111 17 18 76 83 51 96 25 53 76 31 23 57 65 0 48 90 61 43 11 56 66 94 71 82 27 90 108 56 69 64 22 50 74 17 62 28 23 27 25 68 64 44 5 31 90 38 27 75 57 21 47 85 42 53 
79 18 33 15 43 53 68 23 63 20 75 12 39 18 19 86 39 42 79 93 57 79 75 70 45 52 68 25 53 32 47 46 32 64 58 26 8 43 51 40 39 40 46 8 19 92 57 37 28 41 83 70 41 7 28 42 28 76 62 48 0 57 20 51 39 34 31 68 71 53 25 52 89 86 33 20 27 50 44 39 16 22 28 27 64 41 28 41 45 56 54 64 29 67 42 52 17 37 15 42 
67 72 43 48 45 104 72 80 62 38 89 58 32 39 40 83 35 40 92 95 87 57 29 58 27 49 65 74 18 62 70 49 68 40 90 56 65 24 63 17 77 37 98 61 70 40 88 72 55 25 94 18 67 51 58 63 79 76 47 90 57 0 38 58 86 34 27 14 52 9 64 12 38 94 24 65 71 50 16 90 44 73 79 63 91 22 29 50 89 76 7 77 63 41 36 79 74 57 51 41 
71 35 27 16 32 70 65 42 58 1 77 23 26 4 7 82 25 29 81 91 65 68 58 62 28 45 62 40 36 37 50 40 40 51 67 30 27 26 50 21 49 30 64 24 35 74 65 45 27 23 85 52 46 13 29 43 44 73 52 61 20 38 0 48 54 22 12 49 60 34 34 33 71 87 14 30 39 43 26 56 9 38 45 34 71 24 10 37 59 59 34 65 36 54 31 58 36 34 19 34 
30 67 21 37 79 64 18 64 12 49 32 40 28 44 41 35 70 75 35 44 32 35 53 23 69 10 17 44 41 23 16 9 28 29 36 25 57 66 6 47 32 22 63 59 45 69 34 28 73 63 38 58 18 50 75 13 48 26 22 43 51 58 48 0 46 29 44 57 28 49 31 64 67 39 46 70 36 9 44 53 54 46 48 28 34 38 43 11 46 18 61 19 26 32 22 25 62 82 36 17 
74 43 45 39 82 19 56 32 56 55 52 31 57 50 49 72 78 81 55 74 28 81 93 69 82 54 61 15 75 27 31 49 20 73 26 30 38 80 42 70 14 54 17 44 20 111 26 18 67 77 61 94 28 45 66 33 12 64 67 11 39 86 54 46 0 53 61 92 74 79 22 85 108 65 64 54 16 52 70 7 54 18 12 24 35 65 58 44 6 38 85 46 24 76 56 28 36 76 36 52 
50 51 9 20 51 71 46 54 37 23 60 28 5 19 17 61 42 47 63 71 53 46 43 40 41 24 42 43 22 28 37 20 34 31 57 23 42 37 32 20 43 8 67 41 40 60 54 38 49 35 66 41 34 29 51 29 47 53 30 56 34 34 22 29 53 0 16 39 39 26 31 36 57 68 18 50 38 22 18 57 30 43 48 29 58 13 15 19 56 44 35 47 29 33 10 46 50 56 21 12 
64 47 24 22 36 78 61 54 53 13 75 31 18 13 13 77 26 32 79 87 67 59 46 55 25 39 57 48 24 40 51 36 44 42 70 33 39 22 48 10 53 23 72 35 44 62 68 49 36 19 82 40 47 24 38 43 53 68 44 66 31 27 12 44 61 16 0 37 52 22 39 24 60 84 3 41 46 38 14 64 20 47 53 39 72 13 3 34 65 59 25 63 40 44 24 59 48 42 25 28 
59 84 47 57 59 110 68 90 59 49 87 66 35 49 49 77 50 55 89 89 88 47 16 52 42 47 60 81 17 66 71 49 72 33 92 62 76 39 62 28 81 39 106 72 78 26 90 76 69 39 90 3 70 62 71 64 86 71 41 94 68 14 49 57 92 39 37 0 44 15 70 27 24 90 35 77 77 48 23 96 56 81 87 68 91 27 39 51 94 75 21 75 68 33 37 80 85 71 59 42 
15 88 38 56 87 92 28 88 21 62 48 62 35 58 55 33 77 82 49 45 58 8 33 9 72 20 19 70 34 49 44 26 55 11 63 49 78 69 33 49 60 31 91 78 70 46 60 56 87 67 49 43 46 68 89 41 74 29 9 71 71 52 60 28 74 39 52 44 0 44 57 61 44 47 52 88 63 23 43 81 69 72 75 54 58 40 52 32 73 43 57 39 53 11 29 51 85 94 56 28 
59 69 35 42 47 97 63 75 54 35 81 52 24 35 35 75 38 43 84 87 79 49 26 50 31 41 56 68 10 54 61 40 60 33 82 49 61 27 54 13 69 29 92 58 64 40 80 64 55 27 86 18 59 47 57 54 72 68 38 82 53 9 34 49 79 26 22 15 44 0 57 18 38 86 20 63 64 41 9 83 41 67 73 55 83 14 25 42 82 67 13 69 56 33 28 71 70 58 45 32 
60 38 23 19 65 41 46 33 43 35 50 14 34 30 28 64 59 63 54 69 32 64 72 53 62 36 48 14 52 8 22 30 7 54 33 8 28 59 29 47 15 32 37 33 14 89 32 12 53 56 59 72 17 28 53 19 18 55 49 27 25 64 34 31 22 31 39 70 57 57 0 63 87 62 42 44 7 33 48 27 37 15 19 2 39 43 37 25 26 32 63 39 5 57 34 27 33 62 15 31 
76 65 46 46 33 102 79 75 70 33 95 55 36 35 37 92 24 28 98 103 90 67 42 67 15 56 73 72 27 63 73 54 68 50 93 57 59 13 68 17 77 42 96 54 68 52 91 73 45 14 101 30 70 45 48 66 76 84 55 90 52 12 33 64 85 36 24 27 61 18 63 0 50 101 21 56 70 56 20 88 37 71 77 63 95 25 27 54 89 80 6 83 63 51 41 82 68 46 49 46 
57 106 63 77 83 127 72 111 64 72 91 86 53 71 71 75 74 78 93 87 99 43 15 53 65 56 63 100 36 82 82 60 88 38 103 78 97 63 72 51 95 54 123 95 97 3 100 90 93 63 92 21 83 84 95 77 104 72 46 108 89 38 71 67 108 57 60 24 44 38 87 50 0 91 58 101 94 59 45 114 79 100 105 85 100 48 62 64 109 84 45 82 84 35 53 91 106 95 79 56 
34 100 60 74 118 78 23 93 32 88 14 75 66 82 80 17 110 115 10 10 38 48 80 38 109 46 30 72 76 54 40 48 56 57 41 60 91 105 37 86 54 61 80 94 75 93 40 53 111 102 5 90 45 87 113 45 73 19 49 56 86 94 87 39 65 68 84 90 47 86 62 101 91 0 86 106 64 46 81 73 93 75 74 60 32 77 82 50 61 30 98 23 58 58 60 38 94 120 72 56 
65 49 26 25 34 81 63 56 55 15 78 34 20 15 16 78 25 30 81 89 70 59 45 56 23 41 59 51 23 43 53 38 47 42 72 36 41 19 50 7 56 25 75 38 47 60 70 52 37 17 84 38 50 27 39 46 56 70 45 69 33 24 14 46 64 18 3 35 52 20 42 21 58 86 0 43 49 40 13 67 21 50 56 42 75 12 6 36 68 61 22 65 43 44 26 62 50 42 28 30 
97 13 51 33 35 64 87 27 82 29 94 31 54 31 33 105 36 36 98 112 75 96 88 88 45 70 87 40 66 52 66 65 51 80 76 46 17 45 70 50 57 57 55 12 35 103 75 55 15 43 103 80 61 21 14 61 42 96 80 64 20 65 30 70 54 50 41 77 88 63 44 56 101 106 43 0 45 68 55 52 21 37 42 46 83 54 40 60 61 76 60 83 48 83 59 71 20 24 34 60 
66 36 31 24 68 34 50 29 48 40 51 17 42 35 33 67 63 67 55 72 31 70 79 59 67 43 53 8 60 14 25 37 9 60 31 15 28 65 33 54 12 39 29 34 11 96 30 11 55 62 60 79 20 31 55 23 11 59 55 22 27 71 39 36 16 38 46 77 63 64 7 70 94 64 49 45 0 40 55 20 40 11 12 9 38 50 43 32 20 34 70 42 10 63 41 27 30 64 21 38 
29 67 17 35 74 70 23 65 15 44 40 40 21 40 37 39 64 70 43 49 41 31 44 21 63 3 19 47 32 26 24 3 32 22 45 26 56 59 14 40 38 15 68 58 47 61 42 33 70 57 45 49 25 47 72 19 51 30 15 50 50 50 43 9 52 22 38 48 23 41 33 56 59 46 40 68 40 0 36 58 51 49 52 31 43 31 37 9 52 27 53 27 30 25 15 33 63 77 34 10 
57 61 27 33 44 89 59 67 50 27 75 43 16 26 26 72 34 40 78 83 71 50 32 48 29 36 53 59 11 46 54 34 52 32 74 41 53 26 48 7 61 22 83 49 56 48 72 56 49 24 81 26 52 38 51 47 63 64 36 74 44 16 26 44 70 18 14 23 43 9 48 20 45 81 13 55 55 36 0 74 34 58 64 47 76 6 16 35 74 60 17 63 47 34 21 63 61 53 36 26 
81 40 50 42 82 14 63 28 63 56 59 33 61 53 51 79 79 81 62 82 35 88 99 76 84 61 68 16 79 32 38 56 26 79 32 35 36 81 49 73 21 59 10 43 21 116 33 25 65 79 68 99 35 45 65 40 12 71 74 17 39 90 56 53 7 57 64 96 81 83 27 88 114 73 67 52 20 58 74 0 55 18 11 29 42 69 61 50 12 45 88 53 29 82 61 36 33 75 39 58 
79 28 34 19 28 69 72 38 65 7 82 24 34 11 14 89 23 26 86 98 68 76 66 70 29 53 70 40 44 41 55 48 43 60 70 34 22 28 56 29 51 38 62 17 34 82 68 48 19 25 90 59 50 10 21 49 43 80 60 62 16 44 9 54 54 30 20 56 69 41 37 37 79 93 21 21 40 51 34 55 0 37 44 37 75 32 18 44 60 64 40 70 39 62 40 62 31 27 22 41 
76 27 37 25 64 32 60 18 58 39 61 16 47 35 34 78 61 63 65 83 40 79 85 68 66 52 63 3 64 24 35 46 19 68 40 23 20 64 44 56 22 46 25 27 3 102 39 22 49 61 71 83 30 28 49 34 6 69 64 28 22 73 38 46 18 43 47 81 72 67 15 71 100 75 50 37 11 49 58 18 37 0 7 18 48 54 44 40 24 45 72 53 20 71 48 37 20 58 22 46 
78 31 42 31 71 25 61 20 60 45 60 22 52 42 40 78 67 70 64 82 37 82 90 71 73 55 64 5 70 26 36 49 20 72 36 27 26 70 45 62 20 51 19 32 10 108 36 22 55 67 69 89 31 34 55 35 1 70 67 23 28 79 45 48 12 48 53 87 75 73 19 77 105 74 56 42 12 52 64 11 44 7 0 21 45 59 51 44 18 44 78 52 22 75 53 36 24 64 28 50 
58 40 22 19 65 42 43 35 40 35 48 15 33 30 28 61 59 63 52 67 31 62 70 51 62 34 45 16 51 6 20 28 6 51 33 7 30 59 26 47 15 30 38 35 17 87 31 11 54 56 57 70 15 29 55 16 20 52 46 27 27 63 34 28 24 29 39 68 54 55 2 63 85 60 42 46 9 31 47 29 37 18 21 0 38 42 36 23 27 30 62 37 2 54 32 25 35 63 16 29 
52 74 49 56 103 46 31 65 37 72 18 53 59 67 64 43 96 100 22 42 8 63 87 50 97 45 40 44 75 34 22 43 32 63 9 41 66 94 29 78 26 54 49 72 49 103 9 28 92 91 27 93 25 67 92 29 45 37 55 25 64 91 71 34 35 58 72 91 58 83 39 95 100 32 75 83 38 43 76 42 75 48 45 38 0 70 70 41 30 16 93 20 36 65 55 13 68 101 53 50 
54 58 21 29 46 83 54 63 45 25 70 39 11 23 23 68 37 42 73 79 66 47 34 44 33 31 48 54 12 41 48 29 46 30 69 35 49 29 43 9 55 16 78 47 51 51 67 50 49 27 76 30 46 35 51 41 59 60 33 68 41 22 24 38 65 13 13 27 40 14 43 25 48 77 12 54 50 31 6 69 32 54 59 42 70 0 14 29 68 55 23 57 42 32 16 58 58 54 31 21 
64 45 22 19 36 76 60 51 52 11 74 29 18 10 10 76 27 32 77 86 65 59 48 55 27 38 56 45 26 37 49 35 42 43 67 31 36 24 46 12 51 23 70 33 41 64 65 46 35 21 81 42 45 22 38 41 50 67 44 64 28 29 10 43 58 15 3 39 52 25 37 27 62 82 6 40 43 37 16 61 18 44 51 36 70 14 0 33 62 57 27 61 37 45 24 57 45 42 22 27 
37 58 11 27 68 63 28 56 21 38 41 31 19 33 30 45 60 65 45 54 37 39 50 29 59 11 26 39 34 18 20 5 24 29 41 18 48 55 14 38 31 13 60 50 39 67 38 26 63 53 48 53 19 40 65 13 43 36 24 44 41 50 37 11 44 19 34 51 32 42 25 54 64 50 36 60 32 9 35 50 44 40 44 23 41 29 33 0 45 26 52 29 21 32 14 29 54 71 26 9 
72 50 48 44 87 19 53 38 55 60 47 36 59 55 53 69 83 86 51 70 23 80 95 68 87 54 59 21 77 28 30 50 22 74 20 33 44 84 41 73 14 56 20 50 26 112 21 19 73 81 56 96 27 50 72 33 19 61 67 5 45 89 59 46 6 56 65 94 73 82 26 89 109 61 68 61 20 52 74 12 60 24 18 27 30 68 62 45 0 35 89 43 26 77 57 25 42 82 40 54 
38 70 35 46 91 54 18 63 22 60 18 45 44 55 52 34 84 88 22 38 16 48 70 35 84 28 25 42 59 24 10 27 26 47 20 31 60 80 13 63 24 39 54 64 45 87 17 23 83 78 27 76 15 58 84 16 44 26 38 31 56 76 59 18 38 44 59 75 43 67 32 80 84 30 61 76 34 27 60 45 64 45 44 30 16 55 57 26 35 0 78 8 28 49 39 10 64 91 43 34 
72 68 44 47 38 103 75 77 66 35 92 56 34 37 38 88 29 34 95 99 88 62 36 63 21 52 69 73 23 62 71 51 68 45 91 56 62 18 65 16 77 39 97 57 69 47 89 72 50 19 98 24 69 47 52 64 77 81 51 90 54 7 34 61 85 35 25 21 57 13 63 6 45 98 22 60 70 53 17 88 40 72 78 62 93 23 27 52 89 78 0 80 63 46 39 80 71 51 50 43 
32 77 39 52 97 61 12 71 18 66 13 52 47 60 58 26 88 93 16 30 22 43 69 31 88 28 20 50 60 32 17 29 34 45 26 37 68 84 15 66 32 41 62 72 53 84 24 31 89 82 20 76 23 64 90 22 52 19 36 38 64 77 65 19 46 47 63 75 39 69 39 83 82 23 65 83 42 27 63 53 70 53 52 37 20 57 61 29 43 8 80 0 35 47 41 18 72 98 50 37 
56 42 21 20 67 43 41 37 38 37 46 17 33 31 29 59 61 65 50 65 29 60 69 49 63 32 43 18 51 4 18 27 5 50 31 7 33 60 24 47 14 30 39 37 19 87 29 9 56 57 55 70 13 31 57 14 22 50 45 27 29 63 36 26 24 29 40 68 53 56 5 63 84 58 43 48 10 30 47 29 39 20 22 2 36 42 37 21 26 28 63 35 0 53 32 23 37 65 17 28 
26 84 35 52 78 95 38 86 29 55 57 60 28 52 50 44 68 73 58 56 64 16 22 19 63 22 29 70 24 50 48 27 56 3 68 49 75 59 37 40 63 27 92 74 69 38 66 58 80 58 59 32 49 63 82 44 75 39 11 75 67 41 54 32 76 33 44 33 11 33 57 51 35 58 44 83 63 25 34 82 62 71 75 54 65 32 45 32 77 49 46 47 53 0 25 57 82 86 53 26 
40 60 11 28 60 75 38 61 29 33 54 35 6 28 26 53 51 56 57 63 51 37 38 31 48 15 33 47 20 29 34 13 36 22 55 26 50 44 27 25 44 2 71 50 46 55 52 39 58 42 60 39 32 39 60 27 52 44 21 57 42 36 31 22 56 10 24 37 29 28 34 41 53 60 26 59 41 15 21 61 40 48 53 32 55 16 24 14 57 39 39 41 32 25 0 43 58 65 28 5 
48 63 36 43 90 44 28 55 31 59 24 40 47 53 51 44 83 87 28 46 8 57 77 44 84 35 35 34 63 21 9 32 20 54 12 28 55 81 19 65 16 42 44 59 38 94 9 16 79 78 34 82 12 54 80 16 35 36 46 21 52 79 58 25 28 46 59 80 51 71 27 82 91 38 62 71 27 33 63 36 62 37 36 25 13 58 57 29 25 10 80 18 23 57 43 0 57 88 40 38 
92 7 48 30 53 44 78 7 74 36 81 23 55 35 36 96 52 53 85 102 60 93 92 84 60 66 80 24 70 41 54 60 38 80 60 37 9 58 61 57 42 56 36 14 19 109 60 41 34 56 90 87 49 23 33 51 24 87 77 47 17 74 36 62 36 50 48 85 85 70 33 68 106 94 50 20 30 63 61 33 31 20 24 35 68 58 45 54 42 64 71 72 37 82 58 57 0 43 30 57 
105 37 61 46 15 87 99 50 92 33 109 48 59 38 41 116 22 18 113 125 94 101 84 96 31 79 97 61 64 68 82 74 69 84 95 61 39 33 83 47 76 64 79 32 56 97 94 73 10 32 118 74 77 34 10 76 64 107 85 85 37 57 34 82 76 56 42 71 94 58 62 46 95 120 42 24 64 77 53 75 27 58 64 63 101 54 42 71 82 91 51 98 65 86 65 88 43 0 48 68 
63 32 18 3 50 53 53 33 47 20 61 7 26 15 13 71 44 47 65 78 46 64 64 55 47 37 52 23 43 19 33 31 21 50 48 12 22 44 36 34 30 26 47 23 20 81 47 26 39 41 70 61 29 15 41 27 28 61 47 42 15 51 19 36 36 21 25 59 56 45 15 49 79 72 28 34 21 34 36 39 22 22 28 16 53 31 22 26 40 43 50 50 17 53 28 40 30 48 0 28 
38 60 9 28 63 71 34 60 25 35 49 34 10 30 28 49 54 59 52 59 46 36 41 29 52 11 29 45 25 26 29 8 32 23 50 23 50 48 22 30 40 5 68 50 44 59 48 35 60 46 55 43 28 39 62 22 49 41 20 53 42 41 34 17 52 12 28 42 28 32 31 46 56 56 30 60 38 10 26 58 41 46 50 29 50 21 27 9 54 34 43 37 28 26 5 38 57 68 28 0 
0 69 0 2209 58 2812 293 266 0 49 0 219 0 131 0 349 0 0 337 0 0 2906 8 0 999 0 28 21 2077 195 0 31 584 306 86 23 0 181 0 120 0 1588 57 46 11 1026 7 16 941 0 125 35 0 94 65 0 399 0 27 69 0 9 0 0 563 645 8 368 28 0 3000 0 19 16 0 0 2080 0 128 25 652 8 150 0 21 420 0 0 250 3000 0 130 1081 7 0 0 0 0 0 0 
69 0 38 53 1951 0 215 16 146 29 14 91 0 80 125 12 117 53 139 0 0 210 85 106 0 772 3000 7 0 0 101 1055 91 739 539 2292 9 50 496 204 12 0 0 0 834 138 1333 115 847 36 68 48 198 301 147 22 1819 0 108 19 542 607 72 195 37 1015 15 495 10 540 3000 200 0 33 0 106 617 181 60 16 64 0 65 0 32 0 11 3000 232 132 145 512 44 1578 68 29 10 115 851 0 
0 38 0 3000 77 0 0 101 37 0 887 48 0 787 10 0 125 55 0 0 0 28 46 18 0 20 22 335 0 0 1419 307 0 69 483 0 0 8 10 0 25 0 0 0 0 0 101 143 0 110 432 145 468 8 66 478 9 0 1481 558 30 245 37 354 244 0 145 25 1311 467 35 7 0 3000 0 15 0 23 139 1641 1159 0 339 0 121 0 300 182 346 39 248 64 0 0 114 1643 86 27 206 0 
2209 53 3000 0 124 12 61 129 37 46 288 30 26 116 8 89 86 237 1312 0 8 57 11 3000 34 32 55 862 23 23 1130 83 36 274 545 15 24 87 545 502 349 37 25 89 1856 369 132 58 26 327 29 287 63 33 924 13 785 398 64 492 31 303 141 972 1342 852 17 25 27 45 17 19 555 69 17 219 8 376 37 42 182 184 349 1052 43 143 49 408 9 1216 87 24 976 405 38 13 563 63 27 63 
58 1951 77 124 0 0 1916 52 0 52 0 446 0 573 0 64 0 20 18 0 0 0 0 0 0 0 466 0 0 0 0 3000 150 1614 3000 11 0 158 0 0 167 0 0 13 0 45 357 100 29 0 549 454 0 323 68 3000 125 0 12 0 0 405 0 0 80 63 49 15 73 0 71 0 0 187 0 0 45 0 15 108 26 0 95 0 7 0 0 0 56 408 0 506 837 0 0 0 0 0 0 0 
2812 0 0 12 0 0 216 0 0 581 0 0 3000 0 0 397 0 0 15 0 470 15 1658 0 49 0 1565 68 34 60 832 122 0 0 0 736 163 323 0 27 0 164 1660 123 3000 165 0 3000 248 209 9 0 0 0 15 0 0 28 0 3000 0 118 0 0 0 22 0 22 21 0 1260 413 7 109 63 0 523 0 0 306 65 94 0 995 0 759 0 0 12 0 0 0 14 157 0 0 772 0 0 485 
293 215 0 61 1916 216 0 1197 0 41 107 83 3000 68 21 41 3000 0 110 12 19 3000 216 25 25 9 7 32 744 16 153 140 0 73 235 121 17 700 82 1485 0 162 53 49 157 371 0 80 27 242 38 119 1102 64 155 113 13 71 645 31 0 1151 37 0 60 64 463 131 28 0 299 795 237 10 23 13 39 1471 858 165 1253 160 107 296 45 1244 0 0 3000 3000 538 20 223 40 577 0 163 0 32 34 
266 16 101 129 52 0 1197 0 64 62 1458 13 0 1343 28 1462 1293 13 584 0 0 0 45 452 0 1705 219 269 0 0 978 59 132 710 179 0 0 114 975 0 14 0 0 0 81 1142 1075 30 0 125 1816 264 58 26 50 268 343 0 26 35 388 53 30 47 3000 0 63 8 256 59 887 0 0 677 0 58 0 287 94 330 789 0 169 0 12 0 90 186 1521 105 482 62 3000 0 0 49 384 810 0 0 
0 146 37 37 0 0 0 64 0 0 149 0 0 0 25 0 445 8 0 172 51 543 43 14 0 486 43 38 0 0 9 407 0 130 8 0 14 581 334 0 66 0 0 0 388 0 1219 944 0 95 263 0 850 57 0 72 790 0 53 329 7 19 43 55 88 0 0 63 29 141 141 793 0 0 0 11 0 99 32 7 0 0 1115 1424 0 0 14 25 226 110 394 316 0 0 22 435 156 631 906 0 
49 29 0 46 52 581 41 62 0 0 0 230 98 73 0 83 0 0 9 0 0 303 36 0 145 0 548 85 488 1055 305 42 40 188 17 557 120 3000 0 25 0 21 26 55 195 198 0 98 732 0 426 1219 0 0 205 0 247 3000 49 193 0 454 0 0 0 168 23 100 1674 0 959 0 30 264 0 0 1940 0 148 946 190 1699 0 0 63 26 0 0 52 36 0 644 2855 412 0 0 0 0 0 0 
0 14 887 288 0 0 107 1458 149 0 0 0 1589 0 302 0 349 3000 151 11 10 402 103 507 0 214 717 56 0 2702 31 20 0 179 47 57 970 11 21 48 353 44 15 0 867 1562 215 16 0 479 733 232 151 111 0 22 538 186 291 34 51 71 160 71 212 0 29 37 103 187 416 1321 0 88 552 18 0 284 366 53 73 49 241 38 0 53 1025 206 185 133 12 204 0 1160 131 912 19 14 13 422 
219 91 48 30 446 0 83 13 0 230 0 0 0 208 0 590 0 1275 1161 0 0 0 0 0 0 0 28 0 0 0 0 203 395 32 82 65 0 59 0 0 115 0 0 24 0 240 12 654 11 0 98 1089 0 21 3000 0 180 0 30 0 0 16 0 0 42 158 7 488 18 0 656 0 0 15 0 0 134 0 26 15 76 0 3000 0 38 0 0 0 55 20 0 2037 91 0 0 0 0 0 0 0 
0 0 0 26 0 3000 3000 0 0 98 1589 0 0 0 535 0 3000 0 10 20 32 68 3000 687 232 18 8 65 0 3000 746 460 0 0 93 2717 249 156 40 54 0 76 36 0 52 1004 0 0 134 36 784 0 11 0 0 0 0 139 0 19 0 53 24 69 0 70 0 334 17 0 0 283 169 1660 23 119 97 145 0 3000 851 283 10 123 0 406 0 0 91 0 33 0 0 20 38 0 14 0 3000 702 
131 80 787 116 573 0 68 1343 0 73 0 208 0 0 0 53 0 10 734 0 0 0 0 0 0 0 418 0 0 0 0 204 36 67 338 210 0 223 0 0 12 0 0 433 0 20 259 161 367 0 356 241 0 17 117 110 71 0 80 0 0 128 0 0 1008 86 210 86 74 0 123 0 0 11 0 0 107 0 216 18 2389 0 134 0 14 0 0 0 74 14 0 23 241 0 0 0 0 0 0 0 
0 125 10 8 0 0 21 28 25 0 302 0 535 0 0 0 1268 36 0 40 524 392 13 1184 0 523 736 3000 0 0 1543 576 0 10 89 0 426 2743 112 58 421 0 0 0 7 0 14 34 0 92 12 0 19 467 0 100 0 12 0 118 25 1687 10 7 40 0 0 42 10 2057 18 55 0 241 43 239 0 15 149 30 0 0 139 43 0 0 135 72 1228 100 259 466 0 8 658 13 126 203 41 374 
349 12 0 89 64 397 41 1462 0 83 0 590 0 53 0 0 0 68 45 0 0 0 0 0 286 0 447 0 479 0 0 3000 16 42 195 19 0 109 0 0 87 0 0 644 0 10 278 494 48 0 759 10 0 7 54 0 549 0 171 0 0 84 0 0 269 166 90 13 12 0 1197 0 145 8 0 0 32 0 50 1113 149 0 7 0 509 0 0 0 898 7 0 476 42 0 0 0 0 0 0 0 
0 117 125 86 0 0 3000 1293 445 0 349 0 3000 0 1268 0 0 725 485 151 59 2858 103 29 0 28 34 273 0 525 314 67 0 35 3000 87 91 698 836 9 186 108 50 0 102 0 37 78 0 260 33 0 1933 9 0 8 0 7 0 1504 12 73 66 1064 52 0 0 9 45 76 117 121 0 1147 8 122 0 1331 17 508 93 50 33 210 0 148 814 1099 133 31 116 117 0 1557 150 96 12 19 185 85 
0 53 55 237 20 0 0 13 8 0 3000 1275 0 10 36 68 725 0 12 0 0 42 2512 35 0 427 294 871 0 0 140 30 22 87 49 0 0 35 60 0 186 0 0 0 0 0 49 389 0 21 93 1230 86 49 1459 665 123 0 120 268 3000 146 90 48 41 0 21 74 87 11 36 1791 0 27 0 25 0 116 410 778 115 0 9 0 8 0 46 70 1289 641 71 360 16 0 19 206 518 40 126 0 
337 139 0 1312 18 15 110 584 0 9 151 1161 10 734 0 45 485 12 0 0 208 121 1645 326 17 0 13 20 371 2710 23 708 69 39 99 67 852 8 0 181 12 32 8 263 337 12 654 166 369 20 844 82 0 10 3000 529 875 11 60 10 0 211 0 0 30 85 12 462 136 0 42 1000 823 37 0 426 110 258 566 63 73 275 119 0 244 107 0 0 22 595 0 77 191 2213 0 0 26 0 0 0 
0 0 0 0 0 0 12 0 172 0 11 0 20 0 40 0 151 0 0 0 81 73 67 235 0 862 3000 41 0 29 3000 1056 0 0 0 0 49 0 41 18 0 27 2022 0 105 0 0 0 0 179 109 0 9 0 0 0 0 17 0 13 0 105 55 15 0 0 0 521 0 0 0 109 0 0 1048 19 0 2729 0 0 0 83 169 17 0 3000 0 0 0 0 127 0 0 1408 9 0 35 1564 500 430 
0 0 0 8 0 470 19 0 51 0 10 0 32 0 524 0 59 0 208 81 0 272 201 728 0 169 398 99 0 109 606 54 0 0 38 19 71 9 205 134 0 208 2097 0 619 0 0 36 0 683 107 0 10 707 0 43 0 41 0 96 0 13 612 736 0 0 0 107 9 22 0 146 123 2428 257 218 0 55 0 814 7 14 220 30 0 29 0 153 8 0 123 0 0 325 47 163 82 148 981 875 
2906 210 28 57 0 15 3000 0 543 303 402 0 68 0 392 0 2858 42 121 73 272 0 24 79 11 13 47 47 283 220 137 116 0 123 50 274 8 54 17 18 221 645 534 67 370 11 28 55 11 59 285 0 509 3000 0 12 0 7 0 3000 31 41 22 64 22 718 0 271 679 64 397 1105 428 17 444 95 16 29 0 23 25 38 611 302 0 160 409 49 485 2788 1846 87 0 1925 8 25 11 28 160 247 
8 85 46 11 0 1658 216 45 43 36 103 0 3000 0 13 0 103 2512 1645 67 201 24 0 1012 0 265 10 26 0 37 470 27 0 189 30 154 229 16 114 9 50 69 1599 0 2982 55 1137 1512 0 8 366 133 1338 598 460 208 394 151 30 179 556 902 116 97 13 2323 358 485 975 500 759 83 0 34 1201 134 0 8 26 19 1604 69 57 7 0 1101 41 277 158 18 3000 2905 0 345 15 48 140 21 450 1207 
0 106 18 3000 0 0 25 452 14 0 507 0 687 0 1184 0 29 35 326 235 728 79 1012 0 0 37 224 828 0 328 28 10 0 10 156 178 53 152 299 246 390 11 22 0 148 0 1286 273 0 3000 93 0 17 32 0 16 268 1428 0 1236 198 23 1021 140 161 0 0 19 255 40 438 3000 0 1084 304 864 0 12 17 119 45 32 13 550 0 257 11 67 100 15 15 20 0 144 20 39 215 185 17 539 
999 0 0 34 0 49 25 0 0 145 0 0 232 0 0 286 0 0 17 0 0 11 0 0 0 0 0 0 110 1772 0 0 0 0 0 139 0 56 0 888 0 36 7 27 578 119 0 0 361 0 0 0 0 0 3000 0 0 0 0 0 0 78 0 0 0 3000 0 603 0 0 102 0 177 14 0 0 21 0 0 474 846 805 0 0 0 1674 0 0 1083 0 0 0 8 41 0 0 0 0 0 0 
0 772 20 32 0 0 9 1705 486 0 214 0 18 0 523 0 28 427 0 862 169 13 265 37 0 0 54 58 0 0 255 1001 0 23 435 0 64 43 62 12 222 0 0 0 103 0 47 62 0 70 91 0 82 9 0 178 0 96 0 136 1203 23 71 472 201 0 0 23 29 766 695 864 0 8 11 1856 0 20 573 21 361 121 82 486 0 0 136 253 444 16 100 199 0 1798 16 66 41 1256 31 433 
28 3000 22 55 466 1565 7 219 43 548 717 28 8 418 736 447 34 294 13 3000 398 47 10 224 0 54 0 26 0 22 14 134 71 2440 78 143 38 222 388 15 108 82 146 0 19 670 8 51 54 163 997 71 43 31 2015 8 955 351 372 49 35 146 641 182 215 19 50 78 193 1732 31 27 0 86 47 8 11 534 501 10 1661 598 666 49 35 42 235 13 244 33 27 33 21 3000 15 235 692 25 98 70 
21 7 335 862 0 68 32 269 38 85 56 0 65 0 3000 0 273 871 20 41 99 47 26 828 0 58 26 0 0 67 129 38 0 1691 22 55 40 10 71 1103 44 122 979 0 1458 3000 272 37 13 208 9 0 47 13 0 1740 865 12 546 1495 119 220 238 37 49 60 235 11 61 765 34 89 15 10 12 35 431 393 60 22 679 8 1082 407 0 973 492 3000 9 24 1882 33 0 17 81 92 7 511 398 93 
2077 0 0 23 0 34 744 0 0 488 0 0 0 0 0 479 0 0 371 0 0 283 0 0 110 0 0 0 0 675 751 51 0 0 0 310 0 12 0 300 0 39 131 199 15 433 0 0 247 0 0 0 0 0 33 0 0 0 0 1381 0 1789 0 0 0 2813 0 8 0 0 890 0 49 1027 0 0 77 0 0 138 222 30 0 0 0 522 0 0 10 0 0 0 61 13 0 0 0 0 0 0 
195 0 0 23 0 60 16 0 0 1055 2702 0 3000 0 0 0 525 0 2710 29 109 220 37 328 1772 0 22 67 675 0 14 13 0 0 57 991 36 179 0 18 0 109 366 64 368 34 0 26 2270 136 9 0 0 0 0 0 0 44 0 88 0 323 13 0 0 93 0 1637 64 0 867 121 2061 40 585 32 481 0 0 758 163 3000 0 62 0 2478 0 0 470 0 0 0 0 21 214 0 23 0 41 83 
0 101 1419 1130 0 832 153 978 9 305 31 0 746 0 1543 0 314 140 23 3000 606 137 470 28 0 255 14 129 751 14 0 612 0 27 105 674 563 146 116 186 21 15 2607 664 361 2057 243 1097 185 7 55 0 326 48 0 1145 0 2186 0 15 45 378 16 295 479 23 0 244 26 1330 32 46 643 12 470 11 16 256 0 471 212 615 26 99 0 111 124 120 17 98 727 63 0 485 18 9 36 78 3000 10 
31 1055 307 83 3000 122 140 59 407 42 20 203 460 204 576 3000 67 30 708 1056 54 116 27 10 0 1001 134 38 51 13 612 0 926 156 129 1620 141 147 3000 1470 10 213 128 33 172 326 3000 547 25 801 709 220 80 51 2416 67 32 20 987 31 1849 1129 95 76 425 546 19 91 253 1636 371 143 14 28 1650 1802 14 3000 20 486 16 85 50 232 189 9 11 28 74 26 73 382 26 68 1753 79 1096 296 197 76 
584 91 0 36 150 0 0 132 0 40 0 395 0 36 0 16 0 22 69 0 0 0 0 0 0 0 71 0 0 0 0 926 0 25 3000 0 0 95 0 0 1548 0 0 324 0 128 687 97 17 0 28 1117 0 84 18 0 813 0 37 0 0 43 0 0 1478 217 376 196 30 0 56 0 0 11 0 0 21 0 135 202 121 0 368 0 470 0 0 0 13 34 0 47 303 0 0 0 0 0 0 0 
306 739 69 274 1614 0 73 710 130 188 179 32 0 67 10 42 35 87 39 0 0 123 189 10 0 23 2440 1691 0 0 27 156 25 0 60 9 3000 325 17 117 63 0 3000 0 577 39 418 339 866 93 18 162 48 8 51 839 558 0 126 406 10 11 52 16 44 946 81 601 2003 10 300 68 0 19 0 1064 717 331 1489 3000 17 196 118 0 3000 0 947 293 52 1041 389 38 94 135 28 56 30 178 492 0 
86 539 483 545 3000 0 235 179 8 17 47 82 93 338 89 195 3000 49 99 0 38 50 30 156 0 435 78 22 0 57 105 129 3000 60 0 58 697 29 14 383 359 0 8 0 3000 11 8 7 0 656 62 63 388 60 1640 121 260 0 1179 179 60 1698 99 12 106 12 713 106 3000 37 178 158 0 74 0 57 0 28 82 17 24 21 42 0 496 0 10 149 200 113 496 1802 16 1790 404 3000 1240 71 9 43 
23 2292 0 15 11 736 121 0 0 557 57 65 2717 210 0 19 87 0 67 0 19 274 154 178 139 0 143 55 310 991 674 1620 0 9 58 0 213 84 0 142 0 38 1303 131 715 348 0 8 146 27 652 0 0 0 3000 0 128 70 0 659 0 239 0 0 0 56 57 464 161 0 66 199 189 121 94 0 385 0 0 124 3000 99 0 0 17 153 0 0 33 8 0 0 12 21 0 0 41 0 160 7 
0 9 0 24 0 163 17 0 14 120 970 0 249 0 426 0 91 0 852 49 71 8 229 53 0 64 38 40 0 36 563 141 0 3000 697 213 0 56 277 16 21 98 39 0 67 761 0 105 0 34 25 0 7 102 0 147 0 119 0 83 126 87 1058 17 251 1337 0 303 11 715 374 2642 79 24 77 10 0 678 0 15 141 1843 18 506 0 35 31 423 9 11 3000 0 0 54 66 111 80 32 24 39 
181 50 8 87 158 323 700 114 581 3000 11 59 156 223 2743 109 698 35 8 0 9 54 16 152 56 43 222 10 12 179 146 147 95 325 29 84 56 0 1178 973 38 54 8 31 197 1175 229 676 242 174 8 309 45 632 1498 190 9 0 367 17 136 3000 131 31 10 17 85 40 295 966 1145 176 29 41 0 542 24 15 446 18 396 78 51 0 538 18 51 151 582 83 56 34 45 12 32 331 993 74 901 0 
0 496 10 545 0 0 82 975 334 0 21 0 40 0 112 0 836 60 0 41 205 17 114 299 0 62 388 71 0 0 116 3000 0 17 14 0 277 1178 0 975 61 0 0 0 75 0 3000 25 0 13 3000 0 183 963 0 26 0 55 0 2066 11 25 118 21 37 0 0 27 37 52 101 13 0 587 30 371 0 9 23 17 0 0 84 55 0 0 534 20 141 55 63 1113 0 0 12 1070 16 762 340 14 
120 204 0 502 0 27 1485 0 0 25 48 0 54 0 58 0 9 0 181 18 134 18 9 246 888 12 15 1103 300 18 186 1470 0 117 383 142 16 973 975 0 0 11 54 155 123 211 0 3000 16 72 15 0 3000 75 0 687 0 673 0 69 0 3000 21 66 0 294 0 259 95 0 1423 1337 89 130 761 367 25 15 0 1132 31 198 280 1236 0 399 0 0 64 140 18 0 0 512 625 0 543 11 65 116 
0 12 25 349 167 0 0 14 66 0 353 115 0 12 421 87 186 186 12 0 0 221 50 390 0 222 108 44 0 0 21 10 1548 63 359 0 21 38 61 0 0 0 0 0 62 0 113 47 0 100 751 85 199 47 614 10 62 0 1310 353 38 276 1625 73 7 0 211 105 45 1346 1767 812 0 636 0 297 0 775 537 108 10 0 37 0 768 0 14 35 24 2957 2088 28 148 0 106 33 106 94 134 0 
1588 0 0 37 0 164 162 0 0 21 44 0 76 0 0 0 108 0 32 27 208 645 69 11 36 0 82 122 39 109 15 213 0 0 0 38 98 54 0 11 0 0 85 541 10 810 0 0 290 173 119 0 0 0 0 0 0 13 0 27 0 334 0 0 0 35 0 70 0 0 21 189 8 72 73 0 2627 0 0 16 56 407 0 103 0 817 0 0 410 0 0 0 0 1185 222 0 276 0 936 1279 
57 0 0 25 0 1660 53 0 0 26 15 0 36 0 0 0 50 0 8 2022 2097 534 1599 22 7 0 146 979 131 366 2607 128 0 3000 8 1303 39 8 0 54 0 85 0 13 7 214 0 339 223 25 1141 0 0 0 8 0 0 12 0 362 0 33 0 0 0 3000 0 13 130 0 854 137 127 77 48 0 72 0 0 59 56 462 0 187 0 16 0 0 36 0 0 0 0 1181 0 0 3000 0 9 296 
46 0 0 89 13 123 49 0 0 55 0 24 0 433 0 644 0 0 263 0 0 67 0 0 27 0 0 0 199 64 664 33 324 0 0 131 0 31 0 155 0 541 13 0 26 68 0 1813 39 0 9 0 0 0 228 0 0 0 0 183 0 906 0 0 0 82 55 57 0 0 363 0 43 922 0 0 25 0 0 362 9 103 0 0 1924 726 0 0 3000 0 0 0 82 9 0 0 0 0 0 0 
11 834 0 1856 0 3000 157 81 388 195 867 0 52 0 7 0 102 0 337 105 619 370 2982 148 578 103 19 1458 15 368 361 172 0 577 3000 715 67 197 75 123 62 10 7 26 0 66 0 764 116 17 91 0 528 103 17 526 206 116 0 174 0 20 112 90 486 1440 237 25 74 0 819 77 8 25 386 31 20 396 0 1793 115 17 11 3000 0 108 0 40 398 11 82 858 0 729 1018 0 93 30 63 63 
1026 138 0 369 45 165 371 1142 0 198 1562 240 1004 20 0 10 0 0 12 0 0 11 55 0 119 0 670 3000 433 34 2057 326 128 39 11 348 761 1175 0 211 0 810 214 68 66 0 0 433 3000 0 13 85 0 110 86 0 14 473 1173 307 0 1128 0 0 0 3000 89 12 16 0 249 0 39 198 0 0 125 0 29 174 20 89 146 0 1307 13 0 0 143 1181 0 282 135 101 0 0 0 0 0 0 
7 1333 101 132 357 0 0 1075 1219 0 215 12 0 259 14 278 37 49 654 0 0 28 1137 1286 0 47 8 272 0 0 243 3000 687 418 8 0 0 229 3000 0 113 0 0 0 0 0 0 1501 0 33 317 25 144 172 189 60 254 0 12 235 1643 166 8 18 35 0 9 44 114 213 10 55 0 227 0 17 0 191 271 1835 20 0 1734 0 10 0 713 13 166 1000 457 13 31 0 0 570 66 43 12 0 
16 115 143 58 100 3000 80 30 944 98 16 654 0 161 34 494 78 389 166 0 36 55 1512 273 0 62 51 37 0 26 1097 547 97 339 7 8 105 676 25 3000 47 0 339 1813 764 433 1501 0 13 74 98 40 25 54 62 141 296 0 3000 50 260 130 222 304 443 36 63 240 13 114 42 112 0 715 0 134 10 140 22 3000 31 112 97 0 110 0 572 35 407 78 216 25 12 347 108 662 178 102 21 0 
941 847 0 26 29 248 27 0 0 732 0 11 134 367 0 48 0 0 369 0 0 11 0 0 361 0 54 13 247 2270 185 25 17 866 0 146 0 242 0 16 0 290 223 39 116 3000 0 13 0 0 1154 0 0 0 287 0 0 530 0 8 0 19 0 0 0 219 315 303 2012 0 85 0 77 10 0 0 197 0 0 905 30 30 0 0 13 61 0 0 547 0 0 0 22 28 0 0 0 0 0 0 
0 36 110 327 0 209 242 125 95 0 479 0 36 0 92 0 260 21 20 179 683 59 8 3000 0 70 163 208 0 136 7 801 0 93 656 27 34 174 13 72 100 173 25 0 17 0 33 74 0 0 194 0 17 205 0 159 0 14 0 203 202 13 157 368 55 0 0 210 145 369 116 51 0 58 10 12 0 172 0 111 33 3000 523 321 0 282 52 194 179 276 17 921 0 586 307 42 19 124 64 159 
125 68 432 29 549 9 38 1816 263 426 733 98 784 356 12 759 33 93 844 109 107 285 366 93 0 91 997 9 0 9 55 709 28 18 62 652 25 8 3000 15 751 119 1141 9 91 13 317 98 1154 194 0 739 1039 1001 72 1855 33 138 665 10 40 666 8 33 131 2413 45 55 146 27 56 12 216 97 0 353 32 262 32 503 22 268 490 231 427 16 344 11 72 215 58 493 251 95 146 36 1532 70 1152 17 
35 48 145 287 454 0 119 264 0 1219 232 1089 0 241 0 10 0 1230 82 0 0 0 133 0 0 0 71 0 0 0 0 220 1117 162 63 0 0 309 0 0 85 0 0 0 0 85 25 40 0 0 739 0 0 365 749 25 2106 0 427 0 99 159 0 0 80 0 375 3000 653 0 49 0 0 1394 0 1160 0 618 70 45 28 0 41 0 45 0 0 17 31 22 0 23 526 0 0 0 0 0 0 0 
0 198 468 63 0 0 1102 58 850 0 151 0 11 0 19 0 1933 86 0 9 10 509 1338 17 0 82 43 47 0 0 326 80 0 48 388 0 7 45 183 3000 199 0 0 0 528 0 144 25 0 17 1039 0 0 2347 0 1896 617 10 12 1017 314 598 14 26 158 0 2883 497 8 30 791 34 0 2099 2695 1355 0 147 235 233 9 0 111 239 0 0 131 55 378 11 12 88 0 0 1108 608 302 55 2248 8 
94 301 8 33 323 0 64 26 57 0 111 21 0 17 467 7 9 49 10 0 707 3000 598 32 0 9 31 13 0 0 48 51 84 8 60 0 102 632 963 75 47 0 0 0 103 110 172 54 0 205 1001 365 2347 0 50 65 206 0 1002 2224 617 7 230 210 277 0 21 15 482 57 332 14 0 26 0 209 0 575 157 3000 50 0 8 0 209 0 17 44 293 541 113 169 420 0 196 282 38 10 186 0 
65 147 66 924 68 15 155 50 0 205 0 3000 0 117 0 54 0 1459 3000 0 0 0 460 0 3000 0 2015 0 33 0 0 2416 18 51 1640 3000 0 1498 0 0 614 0 8 228 17 86 189 62 287 0 72 749 0 50 0 1858 9 0 27 0 0 547 0 0 72 48 16 47 8 0 361 0 37 276 0 0 28 0 3000 2379 23 0 30 0 98 0 0 0 262 258 0 178 150 0 0 0 0 0 0 0 
0 22 478 13 3000 0 113 268 72 0 22 0 0 110 100 0 8 665 529 0 43 12 208 16 0 178 8 1740 0 0 1145 67 0 839 121 0 147 190 26 687 10 0 0 0 526 0 60 141 0 159 1855 25 1896 65 1858 0 89 0 74 20 109 2489 759 95 86 0 192 1475 36 13 9 22 0 63 0 72 0 433 16 97 276 0 102 0 0 0 52 37 46 9 19 11 0 0 132 45 16 23 274 0 
399 1819 9 785 125 0 13 343 790 247 538 180 0 71 0 549 0 123 875 0 0 0 394 268 0 0 955 865 0 0 0 32 813 558 260 128 0 9 0 0 62 0 0 0 206 14 254 296 0 0 33 2106 617 206 9 89 0 0 459 3000 11 65 0 0 19 81 69 414 2409 667 7 0 0 1507 0 18 47 90 39 26 41 0 57 0 61 0 228 474 32 41 0 300 61 0 0 204 0 219 0 0 
0 0 0 398 0 28 71 0 0 3000 186 0 139 0 12 0 7 0 11 17 41 7 151 1428 0 96 351 12 0 44 2186 20 0 0 0 70 119 0 55 673 0 13 12 0 116 473 0 0 530 14 138 0 10 0 0 0 0 0 0 649 0 51 86 18 0 159 0 152 75 0 0 960 9 19 351 8 487 15 0 793 424 46 0 9 0 367 0 0 51 0 317 0 0 2393 66 0 21 0 103 18 
27 108 1481 64 12 0 645 26 53 49 291 30 0 80 0 171 0 120 60 0 0 0 30 0 0 0 372 546 0 0 0 987 37 126 1179 0 0 367 0 0 1310 0 0 0 0 1173 12 3000 0 0 665 427 12 1002 27 74 459 0 0 0 107 12 0 0 77 0 1258 668 165 33 41 0 0 94 0 33 0 259 241 13 455 0 29 0 46 0 7 241 1387 22 0 17 226 0 0 112 0 7 0 0 
69 19 558 492 0 3000 31 35 329 193 34 0 19 0 118 0 1504 268 10 13 96 3000 179 1236 0 136 49 1495 1381 88 15 31 0 406 179 659 83 17 2066 69 353 27 362 183 174 307 235 50 8 203 10 0 1017 2224 0 20 3000 649 0 0 831 110 105 852 1091 114 92 3000 99 48 31 3000 608 69 46 75 13 113 155 1635 729 447 110 51 0 27 1354 315 473 12 19 8 0 14 21 33 181 1226 190 22 
0 542 30 31 0 0 0 388 7 0 51 0 0 0 25 0 12 3000 0 0 0 31 556 198 0 1203 35 119 0 0 45 1849 0 10 60 0 126 136 11 0 38 0 0 0 0 0 1643 260 0 202 40 99 314 617 0 109 11 0 107 831 0 96 220 11 123 0 966 375 16 380 144 69 0 0 0 1348 0 2125 320 80 0 0 3000 0 0 0 49 10 131 67 26 3000 0 0 138 28 18 171 80 0 
9 607 245 303 405 118 1151 53 19 454 71 16 53 128 1687 84 73 146 211 105 13 41 902 23 78 23 146 220 1789 323 378 1129 43 11 1698 239 87 3000 25 3000 276 334 33 906 20 1128 166 130 19 13 666 159 598 7 547 2489 65 51 12 110 96 0 67 18 14 27 1297 28 177 458 261 92 1371 19 51 19 66 101 97 17 12 580 21 24 735 19 33 1035 22 238 15 198 18 538 586 10 33 316 8 128 
0 72 37 141 0 0 37 30 43 0 160 0 24 0 10 0 66 90 0 55 612 22 116 1021 0 71 641 238 0 13 16 95 0 52 99 0 1058 131 118 21 1625 0 0 0 112 0 8 222 0 157 8 0 14 230 0 759 0 86 0 105 220 67 0 258 56 0 0 287 691 24 47 2145 0 12 141 1950 0 22 0 32 0 54 51 641 0 0 10 223 75 31 14 2326 0 8 41 125 60 431 101 18 
0 195 354 972 0 0 0 47 55 0 71 0 69 0 7 0 1064 48 0 15 736 64 97 140 0 472 182 37 0 0 295 76 0 16 12 0 17 31 21 66 73 0 0 0 90 0 18 304 0 368 33 0 26 210 0 95 0 18 0 852 11 18 258 0 105 0 0 194 348 34 364 1301 0 0 11 293 0 317 12 29 0 0 30 198 0 0 7 9 1294 375 751 20 0 0 49 33 261 923 653 31 
563 37 244 1342 80 0 60 3000 88 0 212 42 0 1008 40 269 52 41 30 0 0 22 13 161 0 201 215 49 0 0 479 425 1478 44 106 0 251 10 37 0 7 0 0 0 486 0 35 443 0 55 131 80 158 277 72 86 19 0 77 1091 123 14 56 105 0 0 65 23 24 104 39 9 0 33 0 134 0 485 80 11 123 0 589 0 96 0 89 757 99 402 70 105 151 0 434 69 416 125 29 0 
645 1015 0 852 63 22 64 0 0 168 0 158 70 86 0 166 0 0 85 0 0 718 2323 0 3000 0 19 60 2813 93 23 546 217 946 12 56 1337 17 0 294 0 35 3000 82 1440 3000 0 36 219 0 2413 0 0 0 48 0 81 159 0 114 0 27 0 0 0 0 40 28 24 0 306 0 1812 337 0 0 130 0 0 10 544 77 0 0 34 425 0 0 486 0 0 0 1349 825 0 0 0 0 0 0 
8 15 145 17 49 0 463 63 0 23 29 7 0 210 0 90 0 21 12 0 0 0 358 0 0 0 50 235 0 0 0 19 376 81 713 57 0 85 0 0 211 0 0 55 237 89 9 63 315 0 45 375 2883 21 16 192 69 0 1258 92 966 1297 0 0 65 40 0 648 752 0 48 0 0 11 0 61 242 417 171 902 7 0 823 0 273 0 0 28 337 625 0 64 101 0 0 0 0 0 0 0 
368 495 25 25 15 22 131 8 63 100 37 488 334 86 42 13 9 74 462 521 107 271 485 19 603 23 78 11 8 1637 244 91 196 601 106 464 303 40 27 259 105 70 13 57 25 12 44 240 303 210 55 3000 497 15 47 1475 414 152 668 3000 375 28 287 194 23 28 648 0 199 1528 250 21 34 89 102 52 179 42 216 528 35 13 599 834 7 118 17 8 238 1365 12 2582 48 393 565 150 14 54 9 179 
28 10 1311 27 73 21 28 256 29 1674 103 18 17 74 10 12 45 87 136 0 9 679 975 255 0 29 193 61 0 64 26 253 30 2003 3000 161 11 295 37 95 45 0 130 0 74 16 114 13 2012 145 146 653 8 482 8 36 2409 75 165 99 16 177 691 348 24 24 752 199 0 27 2030 144 0 264 0 147 389 37 265 1461 12 597 82 20 27 88 2443 151 234 19 35 18 74 611 70 8 744 205 45 3000 
0 540 467 45 0 0 0 59 141 0 187 0 0 0 2057 0 76 11 0 0 22 64 500 40 0 766 1732 765 0 0 1330 1636 0 10 37 0 715 966 52 0 1346 0 0 0 0 0 213 114 0 369 27 0 30 57 0 13 667 0 33 48 380 458 24 34 104 0 0 1528 27 0 131 321 0 0 0 95 0 443 309 554 0 0 355 0 0 0 13 60 3000 24 27 171 0 0 200 216 135 42 200 0 
3000 3000 35 17 71 1260 299 887 141 959 416 656 0 123 18 1197 117 36 42 0 0 397 759 438 102 695 31 34 890 867 32 371 56 300 178 66 374 1145 101 1423 1767 21 854 363 819 249 10 42 85 116 56 49 791 332 361 9 7 0 41 31 144 261 47 364 39 306 48 250 2030 131 0 110 14 228 0 149 278 390 32 232 9 424 23 0 40 44 15 304 41 1030 802 734 14 833 0 62 17 315 140 0 
0 200 7 19 0 413 795 0 793 0 1321 0 283 0 55 0 121 1791 1000 109 146 1105 83 3000 0 864 27 89 0 121 46 143 0 68 158 199 2642 176 13 1337 812 189 137 0 77 0 55 112 0 51 12 0 34 14 0 22 0 960 0 3000 69 92 2145 1301 9 0 0 21 144 321 110 0 0 8 277 15 0 197 0 870 99 315 42 138 0 657 103 96 115 20 77 0 0 303 124 479 96 66 112 375 
19 0 0 555 0 7 237 0 0 30 0 0 169 0 0 145 0 0 823 0 123 428 0 0 177 0 0 15 49 2061 643 14 0 0 0 189 79 29 0 89 0 8 127 43 8 39 0 0 77 0 216 0 0 0 37 0 0 9 0 608 0 1371 0 0 0 1812 0 34 0 0 14 0 0 92 0 0 73 0 0 257 106 1439 0 0 0 28 0 0 12 0 0 0 561 41 0 0 0 0 0 0 
16 33 3000 69 187 109 10 677 0 264 88 15 1660 11 241 8 1147 27 37 0 2428 17 34 1084 14 8 86 10 1027 40 12 28 11 19 74 121 24 41 587 130 636 72 77 922 25 198 227 715 10 58 97 1394 2099 26 276 63 1507 19 94 69 0 19 12 0 33 337 11 89 264 0 228 8 92 0 0 75 31 128 37 94 140 16 545 0 177 21 0 9 154 1400 120 81 287 9 0 0 97 97 16 0 
0 0 0 17 0 63 23 0 0 0 552 0 23 0 43 0 8 0 0 1048 257 444 1201 304 0 11 47 12 0 585 470 1650 0 0 0 94 77 0 30 761 0 73 48 0 386 0 0 0 0 10 0 0 2695 0 0 0 0 351 0 46 0 51 141 11 0 0 0 102 0 0 0 277 0 0 0 21 0 14 0 122 0 18 0 206 0 1130 0 0 191 0 29 0 0 3000 327 0 134 0 527 106 
0 106 15 219 0 0 13 58 11 0 18 0 119 0 239 0 122 25 426 19 218 95 134 864 0 1856 8 35 0 32 11 1802 0 1064 57 0 10 542 371 367 297 0 0 0 31 0 17 134 0 12 353 1160 1355 209 0 72 18 8 33 75 1348 19 1950 293 134 0 61 52 147 95 149 15 0 75 21 0 0 40 51 57 8 41 132 1165 0 0 384 8 202 2146 12 451 0 76 19 1972 56 139 645 577 
2080 617 0 8 45 523 39 0 0 1940 0 134 97 107 0 32 0 0 110 0 0 16 0 0 21 0 11 431 77 481 16 14 21 717 0 385 0 24 0 25 0 2627 72 25 20 125 0 10 197 0 32 0 0 0 28 0 47 487 0 13 0 66 0 0 0 130 242 179 389 0 278 0 73 31 0 0 0 0 0 168 57 318 0 0 42 19 0 0 12 0 0 0 70 44 0 0 0 0 0 0 
0 181 23 376 0 0 1471 287 99 0 284 0 145 0 15 0 1331 116 258 2729 55 29 8 12 0 20 534 393 0 0 256 3000 0 331 28 0 678 15 9 15 775 0 0 0 396 0 191 140 0 172 262 618 147 575 0 433 90 15 259 113 2125 101 22 317 485 0 417 42 37 443 390 197 0 128 14 40 0 0 35 163 97 88 308 529 0 0 250 731 58 18 69 96 0 65 1238 1660 1235 1240 958 66 
128 60 139 37 15 0 858 94 32 148 366 26 0 216 149 50 17 410 566 0 0 0 26 17 0 573 501 60 0 0 0 20 135 1489 82 0 0 446 23 0 537 0 0 0 0 29 271 22 0 0 32 70 235 157 3000 16 39 0 241 155 320 97 0 12 80 0 171 216 265 309 32 0 0 37 0 51 0 35 0 83 15 0 187 0 1517 0 465 87 946 322 0 178 227 0 0 15 145 91 0 0 
25 16 1641 42 108 306 165 330 7 946 53 15 3000 18 30 1113 508 778 63 0 814 23 19 119 474 21 10 22 138 758 471 486 202 3000 17 124 15 18 17 1132 108 16 59 362 1793 174 1835 3000 905 111 503 45 233 3000 2379 97 26 793 13 1635 80 17 32 29 11 10 902 528 1461 554 232 870 257 94 122 57 168 163 83 0 339 3000 17 11 9 42 0 19 11 1623 24 42 12 364 26 699 121 15 288 1719 
652 64 1159 182 26 65 1253 789 0 190 73 76 851 2389 0 149 93 115 73 0 7 25 1604 45 846 361 1661 679 222 163 212 16 121 17 24 3000 141 396 0 31 10 56 56 9 115 20 20 31 30 33 22 28 9 50 23 276 41 424 455 729 0 12 0 0 123 544 7 35 12 0 9 99 106 140 0 8 57 97 15 339 0 64 33 0 3000 30 0 0 1101 9 0 63 870 235 0 0 1119 0 120 0 
8 0 0 184 0 94 160 0 0 1699 49 0 283 0 0 0 50 0 275 83 14 38 69 32 805 121 598 8 30 3000 615 85 0 196 21 99 1843 78 0 198 0 407 462 103 17 89 0 112 30 3000 268 0 0 0 0 0 0 46 0 447 0 580 54 0 0 77 0 13 597 0 424 315 1439 16 18 41 318 88 0 3000 64 0 0 57 0 39 0 0 87 0 2016 0 0 2284 62 0 1192 0 11 423 
150 65 339 349 95 0 107 169 1115 0 241 3000 10 134 139 7 33 9 119 169 220 611 57 13 0 82 666 1082 0 0 26 50 368 118 42 0 18 51 84 280 37 0 0 0 11 146 1734 97 0 523 490 41 111 8 30 102 57 0 29 110 3000 21 51 30 589 0 823 599 82 355 23 42 0 545 0 132 0 308 187 17 33 0 0 239 47 0 210 48 17 237 143 802 3000 301 9 627 36 20 1771 133 
0 0 0 1052 0 995 296 0 1424 0 38 0 123 0 43 0 210 0 0 17 30 302 7 550 0 486 49 407 0 62 99 232 0 0 0 0 506 0 55 1236 0 103 187 0 3000 0 0 0 0 321 231 0 239 0 0 0 0 9 0 51 0 24 641 198 0 0 0 834 20 0 0 138 0 0 206 1165 0 529 0 11 0 57 239 0 0 37 0 0 284 0 10 0 0 29 306 0 22 2092 128 91 
21 32 121 43 7 0 45 12 0 63 0 38 0 14 0 509 0 8 244 0 0 0 0 0 0 0 35 0 0 0 0 189 470 3000 496 17 0 538 0 0 768 0 0 1924 0 1307 10 110 13 0 427 45 0 209 98 0 61 0 46 0 0 735 0 0 96 34 273 7 27 0 40 0 0 177 0 0 42 0 1517 9 3000 0 47 0 0 0 0 0 73 35 0 13 169 0 0 0 0 0 0 0 
420 0 0 143 0 759 1244 0 0 26 53 0 406 0 0 0 148 0 107 3000 29 160 1101 257 1674 0 42 973 522 2478 111 9 0 0 0 153 35 18 0 399 0 817 16 726 108 13 0 0 61 282 16 0 0 0 0 0 0 367 0 27 0 19 0 0 0 425 0 118 88 0 44 657 28 21 1130 0 19 0 0 42 30 39 0 37 0 0 0 0 24 0 0 0 0 15 456 0 90 0 371 10 
0 11 300 49 0 0 0 90 14 0 1025 0 0 0 135 0 814 46 0 0 0 409 41 11 0 136 235 492 0 0 124 11 0 947 10 0 31 51 534 0 14 0 0 0 0 0 713 572 0 52 344 0 131 17 0 52 228 0 7 1354 49 33 10 7 89 0 0 17 2443 13 15 103 0 0 0 384 0 250 465 0 0 0 210 0 0 0 0 326 0 16 221 40 0 0 407 68 158 43 19 0 
0 3000 182 408 0 0 0 186 25 0 206 0 0 0 72 0 1099 70 0 0 153 49 277 67 0 253 13 3000 0 0 120 28 0 293 149 0 423 151 20 0 35 0 0 0 40 0 13 35 0 194 11 17 55 44 0 37 474 0 241 315 10 1035 223 9 757 0 28 8 151 60 304 96 0 9 0 8 0 731 87 19 0 0 48 0 0 0 326 0 73 1201 436 273 0 0 29 115 7 243 597 0 
250 232 346 9 56 12 3000 1521 226 52 185 55 91 74 1228 898 133 1289 22 0 8 485 158 100 1083 444 244 9 10 470 17 74 13 52 200 33 9 582 141 64 24 410 36 3000 398 143 166 407 547 179 72 31 378 293 262 46 32 51 1387 473 131 22 75 1294 99 486 337 238 234 3000 41 115 12 154 191 202 12 58 946 11 1101 87 17 284 73 24 0 73 0 27 3000 1499 192 134 198 0 129 134 36 43 
3000 132 39 1216 408 0 3000 105 110 36 133 20 0 14 100 7 31 641 595 0 0 2788 18 15 0 16 33 24 0 0 98 26 34 1041 113 8 11 83 55 140 2957 0 0 0 11 1181 1000 78 0 276 215 22 11 541 258 9 41 0 22 12 67 238 31 375 402 0 625 1365 19 24 1030 20 0 1400 0 2146 0 18 322 1623 9 0 237 0 35 0 16 1201 27 0 709 68 37 0 557 705 132 28 151 0 
0 145 248 87 0 0 538 482 394 0 12 0 33 0 259 0 116 71 0 127 123 1846 3000 15 0 100 27 1882 0 0 727 73 0 389 496 0 3000 56 63 18 2088 0 0 0 82 0 457 216 0 17 58 0 12 113 0 19 0 317 0 19 26 15 14 751 70 0 0 12 35 27 802 77 0 120 29 12 0 69 0 24 0 2016 143 10 0 0 221 436 3000 709 0 560 0 9 418 181 477 55 3000 178 
130 512 64 24 506 0 20 62 316 644 204 2037 0 23 466 476 117 360 77 0 0 87 2905 20 0 199 33 33 0 0 63 382 47 38 1802 0 0 34 1113 0 28 0 0 0 858 282 13 25 0 921 493 23 88 169 178 11 300 0 17 8 3000 198 2326 20 105 0 64 2582 18 171 734 0 0 81 0 451 0 96 178 42 63 0 802 0 13 0 40 273 1499 68 560 0 294 0 0 36 13 3000 0 0 
1081 44 0 976 837 14 223 3000 0 2855 0 91 0 241 0 42 0 16 191 0 0 0 0 0 8 0 21 0 61 0 0 26 303 94 16 12 0 45 0 0 148 0 0 82 0 135 31 12 22 0 251 526 0 420 150 0 61 0 226 0 0 18 0 0 151 1349 101 48 74 0 14 0 561 287 0 0 70 0 227 12 870 0 3000 0 169 0 0 0 192 37 0 294 0 0 0 0 0 0 0 0 
7 1578 0 405 0 157 40 0 0 412 1160 0 20 0 8 0 1557 0 2213 1408 325 1925 345 144 41 1798 3000 17 13 21 485 68 0 135 1790 21 54 12 0 512 0 1185 1181 9 729 101 0 347 28 586 95 0 0 0 0 0 0 2393 0 14 0 538 8 0 0 825 0 393 611 0 833 303 41 9 3000 76 44 65 0 364 235 2284 301 29 0 15 0 0 134 0 9 0 0 0 88 0 343 0 273 804 
0 68 114 38 0 0 577 0 22 0 131 0 38 0 658 0 150 19 0 9 47 8 15 20 0 16 15 81 0 214 18 1753 0 28 404 0 66 32 12 625 106 222 0 0 1018 0 0 108 0 307 146 0 1108 196 0 132 0 66 0 21 138 586 41 49 434 0 0 565 70 200 0 124 0 0 327 19 0 1238 0 26 0 62 9 306 0 456 407 29 198 557 418 0 0 88 0 21 14 75 3000 84 
0 29 1643 13 0 0 0 49 435 0 912 0 0 0 13 0 96 206 0 0 163 25 48 39 0 66 235 92 0 0 9 79 0 56 3000 0 111 331 1070 0 33 0 0 0 0 0 570 662 0 42 36 0 608 282 0 45 204 0 112 33 28 10 125 33 69 0 0 150 8 216 62 479 0 0 0 1972 0 1660 15 699 0 0 627 0 0 0 68 115 0 705 181 36 0 0 21 0 202 735 390 0 
0 10 86 563 0 772 163 384 156 0 19 0 14 0 126 0 12 518 26 35 82 11 140 215 0 41 692 7 0 23 36 1096 0 30 1240 41 80 993 16 543 106 276 3000 0 93 0 66 178 0 19 1532 0 302 38 0 16 0 21 0 181 18 33 60 261 416 0 0 14 744 135 17 96 0 97 134 56 0 1235 145 121 1119 1192 36 22 0 90 158 7 129 132 477 13 0 343 14 202 0 93 174 75 
0 115 27 63 0 0 0 810 631 0 14 0 0 0 203 0 19 40 0 1564 148 28 21 185 0 1256 25 511 0 0 78 296 0 178 71 0 32 74 762 11 94 0 0 0 30 0 43 102 0 124 70 0 55 10 0 23 219 0 7 1226 171 316 431 923 125 0 0 54 205 42 315 66 0 97 0 139 0 1240 91 15 0 0 20 2092 0 0 43 243 134 28 55 3000 0 0 75 735 93 0 73 74 
0 851 206 27 0 0 32 0 906 0 13 0 3000 0 41 0 185 126 0 500 981 160 450 17 0 31 98 398 0 41 3000 197 0 492 9 160 24 901 340 65 134 936 9 0 63 0 12 21 0 64 1152 0 2248 186 0 274 0 103 0 190 80 8 101 653 29 0 0 9 45 200 140 112 0 16 527 645 0 958 0 288 120 11 1771 128 0 371 19 597 36 151 3000 0 0 273 3000 390 174 73 0 331 
0 0 0 63 0 485 34 0 0 0 422 0 702 0 374 0 85 0 0 430 875 247 1207 539 0 433 70 93 0 83 10 76 0 0 43 7 39 0 14 116 0 1279 296 0 63 0 0 0 0 159 17 0 8 0 0 0 0 18 0 22 0 128 18 31 0 0 0 179 3000 0 0 375 0 0 106 577 0 66 0 1719 0 423 133 91 0 10 0 0 43 0 178 0 0 804 84 0 75 74 331 0 
