100
0 54 24 27 18 4 15 60 25 67 75 15 80 21 9 33 42 58 72 74 42 59 47 10 51 70 72 17 62 41 64 50 59 62 30 46 19 49 38 72 45 64 29 55 71 59 63 57 43 56 41 70 44 38 79 23 32 37 35 46 26 45 61 14 88 41 24 54 54 81 47 28 77 62 23 31 36 40 80 57 53 60 6 69 63 15 32 45 57 68 25 53 56 8 31 9 55 38 70 52 
54 0 52 51 66 52 59 73 60 14 47 58 67 33 59 29 30 104 28 74 81 96 72 44 49 17 18 66 22 73 10 52 60 32 26 18 71 74 85 35 20 12 30 73 46 105 75 33 69 55 68 17 88 36 82 62 41 39 43 11 30 88 8 45 86 75 53 63 54 67 60 68 38 9 46 75 63 17 70 71 100 48 60 36 67 59 23 25 57 63 29 60 89 46 29 63 63 66 41 98 
24 52 0 48 42 21 13 37 48 61 57 13 57 24 19 45 27 53 60 50 30 45 25 24 29 68 70 20 50 23 60 27 35 46 38 37 40 27 35 57 35 58 22 32 51 54 40 40 21 32 20 69 37 52 54 12 49 53 53 41 35 37 57 13 63 24 1 29 31 59 23 17 61 58 43 24 59 35 57 33 49 39 25 53 39 14 30 55 34 44 30 29 39 23 22 31 31 17 53 46 
27 51 48 0 22 29 42 85 10 66 87 41 98 30 36 22 54 83 77 96 69 86 73 24 70 65 65 44 68 67 60 70 80 72 26 53 31 74 63 80 52 63 40 80 84 84 88 69 69 76 67 62 70 19 101 50 12 17 12 49 23 71 59 35 109 67 49 77 74 99 71 55 84 60 6 57 13 44 99 81 77 77 31 79 85 42 37 31 78 88 29 75 82 26 43 28 77 64 82 78 
18 66 42 22 0 22 31 77 14 80 93 31 99 36 24 40 59 63 88 92 54 70 63 24 70 81 82 29 78 55 75 68 77 79 40 62 9 64 45 89 61 77 45 72 88 65 80 74 59 74 56 80 52 39 96 38 33 38 34 60 36 53 74 32 105 54 42 71 72 100 65 42 93 74 22 41 24 54 98 74 58 79 18 86 81 30 46 50 76 86 38 71 68 24 48 11 73 54 88 59 
4 52 21 29 22 0 13 57 28 64 72 12 76 18 8 33 38 58 69 70 41 57 44 9 47 68 70 17 59 38 61 46 55 58 29 43 22 45 37 69 41 61 25 52 67 59 60 53 40 52 38 68 43 38 75 20 33 38 36 43 25 44 59 10 84 38 21 50 50 77 44 26 73 60 25 29 39 37 76 53 52 57 8 65 59 13 29 45 54 64 23 49 53 6 28 13 51 35 67 52 
15 59 13 42 31 13 0 46 40 70 70 1 70 27 7 45 38 46 71 62 28 44 32 21 42 76 77 7 61 25 68 40 48 58 40 47 27 33 27 69 45 67 29 41 64 47 49 53 28 45 25 76 31 51 65 8 46 51 49 49 36 31 66 14 75 25 13 41 44 72 35 13 74 66 38 17 51 43 70 43 41 52 14 65 50 1 36 56 47 57 33 41 40 18 31 20 42 23 66 40 
60 73 37 85 77 57 46 0 85 77 51 47 35 58 53 78 43 57 67 19 35 38 17 61 25 87 89 50 60 27 80 22 17 50 71 56 73 17 50 59 53 74 50 6 45 57 3 45 20 20 22 89 46 86 20 40 84 88 88 62 68 44 76 50 30 29 36 10 21 36 15 38 62 77 79 43 95 59 32 4 56 32 60 54 11 47 58 86 19 22 62 14 29 59 49 66 11 24 50 51 
25 60 48 10 14 28 40 85 0 74 93 39 102 35 33 31 59 77 84 98 65 81 71 25 73 74 75 40 75 65 69 73 82 78 34 59 23 73 57 87 59 72 45 80 89 78 88 74 67 78 65 72 65 29 103 47 22 27 22 56 31 66 68 36 111 64 48 78 77 103 71 52 91 68 13 53 11 51 102 81 71 81 27 85 86 39 44 41 80 91 35 76 79 26 48 22 79 63 87 72 
67 14 61 66 80 64 70 77 74 0 40 70 64 46 71 44 36 114 18 74 90 104 78 58 52 11 13 77 17 81 7 55 62 29 40 24 85 80 96 27 27 4 41 77 41 115 78 33 76 57 76 15 98 50 82 72 55 52 57 21 44 98 7 57 84 83 62 67 56 64 65 78 29 6 61 85 77 28 67 75 110 47 72 30 69 71 35 39 59 63 42 63 96 59 39 76 66 74 35 107 
75 47 57 87 93 72 70 51 93 40 0 70 25 58 74 69 34 102 23 40 78 86 60 69 31 51 53 77 25 67 46 34 34 15 63 35 94 61 89 13 35 39 48 54 6 103 50 19 60 32 61 55 88 78 47 68 80 80 84 41 64 87 44 62 47 70 58 44 32 25 45 71 13 44 81 78 100 43 29 51 100 20 79 11 40 71 50 70 32 30 58 40 77 69 45 84 41 60 6 96 
15 58 13 41 31 12 1 47 39 70 70 0 71 26 6 44 38 47 71 62 28 45 32 20 42 75 77 8 61 26 68 40 48 58 39 46 27 34 27 69 44 66 29 41 64 48 50 53 28 45 26 75 32 50 66 8 45 50 48 48 35 32 65 13 75 26 13 41 44 72 35 13 74 66 37 18 50 42 70 43 42 52 13 65 51 1 35 55 47 57 32 41 41 17 30 19 43 24 65 41 
80 67 57 98 99 76 70 35 102 64 25 71 0 68 76 84 45 92 48 19 69 72 50 77 29 75 77 76 47 59 69 30 23 35 77 52 97 50 83 38 51 62 58 40 22 92 33 34 51 25 53 79 79 94 24 66 94 95 98 59 77 78 66 67 22 62 58 33 27 2 37 67 39 67 92 74 111 59 4 37 91 22 82 34 24 71 63 88 24 14 71 31 64 76 56 88 30 54 29 86 
21 33 24 30 36 18 27 58 35 46 58 26 68 0 26 21 25 73 52 67 53 69 49 12 41 50 51 33 42 47 43 41 51 44 14 26 39 51 53 53 25 43 10 54 54 74 60 40 45 46 44 50 58 29 73 32 27 30 31 25 11 58 41 13 80 48 25 49 44 69 43 38 58 41 24 44 43 19 69 54 68 47 26 50 56 27 11 30 48 58 6 46 63 13 13 30 49 41 53 67 
9 59 19 36 24 8 7 53 33 71 74 6 76 26 0 41 41 49 74 68 33 50 39 17 47 75 77 8 64 32 68 46 54 62 37 48 21 40 29 73 47 67 30 48 69 51 56 56 35 51 32 75 35 46 72 14 41 46 44 50 33 36 66 14 81 31 18 47 49 77 41 19 77 67 32 21 44 43 76 49 44 58 7 69 57 6 36 53 53 63 31 47 46 14 32 13 49 30 70 44 
33 29 45 22 40 33 45 78 31 44 69 44 84 21 41 0 39 91 56 85 72 88 70 25 59 43 43 50 47 67 38 60 69 54 7 34 47 72 71 61 34 41 28 75 67 92 80 52 66 64 64 41 76 9 92 51 11 11 15 28 10 76 37 33 98 68 46 68 63 85 63 57 65 38 18 62 34 26 86 75 86 63 39 60 75 45 21 12 67 76 16 66 83 27 30 40 69 62 63 85 
42 30 27 54 59 38 38 43 59 36 34 38 45 25 41 39 0 79 33 47 54 68 42 35 20 44 47 46 23 45 37 22 31 20 32 13 60 44 62 31 10 33 14 43 30 80 45 16 40 26 40 47 63 49 54 38 49 51 53 19 32 63 34 28 60 47 28 33 25 45 30 43 36 34 48 51 67 16 46 41 75 23 45 28 38 39 18 45 28 37 26 30 60 35 12 51 33 38 29 72 
58 104 53 83 63 58 46 57 77 114 102 47 92 73 49 91 79 0 111 75 25 21 43 66 72 121 123 41 102 35 113 68 70 96 87 90 54 42 20 107 88 110 74 51 96 1 59 90 42 71 42 122 16 96 74 42 90 96 92 94 82 16 110 60 84 33 52 60 70 93 57 37 111 111 80 30 87 88 89 55 6 83 53 102 67 46 82 102 71 78 79 63 28 64 75 55 62 42 100 7 
72 28 60 77 88 69 71 67 84 18 23 71 48 52 74 56 33 111 0 61 86 98 72 64 43 28 31 79 10 77 25 46 50 17 51 26 91 73 95 10 27 18 44 68 25 112 67 22 71 46 71 33 95 64 68 72 67 66 71 28 54 95 23 60 69 79 61 58 46 47 57 76 11 23 71 84 89 33 52 66 108 35 77 14 57 72 41 54 48 50 50 54 90 65 41 81 56 69 19 105 
74 74 50 96 92 70 62 19 98 74 40 62 19 67 68 85 47 75 61 0 54 55 35 73 27 85 87 66 57 45 79 26 16 45 78 57 89 35 69 51 55 72 58 25 36 75 16 42 38 21 40 88 64 95 7 56 94 96 97 65 77 63 75 62 13 47 50 21 23 20 27 55 53 76 90 61 108 63 15 22 75 27 75 47 11 62 64 91 19 11 70 21 47 71 56 81 19 41 42 70 
42 81 30 69 54 41 28 35 65 90 78 28 69 53 33 72 54 25 86 54 0 17 19 48 47 97 99 26 78 10 90 43 46 71 67 66 47 19 16 82 64 87 51 29 72 26 38 65 18 46 17 99 11 78 55 21 74 79 77 70 63 9 87 40 64 8 29 36 46 70 33 15 86 88 65 13 77 64 66 32 22 58 39 77 45 28 60 83 47 54 58 39 14 46 52 43 38 17 75 18 
59 96 45 86 70 57 44 38 81 104 86 45 72 69 50 88 68 21 98 55 17 0 26 65 56 112 114 42 90 22 104 52 52 81 83 80 62 25 26 92 77 100 67 33 80 21 39 76 27 54 28 113 19 95 54 37 90 95 93 85 79 17 101 56 63 21 44 42 54 74 41 32 96 102 82 29 93 79 69 36 23 66 55 87 49 44 75 99 54 59 74 46 9 62 67 59 45 30 84 18 
47 72 25 73 63 44 32 17 71 78 60 32 50 49 39 70 42 43 72 35 19 26 0 49 30 87 89 34 64 10 79 26 27 55 63 55 57 2 34 66 52 75 44 11 54 43 20 49 4 28 6 89 30 78 37 24 74 78 78 60 60 28 76 38 47 12 25 17 28 51 15 22 69 77 67 26 82 56 47 14 41 40 45 61 26 32 53 79 28 35 54 20 18 47 44 51 20 9 58 37 
10 44 24 24 24 9 21 61 25 58 69 20 77 12 17 25 35 66 64 73 48 65 49 0 48 61 62 25 54 45 54 48 57 55 21 38 27 51 46 65 37 54 21 57 65 67 64 50 45 53 43 60 51 30 78 28 26 30 29 37 16 52 52 11 86 45 25 53 51 78 47 33 69 53 18 38 35 31 77 57 61 56 16 62 61 21 23 36 55 65 16 52 60 3 24 18 54 41 64 60 
51 49 29 70 70 47 42 25 73 52 31 42 29 41 47 59 20 72 43 27 47 56 30 48 0 62 64 48 36 37 55 4 11 26 51 32 68 31 58 36 29 49 31 26 25 72 26 20 29 6 30 65 57 68 34 38 67 69 71 39 50 56 52 38 40 39 29 15 5 30 15 41 40 52 64 48 82 36 29 23 69 11 53 31 18 43 38 65 8 18 44 11 47 47 29 59 14 29 29 65 
70 17 68 65 81 68 76 87 74 11 51 75 75 50 75 43 44 121 28 85 97 112 87 61 62 0 2 82 28 89 7 65 72 40 41 32 87 89 102 38 34 13 47 87 52 122 88 43 85 67 84 5 105 48 92 79 53 50 55 27 46 105 11 62 95 91 69 77 66 74 74 84 39 10 61 91 75 33 78 85 116 58 76 41 79 76 40 35 69 74 45 73 104 62 46 79 76 82 46 114 
72 18 70 65 82 70 77 89 75 13 53 77 77 51 77 43 47 123 31 87 99 114 89 62 64 2 0 84 30 91 9 67 74 42 42 34 88 91 103 40 37 16 48 89 55 123 90 45 87 69 86 3 106 48 95 80 53 50 55 29 47 106 13 64 97 93 71 79 68 77 76 86 41 12 61 93 76 35 80 87 118 60 77 43 81 78 41 35 71 76 46 75 106 64 48 80 78 84 48 116 
17 66 20 44 29 17 7 50 40 77 77 8 76 33 8 50 46 41 79 66 26 42 34 25 48 82 84 0 69 26 75 46 53 66 46 54 23 35 21 77 52 74 36 44 71 42 53 60 30 51 28 83 26 55 70 11 50 55 52 56 41 27 72 20 79 25 19 45 50 77 40 13 81 73 40 13 51 50 75 46 36 59 13 73 55 7 43 61 52 62 39 46 39 23 38 18 47 26 73 35 
62 22 50 68 78 59 61 60 75 17 25 61 47 42 64 47 23 102 10 57 78 90 64 54 36 28 30 69 0 68 22 39 45 12 42 16 81 65 85 13 17 15 33 61 25 103 62 16 62 40 62 32 86 56 64 62 59 58 62 19 44 86 20 50 67 70 51 51 40 47 50 67 17 20 62 74 80 24 50 59 99 30 67 14 52 62 31 47 42 46 40 47 82 54 31 71 50 61 19 95 
41 73 23 67 55 38 25 27 65 81 67 26 59 47 32 67 45 35 77 45 10 22 10 45 37 89 91 26 68 0 82 33 36 61 61 58 49 10 24 72 55 78 44 20 62 36 30 55 8 36 7 91 21 74 46 18 70 75 74 62 57 20 79 35 56 3 22 26 35 60 23 14 76 79 63 17 76 57 57 23 33 48 38 67 35 26 53 77 37 45 53 29 16 43 44 44 28 8 65 28 
64 10 60 60 75 61 68 80 69 7 46 68 69 43 68 38 37 113 25 79 90 104 79 54 55 7 9 75 22 82 0 58 65 34 36 25 81 81 95 34 27 8 39 79 47 114 81 37 77 60 76 10 97 44 86 71 49 46 51 20 40 97 3 55 89 84 62 70 59 69 67 77 36 3 56 84 71 26 73 78 109 51 69 36 72 69 33 32 62 67 39 66 97 56 38 72 69 74 41 107 
50 52 27 70 68 46 40 22 73 55 34 40 30 41 46 60 22 68 46 26 43 52 26 48 4 65 67 46 39 33 58 0 10 29 52 34 67 27 55 40 32 52 32 22 28 69 23 24 26 5 27 68 54 69 32 36 68 70 72 41 51 53 55 37 39 36 28 12 4 32 11 38 43 55 64 45 82 38 30 20 66 15 52 35 16 41 39 66 7 18 44 8 44 46 30 58 11 26 32 62 
59 60 35 80 77 55 48 17 82 62 34 48 23 51 54 69 31 70 50 16 46 52 27 57 11 72 74 53 45 36 65 10 0 34 62 43 75 28 60 42 40 59 42 20 28 70 17 29 29 5 30 75 57 79 22 43 77 80 81 50 61 56 62 47 29 39 36 10 7 25 14 44 45 62 74 50 92 47 22 17 68 16 60 37 7 49 49 76 3 9 54 8 44 56 40 67 8 30 34 64 
62 32 46 72 79 58 58 50 78 29 15 58 35 44 62 54 20 96 17 45 71 81 55 55 26 40 42 66 12 61 34 29 34 0 47 20 80 57 80 11 20 27 34 52 14 96 51 6 54 30 54 44 80 63 52 57 65 65 68 26 49 79 31 49 55 63 47 41 29 35 40 61 16 31 66 69 85 28 38 49 92 18 66 7 40 59 35 55 31 34 43 37 73 55 31 71 39 53 10 89 
30 26 38 26 40 29 40 71 34 40 63 39 77 14 37 7 32 87 51 78 67 83 63 21 51 41 42 46 42 61 36 52 62 47 0 28 46 65 66 55 28 38 21 68 60 88 73 45 60 57 58 40 71 17 84 46 17 18 21 23 5 72 34 27 91 62 39 61 56 78 56 52 59 35 20 57 38 19 79 68 81 55 37 54 68 40 14 16 59 69 9 59 77 23 23 38 61 55 57 80 
46 18 37 53 62 43 47 56 59 24 35 46 52 26 48 34 13 90 26 57 66 80 55 38 32 32 34 54 16 58 25 34 43 20 28 0 65 57 72 28 3 20 18 55 33 91 58 18 53 37 52 34 74 43 65 49 45 45 48 7 29 74 21 35 69 59 38 46 36 52 43 54 32 22 47 61 65 8 55 54 86 31 51 26 49 47 16 36 40 47 24 42 72 39 16 56 45 50 29 83 
19 71 40 31 9 22 27 73 23 85 94 27 97 39 21 47 60 54 91 89 47 62 57 27 68 87 88 23 81 49 81 67 75 80 46 65 0 59 36 91 63 82 47 67 89 55 76 76 54 72 51 86 44 48 92 33 41 47 42 64 41 45 79 32 102 48 39 68 70 98 62 36 95 80 31 34 33 58 96 69 48 78 15 88 77 26 50 58 73 84 43 68 61 26 50 9 69 49 89 50 
49 74 27 74 64 45 33 17 73 80 61 34 50 51 40 72 44 42 73 35 19 25 2 51 31 89 91 35 65 10 81 27 28 57 65 57 59 0 34 67 54 77 46 10 55 42 19 51 6 29 8 91 30 79 36 26 76 80 80 62 62 28 78 40 46 13 26 18 29 51 16 23 71 79 69 27 84 57 47 13 41 41 47 62 26 34 55 81 29 36 56 21 16 49 46 53 20 10 59 36 
38 85 35 63 45 37 27 50 57 96 89 27 83 53 29 71 62 20 95 69 16 26 34 46 58 102 103 21 85 24 95 55 60 80 66 72 36 34 0 91 70 92 55 44 83 21 53 74 31 59 30 102 8 75 70 24 70 75 72 75 62 10 92 40 80 21 34 50 58 84 46 19 95 92 60 11 68 69 80 47 15 70 32 87 59 26 62 82 60 68 59 52 28 43 56 35 52 29 86 15 
72 35 57 80 89 69 69 59 87 27 13 69 38 53 73 61 31 107 10 51 82 92 66 65 36 38 40 77 13 72 34 40 42 11 55 28 91 67 91 0 28 26 44 61 16 107 59 17 65 39 65 42 91 69 59 69 72 71 75 32 57 91 32 60 60 74 58 51 39 37 51 73 4 31 75 81 93 36 42 59 104 27 77 5 49 70 43 60 40 41 52 47 84 65 41 82 49 64 9 100 
45 20 35 52 61 41 45 53 59 27 35 44 51 25 47 34 10 88 27 55 64 77 52 37 29 34 37 52 17 55 27 32 40 20 28 3 63 54 70 28 0 23 16 53 32 88 55 17 50 35 49 37 72 44 62 46 45 46 49 9 29 71 24 33 68 57 36 43 34 51 40 51 33 24 47 59 65 9 53 51 84 30 50 26 47 45 15 37 37 45 24 40 70 37 14 54 43 48 29 81 
64 12 58 63 77 61 67 74 72 4 39 66 62 43 67 41 33 110 18 72 87 100 75 54 49 13 16 74 15 78 8 52 59 27 38 20 82 77 92 26 23 0 37 74 39 111 75 30 73 54 72 17 94 48 79 69 53 51 55 18 41 94 6 54 82 80 59 64 53 62 62 74 28 5 58 81 75 24 65 72 106 44 69 28 66 67 32 37 56 60 39 60 92 56 36 73 63 70 34 104 
29 30 22 40 45 25 29 50 45 41 48 29 58 10 30 28 14 74 44 58 51 67 44 21 31 47 48 36 33 44 39 32 42 34 21 18 47 46 55 44 16 37 0 48 44 75 53 29 41 37 40 47 58 37 64 32 36 38 40 20 19 58 36 17 71 46 23 41 35 59 36 38 48 37 34 45 53 13 59 47 70 37 33 41 47 30 8 35 39 49 13 38 60 21 3 38 41 37 43 68 
55 73 32 80 72 52 41 6 80 77 54 41 40 54 48 75 43 51 68 25 29 33 11 57 26 87 89 44 61 20 79 22 20 52 68 55 67 10 44 61 53 74 48 0 48 52 9 46 14 22 16 89 40 83 26 34 81 84 84 62 65 38 76 45 36 23 32 11 22 42 13 32 65 77 75 37 91 57 37 3 50 35 54 56 16 42 56 83 22 27 59 14 24 55 47 61 13 18 53 46 
71 46 51 84 88 67 64 45 89 41 6 64 22 54 69 67 30 96 25 36 72 80 54 65 25 52 55 71 25 62 47 28 28 14 60 33 89 55 83 16 32 39 44 48 0 97 45 15 54 26 55 56 82 76 43 62 77 78 81 39 61 81 44 57 44 64 52 38 26 22 39 65 18 44 78 73 97 41 26 45 94 14 74 12 34 65 47 69 27 25 55 34 71 65 41 80 36 54 6 90 
59 105 54 84 65 59 47 57 78 115 103 48 92 74 51 92 80 1 112 75 26 21 43 67 72 122 123 42 103 36 114 69 70 96 88 91 55 42 21 107 88 111 75 52 97 0 59 90 43 71 42 122 17 97 74 43 91 97 94 94 83 17 111 61 84 33 53 60 71 93 58 37 111 112 81 31 88 88 89 55 7 83 54 102 68 47 83 103 71 78 80 63 28 65 76 56 63 43 101 8 
63 75 40 88 80 60 49 3 88 78 50 50 33 60 56 80 45 59 67 16 38 39 20 64 26 88 90 53 62 30 81 23 17 51 73 58 76 19 53 59 55 75 53 9 45 59 0 46 23 21 25 91 48 89 17 43 87 90 91 64 71 47 78 53 27 32 39 12 22 35 17 41 62 78 82 46 98 61 30 7 59 33 63 54 11 50 61 88 20 21 65 15 31 62 51 69 13 27 51 54 
57 33 40 69 74 53 53 45 74 33 19 53 34 40 56 52 16 90 22 42 65 76 49 50 20 43 45 60 16 55 37 24 29 6 45 18 76 51 74 17 17 30 29 46 15 90 46 0 48 25 49 47 74 61 49 52 62 63 66 25 46 74 34 44 53 57 41 36 24 34 35 56 21 34 63 63 82 26 37 44 87 15 61 13 36 53 32 54 26 31 40 32 67 51 27 66 34 47 13 83 
43 69 21 69 59 40 28 20 67 76 60 28 51 45 35 66 40 42 71 38 18 27 4 45 29 85 87 30 62 8 77 26 29 54 60 53 54 6 31 65 50 73 41 14 54 43 23 48 0 29 2 86 28 74 40 20 70 75 74 58 56 27 74 35 50 10 21 19 28 53 15 18 69 75 64 23 78 53 49 17 40 40 41 60 28 28 50 76 29 37 51 21 20 43 41 47 21 5 58 36 
56 55 32 76 74 52 45 20 78 57 32 45 25 46 51 64 26 71 46 21 46 54 28 53 6 67 69 51 40 36 60 5 5 30 57 37 72 29 59 39 35 54 37 22 26 71 21 25 29 0 30 70 57 73 28 41 73 75 76 44 56 56 57 43 34 39 33 12 2 27 14 42 42 57 70 49 88 42 25 20 69 12 57 34 12 46 43 70 2 13 49 8 45 52 34 63 10 30 31 65 
41 68 20 67 56 38 25 22 65 76 61 26 53 44 32 64 40 42 71 40 17 28 6 43 30 84 86 28 62 7 76 27 30 54 58 52 51 8 30 65 49 72 40 16 55 42 25 49 2 30 0 86 27 72 42 18 68 73 72 57 54 26 73 33 52 9 19 20 29 54 16 16 69 74 61 21 76 52 51 19 39 41 39 60 29 26 48 74 30 39 49 22 20 41 39 45 22 3 59 35 
70 17 69 62 80 68 76 89 72 15 55 75 79 50 75 41 47 122 33 88 99 113 89 60 65 5 3 83 32 91 10 68 75 44 40 34 86 91 102 42 37 17 47 89 56 122 91 47 86 70 86 0 105 45 96 79 51 47 52 29 45 106 13 62 99 92 70 79 69 78 77 85 44 13 59 92 73 34 82 87 117 61 76 45 82 76 40 32 72 77 45 76 106 62 47 78 78 84 50 115 
44 88 37 70 52 43 31 46 65 98 88 32 79 58 35 76 63 16 95 64 11 19 30 51 57 105 106 26 86 21 97 54 57 80 71 74 44 30 8 91 72 94 58 40 82 17 48 74 28 57 27 105 0 81 65 26 76 81 79 77 67 2 94 44 75 18 36 47 56 81 43 20 95 95 66 14 76 71 77 43 12 68 39 87 55 31 66 87 57 65 63 49 21 49 59 42 49 27 85 9 
38 36 52 19 39 38 51 86 29 50 78 50 94 29 46 9 49 96 64 95 78 95 78 30 68 48 48 55 56 74 44 69 79 63 17 43 48 79 75 69 44 48 37 83 76 97 89 61 74 73 72 45 81 0 101 58 7 2 8 37 18 82 43 40 108 75 53 77 72 94 72 63 73 44 17 68 28 35 95 83 90 72 43 68 84 51 31 13 76 85 24 75 90 33 39 42 78 69 72 90 
79 82 54 101 96 75 65 20 103 82 47 66 24 73 72 92 54 74 68 7 55 54 37 78 34 92 95 70 64 46 86 32 22 52 84 65 92 36 70 59 62 79 64 26 43 74 17 49 40 28 42 96 65 101 0 59 100 102 103 72 83 63 83 67 10 49 54 25 29 25 31 58 60 83 96 63 113 70 20 24 75 34 79 54 17 66 71 98 25 18 76 26 46 76 62 85 24 44 49 70 
23 62 12 50 38 20 8 40 47 72 68 8 66 32 14 51 38 42 72 56 21 37 24 28 38 79 80 11 62 18 71 36 43 57 46 49 33 26 24 69 46 69 32 34 62 43 43 52 20 41 18 79 26 58 59 0 53 58 56 52 41 26 68 19 68 18 11 35 39 67 29 6 73 69 45 13 58 45 65 36 38 49 21 64 44 8 40 62 42 52 38 35 33 25 33 27 37 16 64 36 
32 41 49 12 33 33 46 84 22 55 80 45 94 27 41 11 49 90 67 94 74 90 74 26 67 53 53 50 59 70 49 68 77 65 17 45 41 76 70 72 45 53 36 81 77 91 87 62 70 73 68 51 76 7 100 53 0 6 4 40 17 77 48 36 107 71 50 75 71 94 70 59 76 49 11 62 22 37 95 81 84 72 37 71 83 46 31 19 75 85 23 73 86 28 38 36 76 66 74 84 
37 39 53 17 38 38 51 88 27 52 80 50 95 30 46 11 51 96 66 96 79 95 78 30 69 50 50 55 58 75 46 70 80 65 18 45 47 80 75 71 46 51 38 84 78 97 90 63 75 75 73 47 81 2 102 58 6 0 6 39 19 82 46 40 109 75 54 79 74 96 73 64 75 46 16 68 26 37 97 84 90 74 43 71 86 51 32 15 77 87 26 76 91 33 41 42 79 70 74 90 
35 43 53 12 34 36 49 88 22 57 84 48 98 31 44 15 53 92 71 97 77 93 78 29 71 55 55 52 62 74 51 72 81 68 21 48 42 80 72 75 49 55 40 84 81 94 91 66 74 76 72 52 79 8 103 56 4 6 0 43 21 79 51 39 111 74 53 79 75 98 73 62 79 51 12 65 20 40 99 84 87 76 40 74 87 49 35 20 79 88 27 77 89 31 42 38 80 69 78 87 
46 11 41 49 60 43 49 62 56 21 41 48 59 25 50 28 19 94 28 65 70 85 60 37 39 27 29 56 19 62 20 41 50 26 23 7 64 62 75 32 9 18 20 62 39 94 64 25 58 44 57 29 77 37 72 52 40 39 43 0 25 77 17 36 77 64 42 52 43 59 49 57 36 18 43 64 61 6 62 60 89 38 51 31 56 49 14 29 47 54 22 49 77 38 19 55 52 55 35 87 
26 30 35 23 36 25 36 68 31 44 64 35 77 11 33 10 32 82 54 77 63 79 60 16 50 46 47 41 44 57 40 51 61 49 5 29 41 62 62 57 29 41 19 65 61 83 71 46 56 56 54 45 67 18 83 41 17 19 21 25 0 67 38 23 90 58 36 59 54 77 54 47 61 39 18 53 36 21 78 65 77 55 32 55 66 36 14 20 58 68 6 57 73 19 21 33 59 52 58 76 
45 88 37 71 53 44 31 44 66 98 87 32 78 58 36 76 63 16 95 63 9 17 28 52 56 105 106 27 86 20 97 53 56 79 72 74 45 28 10 91 71 94 58 38 81 17 47 74 27 56 26 106 2 82 63 26 77 82 79 77 67 0 94 45 73 17 36 46 55 79 42 21 95 95 67 14 77 71 75 41 13 67 40 86 54 32 66 88 56 64 64 48 19 49 59 44 48 27 84 10 
61 8 57 59 74 59 66 76 68 7 44 65 66 41 66 37 34 110 23 75 87 101 76 52 52 11 13 72 20 79 3 55 62 31 34 21 79 78 92 32 24 6 36 76 44 111 78 34 74 57 73 13 94 43 83 68 48 46 51 17 38 94 0 52 86 80 59 66 56 66 64 74 34 1 54 81 70 23 70 74 106 48 67 33 69 66 30 32 59 64 36 63 93 53 35 70 65 71 39 104 
14 45 13 35 32 10 14 50 36 57 62 13 67 13 14 33 28 60 60 62 40 56 38 11 38 62 64 20 50 35 55 37 47 49 27 35 32 40 40 60 33 54 17 45 57 61 53 44 35 43 33 62 44 40 67 19 36 40 39 36 23 45 52 0 75 35 14 42 41 68 36 24 64 53 29 30 46 30 67 46 55 47 17 56 51 14 23 43 45 55 19 41 51 9 19 22 43 30 57 54 
88 86 63 109 105 84 75 30 111 84 47 75 22 80 81 98 60 84 69 13 64 63 47 86 40 95 97 79 67 56 89 39 29 55 91 69 102 46 80 60 68 82 71 36 44 84 27 53 50 34 52 99 75 108 10 68 107 109 111 77 90 73 86 75 0 59 63 34 36 23 40 67 60 86 103 73 121 75 18 33 84 38 88 55 25 75 77 104 32 23 84 35 56 85 69 94 33 53 50 79 
41 75 24 67 54 38 25 29 64 83 70 26 62 48 31 68 47 33 79 47 8 21 12 45 39 91 93 25 70 3 84 36 39 63 62 59 48 13 21 74 57 80 46 23 64 33 32 57 10 39 9 92 18 75 49 18 71 75 74 64 58 17 80 35 59 0 23 29 38 63 25 13 78 81 63 15 76 58 59 26 30 50 38 69 38 26 54 78 39 47 54 31 15 43 46 43 31 10 68 26 
24 53 1 49 42 21 13 36 48 62 58 13 58 25 18 46 28 52 61 50 29 44 25 25 29 69 71 19 51 22 62 28 36 47 39 38 39 26 34 58 36 59 23 32 52 53 39 41 21 33 19 70 36 53 54 11 50 54 53 42 36 36 59 14 63 23 0 29 31 59 23 15 63 59 43 23 59 36 57 33 48 40 25 54 39 13 31 55 34 45 31 29 38 23 23 31 31 16 54 45 
54 63 29 77 71 50 41 10 78 67 44 41 33 49 47 68 33 60 58 21 36 42 17 53 15 77 79 45 51 26 70 12 10 41 61 46 68 18 50 51 43 64 41 11 38 60 12 36 19 12 20 79 47 77 25 35 75 79 79 52 59 46 66 42 34 29 29 0 12 34 6 35 54 67 71 41 88 49 31 8 58 24 54 46 10 42 49 76 11 18 53 4 34 51 39 60 2 21 42 54 
54 54 31 74 72 50 44 21 77 56 32 44 27 44 49 63 25 70 46 23 46 54 28 51 5 66 68 50 40 35 59 4 7 29 56 36 70 29 58 39 34 53 35 22 26 71 22 24 28 2 29 69 56 72 29 39 71 74 75 43 54 55 56 41 36 38 31 12 0 28 13 41 42 56 68 48 86 41 26 20 68 13 56 34 13 44 42 69 4 14 48 8 45 50 33 62 10 29 31 64 
81 67 59 99 100 77 72 36 103 64 25 72 2 69 77 85 45 93 47 20 70 74 51 78 30 74 77 77 47 60 69 32 25 35 78 52 98 51 84 37 51 62 59 42 22 93 35 34 53 27 54 78 81 94 25 67 94 96 98 59 77 79 66 68 23 63 59 34 28 0 39 68 38 66 93 75 112 60 6 38 92 22 83 34 26 72 64 88 25 16 71 32 66 77 56 90 32 55 28 87 
47 60 23 71 65 44 35 15 71 65 45 35 37 43 41 63 30 57 57 27 33 41 15 47 15 74 76 40 50 23 67 11 14 40 56 43 62 16 46 51 40 62 36 13 39 58 17 35 15 14 16 77 43 72 31 29 70 73 73 49 54 42 64 36 40 25 23 6 13 39 0 29 54 64 65 36 82 45 36 12 55 25 48 46 16 35 44 71 14 23 48 7 33 45 34 54 8 16 43 51 
28 68 17 55 42 26 13 38 52 78 71 13 67 38 19 57 43 37 76 55 15 32 22 33 41 84 86 13 67 14 77 38 44 61 52 54 36 23 19 73 51 74 38 32 65 37 41 56 18 42 16 85 20 63 58 6 59 64 62 57 47 21 74 24 67 13 15 35 41 68 29 0 77 75 50 8 63 51 65 34 32 52 25 68 44 13 45 68 43 53 43 36 28 31 38 30 37 14 67 30 
77 38 61 84 93 73 74 62 91 29 13 74 39 58 77 65 36 111 11 53 86 96 69 69 40 39 41 81 17 76 36 43 45 16 59 32 95 71 95 4 33 28 48 65 18 111 62 21 69 42 69 44 95 73 60 73 76 75 79 36 61 95 34 64 60 78 63 54 42 38 54 77 0 34 79 85 97 40 43 62 108 30 81 9 51 74 48 63 43 43 56 50 87 70 46 86 52 68 12 104 
62 9 58 60 74 60 66 77 68 6 44 66 67 41 67 38 34 111 23 76 88 102 77 53 52 10 12 73 20 79 3 55 62 31 35 22 80 79 92 31 24 5 37 77 44 112 78 34 75 57 74 13 95 44 83 69 49 46 51 18 39 95 1 53 86 81 59 67 56 66 64 75 34 0 55 82 71 24 70 75 107 49 68 33 69 67 31 32 59 65 37 63 94 54 36 71 66 72 39 104 
23 46 43 6 22 25 38 79 13 61 81 37 92 24 32 18 48 80 71 90 65 82 67 18 64 61 61 40 62 63 56 64 74 66 20 47 31 69 60 75 47 58 34 75 78 81 82 63 64 70 61 59 66 17 96 45 11 16 12 43 18 67 54 29 103 63 43 71 68 93 65 50 79 55 0 53 19 39 93 75 75 71 28 73 79 37 31 28 72 82 23 69 78 20 37 26 71 59 76 75 
31 75 24 57 41 29 17 43 53 85 78 18 74 44 21 62 51 30 84 61 13 29 26 38 48 91 93 13 74 17 84 45 50 69 57 61 34 27 11 81 59 81 45 37 73 31 46 63 23 49 21 92 14 68 63 13 62 68 65 64 53 14 81 30 73 15 23 41 48 75 36 8 85 82 53 0 64 58 72 40 25 59 26 76 51 17 52 73 50 59 49 43 27 35 46 31 43 20 75 23 
36 63 59 13 24 39 51 95 11 77 100 50 111 43 44 34 67 87 89 108 77 93 82 35 82 75 76 51 80 76 71 82 92 85 38 65 33 84 68 93 65 75 53 91 97 88 98 82 78 88 76 73 76 28 113 58 22 26 20 61 36 77 70 46 121 76 59 88 86 112 82 63 97 71 19 64 0 57 112 92 81 89 38 91 96 50 50 40 90 100 42 86 90 36 56 33 89 74 94 83 
40 17 35 44 54 37 43 59 51 28 43 42 59 19 43 26 16 88 33 63 64 79 56 31 36 33 35 50 24 57 26 38 47 28 19 8 58 57 69 36 9 24 13 57 41 88 61 26 53 42 52 34 71 35 70 45 37 37 40 6 21 71 23 30 75 58 36 49 41 60 45 51 40 24 39 58 57 0 61 56 83 38 45 34 54 43 8 29 44 52 16 46 72 32 13 49 48 50 38 81 
80 70 57 99 98 76 70 32 102 67 29 70 4 69 76 86 46 89 52 15 66 69 47 77 29 78 80 75 50 57 73 30 22 38 79 55 96 47 80 42 53 65 59 37 26 89 30 37 49 25 51 82 77 95 20 65 95 97 99 62 78 75 70 67 18 59 57 31 26 6 36 65 43 70 93 72 112 61 0 34 88 23 82 38 22 70 65 90 23 13 72 29 61 76 57 88 29 52 33 83 
57 71 33 81 74 53 43 4 81 75 51 43 37 54 49 75 41 55 66 22 32 36 14 57 23 85 87 46 59 23 78 20 17 49 68 54 69 13 47 59 51 72 47 3 45 55 7 44 17 20 19 87 43 83 24 36 81 84 84 60 65 41 74 46 33 26 33 8 20 38 12 34 62 75 75 40 92 56 34 0 54 32 56 54 13 43 55 83 19 23 59 12 27 55 46 62 10 20 50 49 
53 100 49 77 58 52 41 56 71 110 100 42 91 68 44 86 75 6 108 75 22 23 41 61 69 116 118 36 99 33 109 66 68 92 81 86 48 41 15 104 84 106 70 50 94 7 59 87 40 69 39 117 12 90 75 38 84 90 87 89 77 13 106 55 84 30 48 58 68 92 55 32 108 107 75 25 81 83 88 54 0 80 47 99 66 41 77 97 69 76 74 61 29 58 71 49 61 40 97 5 
60 48 39 77 79 57 52 32 81 47 20 52 22 47 58 63 23 83 35 27 58 66 40 56 11 58 60 59 30 48 51 15 16 18 55 31 78 41 70 27 30 44 37 35 14 83 33 15 40 12 41 61 68 72 34 49 72 74 76 38 55 67 48 47 38 50 40 24 13 22 25 52 30 49 71 59 89 38 23 32 80 0 63 22 22 53 41 67 13 16 49 21 58 55 34 69 22 41 18 76 
6 60 25 31 18 8 14 60 27 72 79 13 82 26 7 39 45 53 77 75 39 55 45 16 53 76 77 13 67 38 69 52 60 66 37 51 15 47 32 77 50 69 33 54 74 54 63 61 41 57 39 76 39 43 79 21 37 43 40 51 32 40 67 17 88 38 25 54 56 83 48 25 81 68 28 26 38 45 82 56 47 63 0 73 63 13 37 51 59 69 31 54 52 14 36 6 55 37 74 47 
69 36 53 79 86 65 65 54 85 30 11 65 34 50 69 60 28 102 14 47 77 87 61 62 31 41 43 73 14 67 36 35 37 7 54 26 88 62 87 5 26 28 41 56 12 102 54 13 60 34 60 45 87 68 54 64 71 71 74 31 55 86 33 56 55 69 54 46 34 34 46 68 9 33 73 76 91 34 38 54 99 22 73 0 44 66 41 60 35 36 50 42 79 62 38 78 44 59 5 95 
63 67 39 85 81 59 50 11 86 69 40 51 24 56 57 75 38 67 57 11 45 49 26 61 18 79 81 55 52 35 72 16 7 40 68 49 77 26 59 49 47 66 47 16 34 68 11 36 28 12 29 82 55 84 17 44 83 86 87 56 66 54 69 51 25 38 39 10 13 26 16 44 51 69 79 51 96 54 22 13 66 22 63 44 0 51 55 82 10 10 60 10 40 60 45 70 8 30 40 62 
15 59 14 42 30 13 1 47 39 71 71 1 71 27 6 45 39 46 72 62 28 44 32 21 43 76 78 7 62 26 69 41 49 59 40 47 26 34 26 70 45 67 30 42 65 47 50 53 28 46 26 76 31 51 66 8 46 51 49 49 36 32 66 14 75 26 13 42 44 72 35 13 74 67 37 17 50 43 70 43 41 53 13 66 51 0 36 56 47 58 33 42 41 18 31 19 43 24 66 40 
32 23 30 37 46 29 36 58 44 35 50 35 63 11 36 21 18 82 41 64 60 75 53 23 38 40 41 43 31 53 33 39 49 35 14 16 50 55 62 43 15 32 8 56 47 83 61 32 50 43 48 40 66 31 71 40 31 32 35 14 14 66 30 23 77 54 31 49 42 64 44 45 48 31 31 52 50 8 65 55 77 41 37 41 55 36 0 27 46 55 9 46 68 24 9 41 48 46 44 75 
45 25 55 31 50 45 56 86 41 39 70 55 88 30 53 12 45 102 54 91 83 99 79 36 65 35 35 61 47 77 32 66 76 55 16 36 58 81 82 60 37 37 35 83 69 103 88 54 76 70 74 32 87 13 98 62 19 15 20 29 20 88 32 43 104 78 55 76 69 88 71 68 63 32 28 73 40 29 90 83 97 67 51 60 82 56 27 0 73 81 25 73 93 38 37 51 76 71 64 96 
57 57 34 78 76 54 47 19 80 59 32 47 24 48 53 67 28 71 48 19 47 54 28 55 8 69 71 52 42 37 62 7 3 31 59 40 73 29 60 40 37 56 39 22 27 71 20 26 29 2 30 72 57 76 25 42 75 77 79 47 58 56 59 45 32 39 34 11 4 25 14 43 43 59 72 50 90 44 23 19 69 13 59 35 10 47 46 73 0 11 52 8 45 54 37 65 9 30 32 65 
68 63 44 88 86 64 57 22 91 63 30 57 14 58 63 76 37 78 50 11 54 59 35 65 18 74 76 62 46 45 67 18 9 34 69 47 84 36 68 41 45 60 49 27 25 78 21 31 37 13 39 77 65 85 18 52 85 87 88 54 68 64 64 55 23 47 45 18 14 16 23 53 43 65 82 59 100 52 13 23 76 16 69 36 10 58 55 81 11 0 61 17 50 64 46 76 16 39 31 72 
25 29 30 29 38 23 33 62 35 42 58 32 71 6 31 16 26 79 50 70 58 74 54 16 44 45 46 39 40 53 39 44 54 43 9 24 43 56 59 52 24 39 13 59 55 80 65 40 51 49 49 45 63 24 76 38 23 26 27 22 6 64 36 19 84 54 31 53 48 71 48 43 56 37 23 49 42 16 72 59 74 49 31 50 60 33 9 25 52 61 0 50 69 17 15 34 53 47 53 73 
53 60 29 75 71 49 41 14 76 63 40 41 31 46 47 66 30 63 54 21 39 46 20 52 11 73 75 46 47 29 66 8 8 37 59 42 68 21 52 47 40 60 38 14 34 63 15 32 21 8 22 76 49 75 26 35 73 76 77 49 57 48 63 41 35 31 29 4 8 32 7 36 50 63 69 43 86 46 29 12 61 21 54 42 10 42 46 73 8 17 50 0 37 50 36 60 3 23 39 57 
56 89 39 82 68 53 40 29 79 96 77 41 64 63 46 83 60 28 90 47 14 9 18 60 47 104 106 39 82 16 97 44 44 73 77 72 61 16 28 84 70 92 60 24 71 28 31 67 20 45 20 106 21 90 46 33 86 91 89 77 73 19 93 51 56 15 38 34 45 66 33 28 87 94 78 27 90 72 61 27 29 58 52 79 40 41 68 93 45 50 69 37 0 58 60 57 36 23 76 24 
8 46 23 26 24 6 18 59 26 59 69 17 76 13 14 27 35 64 65 71 46 62 47 3 47 62 64 23 54 43 56 46 56 55 23 39 26 49 43 65 37 56 21 55 65 65 62 51 43 52 41 62 49 33 76 25 28 33 31 38 19 49 53 9 85 43 23 51 50 77 45 31 70 54 20 35 36 32 76 55 58 55 14 62 60 18 24 38 54 64 17 50 58 0 24 17 52 39 64 58 
31 29 22 43 48 28 31 49 48 39 45 30 56 13 32 30 12 75 41 56 52 67 44 24 29 46 48 38 31 44 38 30 40 31 23 16 50 46 56 41 14 36 3 47 41 76 51 27 41 34 39 47 59 39 62 33 38 41 42 19 21 59 35 19 69 46 23 39 33 56 34 38 46 36 37 46 56 13 57 46 71 34 36 38 45 31 9 37 37 46 15 36 60 24 0 40 39 37 40 68 
9 63 31 28 11 13 20 66 22 76 84 19 88 30 13 40 51 55 81 81 43 59 51 18 59 79 80 18 71 44 72 58 67 71 38 56 9 53 35 82 54 73 38 61 80 56 69 66 47 63 45 78 42 42 85 27 36 42 38 55 33 44 70 22 94 43 31 60 62 90 54 30 86 71 26 31 33 49 88 62 49 69 6 78 70 19 41 51 65 76 34 60 57 17 40 0 62 43 80 50 
55 63 31 77 73 51 42 11 79 66 41 43 30 49 49 69 33 62 56 19 38 45 20 54 14 76 78 47 50 28 69 11 8 39 61 45 69 20 52 49 43 63 41 13 36 63 13 34 21 10 22 78 49 78 24 37 76 79 80 52 59 48 65 43 33 31 31 2 10 32 8 37 52 66 71 43 89 48 29 10 61 22 55 44 8 43 48 76 9 16 53 3 36 52 39 62 0 23 40 56 
38 66 17 64 54 35 23 24 63 74 60 24 54 41 30 62 38 42 69 41 17 30 9 41 29 82 84 26 61 8 74 26 30 53 55 50 49 10 29 64 48 70 37 18 54 43 27 47 5 30 3 84 27 69 44 16 66 70 69 55 52 27 71 30 53 10 16 21 29 55 16 14 68 72 59 20 74 50 52 20 40 41 37 59 30 24 46 71 30 39 47 23 23 39 37 43 23 0 58 36 
70 41 53 82 88 67 66 50 87 35 6 65 29 53 70 63 29 100 19 42 75 84 58 64 29 46 48 73 19 65 41 32 34 10 57 29 89 59 86 9 29 34 43 53 6 101 51 13 58 31 59 50 85 72 49 64 74 74 78 35 58 84 39 57 50 68 54 42 31 28 43 67 12 39 76 75 94 38 33 50 97 18 74 5 40 66 44 64 32 31 53 39 76 64 40 80 40 58 0 93 
52 98 46 78 59 52 40 51 72 107 96 41 86 67 44 85 72 7 105 70 18 18 37 60 65 114 116 35 95 28 107 62 64 89 80 83 50 36 15 100 81 104 68 46 90 8 54 83 36 65 35 115 9 90 70 36 84 90 87 87 76 10 104 54 79 26 45 54 64 87 51 30 104 104 75 23 83 81 83 49 5 76 47 95 62 40 75 96 65 72 73 57 24 58 68 50 56 36 93 0 
0 0 0 0 861 790 3000 1227 0 54 17 19 0 397 17 65 350 0 3000 175 0 842 0 0 23 19 63 20 0 397 0 9 2229 23 332 0 82 522 313 33 0 3000 162 0 99 0 250 362 0 10 0 236 0 159 18 33 91 3000 1119 0 0 161 1235 64 33 1553 205 194 1600 107 0 192 1945 0 495 275 1002 0 453 0 65 93 112 145 396 198 0 14 38 45 10 564 0 7 3000 49 0 150 407 523 
0 0 59 1857 0 31 73 1572 175 27 1763 44 10 116 115 546 0 0 92 2699 183 0 104 426 0 58 378 0 761 67 3000 0 133 16 323 585 0 18 892 0 24 9 0 19 140 62 1586 64 30 8 3000 9 27 134 41 57 0 0 36 19 15 28 0 3000 0 0 70 116 0 132 2386 1040 432 82 24 378 162 140 34 49 44 289 0 73 181 0 521 10 0 10 8 14 9 765 273 378 14 8 0 309 
0 59 0 555 0 62 23 32 50 109 744 11 178 116 12 154 0 0 90 408 825 0 84 745 0 0 76 0 373 9 11 0 249 20 76 249 0 699 39 0 7 947 0 2679 3000 20 7 3000 1284 195 1652 0 33 51 113 16 0 0 37 1821 284 583 0 0 0 0 3000 52 0 56 26 3000 211 289 45 20 188 116 25 258 8 57 0 753 1190 0 3000 0 0 3000 35 148 632 192 104 97 411 1313 0 0 
0 1857 555 0 0 30 353 12 1593 254 0 390 20 14 25 71 0 56 27 8 442 0 13 95 0 657 8 3000 69 19 200 0 521 40 2155 18 0 41 175 70 87 27 0 74 2712 89 644 133 156 22 145 0 7 138 16 126 0 55 0 154 424 12 0 85 0 0 302 0 20 1200 8 47 47 240 1114 319 266 1108 15 155 3000 535 0 695 69 0 106 0 0 0 2024 9 778 9 73 451 3000 346 0 94 
861 0 0 0 0 8 40 951 544 18 0 12 0 78 171 1709 79 8 227 3000 0 1145 308 0 79 33 110 44 0 21 15 225 160 476 573 0 31 56 89 15 0 125 66 0 1135 0 70 0 0 1436 0 1024 93 1638 25 0 57 45 17 0 0 1558 390 46 7 229 142 489 76 65 0 2433 19 115 10 0 976 15 22 0 9 8 142 0 555 53 247 1921 44 186 55 14 0 62 729 331 0 37 446 347 
790 31 62 30 8 0 24 125 17 330 0 128 8 419 95 24 610 17 59 54 3000 10 70 0 400 70 7 16 0 34 1713 3000 30 754 30 222 171 22 37 329 17 48 89 0 301 7 265 87 0 76 134 27 415 2948 231 0 576 47 47 0 0 27 12 313 515 54 94 446 129 1489 12 12 2436 338 77 309 14 3000 2572 0 774 9 11 1217 66 45 517 23 1484 193 172 52 819 25 26 227 30 268 117 550 
3000 73 23 353 40 24 0 359 462 968 1466 243 18 90 39 734 132 162 329 196 103 0 181 23 80 76 1848 9 85 8 1238 67 9 7 3000 1320 0 11 880 18 131 8 0 332 536 33 57 237 240 84 173 45 326 378 81 41 16 115 185 211 1067 24 38 1218 46 29 22 74 15 1899 311 3000 27 8 22 33 422 2809 107 3000 168 8 497 224 22 7 63 102 48 417 44 42 71 1086 76 95 335 170 9 130 
1227 1572 32 12 951 125 359 0 387 27 12 42 21 210 54 439 101 142 225 776 3000 20 2952 64 424 37 50 52 0 203 53 60 91 44 12 104 68 51 109 9 43 275 20 895 550 167 234 15 3000 3000 0 252 134 23 971 147 46 195 51 36 1152 195 477 110 713 343 846 835 1723 585 195 272 326 8 73 54 454 73 17 804 19 38 52 1975 68 76 56 1035 459 915 66 10 2270 82 158 19 207 155 43 14 
0 175 50 1593 544 17 462 387 0 30 0 0 10 824 45 1517 23 1381 85 0 44 0 515 0 844 1538 803 10 14 473 7 0 21 479 274 67 0 14 21 3000 60 1225 0 0 90 9 47 0 0 12 301 0 155 66 356 0 58 49 0 0 0 9 38 25 9 0 0 0 726 304 89 158 248 46 0 27 34 3000 15 126 372 0 0 0 9 0 324 0 0 0 96 0 0 14 2213 0 570 229 28 31 
54 27 109 254 18 330 968 27 30 0 153 537 83 8 74 110 0 15 241 456 10 628 21 47 0 12 1941 16 14 465 415 280 60 174 199 15 0 1349 29 150 29 98 271 467 68 37 166 155 3000 46 222 87 62 1225 141 22 69 134 14 1528 54 1425 17 439 1035 64 11 748 1466 184 126 125 55 12 3000 24 54 12 12 165 10 137 140 1266 203 31 10 87 17 15 16 22 84 29 25 3000 141 366 0 119 
17 1763 744 0 0 0 1466 12 0 153 0 168 3000 217 636 59 0 0 14 30 3000 64 0 25 0 0 53 0 0 300 0 647 2567 11 1471 115 1923 0 12 0 34 39 194 118 103 20 190 11 19 3000 0 92 0 0 45 748 0 0 234 36 203 0 0 1154 30 37 3000 1184 0 44 32 54 0 0 198 100 0 0 0 27 3000 70 178 55 646 912 0 3000 0 929 11 1983 1653 8 83 33 0 205 0 0 
19 44 11 390 12 128 243 42 0 537 168 0 56 190 33 136 0 0 22 13 57 317 354 938 0 19 120 0 0 105 265 399 7 15 102 78 56 97 105 85 154 648 176 625 18 74 279 13 13 46 0 114 0 155 13 303 26 0 516 45 17 510 243 8 10 101 120 35 44 44 44 59 30 78 1025 19 270 53 750 30 128 768 379 322 161 187 18 354 32 23 9 115 61 121 434 139 1215 225 0 241 
0 10 178 20 0 8 18 21 10 83 3000 56 0 222 24 960 0 0 54 1477 122 0 1542 30 0 0 410 0 160 907 204 0 24 120 11 20 0 1141 192 0 56 24 0 117 219 315 617 60 33 10 205 52 436 82 11 652 0 0 136 475 43 8 0 17 0 0 277 338 0 553 38 306 12 69 185 12 39 146 164 33 10 105 0 90 90 0 29 259 0 151 117 62 1215 43 31 241 21 25 0 21 
397 116 116 14 78 419 90 210 824 8 217 190 222 0 9 49 75 138 41 490 3000 176 43 1407 328 21 501 103 0 128 3000 26 124 260 19 162 63 202 124 256 40 16 35 72 259 148 149 91 536 243 0 325 28 18 1789 10 1229 41 33 53 3000 60 39 848 38 301 18 2837 1236 41 546 138 8 18 65 70 2460 9 32 1499 433 1282 400 60 2202 238 1787 16 116 10 360 2942 26 297 33 11 17 655 59 174 
17 115 12 25 171 95 39 54 45 74 636 33 24 9 0 15 187 10 17 53 1538 3000 63 17 55 3000 1417 53 0 29 794 154 104 650 440 9 997 28 438 208 286 118 25 100 636 17 11 612 114 22 0 1443 75 88 127 529 22 40 424 98 32 1489 51 1526 83 33 2558 73 335 108 14 219 1954 12 3000 105 145 23 37 216 47 14 178 44 2147 2204 65 359 1821 529 1630 28 1258 183 72 129 1128 3000 56 38 
65 546 154 71 1709 24 734 439 1517 110 59 136 960 49 15 0 67 9 46 611 92 76 3000 132 11 186 2989 187 306 1052 24 78 222 642 21 22 224 13 1056 9 354 62 87 1144 9 28 1109 1136 215 12 214 489 98 2191 8 48 23 2685 264 352 873 53 14 134 198 290 133 323 266 42 11 11 39 13 407 98 186 22 1413 28 2463 519 11 238 825 176 20 252 9 20 178 47 295 24 2857 56 81 95 323 572 
350 0 0 0 79 610 132 101 23 0 0 0 0 75 187 67 0 436 382 497 0 3000 0 0 43 3000 58 55 0 54 314 403 75 58 710 0 294 45 1624 186 0 1149 141 0 43 0 164 0 0 215 0 84 166 57 369 0 164 65 0 0 0 13 1385 23 49 661 1135 62 49 96 0 730 17 0 0 0 7 105 190 0 953 29 148 0 427 310 12 1296 40 24 17 161 0 276 1781 329 0 261 555 428 
0 0 0 56 8 17 162 142 1381 15 0 0 0 138 10 9 436 0 65 0 0 0 33 0 773 12 1279 92 152 33 1979 0 3000 43 718 0 0 64 271 50 0 541 0 0 149 59 108 0 0 241 87 66 56 54 2884 0 21 2583 0 0 0 8 64 16 22 15 0 0 9 269 35 46 250 91 0 0 256 696 50 0 129 0 23 0 10 47 9 0 172 0 92 0 0 1081 244 0 34 1165 75 136 
3000 92 90 27 227 59 329 225 85 241 14 22 54 41 17 46 382 65 0 147 43 9 0 23 695 107 17 150 0 14 68 2568 1433 20 3000 2069 16 824 669 92 48 549 223 14 3000 720 247 33 755 154 0 1149 0 1056 257 162 186 187 561 142 3000 1086 22 25 48 335 387 35 15 44 3000 198 406 37 26 8 9 44 3000 1324 443 239 18 1332 29 41 118 829 221 15 17 68 145 10 1064 38 0 89 2735 1231 
175 2699 408 8 3000 54 196 776 0 456 30 13 1477 490 53 611 497 0 147 0 2667 153 0 610 133 64 8 147 0 1102 649 26 126 57 229 9 709 440 279 122 2560 73 29 21 113 335 30 2143 658 133 0 7 0 1055 106 60 9 16 10 3000 2204 20 17 933 198 122 251 77 21 259 1889 1025 21 67 300 152 8 353 81 11 11 45 2031 141 24 749 78 19 45 1770 94 1221 74 311 41 122 387 76 14 116 
0 183 825 442 0 3000 103 3000 44 10 3000 57 122 3000 1538 92 0 0 43 2667 0 0 580 678 0 1549 17 0 458 79 126 0 584 154 16 35 0 8 25 0 46 95 0 10 760 11 15 556 1331 57 219 15 398 742 1918 1296 0 0 8 16 736 49 0 9 0 0 3000 81 0 199 307 66 202 20 26 2658 141 1759 51 10 21 9 0 194 1649 0 25 3000 0 58 458 2205 24 319 180 73 56 14 0 377 
842 0 0 0 1145 10 0 20 0 628 64 317 0 176 3000 76 3000 0 9 153 0 0 0 0 1377 10 623 1822 0 0 0 21 45 1390 63 0 69 22 8 1096 0 19 63 0 1537 0 0 8 0 30 0 12 0 33 499 291 273 399 3000 0 0 0 19 3000 3000 663 64 97 621 18 0 1792 129 0 283 0 1085 0 620 0 408 115 612 675 96 554 0 117 34 33 87 23 0 3000 34 12 0 180 39 0 
0 104 84 13 308 70 181 2952 515 21 0 354 1542 43 63 3000 0 33 0 0 580 0 0 826 1507 19 76 479 38 54 31 0 27 88 615 708 0 10 22 71 106 63 0 0 63 14 775 0 190 38 3000 0 18 155 11 0 66 250 0 0 0 61 23 51 122 0 0 0 219 104 677 327 13 395 69 362 163 2907 3000 101 145 0 0 0 213 0 15 0 0 0 3000 0 220 182 65 0 352 186 2838 72 
0 426 745 95 0 0 23 64 0 47 25 938 30 1407 17 132 0 0 23 610 678 0 826 0 0 0 26 0 88 212 111 0 3000 23 961 1915 0 0 0 0 137 126 0 360 695 435 25 1847 15 15 102 0 0 0 159 223 0 0 30 61 256 115 0 0 0 0 80 0 0 578 2978 865 31 2994 166 36 0 0 0 441 215 366 0 22 0 0 156 0 0 1312 101 26 325 3000 169 17 148 0 0 0 
23 0 0 0 79 400 80 424 844 0 0 0 0 328 55 11 43 773 695 133 0 1377 1507 0 0 12 405 52 0 33 109 33 179 863 161 0 138 103 1497 103 0 455 379 0 331 0 147 0 0 346 0 115 973 60 0 0 1188 2348 0 0 0 272 2881 1708 117 31 0 433 55 60 0 47 23 160 0 0 2575 2044 306 0 78 0 8 0 83 150 544 0 63 0 154 0 0 47 21 0 0 103 465 203 
19 58 0 657 33 70 76 37 1538 12 0 19 0 21 3000 186 3000 12 107 64 1549 10 19 0 12 0 1126 53 0 157 733 66 2253 134 28 0 33 61 628 8 0 1041 57 0 69 499 55 466 0 25 0 68 12 13 33 0 155 50 1712 0 0 20 217 33 149 299 8 54 326 1625 152 11 2067 10 190 459 420 70 1002 0 26 59 700 0 79 9 151 104 215 188 776 347 0 15 593 1316 0 36 88 1224 
63 378 76 8 110 7 1848 50 803 1941 53 120 410 501 1417 2989 58 1279 17 8 17 623 76 26 405 1126 0 43 24 30 490 43 300 199 87 49 99 1138 16 192 796 74 11 331 880 647 387 555 19 68 47 496 104 363 10 375 920 46 167 55 16 344 706 525 40 636 73 126 86 180 178 55 12 74 26 148 64 1651 65 23 684 256 255 59 205 119 247 12 406 666 546 87 447 578 1711 139 2195 65 337 40 
20 0 0 3000 44 16 9 52 10 16 0 0 0 103 53 187 55 92 150 147 0 1822 479 0 52 53 43 0 0 542 169 179 340 385 933 0 190 8 200 355 0 1289 9 0 1956 171 22 0 0 36 24 400 124 18 1284 0 681 497 0 0 0 2932 289 15 11 57 76 81 144 1406 0 196 118 150 0 0 485 29 528 0 139 45 243 0 390 514 20 0 59 0 241 0 0 314 526 0 0 38 7 165 
0 761 373 69 0 0 85 0 14 14 0 0 160 0 0 306 0 152 0 0 458 0 38 88 0 0 24 0 0 246 189 0 463 478 152 681 0 111 0 0 329 65 0 0 59 440 1393 0 758 105 36 0 231 335 70 0 0 87 0 0 0 85 0 0 0 0 0 0 0 19 22 0 84 47 0 1677 153 2729 8 718 433 0 0 0 0 0 187 0 0 0 9 0 476 28 116 0 133 296 0 944 
397 67 9 19 21 34 8 203 473 465 300 105 907 128 29 1052 54 33 14 1102 79 0 54 212 33 157 30 542 246 0 305 258 507 367 25 31 0 77 12 34 89 1089 0 19 82 547 40 83 11 1694 3000 30 28 146 81 209 1059 2180 2099 39 894 66 132 12 3000 30 2791 35 45 15 13 85 432 2711 1590 1245 238 53 55 45 55 45 61 181 32 2559 1254 32 26 60 85 156 2195 14 224 14 22 51 17 1836 
0 3000 11 200 15 1713 1238 53 7 415 0 265 204 3000 794 24 314 1979 68 649 126 0 31 111 109 733 490 169 189 305 0 0 648 12 13 115 0 887 69 29 1630 21 0 0 3000 383 669 0 1062 245 978 0 51 392 434 0 554 36 0 0 0 598 197 165 92 0 13 0 621 38 8 13 366 337 181 43 96 162 34 39 64 127 0 0 55 0 1278 0 26 0 25 0 129 133 75 0 919 3000 9 222 
9 0 0 0 225 3000 67 60 0 280 647 399 0 26 154 78 403 0 2568 26 0 21 0 0 33 66 43 179 0 258 0 0 10 744 34 0 96 37 152 414 0 94 327 0 31 0 0 12 0 202 0 312 0 1071 898 220 3000 53 22 0 0 1012 115 18 25 86 747 306 8 1095 0 14 266 0 20 0 264 0 275 0 24 71 258 8 54 9 0 86 32 56 61 426 0 88 59 441 0 3000 3000 16 
2229 133 249 521 160 30 9 91 21 60 2567 7 24 124 104 222 75 3000 1433 126 584 45 27 3000 179 2253 300 340 463 507 648 10 0 17 50 12 124 429 426 166 25 45 345 0 132 11 647 607 21 159 103 1152 639 83 56 71 425 24 3000 0 0 3000 304 104 618 83 113 504 393 30 536 500 162 391 43 546 28 990 315 37 623 12 199 192 63 57 1125 309 17 24 163 14 98 334 237 13 112 505 305 103 
23 16 20 40 476 754 7 44 479 174 11 15 120 260 650 642 58 43 20 57 154 1390 88 23 863 134 199 385 478 367 12 744 17 0 97 1085 0 131 368 52 145 11 75 9 11 21 184 24 848 470 65 214 3000 10 789 288 81 154 312 29 590 232 15 616 502 49 13 409 28 887 62 85 139 1993 29 80 891 29 3000 182 1257 693 43 295 70 124 19 35 361 129 9 130 74 84 37 11 105 20 81 10 
332 323 76 2155 573 30 3000 12 274 199 1471 102 11 19 440 21 710 718 3000 229 16 63 615 961 161 28 87 933 152 25 13 34 50 97 0 243 8 48 103 207 163 2363 636 3000 377 127 451 90 16 66 41 123 71 1012 31 511 10 60 29 12 301 29 8 54 24 817 131 15 187 798 450 9 40 213 187 3000 860 13 133 1988 45 343 11 343 1131 1847 384 3000 80 1073 72 583 74 154 23 9 598 1044 315 123 
0 585 249 18 0 222 1320 104 67 15 115 78 20 162 9 22 0 0 2069 9 35 0 708 1915 0 0 49 0 681 31 115 0 12 1085 243 0 0 49 3000 0 9 235 0 95 237 308 371 7 9 108 220 0 1128 58 117 361 0 0 331 343 1319 25 0 0 0 0 23 0 0 545 400 273 35 19 223 19 53 1731 554 28 181 325 0 3000 38 0 205 0 0 0 14 209 70 229 24 29 40 21 0 49 
82 0 0 0 31 171 0 68 0 0 1923 56 0 63 997 224 294 0 16 709 0 69 0 0 138 33 99 190 0 0 0 96 124 0 8 0 0 0 151 60 0 48 463 0 0 0 0 76 0 104 0 89 0 13 2182 10 70 0 81 0 0 0 43 184 351 362 7 828 204 164 0 690 0 0 3000 0 0 0 0 0 176 188 244 200 22 11 0 109 3000 9 10 28 0 0 0 30 0 93 13 0 
522 18 699 41 56 22 11 51 14 1349 0 97 1141 202 28 13 45 64 824 440 8 22 10 0 103 61 1138 8 111 77 887 37 429 131 48 49 0 0 140 11 32 58 1042 0 121 774 15 0 0 18 14 63 29 274 52 0 711 33 0 0 0 215 65 211 262 273 355 57 1351 1197 328 120 10 257 423 87 1108 1032 32 317 788 245 32 0 271 442 200 117 422 0 25 50 126 15 8 2148 58 719 1179 3000 
313 892 39 175 89 37 880 109 21 29 12 105 192 124 438 1056 1624 271 669 279 25 8 22 0 1497 628 16 200 0 12 69 152 426 368 103 3000 151 140 0 28 894 12 150 0 1171 10 14 203 74 131 0 89 1476 19 110 45 9 7 541 0 0 235 275 175 316 278 35 390 215 50 641 338 3000 34 12 460 2274 1491 27 54 19 100 15 40 10 22 133 45 24 76 184 443 723 275 9 22 9 147 8 83 
33 0 0 70 15 329 18 9 3000 150 0 85 0 256 208 9 186 50 92 122 0 1096 71 0 103 8 192 355 0 34 29 414 166 52 207 0 60 11 28 0 0 49 377 0 2323 2467 8 0 0 47 0 1100 753 895 65 0 97 13 0 0 0 11 86 105 110 430 19 983 8 93 15 117 1458 110 210 0 44 1151 29 0 355 738 171 0 21 59 594 98 158 0 268 63 0 115 915 18 0 182 30 31 
0 24 7 87 0 17 131 43 60 29 34 154 56 40 286 354 0 0 48 2560 46 0 106 137 0 0 796 0 329 89 1630 0 25 145 163 9 0 32 894 0 0 1592 0 238 385 30 7 28 16 32 142 0 10 402 60 773 0 0 22 60 1876 49 0 0 0 0 72 0 0 161 32 30 9 15 18 323 494 246 22 193 19 2467 0 125 60 0 14 0 0 106 22 11 3000 12 1393 27 213 12 0 1157 
3000 9 947 27 125 48 8 275 1225 98 39 648 24 16 118 62 1149 541 549 73 95 19 63 126 455 1041 74 1289 65 1089 21 94 45 11 2363 235 48 58 12 49 1592 0 32 48 218 22 25 632 72 7 8 202 32 56 14 93 1079 907 40 18 49 22 41 280 29 111 53 32 481 170 463 930 1930 12 86 220 94 87 26 23 767 71 10 238 40 116 154 30 12 1703 11 385 44 119 526 25 34 271 412 108 
162 0 0 0 66 89 0 20 0 271 194 176 0 35 25 87 141 0 223 29 0 63 0 0 379 57 11 9 0 0 0 327 345 75 636 0 463 1042 150 377 0 32 0 0 90 0 0 1007 0 26 0 74 0 195 94 7 43 0 21 0 0 0 329 1035 848 16 409 12 24 10 0 52 0 0 146 0 0 0 0 0 717 37 20 18 8 882 0 15 431 528 294 9 0 231 0 176 0 3000 295 0 
0 19 2679 74 0 0 332 895 0 467 118 625 117 72 100 1144 0 0 14 21 10 0 0 360 0 0 331 0 0 19 0 0 0 9 3000 95 0 0 0 0 238 48 0 0 162 86 17 823 9 388 0 0 0 0 18 68 0 0 11 1042 23 0 0 0 0 0 274 280 0 0 47 218 0 0 248 36 0 0 0 112 53 454 0 789 0 0 0 1784 0 148 0 14 197 745 703 70 325 0 0 0 
99 140 3000 2712 1135 301 536 550 90 68 103 18 219 259 636 9 43 149 3000 113 760 1537 63 695 331 69 880 1956 59 82 3000 31 132 11 377 237 0 121 1171 2323 385 218 90 162 0 80 65 17 78 419 98 14 671 22 9 176 1247 343 79 9 2015 157 77 24 10 46 578 804 2512 134 112 580 560 68 373 72 171 528 378 88 917 584 3000 92 682 22 548 17 555 186 47 10 3000 45 1594 3000 1477 17 361 1131 
0 62 20 89 0 7 33 167 9 37 20 74 315 148 17 28 0 59 720 335 11 0 14 435 0 499 647 171 440 547 383 0 11 21 127 308 0 774 10 2467 30 22 0 86 80 0 491 58 9 18 1047 26 110 7 2048 7 0 818 741 27 2375 32 0 31 288 0 171 577 11 1109 24 141 53 82 3000 224 21 365 27 60 13 461 0 263 338 0 383 46 0 839 3000 45 34 174 2333 51 995 1288 0 57 
250 1586 7 644 70 265 57 234 47 166 190 279 617 149 11 1109 164 108 247 30 15 0 775 25 147 55 387 22 1393 40 669 0 647 184 451 371 0 15 14 8 7 25 0 17 65 491 0 469 57 106 101 651 37 86 67 422 31 69 25 103 168 53 85 12 264 18 3000 229 142 11 86 59 78 822 8 37 64 100 3000 68 89 238 29 10 65 10 509 37 984 3000 181 40 100 15 19 79 217 1410 205 900 
362 64 3000 133 0 87 237 15 0 155 11 13 60 91 612 1136 0 0 33 2143 556 8 0 1847 0 466 555 0 0 83 0 12 607 24 90 7 76 0 203 0 28 632 1007 823 17 58 469 0 36 54 0 121 0 3000 134 51 0 0 29 15 16 29 0 881 862 12 68 3000 0 310 642 77 23 0 24 51 0 0 0 91 737 102 84 2532 2147 46 0 214 0 67 82 139 58 128 20 347 917 27 0 0 
0 30 1284 156 0 0 240 3000 0 3000 19 13 33 536 114 215 0 0 755 658 1331 0 190 15 0 0 19 0 758 11 1062 0 21 848 16 9 0 0 74 0 16 72 0 9 78 9 57 36 0 81 113 0 103 185 206 67 0 0 70 1338 3000 70 0 0 0 0 970 0 0 341 19 37 41 1520 374 65 95 0 0 2697 7 518 0 36 393 0 161 0 0 3000 64 266 12 762 22 1114 37 61 0 0 
10 8 195 22 1436 76 84 3000 12 46 3000 46 10 243 22 12 215 241 154 133 57 30 38 15 346 25 68 36 105 1694 245 202 159 470 66 108 104 18 131 47 32 7 26 388 419 18 106 54 81 0 87 643 594 31 28 7 291 891 347 15 30 1258 52 10 23 127 50 498 315 240 25 7 208 585 9 164 199 1986 202 39 856 251 15 22 38 173 171 14 11 10 10 378 30 164 136 200 1035 327 60 180 
0 3000 1652 145 0 134 173 0 301 222 0 0 205 0 0 214 0 87 0 0 219 0 3000 102 0 0 47 24 36 3000 978 0 103 65 41 220 0 14 0 0 142 8 0 0 98 1047 101 0 113 87 0 0 252 14 253 0 0 374 0 0 0 490 0 0 0 0 0 0 0 1170 1822 0 23 79 15 8 189 47 37 14 264 0 0 0 0 0 310 0 0 0 165 0 9 294 129 0 97 188 0 190 
236 9 0 0 1024 27 45 252 0 87 92 114 52 325 1443 489 84 66 1149 7 15 12 0 0 115 68 496 400 0 30 0 312 1152 214 123 0 89 63 89 1100 0 202 74 0 14 26 651 121 0 643 0 0 0 814 73 36 193 74 26 0 20 24 298 80 58 13 274 301 3000 485 0 84 29 0 11 43 171 63 103 0 131 37 965 37 33 38 64 286 108 17 294 10 425 994 9 187 0 2108 53 13 
0 27 33 7 93 415 326 134 155 62 0 0 436 28 75 98 166 56 0 0 398 0 18 0 973 12 104 124 231 28 51 0 639 3000 71 1128 0 29 1476 753 10 32 0 0 671 110 37 0 103 594 252 0 0 38 135 0 95 813 0 0 0 71 11 615 177 0 0 0 19 17 256 122 609 896 887 182 400 33 136 98 35 0 0 0 31 0 79 0 0 0 286 0 37 993 100 0 388 1195 1117 32 
159 134 51 138 1638 2948 378 23 66 1225 0 155 82 18 88 2191 57 54 1056 1055 742 33 155 0 60 13 363 18 335 146 392 1071 83 10 1012 58 13 274 19 895 402 56 195 0 22 7 86 3000 185 31 14 814 38 0 698 0 24 150 51 0 0 18 965 19 23 932 628 271 23 293 2410 3000 50 240 207 11 26 733 7 23 713 1384 19 21 9 103 475 447 921 115 109 64 135 929 13 122 112 115 11 75 
18 41 113 16 25 231 81 971 356 141 45 13 11 1789 127 8 369 2884 257 106 1918 499 11 159 0 33 10 1284 70 81 434 898 56 789 31 117 2182 52 110 65 60 14 94 18 9 2048 67 134 206 28 253 73 135 698 0 850 1203 32 14 44 18 318 17 17 70 76 17 27 46 30 487 37 486 1567 13 23 11 62 97 79 2796 509 3000 565 366 219 130 1393 415 187 698 20 22 29 57 518 87 37 0 30 
33 57 16 126 0 0 41 147 0 22 748 303 652 10 529 48 0 0 162 60 1296 291 0 223 0 0 375 0 0 209 0 220 71 288 511 361 10 0 45 0 773 93 7 68 176 7 422 51 67 7 0 36 0 0 850 0 0 0 65 674 155 0 0 1460 0 618 7 18 0 33 1864 297 0 0 79 24 0 0 0 154 101 329 278 9 15 525 0 978 0 242 342 317 462 156 151 3000 0 20 0 0 
91 0 0 0 57 576 16 46 58 69 0 26 0 1229 22 23 164 21 186 9 0 273 66 0 1188 155 920 681 0 1059 554 3000 425 81 10 0 70 711 9 97 0 1079 43 0 1247 0 31 0 0 291 0 193 95 24 1203 0 0 49 14 0 0 55 7 95 146 61 267 113 27 54 0 18 33 39 931 0 1382 652 20 0 120 3000 36 0 23 65 50 10 19 38 75 34 0 309 103 26 0 115 218 78 
3000 0 0 55 45 47 115 195 49 134 0 0 0 41 40 2685 65 2583 187 16 0 399 250 0 2348 50 46 497 87 2180 36 53 24 154 60 0 0 33 7 13 0 907 0 0 343 818 69 0 0 891 374 74 813 150 32 0 49 0 0 0 0 660 1214 36 2964 215 0 92 549 101 12 144 417 16 0 0 348 140 49 0 449 20 170 0 322 102 62 0 638 0 1196 0 0 195 1436 0 0 671 69 28 
1119 36 37 0 17 47 185 51 0 14 234 516 136 33 424 264 0 0 561 10 8 3000 0 30 0 1712 167 0 0 2099 0 22 3000 312 29 331 81 0 541 0 22 40 21 11 79 741 25 29 70 347 0 26 0 51 14 65 14 0 0 13 151 0 23 323 8 182 14 221 0 358 49 981 0 0 770 2794 0 0 0 39 39 81 106 689 88 227 0 102 126 60 465 33 1372 34 727 15 0 31 0 0 
0 19 1821 154 0 0 211 36 0 1528 36 45 475 53 98 352 0 0 142 3000 16 0 0 61 0 0 55 0 0 39 0 0 0 29 12 343 0 0 0 0 60 18 0 1042 9 27 103 15 1338 15 0 0 0 0 44 674 0 0 13 0 118 0 0 0 0 0 31 61 0 2201 302 232 0 0 1148 1076 0 0 0 57 11 34 0 3000 0 0 0 162 0 147 0 101 54 8 43 13 385 0 0 0 
0 15 284 424 0 0 1067 1152 0 54 203 17 43 3000 32 873 0 0 3000 2204 736 0 0 256 0 0 16 0 0 894 0 0 0 590 301 1319 0 0 0 0 1876 49 0 23 2015 2375 168 16 3000 30 0 20 0 0 18 155 0 0 151 118 0 0 0 0 0 0 371 24 0 58 488 15 0 0 157 8 0 0 0 39 443 41 0 52 0 0 0 1230 0 182 0 3000 10 299 60 52 3000 0 0 0 
161 28 583 12 1558 27 24 195 9 1425 0 510 8 60 1489 53 13 8 1086 20 49 0 61 115 272 20 344 2932 85 66 598 1012 3000 232 29 25 0 215 235 11 49 22 0 0 157 32 53 29 70 1258 490 24 71 18 318 0 55 660 0 0 0 0 765 158 8 140 88 23 75 56 146 41 48 270 11 13 498 11 73 223 115 150 249 183 613 9 319 0 137 0 11 375 146 200 1103 153 179 35 159 103 
1235 0 0 0 390 12 38 477 38 17 0 243 0 39 51 14 1385 64 22 17 0 19 23 0 2881 217 706 289 0 132 197 115 304 15 8 0 43 65 275 86 0 41 329 0 77 0 85 0 0 52 0 298 11 965 17 0 7 1214 23 0 0 765 0 74 478 482 194 375 621 805 0 55 1377 103 646 0 62 36 111 0 25 129 77 0 525 29 10 23 15 10 28 268 0 94 244 60 0 39 1006 120 
64 3000 0 85 46 313 1218 110 25 439 1154 8 17 848 1526 134 23 16 25 933 9 3000 51 0 1708 33 525 15 0 12 165 18 104 616 54 0 184 211 175 105 0 280 1035 0 24 31 12 881 0 10 0 80 615 19 17 1460 95 36 323 0 0 158 74 0 3000 1232 3000 26 3000 346 14 23 77 584 562 30 101 658 1041 0 238 410 101 202 24 210 2084 711 3000 11 64 185 0 50 11 8 0 8 1128 37 
33 0 0 0 7 515 46 713 9 1035 30 10 0 38 83 198 49 22 48 198 0 3000 122 0 117 149 40 11 0 3000 92 25 618 502 24 0 351 262 316 110 0 29 848 0 10 288 264 862 0 23 0 58 177 23 70 0 146 2964 8 0 0 8 478 3000 0 103 208 22 8 1518 0 11 3000 688 232 0 953 26 224 0 182 35 139 0 81 27 11 8 1471 3000 376 14 0 267 35 34 0 9 130 10 
1553 0 0 0 229 54 29 343 0 64 37 101 0 301 33 290 661 15 335 122 0 663 0 0 31 299 636 57 0 30 0 86 83 49 817 0 362 273 278 430 0 111 16 0 46 0 18 12 0 127 0 13 0 932 76 618 61 215 182 0 0 140 482 1232 103 0 858 815 3000 334 0 302 15 0 55 0 391 19 39 0 160 340 442 3000 226 212 0 452 62 1445 38 461 0 1115 27 37 0 10 3000 810 
205 70 3000 302 142 94 22 846 0 11 3000 120 277 18 2558 133 1135 0 387 251 3000 64 0 80 0 8 73 76 0 2791 13 747 113 13 131 23 7 355 35 19 72 53 409 274 578 171 3000 68 970 50 0 274 0 628 17 7 267 0 14 31 371 88 194 3000 208 858 0 11 203 837 44 80 33 613 133 330 33 131 22 179 3000 464 18 42 658 135 1138 9 45 164 98 16 19 358 44 254 3000 104 0 661 
194 116 52 0 489 446 74 835 0 748 1184 35 338 2837 73 323 62 0 35 77 81 97 0 0 433 54 126 81 0 35 0 306 504 409 15 0 828 57 390 983 0 32 12 280 804 577 229 3000 0 498 0 301 0 271 27 18 113 92 221 61 24 23 375 26 22 815 11 0 147 17 38 25 62 0 228 792 14 1010 1564 40 621 1404 539 22 24 3000 158 170 190 98 18 3000 14 12 825 674 0 51 138 8 
1600 0 0 20 76 129 15 1723 726 1466 0 44 0 1236 335 266 49 9 15 21 0 621 219 0 55 326 86 144 0 45 621 8 393 28 187 0 204 1351 215 8 0 481 24 0 2512 11 142 0 0 315 0 3000 19 23 46 0 27 549 0 0 0 75 621 3000 8 3000 203 147 0 482 253 133 13 22 870 0 19 447 161 0 571 42 150 0 1302 51 63 242 10 10 3000 112 0 1150 39 264 0 11 3000 3000 
107 132 56 1200 65 1489 1899 585 304 184 44 44 553 41 108 42 96 269 44 259 199 18 104 578 60 1625 180 1406 19 15 38 1095 30 887 798 545 164 1197 50 93 161 170 10 0 134 1109 11 310 341 240 1170 485 17 293 30 33 54 101 358 2201 58 56 805 346 1518 334 837 17 482 0 36 265 183 549 236 23 835 145 20 173 322 1687 87 867 356 26 99 404 503 355 20 327 11 14 442 406 55 107 20 52 
0 2386 26 8 0 12 311 195 89 126 32 44 38 546 14 11 0 35 3000 1889 307 0 677 2978 0 152 178 0 22 13 8 0 536 62 450 400 0 328 641 15 32 463 0 47 112 24 86 642 19 25 1822 0 256 2410 487 1864 0 12 49 302 488 146 0 14 0 0 44 38 253 36 0 95 44 3000 31 32 113 180 23 246 208 524 0 25 627 0 64 0 0 212 78 80 33 3000 23 124 200 327 0 252 
192 1040 3000 47 2433 12 3000 272 158 125 54 59 306 138 219 11 730 46 198 1025 66 1792 327 865 47 11 55 196 0 85 13 14 500 85 9 273 690 120 338 117 30 930 52 218 580 141 59 77 37 7 0 84 122 3000 37 297 18 144 981 232 15 41 55 23 11 302 80 25 133 265 95 0 436 24 243 61 21 1434 172 128 348 104 267 429 118 41 138 338 1404 97 179 63 1305 9 12 35 24 1762 1411 141 
1945 432 211 47 19 2436 27 326 248 55 0 30 12 8 1954 39 17 250 406 21 202 129 13 31 23 2067 12 118 84 432 366 266 162 139 40 35 0 10 3000 1458 9 1930 0 0 560 53 78 23 41 208 23 29 609 50 486 0 33 417 0 0 0 48 1377 77 3000 15 33 62 13 183 44 436 0 27 3000 37 43 162 17 22 12 282 29 298 156 25 200 0 8 0 51 26 56 45 128 71 69 12 165 42 
0 82 289 240 115 338 8 8 46 12 0 78 69 18 12 13 0 91 37 67 20 0 395 2994 160 10 74 150 47 2711 337 0 391 1993 213 19 0 257 34 110 15 12 0 0 68 82 822 0 1520 585 79 0 896 240 1567 0 39 16 0 0 0 270 103 584 688 0 613 0 22 549 3000 24 27 0 555 7 14 409 112 2585 232 142 0 0 47 0 17 0 0 0 21 0 800 1694 900 0 129 12 730 16 
495 24 45 1114 10 77 22 73 0 3000 198 1025 185 65 3000 407 0 0 26 300 26 283 69 166 0 190 26 0 0 1590 181 20 43 29 187 223 3000 423 12 210 18 86 146 248 373 3000 8 24 374 9 15 11 887 207 13 79 931 0 770 1148 157 11 646 562 232 55 133 228 870 236 31 243 3000 555 0 33 1956 22 454 18 75 1408 797 297 44 351 1229 1105 0 75 16 142 98 248 368 12 11 3000 0 0 
275 378 20 319 0 309 33 54 27 24 100 19 12 70 105 98 0 0 8 152 2658 0 362 36 0 459 148 0 1677 1245 43 0 546 80 3000 19 0 87 460 0 323 220 0 36 72 224 37 51 65 164 8 43 182 11 23 24 0 0 2794 1076 8 13 0 30 0 0 330 792 0 23 32 61 37 7 33 0 317 323 92 16 21 30 0 399 14 0 144 863 0 212 67 397 180 1469 8 164 448 338 0 84 
1002 162 188 266 976 14 422 454 34 54 0 270 39 2460 145 186 7 256 9 8 141 1085 163 0 2575 420 64 485 153 238 96 264 28 891 860 53 0 1108 2274 44 494 94 0 0 171 21 64 0 95 199 189 171 400 26 11 0 1382 348 0 0 0 498 62 101 953 391 33 14 19 835 113 21 43 14 1956 317 0 3000 266 154 57 162 928 0 494 848 10 0 40 0 98 98 8 671 203 134 33 130 372 10 
0 140 116 1108 15 3000 2809 73 3000 12 0 53 146 9 23 22 105 696 44 353 1759 0 2907 0 2044 70 1651 29 2729 53 162 0 990 29 13 1731 0 1032 1491 1151 246 87 0 0 528 365 100 0 0 1986 47 63 33 733 62 0 652 140 0 0 0 11 36 658 26 19 131 1010 447 145 180 1434 162 409 22 323 3000 0 220 0 21 12 233 0 8 1574 179 0 89 0 192 0 0 519 137 0 123 143 540 8 
453 34 25 15 22 2572 107 17 15 12 0 750 164 32 37 1413 190 50 3000 81 51 620 3000 0 306 1002 65 528 8 55 34 275 315 3000 133 554 0 32 27 29 22 26 0 0 378 27 3000 0 0 202 37 103 136 7 97 0 20 49 0 0 0 73 111 1041 224 39 22 1564 161 20 23 172 17 112 454 92 266 220 0 97 9 9 139 0 20 185 11 0 1783 0 76 17 42 269 1640 32 39 74 14 8 
0 49 258 155 0 0 3000 804 126 165 27 30 33 1499 216 28 0 0 1324 11 10 0 101 441 0 0 23 0 718 45 39 0 37 182 1988 28 0 317 54 0 193 23 0 112 88 60 68 91 2697 39 14 0 98 23 79 154 0 0 39 57 39 223 0 0 0 0 179 40 0 173 246 128 22 2585 18 16 154 0 97 0 65 1222 0 604 726 0 102 36 0 133 31 609 133 32 322 11 960 13 0 0 
65 44 8 3000 9 774 168 19 372 10 3000 128 10 433 47 2463 953 129 443 11 21 408 145 215 78 26 684 139 433 55 64 24 623 1257 45 181 176 788 19 355 19 767 717 53 917 13 89 737 7 856 264 131 35 713 2796 101 120 449 39 11 443 115 25 238 182 160 3000 621 571 322 208 348 12 232 75 21 57 21 9 65 0 256 160 303 364 45 29 22 15 284 230 13 2548 34 11 176 220 49 94 72 
93 289 57 535 8 9 8 38 0 137 70 768 105 1282 14 519 29 0 239 45 9 115 0 366 0 59 256 45 0 45 127 71 12 693 343 325 188 245 100 738 2467 71 37 454 584 461 238 102 518 251 0 37 0 1384 509 329 3000 20 81 34 41 150 129 410 35 340 464 1404 42 1687 524 104 282 142 1408 30 162 12 9 1222 256 0 138 11 45 449 594 128 201 47 8 9 8 43 231 921 655 270 0 58 
112 0 0 0 142 11 497 52 0 140 178 379 0 400 178 11 148 23 18 2031 0 612 0 0 8 700 255 243 0 61 0 258 199 43 11 0 244 32 15 171 0 10 20 0 3000 0 29 84 0 15 0 965 0 19 3000 278 36 170 106 0 0 249 77 101 139 442 18 539 150 87 0 267 29 0 797 0 928 233 139 0 160 138 0 451 170 264 0 665 25 236 89 559 0 664 51 119 0 107 25 3000 
145 73 753 695 0 1217 224 1975 0 1266 55 322 90 60 44 238 0 0 1332 141 194 675 0 22 0 0 59 0 0 181 0 8 192 295 343 3000 200 0 40 0 125 238 18 789 92 263 10 2532 36 22 0 37 0 21 565 9 0 0 689 3000 52 183 0 202 0 3000 42 22 0 867 25 429 298 0 297 399 0 0 0 604 303 11 451 0 54 29 0 85 0 31 14 3000 11 598 78 121 663 546 0 0 
396 181 1190 69 555 66 22 68 9 203 646 161 90 2202 2147 825 427 10 29 24 1649 96 213 0 83 79 205 390 0 32 55 54 63 70 1131 38 22 271 10 21 60 40 8 0 682 338 65 2147 393 38 0 33 31 9 366 15 23 322 88 0 0 613 525 24 81 226 658 24 1302 356 627 118 156 47 44 14 494 8 20 726 364 45 170 54 0 508 51 348 232 111 122 905 55 252 2380 20 315 497 30 46 
198 0 0 0 53 45 7 76 0 31 912 187 0 238 2204 176 310 47 41 749 0 554 0 0 150 9 119 514 0 2559 0 9 57 124 1847 0 11 442 22 59 0 116 882 0 22 0 10 46 0 173 0 38 0 103 219 525 65 102 227 0 0 9 29 210 27 212 135 3000 51 26 0 41 25 0 351 0 848 1574 185 0 45 449 264 29 508 0 0 353 23 567 547 358 0 14 710 54 0 84 111 202 
0 521 3000 106 247 517 63 56 324 10 0 18 29 1787 65 20 12 9 118 78 25 0 15 156 544 151 247 20 187 1254 1278 0 1125 19 384 205 0 200 133 594 14 154 0 0 548 383 509 0 161 171 310 64 79 475 130 0 50 62 0 0 0 319 10 2084 11 0 1138 158 63 99 64 138 200 17 1229 144 10 179 11 102 29 594 0 0 51 0 0 0 69 0 7 0 112 17 229 0 94 40 1204 1264 
14 10 0 0 1921 23 102 1035 0 87 3000 354 259 16 359 252 1296 0 829 19 3000 117 0 0 0 104 12 0 0 32 0 86 309 35 3000 0 109 117 45 98 0 30 15 1784 17 46 37 214 0 14 0 286 0 447 1393 978 10 0 102 162 1230 0 23 711 8 452 9 170 242 404 0 338 0 0 1105 863 0 0 0 36 22 128 665 85 348 353 0 0 133 264 8 37 1175 183 2026 136 0 41 0 0 
38 0 0 0 44 1484 48 459 0 17 0 32 0 116 1821 9 40 172 221 45 0 34 0 0 63 215 406 59 0 26 26 32 17 361 80 0 3000 422 24 158 0 12 431 0 555 0 984 0 0 11 0 108 0 921 415 0 19 638 126 0 0 137 15 3000 1471 62 45 190 10 503 0 1404 8 0 0 0 40 89 1783 0 15 201 25 0 232 23 69 133 0 2366 30 58 0 139 104 108 0 2826 10 89 
45 10 3000 0 186 193 417 915 0 15 929 23 151 10 529 20 24 0 15 1770 58 33 0 1312 0 188 666 0 0 60 0 56 24 129 1073 0 9 0 76 0 106 1703 528 148 186 839 3000 67 3000 10 0 17 0 115 187 242 38 0 60 147 182 0 10 11 3000 1445 164 98 10 355 212 97 0 0 75 212 0 0 0 133 284 47 236 31 111 567 0 264 2366 0 67 26 446 96 104 2192 0 23 0 0 
10 8 35 2024 55 172 44 66 96 16 11 9 117 360 1630 178 17 92 17 94 458 87 3000 101 154 776 546 241 9 85 25 61 163 9 72 14 10 25 184 268 22 11 294 0 47 3000 181 82 64 10 165 294 286 109 698 342 75 1196 465 0 0 11 28 64 376 38 98 18 3000 20 78 179 51 21 16 67 98 192 76 31 230 8 89 14 122 547 7 8 30 67 0 15 142 29 7 2069 371 1469 16 369 
564 14 148 9 14 52 42 10 0 22 1983 115 62 2942 28 47 161 0 68 1221 2205 23 0 26 0 347 87 0 0 156 0 426 14 130 583 209 28 50 443 63 11 385 9 14 10 45 40 139 266 378 0 10 0 64 20 317 34 0 33 101 3000 375 268 185 14 461 16 3000 112 327 80 63 26 0 142 397 98 0 17 609 13 9 559 3000 905 358 0 37 58 26 15 0 134 442 46 1613 0 41 0 0 
0 9 632 778 0 819 71 2270 0 84 1653 61 1215 26 1258 295 0 0 145 74 24 0 220 325 0 0 447 0 476 2195 129 0 98 74 74 70 0 126 723 0 3000 44 0 197 3000 34 100 58 12 30 9 425 37 135 22 462 0 0 1372 54 10 146 0 0 0 0 19 14 0 11 33 1305 56 800 98 180 8 0 42 133 2548 8 0 11 55 0 112 1175 0 446 142 134 0 635 424 28 160 1085 0 0 
7 765 192 9 62 25 1086 82 14 29 8 121 43 297 183 24 276 1081 10 311 319 3000 182 3000 47 15 578 314 28 14 133 88 334 84 154 229 0 15 275 115 12 119 231 745 45 174 15 128 762 164 294 994 993 929 29 156 309 195 34 8 299 200 94 50 267 1115 358 12 1150 14 3000 9 45 1694 248 1469 671 519 269 32 34 43 664 598 252 14 17 183 139 96 29 442 635 0 28 79 62 154 38 191 
3000 273 104 73 729 26 76 158 2213 25 83 434 31 33 72 2857 1781 244 1064 41 180 34 65 169 21 593 1711 526 116 224 75 59 237 37 23 24 0 8 9 915 1393 526 0 703 1594 2333 19 20 22 136 129 9 100 13 57 151 103 1436 727 43 60 1103 244 11 35 27 44 825 39 442 23 12 128 900 368 8 203 137 1640 322 11 231 51 78 2380 710 229 2026 104 104 7 46 424 28 0 248 72 7 13 26 
49 378 97 451 331 227 95 19 0 3000 33 139 241 11 129 56 329 0 38 122 73 12 0 17 0 1316 139 0 0 14 0 441 13 11 9 29 30 2148 22 18 27 25 176 70 3000 51 79 347 1114 200 0 187 0 122 518 3000 26 0 15 13 52 153 60 8 34 37 254 674 264 406 124 35 71 0 12 164 134 0 32 11 176 921 119 121 20 54 0 136 108 2192 2069 1613 28 79 248 0 0 204 0 0 
0 14 411 3000 0 30 335 207 570 141 0 1215 21 17 1128 81 0 34 0 387 56 0 352 148 0 0 2195 0 133 22 919 0 112 105 598 40 0 58 9 0 213 34 0 325 1477 995 217 917 37 1035 97 0 388 112 87 0 0 0 0 385 3000 179 0 0 0 0 3000 0 0 55 200 24 69 129 11 448 33 123 39 960 220 655 0 663 315 0 94 0 0 0 371 0 160 62 72 0 0 24 0 39 
150 8 1313 346 37 268 170 155 229 366 205 225 25 655 3000 95 261 1165 89 76 14 180 186 0 103 36 65 38 296 51 3000 3000 505 20 1044 21 93 719 147 182 12 271 3000 0 17 1288 1410 27 61 327 188 2108 1195 115 37 20 115 671 31 0 0 35 39 8 9 10 104 51 11 107 327 1762 12 12 3000 338 130 143 74 13 49 270 107 546 497 84 40 41 2826 23 1469 41 1085 154 7 204 24 0 28 11 
407 0 0 0 446 117 9 43 28 0 0 0 0 59 56 323 555 75 2735 14 0 39 2838 0 465 88 337 7 0 17 9 3000 305 81 315 0 13 1179 8 30 0 412 295 0 361 0 205 0 0 60 0 53 1117 11 0 0 218 69 0 0 0 159 1006 1128 130 3000 0 138 3000 20 0 1411 165 730 0 0 372 540 14 0 94 0 25 0 30 111 1204 0 10 0 16 0 0 38 13 0 0 28 0 35 
523 309 0 94 347 550 130 14 31 119 0 241 21 174 38 572 428 136 1231 116 377 0 72 0 203 1224 40 165 944 1836 222 16 103 10 123 49 0 3000 83 31 1157 108 0 0 1131 57 900 0 0 180 190 13 32 75 30 0 78 28 0 0 0 103 120 37 10 810 661 8 3000 52 252 141 42 16 0 84 10 8 8 0 72 58 3000 0 46 202 1264 0 89 0 369 0 0 191 26 0 39 11 35 0 
