100
0 90 39 20 39 75 66 4 27 20 24 43 70 38 31 23 75 64 25 47 34 37 74 57 63 69 74 39 26 36 88 81 87 33 18 14 64 41 40 56 42 11 64 41 30 44 46 19 72 79 83 41 25 43 4 65 49 65 77 79 60 29 39 51 64 52 54 62 59 67 34 24 81 18 20 8 13 23 71 15 30 71 79 57 70 69 31 23 30 53 82 87 16 27 71 12 19 22 29 77 
90 0 102 95 54 16 71 95 117 84 87 101 30 128 103 103 90 77 105 80 65 80 54 54 53 49 55 79 64 92 12 9 18 96 83 102 61 61 72 36 54 94 26 54 77 74 45 87 89 23 9 76 105 88 88 74 51 51 29 17 35 114 52 59 51 88 77 53 68 40 80 101 18 77 105 92 99 87 21 79 84 38 21 73 81 22 121 86 101 50 10 20 75 109 74 87 102 97 66 36 
39 102 0 19 50 86 100 39 47 24 19 5 74 46 11 60 46 100 20 85 66 22 63 51 93 62 63 23 49 10 95 94 91 72 27 32 97 72 76 76 70 49 77 68 67 29 67 23 43 83 93 78 19 16 36 101 77 95 99 96 82 27 62 83 94 90 33 92 43 93 72 62 87 52 26 47 50 61 81 50 69 96 84 38 45 81 42 61 10 81 96 90 44 21 49 51 24 61 38 75 
20 95 19 0 41 79 83 20 32 11 10 23 70 36 11 41 59 83 10 67 49 24 66 51 78 63 67 26 35 18 90 87 88 53 12 14 80 56 58 65 55 30 69 53 48 32 55 8 56 79 87 60 10 26 17 84 63 80 87 87 70 19 49 67 79 71 41 77 48 80 54 43 83 35 12 28 31 43 75 32 50 83 80 45 56 74 31 43 10 67 88 87 28 14 58 32 8 42 29 75 
39 54 50 41 0 38 61 43 65 30 33 50 32 74 50 57 59 63 51 54 30 30 41 24 48 35 41 30 15 41 50 45 49 56 29 48 54 33 42 26 26 45 28 24 40 28 19 33 56 40 46 47 51 40 36 63 33 49 49 46 32 60 17 41 48 62 37 48 34 45 46 56 43 30 51 43 50 44 34 31 46 48 40 36 50 33 68 43 48 36 47 48 24 55 47 39 48 52 13 40 
75 16 86 79 38 0 63 79 102 68 71 86 19 112 87 88 79 68 90 68 51 65 45 41 44 39 46 64 48 77 16 7 19 82 67 86 53 48 59 22 40 79 11 40 63 60 30 71 78 17 9 63 89 74 73 66 39 42 25 14 23 98 37 48 43 76 64 44 55 33 67 87 14 61 89 77 83 72 7 63 71 32 14 60 69 6 105 71 86 38 10 20 59 93 64 71 86 82 51 28 
66 71 100 83 61 63 0 68 84 76 81 103 75 98 94 60 120 6 90 21 35 87 97 83 18 90 98 87 53 94 78 64 82 44 74 79 10 29 26 44 35 60 58 37 36 88 45 78 117 78 70 24 91 97 67 3 29 21 43 54 41 95 44 20 20 24 98 18 95 31 32 57 77 49 85 61 63 46 66 51 38 33 76 97 111 59 92 45 94 27 62 83 56 93 108 54 85 54 67 87 
4 95 39 20 43 79 68 0 23 22 25 43 74 34 30 22 78 66 23 49 37 40 78 61 66 73 78 41 30 37 92 85 91 33 21 11 67 44 42 60 46 10 68 45 32 46 51 21 74 83 88 44 24 45 7 68 53 69 81 83 64 27 43 54 68 53 57 66 62 71 36 23 85 21 17 8 11 24 76 18 32 75 83 60 72 73 27 24 30 57 86 91 20 25 74 14 18 22 33 81 
27 117 47 32 65 102 84 23 0 40 41 52 97 13 36 26 91 81 27 64 58 56 97 81 86 94 98 58 53 49 115 108 114 42 40 18 85 64 60 83 68 25 91 66 50 64 73 38 88 105 110 60 28 58 29 83 74 89 102 106 86 21 66 74 87 65 73 85 80 92 52 28 108 42 21 26 21 39 98 40 46 96 105 77 88 96 9 40 37 78 109 113 43 26 90 33 24 30 54 103 
20 84 24 11 30 68 76 22 40 0 5 27 59 47 20 43 56 76 22 61 42 18 57 41 69 54 57 19 25 18 79 75 77 51 2 22 72 48 51 54 46 30 58 44 43 25 45 3 52 68 76 54 21 24 15 77 54 71 77 76 60 31 39 59 70 67 35 68 41 70 49 44 71 29 22 28 33 40 63 27 46 73 69 38 50 62 40 39 19 57 77 76 20 25 52 29 19 42 17 64 
24 87 19 10 33 71 81 25 41 5 0 22 61 46 16 47 52 81 20 66 47 15 57 42 74 54 57 17 30 13 81 78 79 56 8 23 77 53 57 58 51 34 61 49 48 23 49 5 49 70 79 60 19 20 20 82 58 76 81 79 64 29 43 64 75 72 32 73 39 75 54 48 74 34 22 32 36 44 66 32 51 78 71 36 47 66 40 44 15 62 80 78 25 23 49 34 18 46 21 65 
43 101 5 23 50 86 103 43 52 27 22 0 72 51 15 65 41 103 25 88 68 21 60 49 95 59 60 22 51 9 93 93 89 76 29 36 99 74 78 77 71 53 76 69 70 27 68 26 38 81 92 81 24 13 39 103 79 96 99 96 82 32 63 85 95 93 29 94 40 94 75 66 85 55 31 51 54 65 80 53 72 97 82 34 40 81 47 65 14 83 96 89 47 26 45 54 28 65 39 73 
70 30 74 70 32 19 75 74 97 59 61 72 0 105 76 88 61 79 80 76 55 52 27 24 58 21 27 51 46 64 21 25 18 85 59 80 66 54 66 31 46 77 17 45 66 45 34 62 60 9 21 70 80 60 67 78 47 56 42 32 35 90 39 58 56 84 47 57 38 48 72 87 13 61 81 74 81 74 12 62 74 48 10 43 51 18 99 73 75 48 28 17 55 84 45 70 78 83 43 11 
38 128 46 36 74 112 98 34 13 47 46 51 105 0 36 39 92 95 28 77 70 60 103 88 99 100 103 62 64 51 124 118 123 55 47 26 98 77 73 94 80 38 101 78 63 68 84 44 88 114 120 73 29 60 39 97 86 101 114 117 98 19 77 87 100 78 76 98 85 105 65 41 117 54 25 39 34 52 108 52 60 108 114 80 90 106 7 53 38 90 120 122 53 25 93 46 28 44 63 110 
31 103 11 11 50 87 94 30 36 20 16 15 76 36 0 50 56 94 9 78 60 26 69 55 89 67 69 28 45 15 97 95 94 63 22 21 91 67 69 75 66 40 77 64 60 34 65 18 52 86 95 71 8 24 28 95 73 91 97 96 80 17 59 78 90 82 40 88 50 90 65 52 89 46 16 38 40 53 82 43 61 94 86 45 54 82 32 53 2 77 97 93 39 11 57 43 13 51 37 79 
23 103 60 41 57 88 60 22 26 43 47 65 88 39 50 0 99 56 42 39 38 61 95 78 64 90 96 62 42 59 103 94 103 16 41 29 62 44 37 67 49 13 78 49 28 67 58 42 95 96 97 36 43 66 28 58 55 67 84 89 69 42 51 52 66 39 78 63 82 72 28 2 97 27 36 15 11 17 86 25 23 76 95 80 93 82 34 18 51 58 94 103 33 43 94 18 37 6 50 96 
75 90 46 59 59 79 120 78 91 56 52 41 61 92 56 99 0 122 65 111 87 38 36 40 106 41 36 37 69 42 79 86 74 106 58 74 113 91 100 81 85 86 74 83 94 34 77 57 4 67 82 103 64 33 71 122 91 107 100 92 87 73 76 100 106 118 22 106 25 101 100 99 72 80 70 83 88 94 72 80 99 103 69 23 10 77 87 93 54 94 89 72 71 67 16 84 67 97 55 55 
64 77 100 83 63 68 6 66 81 76 81 103 79 95 94 56 122 0 89 17 35 88 101 86 24 94 101 88 54 94 83 69 87 40 74 77 16 31 25 48 37 58 63 39 34 89 48 77 119 83 76 23 89 98 66 3 33 26 49 60 46 93 47 22 26 18 100 24 98 36 30 54 82 48 84 58 61 43 71 50 35 39 81 99 113 64 89 42 93 31 67 88 56 91 110 52 83 51 68 91 
25 105 20 10 51 90 90 23 27 22 20 25 80 28 9 42 65 89 0 72 57 32 76 61 86 73 76 34 44 23 100 97 98 56 23 13 88 64 65 75 64 33 79 62 55 41 65 19 61 90 98 66 1 32 23 90 72 88 97 97 80 9 59 75 87 76 48 86 57 89 59 44 93 42 7 31 32 47 85 39 55 93 90 53 62 84 23 47 11 75 98 98 36 3 65 37 6 44 39 84 
47 80 85 67 54 68 21 49 64 61 66 88 76 77 78 39 111 17 72 0 24 75 94 78 30 87 95 76 42 79 84 72 87 23 59 60 25 22 11 47 31 41 61 32 18 78 42 62 108 81 77 7 73 84 50 19 30 33 55 64 46 76 39 21 32 8 88 29 88 42 13 36 81 33 67 41 43 26 70 35 18 45 80 88 103 63 72 25 77 30 70 87 42 75 101 35 67 33 56 87 
34 65 66 49 30 51 35 37 58 42 47 68 55 70 60 38 87 35 57 24 0 53 71 54 29 64 71 53 19 59 67 56 68 31 39 48 31 7 12 29 11 33 42 11 12 55 22 43 84 62 60 16 57 62 34 36 17 32 46 51 31 63 16 18 31 31 65 28 64 35 17 37 62 16 53 32 37 22 51 19 20 38 60 65 79 45 64 21 59 20 56 68 22 60 77 25 52 32 33 65 
37 80 22 24 30 65 87 40 56 18 15 21 52 60 26 61 38 88 32 75 53 0 43 30 77 41 43 2 34 12 73 72 69 68 19 38 82 58 64 57 54 48 56 52 57 8 49 19 35 61 71 68 31 10 33 88 61 78 79 75 63 42 45 68 77 82 17 76 25 75 63 61 65 43 36 45 50 56 59 42 62 78 62 21 33 60 54 55 24 65 75 69 34 35 34 46 32 59 21 54 
74 54 63 66 41 45 97 78 97 57 57 60 27 103 69 95 36 101 76 94 71 43 0 17 81 7 0 41 55 54 43 51 38 97 58 79 89 72 83 54 64 83 43 63 81 35 53 60 36 32 46 87 74 47 70 100 68 80 69 59 59 85 55 78 80 102 30 81 20 73 87 95 36 71 78 80 87 85 39 71 88 74 34 25 27 45 97 84 67 70 55 36 63 78 21 78 75 92 46 19 
57 54 51 51 24 41 83 61 81 41 42 49 24 88 55 78 40 86 61 78 54 30 17 0 68 12 18 28 38 42 45 48 41 80 42 63 75 56 67 42 49 66 34 47 64 22 39 44 37 32 45 71 60 36 53 85 54 68 61 53 48 70 40 64 68 86 23 68 15 62 70 78 37 53 63 63 70 68 34 54 71 63 34 19 30 38 81 67 54 57 51 40 45 64 25 61 59 75 29 24 
63 53 93 78 48 44 18 66 86 69 74 95 58 99 89 64 106 24 86 30 29 77 81 68 0 74 82 77 44 85 60 46 64 51 67 77 8 22 27 27 23 61 40 26 36 76 30 71 104 60 52 29 86 87 64 22 16 3 25 36 23 92 32 12 2 36 85 1 81 13 36 62 58 45 82 60 65 48 48 48 41 15 58 84 97 41 93 47 88 12 43 64 50 89 93 53 81 58 56 69 
69 49 62 63 35 39 90 73 94 54 54 59 21 100 67 90 41 94 73 87 64 41 7 12 74 0 8 39 49 53 39 45 34 91 54 75 82 65 76 47 57 78 36 56 74 33 46 56 40 27 41 80 72 46 66 93 61 73 62 53 52 82 49 71 73 95 31 74 20 66 80 90 31 65 75 75 82 79 32 65 81 67 29 26 31 38 94 78 65 63 49 32 57 76 25 73 72 86 41 15 
74 55 63 67 41 46 98 78 98 57 57 60 27 103 69 96 36 101 76 95 71 43 0 18 82 8 0 41 56 54 44 52 38 97 58 79 89 72 83 55 65 83 43 63 81 35 54 60 35 32 47 87 75 47 70 100 69 81 69 60 59 85 56 79 81 102 30 81 20 73 87 95 37 71 78 81 87 85 39 71 88 74 34 25 27 45 97 84 67 71 55 37 63 78 20 78 75 92 46 19 
39 79 23 26 30 64 87 41 58 19 17 22 51 62 28 62 37 88 34 76 53 2 41 28 77 39 41 0 34 14 71 71 68 69 21 40 82 58 65 56 54 49 55 52 58 6 48 21 34 59 70 68 33 10 34 89 61 78 78 74 62 44 45 68 77 82 16 76 23 75 64 63 63 44 38 47 52 57 58 43 63 77 60 19 31 59 56 56 26 65 74 67 34 37 33 47 34 60 21 52 
26 64 49 35 15 48 53 30 53 25 30 51 46 64 45 42 69 54 44 42 19 34 55 38 44 49 56 34 0 41 62 55 62 42 23 38 48 24 31 31 21 31 38 19 26 36 21 27 65 54 57 35 44 44 24 54 28 46 52 53 35 52 14 35 45 49 46 43 46 45 32 41 56 15 42 29 36 29 46 17 32 48 53 46 61 43 57 29 44 32 56 62 10 48 59 24 40 38 14 54 
36 92 10 18 41 77 94 37 49 18 13 9 64 51 15 59 42 94 23 79 59 12 54 42 85 53 54 14 41 0 85 84 82 69 20 32 89 65 69 67 62 47 67 60 61 20 59 17 39 73 84 72 22 9 32 94 69 87 90 87 73 32 54 76 86 85 26 85 35 85 67 60 77 47 28 44 48 57 71 45 64 88 74 30 39 72 46 57 13 73 87 81 38 25 42 47 25 58 30 66 
88 12 95 90 50 16 78 92 115 79 81 93 21 124 97 103 79 83 100 84 67 73 43 45 60 39 44 71 62 85 0 15 6 98 78 98 68 64 75 38 56 93 25 56 79 66 45 82 78 12 8 79 100 80 86 81 55 58 37 25 39 110 52 64 58 92 68 60 58 48 83 102 8 76 101 91 98 88 17 78 86 46 11 63 70 21 118 87 95 54 18 7 72 104 64 86 97 98 62 24 
81 9 94 87 45 7 64 85 108 75 78 93 25 118 95 94 86 69 97 72 56 72 51 48 46 45 52 71 55 84 15 0 20 86 74 93 54 52 63 27 45 85 18 45 68 67 36 78 84 20 7 67 96 81 79 67 42 43 23 10 26 105 43 51 44 79 71 46 62 33 71 92 17 67 96 83 90 78 14 69 75 32 18 67 76 13 112 77 93 41 4 21 65 100 70 77 93 88 58 33 
87 18 91 88 49 19 82 91 114 77 79 89 18 123 94 103 74 87 98 87 68 69 38 41 64 34 38 68 62 82 6 20 0 99 76 97 72 66 77 40 58 93 26 57 80 62 47 80 73 9 13 81 97 77 84 85 57 62 42 30 42 107 53 67 62 95 63 64 53 52 84 102 6 76 99 91 97 88 17 78 88 51 9 59 65 24 116 87 92 57 23 1 72 101 58 86 95 98 60 19 
33 96 72 53 56 82 44 33 42 51 56 76 85 55 63 16 106 40 56 23 31 68 97 80 51 91 97 69 42 69 98 86 99 0 49 43 48 35 25 60 42 23 73 42 19 73 52 51 103 92 91 22 57 75 37 43 45 54 73 81 61 57 46 40 53 23 84 50 86 61 16 14 93 27 50 25 24 13 81 27 11 65 91 85 99 76 51 13 63 47 86 99 36 57 99 22 51 12 53 95 
18 83 27 12 29 67 74 21 40 2 8 29 59 47 22 41 58 74 23 59 39 19 58 42 67 54 58 21 23 20 78 74 76 49 0 21 70 46 49 53 44 28 57 42 41 26 43 4 54 68 75 52 22 26 14 74 51 69 75 74 58 31 37 57 68 65 37 66 42 68 47 42 71 26 22 26 31 37 63 25 44 72 68 39 52 61 40 37 21 55 76 76 18 26 53 27 19 40 16 64 
14 102 32 14 48 86 79 11 18 22 23 36 80 26 21 29 74 77 13 60 48 38 79 63 77 75 79 40 38 32 98 93 97 43 21 0 78 55 53 69 56 20 75 54 43 46 59 19 70 88 95 55 14 41 14 79 63 79 90 91 73 16 52 65 78 64 55 76 62 81 47 31 91 32 7 19 19 35 82 29 43 85 88 58 70 80 19 35 22 67 94 96 28 15 72 25 8 31 37 85 
64 61 97 80 54 53 10 67 85 72 77 99 66 98 91 62 113 16 88 25 31 82 89 75 8 82 89 82 48 89 68 54 72 48 70 78 0 24 25 35 28 60 49 30 35 82 37 74 110 68 60 26 88 92 65 13 22 11 33 45 31 93 37 14 10 30 91 8 88 21 34 60 67 47 84 60 64 46 56 49 39 23 66 90 104 49 93 46 90 19 52 73 53 91 100 53 83 56 61 77 
41 61 72 56 33 48 29 44 64 48 53 74 54 77 67 44 91 31 64 22 7 58 72 56 22 65 72 58 24 65 64 52 66 35 46 55 24 0 12 25 8 39 39 10 17 59 20 50 88 60 57 16 64 68 41 30 10 25 40 46 26 70 17 11 24 30 69 21 67 28 19 42 60 23 60 38 43 28 48 26 24 32 58 69 83 42 71 27 66 13 51 66 29 67 80 32 59 38 37 65 
40 72 76 58 42 59 26 42 60 51 57 78 66 73 69 37 100 25 65 11 12 64 83 67 27 76 83 65 31 69 75 63 77 25 49 53 25 12 0 37 20 35 51 21 10 66 32 53 96 71 68 4 65 74 42 26 21 30 49 57 37 69 28 15 29 19 77 26 76 36 9 35 71 23 60 35 39 21 60 26 14 40 70 77 91 54 67 20 68 23 62 78 32 67 89 28 59 31 45 76 
56 36 76 65 26 22 44 60 83 54 58 77 31 94 75 67 81 48 75 47 29 57 54 42 27 47 55 56 31 67 38 27 40 60 53 69 35 25 37 0 18 59 15 18 41 54 10 57 79 35 31 41 75 67 55 47 17 26 22 23 6 83 17 27 26 54 62 27 56 20 45 65 34 41 73 57 63 51 23 43 48 22 33 59 72 17 87 50 73 17 27 41 41 78 68 51 70 61 38 42 
42 54 70 55 26 40 35 46 68 46 51 71 46 80 66 49 85 37 64 31 11 54 64 49 23 57 65 54 21 62 56 45 58 42 44 56 28 8 20 18 0 43 31 2 23 54 12 48 82 51 49 24 64 64 42 37 8 25 35 40 20 71 10 15 24 39 63 23 61 25 27 48 52 25 61 41 47 33 40 28 31 29 50 62 76 35 73 32 65 12 45 58 28 67 73 35 59 44 33 57 
11 94 49 30 45 79 60 10 25 30 34 53 77 38 40 13 86 58 33 41 33 48 83 66 61 78 83 49 31 47 93 85 93 23 28 20 60 39 35 59 43 0 69 42 25 54 49 30 83 85 88 36 34 54 15 60 49 63 78 82 62 35 42 49 62 44 65 60 69 67 28 13 87 18 27 3 5 15 77 16 23 71 84 67 80 73 32 16 40 52 86 93 21 35 81 8 27 12 37 85 
64 26 77 69 28 11 58 68 91 58 61 76 17 101 77 78 74 63 79 61 42 56 43 34 40 36 43 55 38 67 25 18 26 73 57 75 49 39 51 15 31 69 0 31 54 51 20 61 72 21 19 55 79 65 62 61 31 39 27 20 17 88 27 41 39 69 56 40 49 31 58 77 20 51 78 67 73 63 9 53 61 31 19 53 64 5 95 62 76 32 19 27 48 82 59 61 75 73 40 29 
41 54 68 53 24 40 37 45 66 44 49 69 45 78 64 49 83 39 62 32 11 52 63 47 26 56 63 52 19 60 56 45 57 42 42 54 30 10 21 18 2 42 31 0 23 51 11 46 80 51 49 25 62 61 40 39 10 27 36 40 20 69 7 17 26 40 61 25 58 27 27 47 51 24 59 40 46 33 39 27 31 31 49 60 74 34 72 32 63 14 45 57 26 65 71 34 57 43 31 55 
30 77 67 48 40 63 36 32 50 43 48 70 66 63 60 28 94 34 55 18 12 57 81 64 36 74 81 58 26 61 79 68 80 19 41 43 35 17 10 41 23 25 54 23 0 60 33 44 91 73 72 12 55 66 32 35 27 39 56 62 43 59 28 24 38 24 71 36 72 44 6 26 74 14 50 25 29 11 63 16 8 48 72 72 86 57 57 10 59 30 68 80 24 57 85 18 49 22 39 77 
44 74 29 32 28 60 88 46 64 25 23 27 45 68 34 67 34 89 41 78 55 8 35 22 76 33 35 6 36 20 66 67 62 73 26 46 82 59 66 54 54 54 51 51 60 0 47 26 30 54 65 70 40 14 39 89 60 77 75 71 60 50 44 69 76 85 11 76 16 73 67 67 58 47 44 51 57 60 53 46 66 76 55 13 26 55 63 60 32 64 70 62 37 44 27 51 40 65 22 46 
46 45 67 55 19 30 45 51 73 45 49 68 34 84 65 58 77 48 65 42 22 49 53 39 30 46 54 48 21 59 45 36 47 52 43 59 37 20 32 10 12 49 20 11 33 47 0 47 74 40 39 36 65 59 45 47 15 30 32 33 15 73 7 25 30 50 56 29 51 26 38 57 40 31 63 47 54 42 29 34 41 29 39 54 67 24 77 41 64 18 36 47 31 68 64 42 60 52 29 45 
19 87 23 8 33 71 78 21 38 3 5 26 62 44 18 42 57 77 19 62 43 19 60 44 71 56 60 21 27 17 82 78 80 51 4 19 74 50 53 57 48 30 61 46 44 26 47 0 53 71 79 55 18 24 15 78 56 73 79 78 62 28 41 61 72 68 36 70 43 72 50 43 74 30 19 27 32 40 66 28 47 76 71 39 52 65 38 40 17 60 80 79 21 22 53 29 16 41 20 67 
72 89 43 56 56 78 117 74 88 52 49 38 60 88 52 95 4 119 61 108 84 35 36 37 104 40 35 34 65 39 78 84 73 103 54 70 110 88 96 79 82 83 72 80 91 30 74 53 0 66 80 100 60 30 68 119 88 104 98 91 85 69 73 97 104 115 19 103 23 99 97 96 71 77 67 80 85 90 71 76 96 100 68 20 8 75 84 90 51 92 88 72 67 63 15 81 63 94 52 54 
79 23 83 79 40 17 78 83 105 68 70 81 9 114 86 96 67 83 90 81 62 61 32 32 60 27 32 59 54 73 12 20 9 92 68 88 68 60 71 35 51 85 21 51 73 54 40 71 66 0 15 75 89 68 76 81 52 58 41 30 37 99 46 62 59 89 55 60 45 49 78 95 5 68 90 83 90 81 12 70 81 49 3 51 58 19 108 80 84 52 24 8 64 93 52 78 87 91 52 13 
83 9 93 87 46 9 70 88 110 76 79 92 21 120 95 97 82 76 98 77 60 71 46 45 52 41 47 70 57 84 8 7 13 91 75 95 60 57 68 31 49 88 19 49 72 65 39 79 80 15 0 72 97 80 81 74 48 50 30 17 31 106 46 57 50 85 68 52 59 40 76 96 11 71 97 86 93 82 13 73 80 39 13 64 72 15 114 81 93 47 10 14 68 101 66 81 94 92 59 28 
41 76 78 60 47 63 24 44 60 54 60 81 70 73 71 36 103 23 66 7 16 68 87 71 29 80 87 68 35 72 79 67 81 22 52 55 26 16 4 41 24 36 55 25 12 70 36 55 100 75 72 0 67 77 44 24 25 32 52 60 41 70 32 18 31 15 81 28 80 39 8 34 75 26 61 36 39 21 64 28 14 42 74 81 95 58 68 20 71 26 66 82 35 69 93 30 61 30 48 81 
25 105 19 10 51 89 91 24 28 21 19 24 80 29 8 43 64 89 1 73 57 31 74 60 86 72 75 33 44 22 100 96 97 57 22 14 88 64 65 75 64 34 79 62 55 40 65 18 60 89 97 67 0 31 23 90 72 88 96 96 80 10 58 75 87 77 47 86 56 89 60 45 92 42 8 32 33 48 84 39 56 92 89 51 61 83 24 48 9 75 98 97 36 4 64 37 6 45 38 84 
43 88 16 26 40 74 97 45 58 24 20 13 60 60 24 66 33 98 32 84 62 10 47 36 87 46 47 10 44 9 80 81 77 75 26 41 92 68 74 67 64 54 65 61 66 14 59 24 30 68 80 77 31 0 39 98 71 88 89 84 72 41 55 78 87 90 17 86 27 85 72 67 73 52 37 52 56 63 68 50 70 88 69 22 30 69 55 63 22 75 84 76 42 34 34 53 34 66 31 60 
4 88 36 17 36 73 67 7 29 15 20 39 67 39 28 28 71 66 23 50 34 33 70 53 64 66 70 34 24 32 86 79 84 37 14 14 65 41 42 55 42 15 62 40 32 39 45 15 68 76 81 44 23 39 0 67 49 66 76 78 59 29 38 52 65 55 50 63 55 67 37 28 79 19 19 12 18 26 69 16 33 71 76 53 66 67 33 26 27 53 80 84 14 26 67 15 18 26 25 74 
65 74 101 84 63 66 3 68 83 77 82 103 78 97 95 58 122 3 90 19 36 88 100 85 22 93 100 89 54 94 81 67 85 43 74 79 13 30 26 47 37 60 61 39 35 89 47 78 119 81 74 24 90 98 67 0 32 24 46 58 44 94 46 22 23 21 100 21 97 34 32 56 80 49 85 60 63 45 69 51 37 36 79 99 113 62 91 44 94 30 65 86 57 93 110 54 84 53 68 89 
49 51 77 63 33 39 29 53 74 54 58 79 47 86 73 55 91 33 72 30 17 61 68 54 16 61 69 61 28 69 55 42 57 45 51 63 22 10 21 17 8 49 31 10 27 60 15 56 88 52 48 25 72 71 49 32 0 17 29 36 16 78 16 10 16 38 70 15 66 18 29 53 51 32 68 48 53 38 40 35 34 22 50 69 82 34 80 37 72 4 41 58 36 75 79 41 66 49 40 59 
65 51 95 80 49 42 21 69 89 71 76 96 56 101 91 67 107 26 88 33 32 78 80 68 3 73 81 78 46 87 58 43 62 54 69 79 11 25 30 26 25 63 39 27 39 77 30 73 104 58 50 32 88 88 66 24 17 0 23 34 22 95 33 15 1 39 86 4 81 10 39 65 57 48 85 63 67 50 46 50 44 12 56 84 97 39 95 50 89 13 41 62 52 91 93 56 83 61 57 68 
77 29 99 87 49 25 43 81 102 77 81 99 42 114 97 84 100 49 97 55 46 79 69 61 25 62 69 78 52 90 37 23 42 73 75 90 33 40 49 22 35 78 27 36 56 75 32 79 98 41 30 52 96 89 76 46 29 23 0 12 17 104 38 34 23 61 82 26 75 13 58 82 38 60 94 76 82 67 31 63 63 10 39 79 90 24 108 66 95 26 20 43 62 100 85 70 92 78 60 53 
79 17 96 87 46 14 54 83 106 76 79 96 32 117 96 89 92 60 97 64 51 75 59 53 36 53 60 74 53 87 25 10 30 81 74 91 45 46 57 23 40 82 20 40 62 71 33 78 91 30 17 60 96 84 78 58 36 34 12 0 20 105 40 43 34 71 76 37 68 24 65 87 26 64 95 80 86 73 20 66 69 22 27 72 82 16 110 72 94 34 7 31 63 100 77 74 93 83 58 42 
60 35 82 70 32 23 41 64 86 60 64 82 35 98 80 69 87 46 80 46 31 63 59 48 23 52 59 62 35 73 39 26 42 61 58 73 31 26 37 6 20 62 17 20 43 60 15 62 85 37 31 41 80 72 59 44 16 22 17 20 0 87 21 25 22 53 67 23 62 14 46 68 36 44 78 61 67 53 25 47 50 16 35 65 77 18 92 52 78 15 25 42 45 83 73 54 75 63 43 46 
29 114 27 19 60 98 95 27 21 31 29 32 90 19 17 42 73 93 9 76 63 42 85 70 92 82 85 44 52 32 110 105 107 57 31 16 93 70 69 83 71 35 88 69 59 50 73 28 69 99 106 70 10 41 29 94 78 95 104 105 87 0 66 81 93 79 57 91 66 96 63 44 102 47 10 34 33 50 94 44 58 100 99 62 71 93 15 50 19 82 107 107 43 7 74 41 12 45 48 94 
39 52 62 49 17 37 44 43 66 39 43 63 39 77 59 51 76 47 59 39 16 45 55 40 32 49 56 45 14 54 52 43 53 46 37 52 37 17 28 17 10 42 27 7 28 44 7 41 73 46 46 32 58 55 38 46 16 33 38 40 21 66 0 25 32 47 54 31 51 31 33 50 47 24 56 40 47 36 36 27 35 35 45 53 67 31 70 35 58 20 44 53 24 62 64 34 54 46 24 49 
51 59 83 67 41 48 20 54 74 59 64 85 58 87 78 52 100 22 75 21 18 68 78 64 12 71 79 68 35 76 64 51 67 40 57 65 14 11 15 27 15 49 41 17 24 69 25 61 97 62 57 18 75 78 52 22 10 15 34 43 25 81 25 0 14 28 79 11 76 21 24 50 61 34 71 48 53 35 50 36 30 25 60 78 91 43 81 35 77 10 49 67 39 78 88 41 70 46 48 69 
64 51 94 79 48 43 20 68 87 70 75 95 56 100 90 66 106 26 87 32 31 77 80 68 2 73 81 77 45 86 58 44 62 53 68 78 10 24 29 26 24 62 39 26 38 76 30 72 104 59 50 31 87 87 65 23 16 1 23 34 22 93 32 14 0 38 85 3 81 11 38 64 57 47 84 62 66 49 47 49 43 13 56 84 97 40 94 48 89 13 42 63 51 90 93 55 82 60 57 68 
52 88 90 71 62 76 24 53 65 67 72 93 84 78 82 39 118 18 76 8 31 82 102 86 36 95 102 82 49 85 92 79 95 23 65 64 30 30 19 54 39 44 69 40 24 85 50 68 115 89 85 15 77 90 55 21 38 39 61 71 53 79 47 28 38 0 95 36 95 48 18 37 89 39 70 45 46 29 78 40 21 51 88 96 110 71 74 29 82 38 78 95 48 78 108 40 71 35 63 95 
54 77 33 41 37 64 98 57 73 35 32 29 47 76 40 78 22 100 48 88 65 17 30 23 85 31 30 16 46 26 68 71 63 84 37 55 91 69 77 62 63 65 56 61 71 11 56 36 19 55 68 81 47 17 50 100 70 86 82 76 67 57 54 79 85 95 0 85 11 81 78 78 60 58 53 62 68 71 57 57 77 83 57 5 15 60 71 71 39 73 74 62 49 51 17 62 49 76 33 45 
62 53 92 77 48 44 18 66 85 68 73 94 57 98 88 63 106 24 86 29 28 76 81 68 1 74 81 76 43 85 60 46 64 50 66 76 8 21 26 27 23 60 40 25 36 76 29 70 103 60 52 28 86 86 63 21 15 4 26 37 23 91 31 11 3 36 85 0 81 13 35 61 58 45 82 59 64 47 48 47 41 16 58 83 97 41 92 46 87 12 44 64 50 88 93 53 80 57 56 69 
59 68 43 48 34 55 95 62 80 41 39 40 38 85 50 82 25 98 57 88 64 25 20 15 81 20 20 23 46 35 58 62 53 86 42 62 88 67 76 56 61 69 49 58 72 16 51 43 23 45 59 80 56 27 55 97 66 81 75 68 62 66 51 76 81 95 11 81 0 76 78 82 50 60 60 66 72 74 48 60 78 77 47 6 16 52 79 73 48 69 65 52 51 60 13 66 57 79 34 35 
67 40 93 80 45 33 31 71 92 70 75 94 48 105 90 72 101 36 89 42 35 75 73 62 13 66 73 75 45 85 48 33 52 61 68 81 21 28 36 20 25 67 31 27 44 73 26 72 99 49 40 39 89 85 67 34 18 10 13 24 14 96 31 21 11 48 81 13 76 0 45 70 47 50 86 66 71 55 37 53 50 4 47 79 91 30 98 54 89 15 31 53 53 92 87 59 84 66 55 59 
34 80 72 54 46 67 32 36 52 49 54 75 72 65 65 28 100 30 59 13 17 63 87 70 36 80 87 64 32 67 83 71 84 16 47 47 34 19 9 45 27 28 58 27 6 67 38 50 97 78 76 8 60 72 37 32 29 39 58 65 46 63 33 24 38 18 78 35 78 45 0 26 78 20 54 29 31 13 67 22 6 49 77 78 92 61 60 13 64 32 71 85 30 62 91 22 54 22 45 82 
24 101 62 43 56 87 57 23 28 44 48 66 87 41 52 2 99 54 44 36 37 61 95 78 62 90 95 63 41 60 102 92 102 14 42 31 60 42 35 65 48 13 77 47 26 67 57 43 96 95 96 34 45 67 28 56 53 65 82 87 68 44 50 50 64 37 78 61 82 70 26 0 96 26 37 16 12 15 85 25 20 74 94 80 93 81 37 16 52 56 92 102 33 45 94 17 39 4 49 95 
81 18 87 83 43 14 77 85 108 71 74 85 13 117 89 97 72 82 93 81 62 65 36 37 58 31 37 63 56 77 8 17 6 93 71 91 67 60 71 34 52 87 20 51 74 58 40 74 71 5 11 75 92 73 79 80 51 57 38 26 36 102 47 61 57 89 60 58 50 47 78 96 0 70 93 85 91 82 11 72 82 46 3 55 62 18 111 81 87 51 20 6 66 96 56 80 90 92 55 17 
18 77 52 35 30 61 49 21 42 29 34 55 61 54 46 27 80 48 42 33 16 43 71 53 45 65 71 44 15 47 76 67 76 27 26 32 47 23 23 41 25 18 51 24 14 47 31 30 77 68 71 26 42 52 19 49 32 48 60 64 44 47 24 34 47 39 58 45 60 50 20 26 70 0 37 16 22 14 59 3 19 54 68 59 73 55 48 13 45 36 68 76 10 44 72 10 36 22 26 69 
20 105 26 12 51 89 85 17 21 22 22 31 81 25 16 36 70 84 7 67 53 36 78 63 82 75 78 38 42 28 101 96 99 50 22 7 84 60 60 73 61 27 78 59 50 44 63 19 67 90 97 61 8 37 19 85 68 85 94 95 78 10 56 71 84 70 53 82 60 86 54 37 93 37 0 26 26 41 85 35 49 90 90 57 67 83 19 42 17 72 97 98 33 8 70 31 4 37 39 86 
8 92 47 28 43 77 61 8 26 28 32 51 74 39 38 15 83 58 31 41 32 45 80 63 60 75 81 47 29 44 91 83 91 25 26 19 60 38 35 57 41 3 67 40 25 51 47 27 80 83 86 36 32 52 12 60 48 63 76 80 61 34 40 48 62 45 62 59 66 66 29 16 85 16 26 0 7 16 74 14 24 70 82 64 78 71 32 16 38 51 84 91 19 33 78 7 26 14 35 82 
13 99 50 31 50 83 63 11 21 33 36 54 81 34 40 11 88 61 32 43 37 50 87 70 65 82 87 52 36 48 98 90 97 24 31 19 64 43 39 63 47 5 73 46 29 57 54 32 85 90 93 39 33 56 18 63 53 67 82 86 67 33 47 53 66 46 68 64 72 71 31 12 91 22 26 7 0 18 81 20 26 75 89 70 83 77 29 19 40 57 90 97 26 34 84 12 27 12 41 89 
23 87 61 43 44 72 46 24 39 40 44 65 74 52 53 17 94 43 47 26 22 56 85 68 48 79 85 57 29 57 88 78 88 13 37 35 46 28 21 51 33 15 63 33 11 60 42 40 90 81 82 21 48 63 26 45 38 50 67 73 53 50 36 35 49 29 71 47 74 55 13 15 82 14 41 16 18 0 71 14 8 59 80 73 87 66 47 1 53 41 78 88 23 49 86 11 41 11 40 83 
71 21 81 75 34 7 66 76 98 63 66 80 12 108 82 86 72 71 85 70 51 59 39 34 48 32 39 58 46 71 17 14 17 81 63 82 56 48 60 23 40 77 9 39 63 53 29 66 71 12 13 64 84 68 69 69 40 46 31 20 25 94 36 50 47 78 57 48 48 37 67 85 11 59 85 74 81 71 0 61 70 37 10 53 63 7 101 70 80 40 17 18 56 88 57 69 82 81 46 22 
15 79 50 32 31 63 51 18 40 27 32 53 62 52 43 25 80 50 39 35 19 42 71 54 48 65 71 43 17 45 78 69 78 27 25 29 49 26 26 43 28 16 53 27 16 46 34 28 76 70 73 28 39 50 16 51 35 50 63 66 47 44 27 36 49 40 57 47 60 53 22 25 72 3 35 14 20 14 61 0 20 57 69 59 73 57 45 14 43 38 70 78 9 42 72 8 34 21 26 71 
30 84 69 50 46 71 38 32 46 46 51 72 74 60 61 23 99 35 55 18 20 62 88 71 41 81 88 63 32 64 86 75 88 11 44 43 39 24 14 48 31 23 61 31 8 66 41 47 96 81 80 14 56 70 33 37 34 44 63 69 50 58 35 30 43 21 77 41 78 50 6 20 82 19 49 24 26 8 70 20 0 54 80 78 92 65 54 8 61 36 75 88 28 57 91 18 49 17 45 84 
71 38 96 83 48 32 33 75 96 73 78 97 48 108 94 76 103 39 93 45 38 78 74 63 15 67 74 77 48 88 46 32 51 65 72 85 23 32 40 22 29 71 31 31 48 76 29 76 100 49 39 42 92 88 71 36 22 12 10 22 16 100 35 25 13 51 83 16 77 4 49 74 46 54 90 70 75 59 37 57 54 0 46 81 93 30 102 58 92 18 29 52 57 96 89 63 88 70 58 59 
79 21 84 80 40 14 76 83 105 69 71 82 10 114 86 95 69 81 90 80 60 62 34 34 58 29 34 60 53 74 11 18 9 91 68 88 66 58 70 33 50 84 19 49 72 55 39 71 68 3 13 74 89 69 76 79 50 56 39 27 35 99 45 60 56 88 57 58 47 47 77 94 3 68 90 82 89 80 10 69 80 46 0 52 60 17 108 79 84 50 22 8 63 93 54 77 87 90 52 15 
57 73 38 45 36 60 97 60 77 38 36 34 43 80 45 80 23 99 53 88 65 21 25 19 84 26 25 19 46 30 63 67 59 85 39 58 90 69 77 59 62 67 53 60 72 13 54 39 20 51 64 81 51 22 53 99 69 84 79 72 65 62 53 78 84 96 5 83 6 79 78 80 55 59 57 64 70 73 53 59 78 81 52 0 14 57 75 72 43 72 70 58 50 55 14 64 53 78 33 41 
70 81 45 56 50 69 111 72 88 50 47 40 51 90 54 93 10 113 62 103 79 33 27 30 97 31 27 31 61 39 70 76 65 99 52 70 104 83 91 72 76 80 64 74 86 26 67 52 8 58 72 95 61 30 66 113 82 97 90 82 77 71 67 91 97 110 15 97 16 91 92 93 62 73 67 78 83 87 63 73 92 93 60 14 0 67 85 86 52 85 79 63 64 64 7 78 63 91 47 46 
69 22 81 74 33 6 59 73 96 62 66 81 18 106 82 82 77 64 84 63 45 60 45 38 41 38 45 59 43 72 21 13 24 76 61 80 49 42 54 17 35 73 5 34 57 55 24 65 75 19 15 58 83 69 67 62 34 39 24 16 18 93 31 43 40 71 60 41 52 30 61 81 18 55 83 71 77 66 7 57 65 30 17 57 67 0 99 65 80 34 15 24 53 87 62 65 80 77 45 29 
31 121 42 31 68 105 92 27 9 40 40 47 99 7 32 34 87 89 23 72 64 54 97 81 93 94 97 56 57 46 118 112 116 51 40 19 93 71 67 87 73 32 95 72 57 63 77 38 84 108 114 68 24 55 33 91 80 95 108 110 92 15 70 81 94 74 71 92 79 98 60 37 111 48 19 32 29 47 101 45 54 102 108 75 85 99 0 47 33 84 113 116 47 21 88 39 22 39 56 104 
23 86 61 43 43 71 45 24 40 39 44 65 73 53 53 18 93 42 47 25 21 55 84 67 47 78 84 56 29 57 87 77 87 13 37 35 46 27 20 50 32 16 62 32 10 60 41 40 90 80 81 20 48 63 26 44 37 50 66 72 52 50 35 35 48 29 71 46 73 54 13 16 81 13 42 16 19 1 70 14 8 58 79 72 86 65 47 0 53 40 77 87 23 49 86 11 42 12 40 82 
30 101 10 10 48 86 94 30 37 19 15 14 75 38 2 51 54 93 11 77 59 24 67 54 88 65 67 26 44 13 95 93 92 63 21 22 90 66 68 73 65 40 76 63 59 32 64 17 51 84 93 71 9 22 27 94 72 89 95 94 78 19 58 77 89 82 39 87 48 89 64 52 87 45 17 38 40 53 80 43 61 92 84 43 52 80 33 53 0 76 95 92 38 12 56 42 14 52 35 78 
53 50 81 67 36 38 27 57 78 57 62 83 48 90 77 58 94 31 75 30 20 65 70 57 12 63 71 65 32 73 54 41 57 47 55 67 19 13 23 17 12 52 32 14 30 64 18 60 92 52 47 26 75 75 53 30 4 13 26 34 15 82 20 10 13 38 73 12 69 15 32 56 51 36 72 51 57 41 40 38 36 18 50 72 85 34 84 40 76 0 40 58 39 78 82 45 70 52 44 60 
82 10 96 88 47 10 62 86 109 77 80 96 28 120 97 94 89 67 98 70 56 75 55 51 43 49 55 74 56 87 18 4 23 86 76 94 52 51 62 27 45 86 19 45 68 70 36 80 88 24 10 66 98 84 80 65 41 41 20 7 25 107 44 49 42 78 74 44 65 31 71 92 20 68 97 84 90 78 17 70 75 29 22 70 79 15 113 77 95 40 0 24 66 102 74 78 95 88 60 37 
87 20 90 87 48 20 83 91 113 76 78 89 17 122 93 103 72 88 98 87 68 69 36 40 64 32 37 67 62 81 7 21 1 99 76 96 73 66 78 41 58 93 27 57 80 62 47 79 72 8 14 82 97 76 84 86 58 62 43 31 42 107 53 67 63 95 62 64 52 53 85 102 6 76 98 91 97 88 18 78 88 52 8 58 63 24 116 87 92 58 24 0 72 101 57 86 95 98 60 17 
16 75 44 28 24 59 56 20 43 20 25 47 55 53 39 33 71 56 36 42 22 34 63 45 50 57 63 34 10 38 72 65 72 36 18 28 53 29 32 41 28 21 48 26 24 37 31 21 67 64 68 35 36 42 14 57 36 52 62 63 45 43 24 39 51 48 49 50 51 53 30 33 66 10 33 19 26 23 56 9 28 57 63 50 64 53 47 23 38 39 66 72 0 39 63 16 31 29 17 63 
27 109 21 14 55 93 93 25 26 25 23 26 84 25 11 43 67 91 3 75 60 35 78 64 89 76 78 37 48 25 104 100 101 57 26 15 91 67 67 78 67 35 82 65 57 44 68 22 63 93 101 69 4 34 26 93 75 91 100 100 83 7 62 78 90 78 51 88 60 92 62 45 96 44 8 33 34 49 88 42 57 96 93 55 64 87 21 49 12 78 102 101 39 0 68 39 8 45 42 88 
71 74 49 58 47 64 108 74 90 52 49 45 45 93 57 94 16 110 65 101 77 34 21 25 93 25 20 33 59 42 64 70 58 99 53 72 100 80 89 68 73 81 59 71 85 27 64 53 15 52 66 93 64 34 67 110 79 93 85 77 73 74 64 88 93 108 17 93 13 87 91 94 56 72 70 78 84 86 57 72 91 89 54 14 7 62 88 86 56 82 74 57 63 68 0 78 66 91 46 39 
12 87 51 32 39 71 54 14 33 29 34 54 70 46 43 18 84 52 37 35 25 46 78 61 53 73 78 47 24 47 86 77 86 22 27 25 53 32 28 51 35 8 61 34 18 51 42 29 81 78 81 30 37 53 15 54 41 56 70 74 54 41 34 41 55 40 62 53 66 59 22 17 80 10 31 7 12 11 69 8 18 63 77 64 78 65 39 11 42 45 78 86 16 39 78 0 31 14 33 78 
19 102 24 8 48 86 85 18 24 19 18 28 78 28 13 37 67 83 6 67 52 32 75 59 81 72 75 34 40 25 97 93 95 51 19 8 83 59 59 70 59 27 75 57 49 40 60 16 63 87 94 61 6 34 18 84 66 83 92 93 75 12 54 70 82 71 49 80 57 84 54 39 90 36 4 26 27 41 82 34 49 88 87 53 63 80 22 42 14 70 95 95 31 8 66 31 0 39 35 82 
22 97 61 42 52 82 54 22 30 42 46 65 83 44 51 6 97 51 44 33 32 59 92 75 58 86 92 60 38 58 98 88 98 12 40 31 56 38 31 61 44 12 73 43 22 65 52 41 94 91 92 30 45 66 26 53 49 61 78 83 63 45 46 46 60 35 76 57 79 66 22 4 92 22 37 14 12 11 81 21 17 70 90 78 91 77 39 12 52 52 88 98 29 45 91 14 39 0 46 92 
29 66 38 29 13 51 67 33 54 17 21 39 43 63 37 50 55 68 39 56 33 21 46 29 56 41 46 21 14 30 62 58 60 53 16 37 61 37 45 38 33 37 40 31 39 22 29 20 52 52 59 48 38 31 25 68 40 57 60 58 43 48 24 48 57 63 33 56 34 55 45 49 55 26 39 35 41 40 46 26 45 58 52 33 47 45 56 40 35 44 60 60 17 42 46 33 35 46 0 49 
77 36 75 75 40 28 87 81 103 64 65 73 11 110 79 96 55 91 84 87 65 54 19 24 69 15 19 52 54 66 24 33 19 95 64 85 77 65 76 42 57 85 29 55 77 46 45 67 54 13 28 81 84 60 74 89 59 68 53 42 46 94 49 69 68 95 45 69 35 59 82 95 17 69 86 82 89 83 22 71 84 59 15 41 46 29 104 82 78 60 37 17 63 88 39 78 82 92 49 0 
0 79 12 239 18 1162 20 484 0 13 782 348 442 508 510 92 889 0 0 191 350 32 224 40 0 56 1900 19 54 26 14 13 18 0 452 2022 80 0 13 286 27 11 147 157 67 21 61 3000 2279 25 65 20 83 65 56 200 0 178 0 467 3000 2669 83 80 1604 140 12 275 2221 789 58 3000 23 0 28 18 0 24 770 113 1218 16 463 13 2571 1287 81 1438 328 79 128 497 114 349 25 182 15 13 48 0 
79 0 14 1185 1768 193 513 446 0 448 7 353 18 19 93 45 12 303 46 294 10 89 3000 15 0 1382 91 40 8 149 25 15 217 65 10 33 396 10 409 29 253 113 614 139 26 11 25 8 341 668 3000 9 439 436 386 9 26 624 3000 331 451 66 7 59 124 109 251 386 985 38 560 9 20 0 1732 309 14 68 10 194 257 42 143 50 16 272 19 30 72 67 293 8 14 48 465 7 1375 170 23 0 
12 14 0 911 104 172 128 357 0 0 0 0 15 17 55 0 18 36 11 0 22 0 32 0 0 49 1423 390 2383 1211 255 165 91 417 23 0 24 32 594 17 334 737 62 35 0 0 72 45 231 204 0 0 0 0 1415 43 242 286 14 0 0 115 18 8 228 24 17 1145 2129 76 309 239 23 0 210 29 624 17 2058 159 307 696 0 176 515 385 61 7 237 47 83 154 40 17 0 353 21 61 0 0 
239 1185 911 0 47 266 1941 422 204 576 74 41 281 412 122 288 8 91 66 14 2585 45 1087 0 152 111 37 46 26 361 42 488 732 47 74 45 11 83 106 221 1024 260 30 529 30 244 116 210 89 1218 41 165 81 26 22 62 267 56 66 67 490 2666 25 53 120 3000 25 249 301 21 574 406 84 43 20 11 633 100 755 46 410 48 35 2603 0 55 1296 2104 0 71 1549 27 59 9 16 280 16 185 0 103 
18 1768 104 47 0 14 124 1116 0 51 718 62 93 16 341 82 806 312 7 1470 27 208 19 68 0 2314 232 33 23 65 40 34 15 110 203 56 1604 3000 16 212 50 97 118 56 529 30 86 17 10 15 125 31 140 523 81 755 27 82 112 11 19 59 9 99 79 791 24 127 164 36 134 15 21 0 9 311 50 401 98 106 15 17 1398 94 9 63 2988 248 305 289 159 129 1254 30 0 91 324 23 9 938 
1162 193 172 266 14 0 2072 65 131 323 148 37 257 19 8 11 32 43 238 55 66 12 2317 85 319 3000 28 39 93 102 33 57 17 81 2947 14 17 271 22 3000 355 82 58 48 647 8 382 3000 110 318 39 10 31 386 102 391 10 27 121 18 3000 2675 59 64 279 32 9 86 36 253 14 7 334 9 177 84 1385 448 24 31 35 0 20 36 308 14 29 529 19 69 1633 0 226 11 3000 115 318 81 73 13 
20 513 128 1941 124 2072 0 11 161 847 582 17 199 34 129 282 3000 38 197 0 14 403 84 0 56 107 181 325 25 1691 60 14 23 95 172 261 50 118 31 3000 70 17 335 152 364 1937 11 23 14 306 0 0 28 117 1482 772 378 34 10 118 0 30 93 497 17 142 87 32 79 1958 19 192 1020 283 75 216 1319 3000 740 80 136 113 0 10 362 642 863 175 27 59 123 741 119 118 0 3000 189 252 19 64 
484 446 357 422 1116 65 11 0 256 40 37 34 22 11 835 231 302 35 46 333 14 54 977 0 2492 269 345 206 2263 9 0 180 390 90 194 513 9 14 11 135 427 697 814 35 75 783 2030 1040 44 94 1034 0 548 861 237 150 18 37 22 2296 874 3000 1140 79 0 39 84 3000 853 169 3000 24 0 196 1639 145 409 0 22 30 25 35 175 752 0 0 3000 82 0 41 10 391 51 139 1366 46 340 23 0 7 
0 0 0 204 0 131 161 256 0 0 0 15 108 8 67 84 0 130 339 140 223 0 7 0 179 0 0 32 98 796 0 0 178 1003 0 0 770 156 21 343 0 110 1589 0 24 0 529 0 0 84 0 0 118 0 31 0 660 956 110 14 0 244 13 559 0 110 3000 0 0 161 337 45 0 94 0 175 264 0 12 0 0 0 0 9 0 0 191 0 0 0 42 0 0 0 0 0 39 992 0 40 
13 448 0 576 51 323 847 40 0 0 42 131 0 0 76 227 51 0 0 78 299 722 329 21 0 33 815 0 1701 0 144 36 0 0 87 9 2436 0 45 871 0 0 84 0 117 17 17 8 864 0 2485 190 1251 61 179 37 0 0 0 171 166 9 0 430 3000 517 330 33 180 3000 484 2203 444 0 0 30 0 34 48 631 2093 0 2617 161 211 2627 0 20 22 0 10 0 8 2432 132 183 86 0 65 0 
782 7 0 74 718 148 582 37 0 42 0 20 0 0 221 2714 320 0 0 94 292 794 262 85 0 223 20 0 174 0 228 11 0 0 167 83 16 0 59 14 0 269 8 0 446 30 234 59 2209 325 13 53 1377 75 139 196 0 0 0 264 74 24 0 21 447 25 73 0 43 998 69 91 133 0 0 9 0 146 67 0 2817 0 2516 41 844 72 76 564 32 0 67 0 38 789 131 22 486 0 21 0 
348 353 0 41 62 37 17 34 15 131 20 0 67 96 48 228 56 104 487 40 80 813 69 0 101 13 49 2998 30 103 85 84 152 0 309 11 14 12 22 11 0 41 401 58 13 1628 13 14 9 44 21 15 7 7 62 133 0 0 94 177 960 1310 64 38 249 23 49 97 457 571 36 15 0 53 18 76 17 43 14 26 245 0 98 40 0 1030 18 1231 0 0 28 0 137 3000 174 358 1407 131 0 24 
442 18 15 281 93 257 199 22 108 0 0 67 0 872 909 0 44 84 76 0 361 0 369 0 111 29 258 157 71 138 0 16 15 23 387 0 100 72 13 24 12 1677 103 1487 0 0 9 0 109 1198 0 0 0 0 57 321 49 23 201 391 0 723 53 359 0 229 51 94 24 106 226 1617 156 71 51 289 59 0 252 20 21 37 0 29 0 22 955 719 0 473 9 34 0 0 0 206 79 187 0 129 
508 19 17 412 16 19 34 11 8 0 0 96 872 0 121 397 298 10 232 0 45 0 184 0 48 19 68 111 557 191 77 28 323 12 484 0 565 60 349 204 24 2287 86 51 67 814 8 229 23 18 0 0 97 54 23 963 35 60 50 339 0 12 958 130 614 52 14 869 1040 458 137 495 25 355 237 27 20 480 218 166 122 80 0 9 0 12 24 23 0 974 104 3000 1187 1615 0 217 326 355 0 153 
510 93 55 122 341 8 129 835 67 76 221 48 909 121 0 52 11 32 59 230 16 9 828 0 66 11 16 713 78 109 79 12 55 515 9 36 1259 107 15 46 682 22 21 91 75 59 557 903 17 11 412 9 40 10 143 61 109 714 44 499 92 35 11 944 9 11 12 64 43 44 3000 445 586 16 1114 71 658 411 82 44 222 0 43 21 0 30 25 153 0 23 38 0 20 47 14 2349 49 47 0 68 
92 45 0 288 82 11 282 231 84 227 2714 228 0 397 52 0 64 804 101 1253 136 377 67 0 40 0 88 0 360 44 0 0 97 0 19 109 15 49 205 1710 0 107 23 0 94 410 11 174 29 859 1069 1828 298 34 123 0 0 0 1894 69 207 58 48 30 0 414 69 0 158 78 69 1502 0 294 0 2415 251 0 362 0 249 0 36 72 0 0 56 44 0 0 261 0 326 188 3000 496 10 152 0 7 
889 12 18 8 806 32 3000 302 0 51 320 56 44 298 11 64 0 87 0 217 230 47 50 63 0 17 32 3000 1106 443 2901 150 8 0 259 1276 192 0 186 653 44 24 96 899 700 16 110 270 12 370 151 378 458 123 42 85 0 40 15 72 41 1075 283 162 92 886 30 1103 675 459 1172 181 189 0 355 2181 0 8 363 23 178 0 90 124 60 493 54 368 94 0 127 0 111 337 206 42 125 29 340 0 
0 303 36 91 312 43 38 35 130 0 0 104 84 10 32 804 87 0 10 848 1245 0 47 0 3000 0 0 403 166 7 0 0 271 48 0 91 30 172 98 347 1214 354 526 0 39 0 255 0 0 17 43 0 288 0 1023 0 9 108 16 826 26 85 197 3000 0 808 19 0 0 58 20 113 0 11 0 100 185 0 15 0 124 0 0 26 0 0 93 13 0 11 514 0 0 0 0 80 15 474 0 176 
0 46 11 66 7 238 197 46 339 0 0 487 76 232 59 101 0 10 0 0 757 0 47 0 217 0 0 1440 9 78 0 65 85 241 0 0 281 84 256 327 1295 1436 33 849 269 0 14 0 0 13 0 0 10 0 225 0 1402 3000 880 126 0 89 373 11 0 19 458 0 0 14 527 59 0 869 1961 29 128 0 238 0 0 0 0 73 0 0 34 0 0 214 2221 0 0 0 0 1208 49 39 0 28 
191 294 0 14 1470 55 0 333 140 78 94 40 0 0 230 1253 217 848 0 0 1201 70 2455 0 185 0 25 0 139 0 0 0 0 0 0 347 26 0 692 347 0 266 199 0 1034 8 21 11 102 282 159 10 13 35 28 0 0 0 209 149 20 230 74 1181 0 484 198 0 0 1117 58 1783 0 2489 0 470 0 0 9 0 630 0 80 416 0 0 63 68 0 0 1167 0 933 649 392 0 1304 1274 0 23 
350 10 22 2585 27 66 14 14 223 299 292 80 361 45 16 136 230 1245 757 1201 0 1547 109 25 17 47 407 186 136 28 32 41 211 395 184 104 157 72 58 241 23 18 15 11 27 597 38 2016 633 225 176 155 77 49 123 450 297 8 59 263 116 176 39 228 2171 79 42 176 8 72 336 28 996 305 198 632 40 52 8 46 25 252 40 416 919 25 51 34 522 388 1606 129 11 19 0 234 13 94 20 26 
32 89 0 45 208 12 403 54 0 722 794 813 0 0 9 377 47 0 0 70 1547 0 789 696 0 45 64 0 12 0 252 47 0 0 120 9 122 0 219 454 0 439 58 0 16 77 385 328 3000 2469 91 105 478 773 664 115 0 0 0 528 49 531 0 87 152 54 1037 0 219 45 36 110 555 0 0 3000 0 9 85 0 2793 0 41 555 30 0 47 784 29 0 10 0 1855 360 237 27 71 0 1478 0 
224 3000 32 1087 19 2317 84 977 7 329 262 69 369 184 828 67 50 47 47 2455 109 789 0 22 40 12 609 9 56 160 1197 26 68 110 32 664 17 3000 1109 365 54 164 106 2720 185 173 241 62 3000 10 10 790 10 47 3000 129 117 13 765 69 164 42 3000 167 198 15 77 70 318 49 24 96 22 15 206 155 11 162 196 80 114 129 72 9 631 710 1445 388 15 10 559 0 211 8 48 27 32 67 70 744 
40 15 0 0 68 85 0 0 0 21 85 0 0 0 0 0 63 0 0 0 25 696 22 0 0 3000 2782 0 0 0 55 45 0 0 1184 27 60 0 221 0 0 0 0 167 0 49 0 174 193 0 0 0 0 409 0 17 0 0 0 0 0 0 0 0 14 1408 21 70 10 0 0 0 281 0 77 1856 0 2803 0 309 937 0 1366 0 1036 1168 0 70 311 0 0 0 1815 458 0 77 0 0 66 0 
0 0 0 152 0 319 56 2492 179 0 0 101 111 48 66 40 0 3000 217 185 17 0 40 0 0 0 0 0 390 212 0 0 505 8 0 0 114 366 33 102 0 220 594 0 18 0 65 0 0 612 0 0 135 0 219 0 35 22 61 239 0 2778 249 20 0 25 161 0 0 398 196 182 0 1736 0 968 690 0 64 0 0 0 0 695 0 0 43 0 0 0 29 0 0 0 0 0 233 46 0 20 
56 1382 49 111 2314 3000 107 269 0 33 223 13 29 19 11 0 17 0 0 0 47 45 12 3000 0 0 61 27 42 151 52 21 17 2965 22 380 96 33 457 18 52 0 69 24 1310 9 310 273 1950 28 0 12 776 1061 1093 53 212 506 0 0 0 32 519 8 80 80 600 1164 94 276 1165 456 387 0 44 13 0 140 218 991 67 42 1100 2606 186 69 1291 14 37 17 70 94 9 29 0 672 81 17 589 0 
1900 91 1423 37 232 28 181 345 0 815 20 49 258 68 16 88 32 0 0 25 407 64 609 2782 0 61 0 352 36 0 431 22 1105 0 46 128 703 0 69 52 738 0 35 251 48 1518 3000 209 140 7 12 336 2313 18 47 36 0 115 0 0 3000 95 650 309 244 86 19 61 18 0 80 13 506 0 1024 113 0 42 94 88 498 31 69 97 3000 15 0 325 3000 0 1997 2071 10 174 18 21 24 0 9 0 
19 40 390 46 33 39 325 206 32 0 0 2998 157 111 713 0 3000 403 1440 0 186 0 9 0 0 27 352 0 167 548 21 44 20 48 1291 0 11 180 207 453 195 1583 23 11 0 86 17 11 8 2872 0 0 0 0 137 1608 41 373 141 278 0 83 62 293 3000 22 9 58 112 135 107 54 122 0 272 100 2170 10 24 192 114 67 0 505 3000 334 55 700 25 260 729 3000 285 78 0 261 1572 15 0 1574 
54 8 2383 26 23 93 25 2263 98 1701 174 30 71 557 78 360 1106 166 9 139 136 12 56 0 390 42 36 167 0 279 273 109 19 11 94 46 686 77 35 3000 39 10 8 17 1863 769 12 42 3000 25 349 38 111 382 1866 1104 96 236 54 113 557 330 62 90 37 21 124 3000 250 24 359 58 245 311 7 326 9 58 47 64 11 111 49 10 3000 11 3000 235 0 1602 177 136 551 10 0 36 284 1061 0 723 
26 149 1211 361 65 102 1691 9 796 0 0 103 138 191 109 44 443 7 78 0 28 0 160 0 212 151 0 548 279 0 0 53 927 181 0 0 198 1546 244 62 892 432 914 98 383 0 23 33 126 17 0 0 421 0 450 3000 93 37 869 134 0 89 122 208 0 9 519 92 17 228 11 19 0 2342 1043 314 162 0 487 38 31 449 0 92 0 279 271 17 0 169 71 70 0 0 0 11 995 90 0 75 
14 25 255 42 40 33 60 0 0 144 228 85 0 77 79 0 2901 0 0 0 32 252 1197 55 0 52 431 21 273 0 0 13 0 0 254 86 621 0 61 141 59 0 174 115 126 39 402 1045 62 0 574 251 0 271 19 13 0 0 0 0 1104 178 0 0 1070 899 1614 36 33 0 3000 37 157 0 13 201 0 40 20 8 220 25 395 741 730 3000 0 153 183 0 0 160 26 187 0 35 67 0 755 0 
13 15 165 488 34 57 14 180 0 36 11 84 16 28 12 0 150 0 65 0 41 47 26 45 0 21 22 44 109 53 13 0 10 2719 3000 3000 30 124 48 46 34 153 256 2419 0 23 9 246 8 49 0 0 0 9 13 172 208 20 0 0 0 1513 62 251 17 85 130 10 1099 12 75 167 52 0 238 21 46 1903 3000 204 48 1256 149 7 223 24 1435 406 10 92 23 2038 134 170 0 609 128 108 39 0 
18 217 91 732 15 17 23 390 178 0 0 152 15 323 55 97 8 271 85 0 211 0 68 0 505 17 1105 20 19 927 0 10 0 14 93 0 46 72 73 29 54 8 123 106 248 3000 168 53 10 1055 0 0 9 0 1078 28 318 20 14 721 0 376 1470 1151 0 12 499 89 14 46 249 17 41 1978 86 46 187 171 3000 195 71 1503 0 80 0 2619 2109 96 0 3000 99 847 636 8 0 233 144 45 0 100 
0 65 417 47 110 81 95 90 1003 0 0 0 23 12 515 0 0 48 241 0 395 0 110 0 8 2965 0 48 11 181 0 2719 14 0 0 0 3000 264 525 263 15 773 16 38 0 0 136 0 39 279 0 0 0 0 0 62 62 1035 143 0 0 0 97 9 0 98 236 143 1221 260 7 48 0 157 183 23 43 0 79 14 0 1207 0 398 0 393 19 42 0 356 68 115 0 0 0 13 34 2959 0 48 
452 10 23 74 203 2947 172 194 0 87 167 309 387 484 9 19 259 0 0 0 184 120 32 1184 0 22 46 1291 94 0 254 3000 93 0 0 30 186 0 350 733 62 0 458 18 1898 19 597 12 109 889 9 671 759 37 10 26 0 28 0 0 226 84 0 193 86 80 44 853 120 0 179 145 8 0 322 2495 0 20 78 10 136 23 1534 24 1270 36 0 31 39 0 0 33 1710 9 0 73 146 0 35 0 
2022 33 0 45 56 14 261 513 0 9 83 11 0 0 36 109 1276 91 0 347 104 9 664 27 0 380 128 0 46 0 86 3000 0 0 30 0 48 0 107 155 0 7 204 0 116 25 1079 268 36 17 41 24 109 14 64 159 0 0 0 12 299 375 0 611 18 9 9 0 71 51 36 120 53 0 0 243 0 260 1725 0 31 0 26 238 134 0 911 34 28 0 73 0 32 50 889 18 9 0 120 0 
80 396 24 11 1604 17 50 9 770 2436 16 14 100 565 1259 15 192 30 281 26 157 122 17 60 114 96 703 11 686 198 621 30 46 3000 186 48 0 33 14 18 302 17 15 164 72 36 18 97 436 1575 199 73 271 359 424 215 116 8 260 58 45 217 10 3000 238 51 50 3000 499 85 3000 25 814 10 16 2154 19 28 83 16 165 37 112 8 196 108 153 3000 383 63 101 15 37 40 1178 250 142 128 21 1178 
0 10 32 83 3000 271 118 14 156 0 0 12 72 60 107 49 0 172 84 0 72 0 3000 0 366 33 0 180 77 1546 0 124 72 264 0 0 33 0 263 321 389 29 1902 543 0 0 8 0 113 76 0 0 21 0 64 0 19 75 318 331 0 194 159 50 0 939 23 277 300 116 133 9 0 204 361 15 134 0 699 59 0 25 0 124 0 0 308 2337 0 66 140 25 0 0 0 143 83 141 0 239 
13 409 594 106 16 22 31 11 21 45 59 22 13 349 15 205 186 98 256 692 58 219 1109 221 33 457 69 207 35 244 61 48 73 525 350 107 14 263 0 174 8 32 344 230 849 96 84 57 246 59 35 69 46 21 139 556 102 38 49 186 292 12 2048 65 1314 278 17 32 16 530 450 25 3000 3000 10 415 163 15 194 46 2241 48 12 135 75 70 22 1734 1055 8 22 70 3000 18 13 112 92 377 1292 345 
286 29 17 221 212 3000 3000 135 343 871 14 11 24 204 46 1710 653 347 327 347 241 454 365 0 102 18 52 453 3000 62 141 46 29 263 733 155 18 321 174 0 214 720 25 90 28 1036 134 41 11 10 81 239 68 972 259 29 1198 3000 21 82 409 1749 585 110 954 230 8 16 36 165 352 367 381 82 9 930 315 253 247 95 29 612 116 176 12 1179 3000 32 883 516 62 14 18 502 207 78 482 316 210 3000 
27 253 334 1024 50 355 70 427 0 0 0 0 12 24 682 0 44 1214 1295 0 23 0 54 0 0 52 738 195 39 892 59 34 54 15 62 0 302 389 8 214 0 39 10 95 0 0 135 87 129 1044 0 0 0 0 1459 59 74 111 1041 0 0 854 120 39 155 109 1008 56 417 230 31 3000 235 0 131 424 616 239 180 11 11 42 0 257 1606 44 132 252 1123 1188 684 2275 46 382 0 29 188 245 0 71 
11 113 737 260 97 82 17 697 110 0 269 41 1677 2287 22 107 24 354 1436 266 18 439 164 0 220 0 0 1583 10 432 0 153 8 773 0 7 17 29 32 720 39 0 16 0 140 365 23 20 55 474 704 10 42 98 41 0 25 24 35 18 410 126 98 749 0 205 159 0 0 719 108 182 0 79 22 40 62 0 676 0 13 0 11 25 0 0 36 456 0 23 146 0 0 108 36 845 246 9 0 56 
147 614 62 30 118 58 335 814 1589 84 8 401 103 86 21 23 96 526 33 199 15 58 106 0 594 69 35 23 8 914 174 256 123 16 458 204 15 1902 344 25 10 16 0 8 741 12 342 209 177 59 1646 2032 402 688 176 1321 1101 63 23 116 342 2258 33 11 19 26 178 313 108 1581 7 1945 57 7 1308 254 294 75 648 267 40 366 503 20 0 149 570 397 0 2643 138 434 47 10 185 26 101 41 0 401 
157 139 35 529 56 48 152 35 0 0 0 58 1487 51 91 0 899 0 849 0 11 0 2720 167 0 24 251 11 17 98 115 2419 106 38 18 0 164 543 230 90 95 0 8 0 0 13 412 425 771 10 0 0 0 0 437 2324 233 3000 0 0 0 749 61 1627 12 106 97 743 449 3000 40 706 528 0 326 17 476 41 67 947 63 2711 0 246 103 20 513 52 205 206 1446 110 697 11 0 26 19 8 251 0 
67 26 0 30 529 647 364 75 24 117 446 13 0 67 75 94 700 39 269 1034 27 16 185 0 18 1310 48 0 1863 383 126 0 248 0 1898 116 72 0 849 28 0 140 741 0 0 47 116 173 164 109 19 1309 3000 8 440 0 0 0 49 11 10 124 133 361 755 36 460 0 311 2665 427 813 0 692 0 3000 0 103 43 0 75 0 10 459 0 0 21 1636 0 0 1607 0 17 185 243 8 99 42 0 3000 
21 11 0 244 30 8 1937 783 0 17 30 1628 0 814 59 410 16 0 0 8 597 77 173 49 0 9 1518 86 769 0 39 23 3000 0 19 25 36 0 96 1036 0 365 12 13 47 0 197 84 81 212 136 23 79 319 44 27 0 0 0 13 18 86 0 72 157 2123 81 19 28 16 57 263 38 0 3000 2284 0 18 271 654 137 0 1380 194 48 144 189 290 169 0 83 0 345 109 13 12 9 0 18 0 
61 25 72 116 86 382 11 2030 529 17 234 13 9 8 557 11 110 255 14 21 38 385 241 0 65 310 3000 17 12 23 402 9 168 136 597 1079 18 8 84 134 135 23 342 412 116 197 0 376 60 45 52 35 20 47 26 2095 12 1584 93 3000 1454 570 69 101 75 326 113 7 507 2989 2774 114 26 9 38 184 43 12 264 20 942 681 234 152 1170 595 644 261 1201 59 26 20 14 791 3000 83 543 21 43 161 
3000 8 45 210 17 3000 23 1040 0 8 59 14 0 229 903 174 270 0 0 11 2016 328 62 174 0 273 209 11 42 33 1045 246 53 0 12 268 97 0 57 41 87 20 209 425 173 84 376 0 20 35 48 13 253 49 2612 2281 0 0 0 54 400 50 46 92 33 1668 112 15 85 102 1031 202 96 0 59 274 0 54 1436 1065 1072 0 353 437 8 58 9 15 280 0 299 0 21 203 1742 201 16 220 98 0 
2279 341 231 89 10 110 14 44 0 864 2209 9 109 23 17 29 12 0 0 102 633 3000 3000 193 0 1950 140 8 3000 126 62 8 10 39 109 36 436 113 246 11 129 55 177 771 164 81 60 20 0 3000 429 45 23 286 140 136 129 665 0 90 37 418 25 83 2347 225 27 67 80 65 815 1904 100 0 35 52 0 71 282 243 2602 255 322 22 28 72 48 3000 3000 559 15 37 81 96 226 128 79 86 75 0 
25 668 204 1218 15 318 306 94 84 0 325 44 1198 18 11 859 370 17 13 282 225 2469 10 0 612 28 7 2872 25 17 0 49 1055 279 889 17 1575 76 59 10 1044 474 59 10 109 212 45 35 3000 0 159 0 86 935 8 1115 1584 25 274 121 1180 30 1919 39 0 566 8 289 2447 454 60 13 0 329 145 135 11 0 53 510 694 1176 14 58 0 0 15 36 0 54 246 9 1371 81 0 21 631 33 0 196 
65 3000 0 41 125 39 0 1034 0 2485 13 21 0 0 412 1069 151 43 0 159 176 91 10 0 0 0 12 0 349 0 574 0 0 0 9 41 199 0 35 81 0 704 1646 0 19 136 52 48 429 159 0 703 89 792 505 0 0 0 0 1896 101 115 0 54 23 1241 131 0 149 330 21 9 0 0 0 14 0 1081 244 0 1501 0 24 17 0 0 14 133 0 0 45 0 13 10 1225 0 26 0 0 0 
20 9 0 165 31 10 0 0 0 190 53 15 0 0 9 1828 378 0 0 10 155 105 790 0 0 12 336 0 38 0 251 0 0 0 671 24 73 0 69 239 0 10 2032 0 1309 23 35 13 45 0 703 0 11 16 137 0 0 0 0 3000 7 3000 0 0 78 53 91 0 431 38 795 1909 0 0 0 118 0 418 0 0 475 0 59 1564 0 0 0 370 133 0 513 0 44 18 55 0 195 0 46 0 
83 439 0 81 140 31 28 548 118 1251 1377 7 0 97 40 298 458 288 10 13 77 478 10 0 135 776 2313 0 111 421 0 0 9 0 759 109 271 21 46 68 0 42 402 0 3000 79 20 253 23 86 89 11 0 85 526 0 0 0 1599 227 3000 123 405 2291 0 83 177 0 23 43 15 18 0 20 0 88 224 3000 57 0 273 0 8 16 0 0 8 22 0 0 46 0 2555 381 795 176 650 49 0 10 
65 436 0 26 523 386 117 861 0 61 75 7 0 54 10 34 123 0 0 35 49 773 47 409 0 1061 18 0 382 0 271 9 0 0 37 14 359 0 21 972 0 98 688 0 8 319 47 49 286 935 792 16 85 0 37 47 0 0 0 1352 3000 472 0 253 152 13 3000 636 120 1536 1366 8 17 0 0 58 0 9 462 0 161 0 80 41 91 83 112 508 210 0 9 0 98 12 608 20 10 0 42 0 
56 386 1415 22 81 102 1482 237 31 179 139 62 57 23 143 123 42 1023 225 28 123 664 3000 0 219 1093 47 137 1866 450 19 13 1078 0 10 64 424 64 139 259 1459 41 176 437 440 44 26 2612 140 8 505 137 526 37 0 562 1143 924 606 493 67 12 2579 106 15 822 8 242 869 713 27 8 0 95 62 20 13 411 29 70 2938 0 8 24 0 0 63 9 0 0 159 0 501 8 131 75 32 17 0 445 
200 9 43 62 755 391 772 150 0 37 196 133 321 963 61 0 85 0 0 0 450 115 129 17 0 53 36 1608 1104 3000 13 172 28 62 26 159 215 0 556 29 59 0 1321 2324 0 27 2095 2281 136 1115 0 0 0 47 562 0 46 46 0 0 0 23 1011 3000 30 13 3000 343 130 0 17 459 34 0 20 93 0 1391 40 15 9 62 0 64 24 218 0 58 444 90 0 109 61 84 0 16 187 0 2408 0 
0 26 242 267 27 10 378 18 660 0 0 0 49 35 109 0 0 9 1402 0 297 0 117 0 35 212 0 41 96 93 0 208 318 62 0 0 116 19 102 1198 74 25 1101 233 0 0 12 0 129 1584 0 0 0 0 1143 46 0 31 1589 92 0 13 752 36 0 29 343 33 591 357 137 187 0 84 227 23 267 0 186 304 16 20 0 83 0 18 68 7 0 1370 60 22 0 0 0 175 103 23 0 89 
178 624 286 56 82 27 34 37 956 0 0 0 23 60 714 0 40 108 3000 0 8 0 13 0 22 506 115 373 236 37 0 20 20 1035 28 0 8 75 38 3000 111 24 63 3000 0 0 1584 0 665 25 0 0 0 0 924 46 31 0 111 0 0 100 49 74 0 231 226 58 21 2009 369 43 304 103 23 49 217 0 8 7 131 149 0 348 0 1171 63 298 0 82 414 98 0 0 0 20 54 445 0 42 
0 3000 14 66 112 121 10 22 110 0 0 94 201 50 44 1894 15 16 880 209 59 0 765 0 61 0 0 141 54 869 0 0 14 143 0 0 260 318 49 21 1041 35 23 0 49 0 93 0 0 274 0 0 1599 0 606 0 1589 111 0 44 0 189 362 44 0 614 12 0 0 137 1414 44 0 86 0 378 116 0 11 0 467 0 0 120 0 0 119 0 0 39 93 0 0 0 0 73 375 20 0 40 
467 331 0 67 11 18 118 2296 14 171 264 177 391 339 499 69 72 826 126 149 263 528 69 0 239 0 0 278 113 134 0 0 721 0 0 12 58 331 186 82 0 18 116 0 11 13 3000 54 90 121 1896 3000 227 1352 493 0 92 0 44 0 45 1104 66 197 0 23 32 0 0 1567 218 201 0 18 0 1644 164 0 629 0 376 0 1670 256 0 0 9 371 0 0 1379 0 1730 38 481 16 88 31 0 8 
3000 451 0 490 19 3000 0 874 0 166 74 960 0 0 92 207 41 26 0 20 116 49 164 0 0 0 3000 0 557 0 1104 0 0 0 226 299 45 0 292 409 0 410 342 0 10 18 1454 400 37 1180 101 7 3000 3000 67 0 0 0 0 45 0 24 0 57 45 46 19 0 66 431 254 114 0 0 0 781 0 184 53 0 222 0 555 26 0 0 623 384 0 0 7 0 70 3000 659 247 128 0 0 0 
2669 66 115 2666 59 2675 30 3000 244 9 24 1310 723 12 35 58 1075 85 89 230 176 531 42 0 2778 32 95 83 330 89 178 1513 376 0 84 375 217 194 12 1749 854 126 2258 749 124 86 570 50 418 30 115 3000 123 472 12 23 13 100 189 1104 24 0 208 20 31 127 127 101 27 40 21 351 21 20 96 32 47 18 17 616 150 0 779 8 87 187 1383 208 112 0 105 0 49 21 30 1265 1117 18 39 253 
83 7 18 25 9 59 93 1140 13 0 0 64 53 958 11 48 283 197 373 74 39 0 3000 0 249 519 650 62 62 122 0 62 1470 97 0 0 10 159 2048 585 120 98 33 61 133 0 69 46 25 1919 0 0 405 0 2579 1011 752 49 362 66 0 208 0 705 0 7 172 31 102 446 35 229 0 135 22 438 8 0 1209 54 72 39 0 429 0 33 68 9 0 22 370 167 872 107 0 530 89 2915 0 634 
80 59 8 53 99 64 497 79 559 430 21 38 359 130 944 30 162 3000 11 1181 228 87 167 0 20 8 309 293 90 208 0 251 1151 9 193 611 3000 50 65 110 39 749 11 1627 361 72 101 92 83 39 54 0 2291 253 106 3000 36 74 44 197 57 20 705 0 0 59 2015 220 151 135 9 184 413 3000 76 79 801 3000 124 94 3000 178 383 284 0 981 92 1707 0 151 118 14 82 21 0 27 2311 1675 0 1432 
1604 124 228 120 79 279 17 0 0 3000 447 249 0 614 9 0 92 0 0 0 2171 152 198 14 0 80 244 3000 37 0 1070 17 0 0 86 18 238 0 1314 954 155 0 19 12 755 157 75 33 2347 0 23 78 0 152 15 30 0 0 0 0 45 31 0 0 0 9 866 178 631 0 27 3000 1327 0 28 1169 0 9 246 1284 160 0 43 28 161 117 0 33 77 0 0 0 14 528 0 20 612 0 521 0 
140 109 24 3000 791 32 142 39 110 517 25 23 229 52 11 414 886 808 19 484 79 54 15 1408 25 80 86 22 21 9 899 85 12 98 80 9 51 939 278 230 109 205 26 106 36 2123 326 1668 225 566 1241 53 83 13 822 13 29 231 614 23 46 127 7 59 9 0 304 172 282 80 176 1218 242 16 34 3000 28 649 35 34 180 148 10 15 427 91 52 272 49 9 15 36 229 119 1699 15 21 93 3000 29 
12 251 17 25 24 9 87 84 3000 330 73 49 51 14 12 69 30 19 458 198 42 1037 77 21 161 600 19 9 124 519 1614 130 499 236 44 9 50 23 17 8 1008 159 178 97 460 81 113 112 27 8 131 91 177 3000 8 3000 343 226 12 32 19 127 172 2015 866 304 0 2100 18 1049 296 25 13 366 227 9 114 545 28 19 21 71 52 195 27 84 3000 33 91 23 74 16 57 34 12 109 2476 165 1448 236 
275 386 1145 249 127 86 32 3000 0 33 0 97 94 869 64 0 1103 0 0 0 176 0 70 70 0 1164 61 58 3000 92 36 10 89 143 853 0 3000 277 32 16 56 0 313 743 0 19 7 15 67 289 0 0 0 636 242 343 33 58 0 0 0 101 31 220 178 172 2100 0 76 0 135 246 309 0 54 989 0 50 1152 157 125 319 0 646 190 141 43 29 996 59 0 35 1547 386 0 194 630 140 275 0 
2221 985 2129 301 164 36 79 853 0 180 43 457 24 1040 43 158 675 0 0 0 8 219 318 10 0 94 18 112 250 17 33 1099 14 1221 120 71 499 300 16 36 417 0 108 449 311 28 507 85 80 2447 149 431 23 120 869 130 591 21 0 0 66 27 102 151 631 282 18 76 0 48 649 9 87 0 966 133 0 59 101 70 49 10 121 189 1257 15 24 424 3000 582 87 568 123 7 0 171 3000 112 144 0 
789 38 76 21 36 253 1958 169 161 3000 998 571 106 458 44 78 459 58 14 1117 72 45 49 0 398 276 0 135 24 228 0 12 46 260 0 51 85 116 530 165 230 719 1581 3000 2665 16 2989 102 65 454 330 38 43 1536 713 0 357 2009 137 1567 431 40 446 135 0 80 1049 0 48 0 86 72 0 426 192 649 9 0 16 0 466 0 313 1508 0 0 130 17 0 581 296 0 838 293 1854 161 16 114 0 55 
58 560 309 574 134 14 19 3000 337 484 69 36 226 137 3000 69 1172 20 527 58 336 36 24 0 196 1165 80 107 359 11 3000 75 249 7 179 36 3000 133 450 352 31 108 7 40 427 57 2774 1031 815 60 21 795 15 1366 27 17 137 369 1414 218 254 21 35 9 27 176 296 135 649 86 0 8 1690 2212 214 24 58 54 13 1383 980 57 2118 162 201 351 381 147 10 86 87 899 98 82 0 494 981 51 225 107 
3000 9 239 406 15 7 192 24 45 2203 91 15 1617 495 445 1502 181 113 59 1783 28 110 96 0 182 456 13 54 58 19 37 167 17 48 145 120 25 9 25 367 3000 182 1945 706 813 263 114 202 1904 13 9 1909 18 8 8 459 187 43 44 201 114 351 229 184 3000 1218 25 246 9 72 8 0 24 84 76 48 650 1965 1385 227 19 103 24 43 0 849 733 394 0 21 29 20 30 125 0 31 3000 604 0 1525 
23 20 23 84 21 334 1020 0 0 444 133 0 156 25 586 0 189 0 0 0 996 555 22 281 0 387 506 122 245 0 157 52 41 0 8 53 814 0 3000 381 235 0 57 528 0 38 26 96 100 0 0 0 0 17 0 34 0 304 0 0 0 21 0 413 1327 242 13 309 87 0 1690 24 0 0 88 1576 0 1506 81 221 22 30 0 0 360 39 0 23 141 144 0 31 41 101 0 120 251 0 1516 0 
0 0 0 43 0 9 283 196 94 0 0 53 71 355 16 294 0 11 869 2489 305 0 15 0 1736 0 0 0 311 2342 0 0 1978 157 0 0 10 204 3000 82 0 79 7 0 692 0 9 0 0 329 0 0 20 0 95 0 84 103 86 18 0 20 135 3000 0 16 366 0 0 426 2212 84 0 0 0 113 468 0 195 0 0 0 0 75 0 0 109 0 0 0 39 0 0 0 0 0 173 255 0 37 
28 1732 210 20 9 177 75 1639 0 0 0 18 51 237 1114 0 355 0 1961 0 198 0 206 77 0 44 1024 272 7 1043 13 238 86 183 322 0 16 361 10 9 131 22 1308 326 0 3000 38 59 35 145 0 0 0 0 62 20 227 23 0 0 0 96 22 76 28 34 227 54 966 192 214 76 88 0 0 28 1149 13 1756 3000 540 46 0 77 229 16 36 29 29 156 776 96 223 8 0 537 112 307 85 0 
18 309 29 11 311 84 216 145 175 30 9 76 289 27 71 2415 2181 100 29 470 632 3000 155 1856 968 13 113 100 326 314 201 21 46 23 2495 243 2154 15 415 930 424 40 254 17 3000 2284 184 274 52 135 14 118 88 58 20 93 23 49 378 1644 781 32 438 79 1169 3000 9 989 133 649 24 48 1576 113 28 0 10 198 356 174 42 101 10 20 284 141 544 49 24 1035 15 60 957 162 1620 142 8 127 359 58 
0 14 624 633 50 1385 1319 409 264 0 0 17 59 20 658 251 0 185 128 0 40 0 11 0 690 0 0 2170 9 162 0 46 187 43 0 0 19 134 163 315 616 62 294 476 0 0 43 0 0 11 0 0 224 0 13 0 267 217 116 164 0 47 8 801 0 28 114 0 0 9 58 650 0 468 1149 10 0 0 697 12 0 1100 0 39 0 0 27 218 0 35 1426 152 0 0 0 32 28 338 0 9 
24 68 17 100 401 448 3000 0 0 34 146 43 0 480 411 0 8 0 0 0 52 9 162 2803 0 140 42 10 58 0 40 1903 171 0 20 260 28 0 15 253 239 0 75 41 103 18 12 54 71 0 1081 418 3000 9 411 1391 0 0 0 0 184 18 0 3000 9 649 545 50 59 0 54 1965 1506 0 13 198 0 0 360 387 65 3000 47 167 473 79 0 9 628 0 0 81 22 994 0 10 45 0 7 0 
770 10 2058 755 98 24 740 22 12 48 67 14 252 218 82 362 363 15 238 9 8 85 196 0 64 218 94 24 47 487 20 3000 3000 79 78 1725 83 699 194 247 180 676 648 67 43 271 264 1436 282 53 244 0 57 462 29 40 186 8 11 629 53 17 1209 124 246 35 28 1152 101 16 13 1385 81 195 1756 356 697 360 0 428 28 132 57 201 105 167 939 125 83 10 1037 19 1601 29 0 827 111 12 0 47 
113 194 159 46 106 31 80 30 0 631 0 26 20 166 44 0 23 0 0 0 46 0 80 309 0 991 88 192 64 38 8 204 195 14 10 0 16 59 46 95 11 0 267 947 0 654 20 1065 243 510 0 0 0 0 70 15 304 7 0 0 0 616 54 94 1284 34 19 157 70 0 1383 227 221 0 3000 174 12 387 428 0 88 52 0 100 29 140 122 7 116 80 0 11 1380 233 0 24 61 457 314 0 
1218 257 307 410 15 35 136 25 0 2093 2817 245 21 122 222 249 178 124 0 630 25 2793 114 937 0 67 498 114 11 31 220 48 71 0 136 31 165 0 2241 29 11 13 40 63 75 137 942 1072 2602 694 1501 475 273 161 2938 9 16 131 467 376 222 150 72 3000 160 180 21 125 49 466 980 19 22 0 540 42 0 65 28 88 0 0 18 826 229 23 19 518 227 0 590 0 43 14 60 2298 92 28 345 0 
16 42 696 48 17 0 113 35 0 0 0 0 37 80 0 0 0 0 0 0 252 0 129 0 0 42 31 67 111 449 25 1256 1503 1207 23 0 37 25 48 612 42 0 366 2711 0 0 681 0 255 1176 0 0 0 0 0 62 20 149 0 0 0 0 39 178 0 148 71 319 10 0 57 103 30 0 46 101 1100 3000 132 52 0 0 0 0 135 42 400 578 1853 386 0 278 0 0 0 19 171 2586 0 0 
463 143 0 35 1398 20 0 175 0 2617 2516 98 0 0 43 36 90 0 0 80 40 41 72 1366 0 1100 69 0 49 0 395 149 0 0 1534 26 112 0 12 116 0 11 503 0 10 1380 234 353 322 14 24 59 8 80 8 0 0 0 0 1670 555 779 0 383 43 10 52 0 121 313 2118 24 0 0 0 10 0 47 57 0 18 0 0 9 8 0 165 205 605 0 17 0 12 531 208 158 43 0 24 0 
13 50 176 2603 94 36 10 752 9 161 41 40 29 9 21 72 124 26 73 416 416 555 9 0 695 2606 97 505 10 92 741 7 80 398 24 238 8 124 135 176 257 25 20 246 459 194 152 437 22 58 17 1564 16 41 24 64 83 348 120 256 26 8 429 284 28 15 195 646 189 1508 162 43 0 75 77 20 39 167 201 100 826 0 9 0 0 0 11 179 0 20 475 0 17 7 544 12 35 173 0 16 
2571 16 515 0 9 308 362 0 0 211 844 0 0 0 0 0 60 0 0 0 919 30 631 1036 0 186 3000 3000 3000 0 730 223 0 0 1270 134 196 0 75 12 1606 0 0 103 0 48 1170 8 28 0 0 0 0 91 0 24 0 0 0 0 0 87 0 0 161 427 27 190 1257 0 201 0 360 0 229 284 0 473 105 29 229 135 8 0 0 398 0 113 17 0 0 51 157 9 0 1445 0 0 34 0 
1287 272 385 55 63 14 642 0 0 2627 72 1030 22 12 30 0 493 0 0 0 25 0 710 1168 0 69 15 334 11 279 3000 24 2619 393 36 0 108 0 70 1179 44 0 149 20 0 144 595 58 72 0 0 0 0 83 0 218 18 1171 0 0 0 187 33 981 117 91 84 141 15 0 351 849 39 0 16 141 0 79 167 140 23 42 0 0 398 0 0 9 108 2002 0 35 106 616 0 39 112 0 81 0 
81 19 61 1296 2988 29 863 3000 191 0 76 18 955 24 25 56 54 93 34 63 51 47 1445 0 43 1291 0 55 3000 271 0 1435 2109 19 0 911 153 308 22 3000 132 36 570 513 21 189 644 9 48 15 14 0 8 112 63 0 68 63 119 9 623 1383 68 92 0 52 3000 43 24 130 381 733 0 109 36 544 27 0 939 122 19 400 165 11 0 0 0 119 0 856 185 15 54 377 0 489 23 127 0 330 
1438 30 7 2104 248 529 175 82 0 20 564 1231 719 23 153 44 368 13 0 68 34 784 388 70 0 14 325 700 235 17 153 406 96 42 31 34 3000 2337 1734 32 252 456 397 52 1636 290 261 15 3000 36 133 370 22 508 9 58 7 298 0 371 384 208 9 1707 33 272 33 29 424 17 147 394 23 0 29 49 218 9 125 7 518 578 205 179 113 9 119 0 32 14 107 35 82 56 30 14 91 18 15 0 
328 72 237 0 305 19 27 0 0 22 32 0 0 0 0 0 94 0 0 0 522 29 15 311 0 37 3000 25 0 0 183 10 0 0 39 28 383 0 1055 883 1123 0 0 205 0 169 1201 280 3000 0 0 133 0 210 0 444 0 0 0 0 0 112 0 0 77 49 91 996 3000 0 10 0 141 0 29 24 0 628 83 116 227 1853 605 0 17 108 0 32 0 0 0 195 530 3000 0 8 0 0 29 0 
79 67 47 71 289 69 59 41 0 0 0 0 473 974 23 0 0 11 214 0 388 0 10 0 0 17 0 260 1602 169 0 92 3000 356 0 0 63 66 8 516 1188 23 2643 206 0 0 59 0 559 54 0 0 0 0 0 90 1370 82 39 0 0 0 22 151 0 9 23 59 582 581 86 21 144 0 156 1035 35 0 10 80 0 386 0 20 0 2002 856 14 0 0 2386 519 0 0 0 981 144 403 0 50 
128 293 83 1549 159 1633 123 10 42 10 67 28 9 104 38 261 127 514 2221 1167 1606 10 559 0 29 70 1997 729 177 71 0 23 99 68 0 73 101 140 22 62 684 146 138 1446 1607 83 26 299 15 246 45 513 46 9 159 0 60 414 93 1379 7 105 370 118 0 15 74 0 87 296 87 29 0 39 776 15 1426 0 1037 0 590 0 17 475 0 0 185 107 0 2386 0 0 89 69 36 33 860 157 0 27 
497 8 154 27 129 0 741 391 0 0 0 0 34 3000 0 0 0 0 0 0 129 0 0 0 0 94 2071 3000 136 70 160 2038 847 115 33 0 15 25 70 14 2275 0 434 110 0 0 20 0 37 9 0 0 0 0 0 109 22 98 0 0 0 0 167 14 0 36 16 35 568 0 899 20 31 0 96 60 152 81 19 11 0 278 0 0 51 35 15 35 195 519 0 0 0 0 0 105 21 48 0 0 
114 14 40 59 1254 226 119 51 0 8 38 137 0 1187 20 326 111 0 0 933 11 1855 211 1815 0 9 10 285 551 0 26 134 636 0 1710 32 37 0 3000 18 46 0 47 697 17 345 14 21 81 1371 13 44 2555 98 501 61 0 0 0 1730 70 49 872 82 14 229 57 1547 123 838 98 30 41 0 223 957 0 22 1601 1380 43 0 12 17 157 106 54 82 530 0 89 0 0 8 684 3000 200 0 3000 0 
349 48 17 9 30 11 118 139 0 2432 789 3000 0 1615 47 188 337 0 0 649 19 360 8 458 0 29 174 78 10 0 187 170 8 0 9 50 40 0 18 502 382 108 10 11 185 109 791 203 96 81 10 18 381 12 8 84 0 0 0 38 3000 21 107 21 528 119 34 386 7 293 82 125 101 0 8 162 0 994 29 233 14 0 531 7 9 616 377 56 3000 0 69 0 8 0 2223 739 767 0 438 0 
25 465 0 16 0 3000 0 1366 0 132 131 174 0 0 14 3000 206 0 0 392 0 237 48 0 0 0 18 0 0 0 0 0 0 0 0 889 1178 0 13 207 0 36 185 0 243 13 3000 1742 226 0 1225 55 795 608 131 0 0 0 0 481 659 30 0 0 0 1699 12 0 0 1854 0 0 0 0 0 1620 0 0 0 0 60 0 208 544 0 0 0 30 0 0 36 0 684 2223 0 0 8 0 0 0 
182 7 353 280 91 115 3000 46 0 183 22 358 206 217 2349 496 42 80 1208 0 234 27 27 77 0 672 21 261 36 11 35 609 233 13 73 18 250 143 112 78 29 845 26 26 8 12 83 201 128 21 0 0 176 20 75 16 175 20 73 16 247 1265 530 27 20 15 109 194 171 161 494 31 120 0 537 142 32 10 827 24 2298 19 158 12 1445 39 489 14 8 981 33 105 3000 739 0 0 503 59 629 9 
15 1375 21 16 324 318 189 340 39 86 486 1407 79 326 49 10 125 15 49 1304 13 71 32 0 233 81 24 1572 284 995 67 128 144 34 146 9 142 83 92 482 188 246 101 19 99 9 543 16 79 631 26 195 650 10 32 187 103 54 375 88 128 1117 89 2311 612 21 2476 630 3000 16 981 3000 251 173 112 8 28 45 111 61 92 171 43 35 0 112 23 91 0 144 860 21 200 767 8 503 0 378 0 8 
13 170 61 185 23 81 252 23 992 0 0 131 187 355 47 152 29 474 39 1274 94 0 67 0 46 17 0 15 1061 90 0 108 45 2959 0 0 128 141 377 316 245 9 41 8 42 0 21 220 86 33 0 0 49 0 17 0 23 445 20 31 0 18 2915 1675 0 93 165 140 112 114 51 604 0 255 307 127 338 0 12 457 28 2586 0 173 0 0 127 18 0 403 157 48 0 0 0 59 378 0 0 89 
48 23 0 0 9 73 19 0 0 65 21 0 0 0 0 0 340 0 0 0 20 1478 70 66 0 589 9 0 0 0 755 39 0 0 35 120 21 0 1292 210 0 0 0 251 0 18 43 98 75 0 0 46 0 42 0 2408 0 0 0 0 0 39 0 0 521 3000 1448 275 144 0 225 0 1516 0 85 359 0 7 0 314 345 0 24 0 34 81 0 15 29 0 0 0 3000 438 0 629 0 0 0 0 
0 0 0 103 938 13 64 7 40 0 0 24 129 153 68 7 0 176 28 23 26 0 744 0 20 0 0 1574 723 75 0 0 100 48 0 0 1178 239 345 3000 71 56 401 0 3000 0 161 0 0 196 0 0 10 0 445 0 89 42 40 8 0 253 634 1432 0 29 236 0 0 55 107 1525 0 37 0 58 9 0 47 0 0 0 0 16 0 0 330 0 0 50 27 0 0 0 0 9 8 89 0 0 
