100
0 16 33 95 67 58 51 19 9 47 79 25 18 8 9 81 60 32 82 84 24 63 2 96 0 19 68 96 31 89 63 98 14 40 67 25 39 60 41 13 39 41 8 33 16 99 3 48 16 18 92 76 28 18 30 89 66 29 37 50 98 12 66 1 27 11 36 18 52 26 92 1 10 72 19 60 1 46 11 68 74 90 85 39 81 35 12 61 24 15 74 64 9 63 8 41 74 67 50 22 
16 0 60 83 75 56 92 76 58 9 81 69 87 69 52 67 80 74 57 73 45 93 96 85 59 85 42 78 4 22 58 30 94 46 41 3 49 64 92 82 3 98 81 79 50 34 57 82 32 65 73 96 61 68 98 96 2 21 38 24 5 11 36 56 45 96 61 11 74 50 37 14 76 89 78 29 85 28 30 92 3 2 76 41 96 22 94 90 86 17 21 69 11 48 48 56 72 77 79 65 
33 60 0 59 6 35 43 67 95 30 41 54 53 48 14 81 50 24 33 62 12 21 72 78 23 51 38 15 93 53 37 3 38 58 64 29 63 43 36 7 34 10 28 11 16 46 53 5 19 4 65 85 62 91 13 21 71 78 9 37 17 44 67 71 27 50 99 42 11 47 19 48 61 29 43 38 77 78 6 67 11 93 0 5 58 30 45 60 43 35 83 75 37 71 70 39 40 92 92 62 
95 83 59 0 24 56 8 68 46 28 58 80 25 32 18 4 16 79 47 31 73 16 99 67 40 67 31 49 93 63 30 13 5 63 89 54 34 98 67 84 37 70 9 5 15 23 8 26 58 27 12 10 96 16 4 54 95 3 36 71 79 46 34 44 19 5 41 41 73 1 74 53 9 80 33 2 6 5 38 85 24 53 91 14 86 80 44 21 15 90 66 74 39 37 62 20 51 93 53 22 
67 75 6 24 0 93 46 87 40 36 60 84 46 17 97 24 70 25 97 47 95 69 16 58 28 62 41 79 10 6 62 3 89 90 83 2 62 66 13 88 29 49 72 63 32 44 28 92 43 8 85 79 20 92 22 53 97 94 80 43 9 96 74 63 73 17 14 34 33 78 7 13 4 78 22 24 98 16 90 15 82 45 74 84 60 46 29 28 29 14 47 18 87 87 55 56 29 50 12 22 
58 56 35 56 93 0 45 48 89 27 15 18 61 16 21 40 43 40 63 80 81 48 47 62 19 16 36 72 62 10 10 29 72 93 69 71 81 48 84 5 36 92 1 7 39 65 90 58 46 20 99 14 71 67 22 13 77 62 32 86 42 27 0 5 64 7 25 6 40 12 63 28 38 74 46 76 75 55 53 35 72 80 49 14 19 2 49 23 39 79 12 65 54 32 45 62 14 89 72 98 
51 92 43 8 46 45 0 82 88 64 22 16 35 69 46 29 24 46 97 28 45 8 41 96 43 24 14 88 1 72 5 38 63 4 53 75 19 87 42 31 78 49 67 86 55 64 40 42 43 4 77 92 75 70 72 2 70 56 74 33 26 78 58 94 70 4 39 93 96 55 48 16 99 22 98 30 64 92 99 97 11 83 83 88 16 4 63 9 89 32 28 79 39 84 52 97 7 90 17 61 
19 76 67 68 87 48 82 0 29 15 19 56 39 77 64 55 88 56 78 21 59 93 12 76 46 76 30 2 90 30 48 37 42 11 7 68 12 90 78 33 83 9 95 19 62 47 87 53 20 71 34 54 17 26 58 90 2 70 82 17 62 83 43 58 27 44 2 93 48 29 99 77 97 55 7 59 80 82 93 46 24 68 6 12 27 58 29 31 40 20 30 43 96 29 88 34 79 45 49 6 
9 58 95 46 40 89 88 29 0 91 96 47 25 84 45 19 44 13 30 96 98 12 5 20 93 36 48 86 41 80 9 60 32 92 56 53 87 36 27 23 63 88 98 81 23 31 80 70 45 49 46 44 23 71 66 77 32 64 9 60 93 6 47 21 89 92 53 47 83 19 47 94 1 66 23 0 89 41 47 53 97 91 30 18 96 34 30 63 28 63 59 41 79 77 50 8 92 87 1 23 
47 9 30 28 36 27 64 15 91 0 51 96 51 4 41 27 52 57 92 4 24 12 35 21 24 75 25 34 15 97 17 80 64 14 93 71 48 9 49 40 52 86 46 92 13 24 8 97 98 15 88 86 16 97 84 64 0 70 58 87 93 28 3 22 81 87 71 40 13 84 48 62 23 64 77 83 1 36 94 9 56 8 27 42 17 95 52 94 37 76 59 4 37 44 22 48 59 2 29 61 
79 81 41 58 60 15 22 19 96 51 0 90 82 75 82 79 60 52 37 64 67 51 31 67 49 59 21 10 68 67 50 55 40 43 39 9 45 35 64 48 68 37 99 50 19 45 77 4 73 53 78 90 27 40 44 94 74 78 94 71 28 6 34 61 65 51 42 6 31 68 99 26 21 41 50 19 15 52 70 48 50 26 88 20 62 39 13 95 94 91 62 29 65 42 37 44 51 32 33 72 
25 69 54 80 84 18 16 56 47 96 90 0 69 53 77 85 80 45 38 0 17 16 16 26 28 31 82 58 84 79 1 13 30 45 33 38 60 54 29 74 31 3 19 85 14 92 9 50 68 57 40 52 39 15 60 79 44 13 50 92 53 92 23 90 66 38 88 87 84 72 73 52 95 40 39 86 76 18 9 35 24 36 98 93 13 27 98 31 39 82 91 54 81 46 97 38 64 65 12 32 
18 87 53 25 46 61 35 39 25 51 82 69 0 98 45 29 59 40 97 58 9 57 52 87 9 36 18 18 11 36 33 48 62 69 55 52 82 75 25 52 42 7 9 10 34 32 97 80 10 86 54 17 33 23 73 10 91 28 70 60 39 78 41 55 34 90 95 97 64 37 36 74 53 39 58 70 61 6 76 87 5 67 59 53 62 54 12 10 23 59 26 44 38 63 4 66 45 0 66 9 
8 69 48 32 17 16 69 77 84 4 75 53 98 0 13 27 46 99 47 18 65 78 18 23 9 50 62 37 52 20 41 72 25 60 62 8 69 60 76 78 11 64 27 58 30 37 27 26 76 32 25 79 19 28 62 1 63 51 91 14 33 65 35 65 78 13 55 17 46 1 88 78 3 66 84 84 99 28 76 8 12 42 5 36 91 41 96 61 14 67 36 54 38 29 71 21 43 47 47 41 
9 52 14 18 97 21 46 64 45 41 82 77 45 13 0 98 8 18 68 1 51 2 18 26 29 7 67 78 68 66 76 46 67 53 98 65 73 11 71 31 54 78 3 7 19 63 92 58 98 22 69 99 83 0 3 41 89 65 17 69 93 67 15 91 79 67 75 54 10 80 23 78 2 72 47 99 4 31 69 59 27 4 79 14 28 3 13 27 58 89 37 17 15 49 94 68 71 74 11 29 
81 67 81 4 24 40 29 55 19 27 79 85 29 27 98 0 81 5 39 91 71 55 3 14 26 51 97 98 39 41 37 92 93 88 52 80 56 29 91 53 44 69 48 73 68 82 35 11 79 29 18 51 96 36 18 91 28 51 61 15 62 12 79 78 23 41 43 26 22 92 92 17 54 34 49 18 42 38 39 88 11 19 74 32 41 14 48 63 11 46 76 46 8 49 32 87 50 7 58 47 
60 80 50 16 70 43 24 88 44 52 60 80 59 46 8 81 0 87 54 55 27 67 48 39 90 90 13 23 85 44 30 34 24 95 5 25 94 55 4 68 19 26 40 8 14 1 42 98 45 93 47 42 86 16 62 49 7 15 55 28 51 64 50 51 88 52 13 74 64 9 86 12 59 2 84 62 8 11 78 54 28 18 23 3 71 87 52 25 49 7 97 83 93 66 13 22 80 80 4 79 
32 74 24 79 25 40 46 56 13 57 52 45 40 99 18 5 87 0 25 83 74 90 98 51 20 84 6 33 51 11 9 47 42 8 10 43 39 26 81 79 20 35 43 20 46 0 16 38 78 47 48 66 20 17 86 20 7 91 86 28 76 8 70 33 41 34 92 32 85 63 63 83 96 65 55 17 62 91 92 52 19 41 98 30 11 48 70 7 83 90 43 25 25 0 51 99 49 38 85 34 
82 57 33 47 97 63 97 78 30 92 37 38 97 47 68 39 54 25 0 95 22 20 29 60 36 65 89 84 49 89 86 57 86 42 87 25 47 67 77 75 64 5 8 82 2 61 18 2 81 38 23 96 96 84 7 33 49 67 45 18 27 85 58 66 64 37 98 32 5 67 77 98 27 34 6 53 66 21 6 24 63 89 71 47 94 5 35 85 27 6 57 81 39 22 82 45 65 29 53 99 
84 73 62 31 47 80 28 21 96 4 64 0 58 18 1 91 55 83 95 0 95 28 68 0 18 79 91 61 78 4 94 87 24 64 62 63 27 95 44 51 12 19 39 34 71 21 87 98 29 76 88 2 58 98 78 91 94 86 95 51 71 3 91 28 46 72 70 3 46 41 75 49 33 49 10 48 57 45 8 35 20 16 70 76 68 55 79 47 48 45 13 53 82 18 44 20 8 14 27 86 
24 45 12 73 95 81 45 59 98 24 67 17 9 65 51 71 27 74 22 95 0 33 3 12 4 96 99 80 42 33 93 48 63 37 31 29 13 19 24 16 52 62 7 52 98 90 27 98 30 31 65 56 11 98 45 3 76 82 75 61 9 56 74 10 37 63 53 47 20 86 35 24 4 62 44 95 12 43 58 44 96 12 1 67 11 70 48 16 56 78 7 59 28 45 16 43 15 18 62 91 
63 93 21 16 69 48 8 93 12 12 51 16 57 78 2 55 67 90 20 28 33 0 23 35 21 18 46 81 76 68 97 51 39 96 22 39 12 42 99 49 89 56 66 13 21 32 19 37 29 99 80 40 84 79 74 98 64 58 88 35 69 22 16 11 81 48 47 42 2 38 93 90 91 97 88 0 30 45 34 81 42 15 84 79 59 60 35 75 58 72 0 28 6 12 27 67 37 75 33 43 
2 96 72 99 16 47 41 12 5 35 31 16 52 18 18 3 48 98 29 68 3 23 0 65 10 73 28 67 74 94 64 56 77 26 65 72 48 52 63 15 9 92 71 35 75 44 40 99 12 28 16 3 79 69 69 43 48 86 94 93 88 47 67 21 62 97 47 42 48 97 82 42 56 45 25 98 84 19 15 63 82 96 58 64 56 34 7 45 4 89 68 83 51 5 9 92 18 78 69 32 
96 85 78 67 58 62 96 76 20 21 67 26 87 23 26 14 39 51 60 0 12 35 65 0 98 67 10 88 79 47 96 96 80 62 54 68 2 33 90 66 89 61 41 30 44 72 63 55 63 5 7 62 92 6 16 9 27 89 97 45 73 17 57 9 65 23 71 87 89 99 61 47 96 24 75 0 86 68 19 62 35 66 60 82 80 49 10 30 35 25 1 21 54 88 45 25 17 89 63 40 
0 59 23 40 28 19 43 46 93 24 49 28 9 9 29 26 90 20 36 18 4 21 10 98 0 85 28 12 3 74 54 78 17 71 38 16 31 80 67 16 58 35 72 98 38 58 90 31 93 48 14 93 13 59 18 56 25 5 59 18 96 29 2 73 40 1 35 68 25 98 64 11 83 65 63 12 47 69 36 71 68 6 55 37 17 64 22 74 97 48 60 27 41 42 55 62 55 24 28 40 
19 85 51 67 62 16 24 76 36 75 59 31 36 50 7 51 90 84 65 79 96 18 73 67 85 0 75 91 17 63 80 81 94 16 79 4 36 94 36 60 0 44 28 98 82 5 21 12 36 75 12 21 71 3 61 48 68 14 10 90 98 65 85 75 96 54 25 60 98 54 71 83 59 1 74 90 11 65 32 66 87 61 24 27 67 56 78 15 31 32 68 34 98 71 86 77 57 76 69 44 
68 42 38 31 41 36 14 30 48 25 21 82 18 62 67 97 13 6 89 91 99 46 28 10 28 75 0 98 68 43 91 48 68 64 87 68 25 8 54 59 22 44 95 69 47 60 57 81 25 60 11 74 46 7 78 33 8 80 73 64 58 40 17 70 24 81 20 37 8 87 23 53 96 35 97 4 90 16 64 5 85 49 72 35 60 28 91 93 88 54 34 20 36 91 32 30 92 36 21 1 
96 78 15 49 79 72 88 2 86 34 10 58 18 37 78 98 23 33 84 61 80 81 67 88 12 91 98 0 86 19 71 17 81 68 19 5 36 66 54 94 68 57 45 90 4 32 47 32 3 25 41 29 23 18 86 19 59 15 42 31 40 60 98 62 29 90 86 62 37 22 52 53 66 17 8 85 71 65 56 6 78 92 85 11 61 76 29 97 73 94 89 12 46 67 21 52 2 27 15 47 
31 4 93 93 10 62 1 90 41 15 68 84 11 52 68 39 85 51 49 78 42 76 74 79 3 17 68 86 0 88 74 80 75 86 35 36 27 54 87 29 14 72 80 85 91 0 3 89 16 91 80 26 87 71 6 70 23 37 27 41 46 1 93 78 99 42 90 89 78 36 78 8 22 13 84 59 89 49 49 81 36 41 37 62 26 74 37 34 89 89 81 65 72 81 75 23 85 53 90 46 
89 22 53 63 6 10 72 30 80 97 67 79 36 20 66 41 44 11 89 4 33 68 94 47 74 63 43 19 88 0 57 23 44 33 23 85 52 93 50 46 27 33 65 87 41 40 80 99 14 3 31 2 99 48 12 4 19 15 9 74 78 68 43 1 54 73 54 24 76 10 63 65 74 8 98 36 3 38 7 91 67 90 12 47 45 90 13 20 60 7 76 52 29 57 70 42 12 60 37 59 
63 58 37 30 62 10 5 48 9 17 50 1 33 41 76 37 30 9 86 94 93 97 64 96 54 80 91 71 74 57 0 32 30 74 53 23 73 20 96 64 52 88 22 94 18 41 18 65 32 47 69 14 52 64 91 93 77 68 35 41 14 18 41 57 78 82 50 52 91 46 74 40 14 73 28 11 32 84 76 28 60 65 2 13 27 17 41 20 52 80 36 77 77 36 7 28 63 80 68 82 
98 30 3 13 3 29 38 37 60 80 55 13 48 72 46 92 34 47 57 87 48 51 56 96 78 81 48 17 80 23 32 0 45 99 17 23 24 27 1 43 52 98 72 58 44 61 7 58 9 51 68 89 4 85 26 60 34 36 34 80 83 17 21 82 53 24 88 2 37 27 4 89 58 67 33 97 43 41 33 90 88 13 38 25 28 42 94 22 79 77 31 24 95 66 2 27 54 79 7 25 
14 94 38 5 89 72 63 42 32 64 40 30 62 25 67 93 24 42 86 24 63 39 77 80 17 94 68 81 75 44 30 45 0 99 57 31 69 62 93 37 30 52 71 71 32 9 17 74 2 97 8 80 13 85 84 7 56 77 67 32 37 72 55 88 93 35 17 9 87 99 12 2 57 66 64 33 85 32 37 69 12 27 50 85 85 92 62 41 78 96 29 74 4 61 90 84 41 92 91 67 
40 46 58 63 90 93 4 11 92 14 43 45 69 60 53 88 95 8 42 64 37 96 26 62 71 16 64 68 86 33 74 99 99 0 65 52 99 73 99 68 47 86 58 91 19 70 23 78 22 35 71 73 75 48 70 99 31 33 70 87 28 40 63 55 25 10 97 16 78 16 76 67 92 75 63 69 58 38 39 64 44 54 21 53 86 9 28 55 48 83 38 45 4 15 72 16 40 6 7 29 
67 41 64 89 83 69 53 7 56 93 39 33 55 62 98 52 5 10 87 62 31 22 65 54 38 79 87 19 35 23 53 17 57 65 0 79 47 84 39 43 33 22 20 84 81 4 29 6 92 57 90 70 89 65 92 85 38 64 60 86 77 59 26 29 45 80 22 12 29 48 89 72 25 17 60 12 94 95 74 57 41 11 97 25 96 76 23 46 55 27 35 41 21 51 46 75 85 23 23 71 
25 3 29 54 2 71 75 68 53 71 9 38 52 8 65 80 25 43 25 63 29 39 72 68 16 4 68 5 36 85 23 23 31 52 79 0 4 25 8 35 79 27 40 62 99 75 5 29 9 27 88 22 73 76 93 67 49 76 62 81 88 74 31 57 69 37 52 66 76 44 23 25 62 69 54 74 32 95 70 35 63 38 82 65 24 46 5 90 56 47 22 98 16 69 60 18 21 52 59 65 
39 49 63 34 62 81 19 12 87 48 45 60 82 69 73 56 94 39 47 27 13 12 48 2 31 36 25 36 27 52 73 24 69 99 47 4 0 50 62 30 27 42 5 88 27 15 85 24 43 50 50 92 76 55 29 52 79 81 13 92 29 65 90 44 83 15 61 48 45 23 60 17 81 81 87 48 74 77 34 89 95 11 67 85 27 77 11 52 38 50 69 85 96 34 79 3 44 70 31 94 
60 64 43 98 66 48 87 90 36 9 35 54 75 60 11 29 55 26 67 95 19 42 52 33 80 94 8 66 54 93 20 27 62 73 84 25 50 0 11 39 84 24 3 85 45 42 31 95 34 31 74 14 91 44 16 28 92 44 61 55 67 72 49 12 60 46 2 46 86 80 43 56 67 64 82 34 90 83 83 86 62 40 42 10 30 32 43 61 62 63 58 40 82 93 78 67 36 62 23 68 
41 92 36 67 13 84 42 78 27 49 64 29 25 76 71 91 4 81 77 44 24 99 63 90 67 36 54 54 87 50 96 1 93 99 39 8 62 11 0 71 8 93 98 14 63 90 0 8 88 4 57 26 21 35 42 42 72 29 35 30 54 50 30 18 91 91 94 28 95 67 35 43 91 23 87 52 84 70 64 56 22 53 74 94 75 78 81 9 55 83 84 38 45 3 0 31 98 79 15 78 
13 82 7 84 88 5 31 33 23 40 48 74 52 78 31 53 68 79 75 51 16 49 15 66 16 60 59 94 29 46 64 43 37 68 43 35 30 39 71 0 61 91 34 87 97 36 78 79 24 6 38 95 79 50 50 20 30 36 3 92 9 0 0 28 46 8 7 69 2 44 75 78 42 72 43 44 25 16 25 27 26 32 44 99 79 2 60 19 87 66 50 62 96 34 33 39 10 25 80 33 
39 3 34 37 29 36 78 83 63 52 68 31 42 11 54 44 19 20 64 12 52 89 9 89 58 0 22 68 14 27 52 52 30 47 33 79 27 84 8 61 0 88 77 87 18 7 61 33 88 36 20 50 43 20 9 32 73 63 14 50 79 13 52 66 80 54 87 28 65 45 59 75 38 56 63 48 95 60 60 63 73 53 16 55 95 89 22 68 89 78 82 30 40 82 60 37 48 66 3 39 
41 98 10 70 49 92 49 9 88 86 37 3 7 64 78 69 26 35 5 19 62 56 92 61 35 44 44 57 72 33 88 98 52 86 22 27 42 24 93 91 88 0 17 16 74 35 27 86 94 7 20 68 15 48 31 78 64 70 93 84 16 54 53 83 0 45 53 36 30 14 15 58 26 76 41 92 45 52 62 41 55 42 62 59 17 51 69 73 51 85 10 76 60 47 75 68 11 8 23 87 
8 81 28 9 72 1 67 95 98 46 99 19 9 27 3 48 40 43 8 39 7 66 71 41 72 28 95 45 80 65 22 72 71 58 20 40 5 3 98 34 77 17 0 25 12 52 28 8 68 43 54 36 53 14 82 53 65 80 28 46 62 56 20 14 54 13 91 85 0 10 28 23 87 22 12 58 19 98 46 91 3 31 69 10 43 58 98 85 45 6 16 62 78 23 6 47 27 62 10 83 
33 79 11 5 63 7 86 19 81 92 50 85 10 58 7 73 8 20 82 34 52 13 35 30 98 98 69 90 85 87 94 58 71 91 84 62 88 85 14 87 87 16 25 0 88 50 51 76 37 90 74 24 55 59 0 48 30 72 33 47 35 44 82 52 50 7 30 79 96 81 25 15 26 14 2 75 39 81 27 59 6 95 9 63 14 18 83 69 15 50 87 47 6 11 77 28 74 8 91 98 
16 50 16 15 32 39 55 62 23 13 19 14 34 30 19 68 14 46 2 71 98 21 75 44 38 82 47 4 91 41 18 44 32 19 81 99 27 45 63 97 18 74 12 88 0 83 95 52 47 58 72 86 84 95 65 88 69 94 61 78 18 58 53 53 99 69 12 2 17 2 73 21 11 7 3 47 90 85 9 4 75 21 46 38 22 78 70 65 43 18 4 30 25 63 17 78 71 56 87 27 
99 34 46 23 44 65 64 47 31 24 45 92 32 37 63 82 1 0 61 21 90 32 44 72 58 5 60 32 0 40 41 61 9 70 4 75 15 42 90 36 7 35 52 50 83 0 96 40 89 66 2 25 75 8 14 63 22 9 81 3 35 9 92 10 61 73 95 27 16 73 86 55 53 53 13 62 45 58 71 91 75 51 95 29 0 23 42 8 85 30 55 6 61 41 80 89 49 62 22 39 
3 57 53 8 28 90 40 87 80 8 77 9 97 27 92 35 42 16 18 87 27 19 40 63 90 21 57 47 3 80 18 7 17 23 29 5 85 31 0 78 61 27 28 51 95 96 0 78 82 31 36 95 46 27 54 94 39 19 24 92 86 84 95 11 28 5 62 94 52 27 53 79 18 97 13 81 3 19 67 25 56 17 14 53 18 95 51 71 72 68 50 49 14 94 91 48 89 72 63 78 
48 82 5 26 92 58 42 53 70 97 4 50 80 26 58 11 98 38 2 98 98 37 99 55 31 12 81 32 89 99 65 58 74 78 6 29 24 95 8 79 33 86 8 76 52 40 78 0 99 56 25 72 60 31 3 48 29 0 74 84 92 50 67 76 50 74 87 50 26 50 99 81 29 72 14 19 35 80 52 40 81 1 99 68 28 68 13 25 38 81 51 27 8 85 50 41 99 96 63 7 
16 32 19 58 43 46 43 20 45 98 73 68 10 76 98 79 45 78 81 29 30 29 12 63 93 36 25 3 16 14 32 9 2 22 92 9 43 34 88 24 88 94 68 37 47 89 82 99 0 21 97 94 33 54 25 78 93 5 19 94 50 30 34 18 68 71 17 81 86 88 29 57 92 1 78 75 42 90 65 55 79 21 51 61 14 53 90 2 98 77 19 96 50 86 26 10 45 17 45 10 
18 65 4 27 8 20 4 71 49 15 53 57 86 32 22 29 93 47 38 76 31 99 28 5 48 75 60 25 91 3 47 51 97 35 57 27 50 31 4 6 36 7 43 90 58 66 31 56 21 0 69 57 75 79 83 28 62 61 66 21 32 92 51 24 63 81 84 4 34 7 77 16 64 56 95 24 54 40 87 98 4 55 68 86 49 84 34 1 3 42 81 95 94 85 72 12 80 78 60 54 
92 73 65 12 85 99 77 34 46 88 78 40 54 25 69 18 47 48 23 88 65 80 16 7 14 12 11 41 80 31 69 68 8 71 90 88 50 74 57 38 20 20 54 74 72 2 36 25 97 69 0 51 9 91 68 69 29 85 53 32 55 2 83 92 28 35 66 43 2 90 28 22 19 30 5 75 46 66 10 69 2 42 96 25 19 74 10 20 47 89 47 53 47 23 41 71 23 92 58 27 
76 96 85 10 79 14 92 54 44 86 90 52 17 79 99 51 42 66 96 2 56 40 3 62 93 21 74 29 26 2 14 89 80 73 70 22 92 14 26 95 50 68 36 24 86 25 95 72 94 57 51 0 46 30 26 1 96 90 2 35 78 75 25 49 80 9 19 21 63 21 14 12 81 9 10 64 58 42 88 95 63 13 50 93 86 39 95 85 66 44 19 72 2 29 59 71 93 50 96 81 
28 61 62 96 20 71 75 17 23 16 27 39 33 19 83 96 86 20 96 58 11 84 79 92 13 71 46 23 87 99 52 4 13 75 89 73 76 91 21 79 43 15 53 55 84 75 46 60 33 75 9 46 0 4 32 31 65 1 74 26 14 45 43 94 4 57 24 59 55 21 0 52 91 76 8 80 39 97 94 65 92 56 75 17 15 52 23 95 64 4 83 30 50 0 94 38 74 62 23 75 
18 68 91 16 92 67 70 26 71 97 40 15 23 28 0 36 16 17 84 98 98 79 69 6 59 3 7 18 71 48 64 85 85 48 65 76 55 44 35 50 20 48 14 59 95 8 27 31 54 79 91 30 4 0 53 90 89 66 95 66 22 39 43 45 28 31 68 44 20 88 86 84 41 97 27 59 41 23 2 72 97 77 80 58 52 34 4 11 72 42 68 25 27 26 36 80 20 47 77 81 
30 98 13 4 22 22 72 58 66 84 44 60 73 62 3 18 62 86 7 78 45 74 69 16 18 61 78 86 6 12 91 26 84 70 92 93 29 16 42 50 9 31 82 0 65 14 54 3 25 83 68 26 32 53 0 99 39 89 77 20 80 73 69 56 57 25 27 52 2 25 14 64 99 18 30 55 8 61 95 93 91 47 38 16 84 68 56 91 56 79 56 61 27 4 84 60 3 90 26 41 
89 96 21 54 53 13 2 90 77 64 94 79 10 1 41 91 49 20 33 91 3 98 43 9 56 48 33 19 70 4 93 60 7 99 85 67 52 28 42 20 32 78 53 48 88 63 94 48 78 28 69 1 31 90 99 0 3 9 89 6 33 67 47 17 29 48 97 77 16 38 13 68 4 97 17 35 82 25 42 35 80 15 5 55 89 29 21 77 30 11 82 35 97 83 43 43 13 77 49 52 
66 2 71 95 97 77 70 2 32 0 74 44 91 63 89 28 7 7 49 94 76 64 48 27 25 68 8 59 23 19 77 34 56 31 38 49 79 92 72 30 73 64 65 30 69 22 39 29 93 62 29 96 65 89 39 3 0 2 36 9 91 64 94 80 15 7 65 91 14 19 3 92 38 98 15 69 41 70 42 47 15 36 80 80 13 48 83 78 61 47 64 2 32 55 34 11 1 87 90 16 
29 21 78 3 94 62 56 70 64 70 78 13 28 51 65 51 15 91 67 86 82 58 86 89 5 14 80 15 37 15 68 36 77 33 64 76 81 44 29 36 63 70 80 72 94 9 19 0 5 61 85 90 1 66 89 9 2 0 41 42 56 28 68 8 56 51 76 48 66 33 11 78 73 82 99 50 94 47 53 90 14 9 83 31 13 52 11 68 49 77 38 19 26 22 89 0 39 34 58 63 
37 38 9 36 80 32 74 82 9 58 94 50 70 91 17 61 55 86 45 95 75 88 94 97 59 10 73 42 27 9 35 34 67 70 60 62 13 61 35 3 14 93 28 33 61 81 24 74 19 66 53 2 74 95 77 89 36 41 0 74 47 81 44 48 24 55 15 74 12 27 48 8 96 43 84 6 6 71 91 21 10 71 35 60 54 70 25 56 31 61 67 11 51 67 91 11 36 65 58 96 
50 24 37 71 43 86 33 17 60 87 71 92 60 14 69 15 28 28 18 51 61 35 93 45 18 90 64 31 41 74 41 80 32 87 86 81 92 55 30 92 50 84 46 47 78 3 92 84 94 21 32 35 26 66 20 6 9 42 74 0 6 78 59 23 90 48 24 50 82 42 41 54 61 91 61 28 45 50 5 76 76 62 45 76 57 81 80 19 80 84 23 78 67 6 90 16 56 76 38 33 
98 5 17 79 9 42 26 62 93 93 28 53 39 33 93 62 51 76 27 71 9 69 88 73 96 98 58 40 46 78 14 83 37 28 77 88 29 67 54 9 79 16 62 35 18 35 86 92 50 32 55 78 14 22 80 33 91 56 47 6 0 88 68 90 57 99 47 81 6 86 3 48 25 43 39 72 99 84 88 72 4 31 60 7 11 57 75 65 94 84 31 39 82 11 19 82 94 71 39 33 
12 11 44 46 96 27 78 83 6 28 6 92 78 65 67 12 64 8 85 3 56 22 47 17 29 65 40 60 1 68 18 17 72 40 59 74 65 72 50 0 13 54 56 44 58 9 84 50 30 92 2 75 45 39 73 67 64 28 81 78 88 0 37 90 22 84 46 89 56 66 79 97 45 40 23 44 4 47 74 13 30 76 93 80 50 32 53 19 72 20 74 57 88 21 32 15 11 93 82 70 
66 36 67 34 74 0 58 43 47 3 34 23 41 35 15 79 50 70 58 91 74 16 67 57 2 85 17 98 93 43 41 21 55 63 26 31 90 49 30 0 52 53 20 82 53 92 95 67 34 51 83 25 43 43 69 47 94 68 44 59 68 37 0 12 6 62 24 87 20 55 57 39 46 44 50 28 26 1 35 33 56 75 7 90 17 95 22 87 88 76 92 52 51 4 46 91 19 54 42 57 
1 56 71 44 63 5 94 58 21 22 61 90 55 65 91 78 51 33 66 28 10 11 21 9 73 75 70 62 78 1 57 82 88 55 29 57 44 12 18 28 66 83 14 52 53 10 11 76 18 24 92 49 94 45 56 17 80 8 48 23 90 90 12 0 87 5 57 73 21 64 97 20 82 50 45 8 42 90 62 79 4 53 81 72 52 59 4 26 62 50 96 58 18 76 56 97 4 41 10 0 
27 45 27 19 73 64 70 27 89 81 65 66 34 78 79 23 88 41 64 46 37 81 62 65 40 96 24 29 99 54 78 53 93 25 45 69 83 60 91 46 80 0 54 50 99 61 28 50 68 63 28 80 4 28 57 29 15 56 24 90 57 22 6 87 0 45 6 99 85 51 95 52 94 76 6 18 18 90 73 47 65 15 19 58 13 4 87 56 58 14 89 4 27 89 33 67 97 16 25 71 
11 96 50 5 17 7 4 44 92 87 51 38 90 13 67 41 52 34 37 72 63 48 97 23 1 54 81 90 42 73 82 24 35 10 80 37 15 46 91 8 54 45 13 7 69 73 5 74 71 81 35 9 57 31 25 48 7 51 55 48 99 84 62 5 45 0 92 45 25 82 18 32 93 86 78 75 83 22 33 4 2 92 97 7 19 25 80 88 32 9 98 60 66 58 44 13 41 92 83 75 
36 61 99 41 14 25 39 2 53 71 42 88 95 55 75 43 13 92 98 70 53 47 47 71 35 25 20 86 90 54 50 88 17 97 22 52 61 2 94 7 87 53 91 30 12 95 62 87 17 84 66 19 24 68 27 97 65 76 15 24 47 46 24 57 6 92 0 65 7 37 77 71 19 4 56 81 11 0 12 65 54 88 4 2 1 23 66 98 67 59 96 24 40 56 65 81 74 97 49 22 
18 11 42 41 34 6 93 93 47 40 6 87 97 17 54 26 74 32 32 3 47 42 42 87 68 60 37 62 89 24 52 2 9 16 12 66 48 46 28 69 28 36 85 79 2 27 94 50 81 4 43 21 59 44 52 77 91 48 74 50 81 89 87 73 99 45 65 0 51 7 40 41 53 63 57 51 53 19 4 32 56 27 87 16 34 64 23 91 79 75 79 63 93 91 3 27 13 3 83 79 
52 74 11 73 33 40 96 48 83 13 31 84 64 46 10 22 64 85 5 46 20 2 48 89 25 98 8 37 78 76 91 37 87 78 29 76 45 86 95 2 65 30 0 96 17 16 52 26 86 34 2 63 55 20 2 16 14 66 12 82 6 56 20 21 85 25 7 51 0 89 22 27 36 65 74 32 68 41 16 93 51 92 64 3 31 37 96 36 79 32 22 97 5 58 91 87 6 8 49 72 
26 50 47 1 78 12 55 29 19 84 68 72 37 1 80 92 9 63 67 41 86 38 97 99 98 54 87 22 36 10 46 27 99 16 48 44 23 80 67 44 45 14 10 81 2 73 27 50 88 7 90 21 21 88 25 38 19 33 27 42 86 66 55 64 51 82 37 7 89 0 61 95 29 14 99 12 37 95 47 92 6 42 28 77 68 64 41 8 28 52 28 14 56 89 59 45 9 89 67 99 
92 37 19 74 7 63 48 99 47 48 99 73 36 88 23 92 86 63 77 75 35 93 82 61 64 71 23 52 78 63 74 4 12 76 89 23 60 43 35 75 59 15 28 25 73 86 53 99 29 77 28 14 0 86 14 13 3 11 48 41 3 79 57 97 95 18 77 40 22 61 0 87 70 32 92 31 28 71 79 76 51 65 32 81 91 29 7 49 54 86 87 51 63 62 33 95 52 95 99 93 
1 14 48 53 13 28 16 77 94 62 26 52 74 78 78 17 12 83 98 49 24 90 42 47 11 83 53 53 8 65 40 89 2 67 72 25 17 56 43 78 75 58 23 15 21 55 79 81 57 16 22 12 52 84 64 68 92 78 8 54 48 97 39 20 52 32 71 41 27 95 87 0 27 31 12 5 65 54 59 13 72 64 98 48 2 24 6 66 18 80 86 73 93 41 25 76 34 70 41 53 
10 76 61 9 4 38 99 97 1 23 21 95 53 3 2 54 59 96 27 33 4 91 56 96 83 59 96 66 22 74 14 58 57 92 25 62 81 67 91 42 38 26 87 26 11 53 18 29 92 64 19 81 91 41 99 4 38 73 96 61 25 45 46 82 94 93 19 53 36 29 70 27 0 57 24 80 71 99 81 52 52 72 41 78 1 82 28 87 52 66 98 42 44 11 98 53 5 88 23 14 
72 89 29 80 78 74 22 55 66 64 41 40 39 66 72 34 2 65 34 49 62 97 45 24 65 1 35 17 13 8 73 67 66 75 17 69 81 64 23 72 56 76 22 14 7 53 97 72 1 56 30 9 76 97 18 97 98 82 43 91 43 40 44 50 76 86 4 63 65 14 32 31 57 0 0 1 36 77 71 45 7 19 6 50 67 16 99 74 54 36 65 88 4 85 50 12 79 99 30 42 
19 78 43 33 22 46 98 7 23 77 50 39 58 84 47 49 84 55 6 10 44 88 25 75 63 74 97 8 84 98 28 33 64 63 60 54 87 82 87 43 63 41 12 2 3 13 13 14 78 95 5 10 8 27 30 17 15 99 84 61 39 23 50 45 6 78 56 57 74 99 92 12 24 0 0 91 13 32 71 20 5 31 72 37 8 7 46 60 88 5 25 79 16 55 15 1 37 55 16 40 
60 29 38 2 24 76 30 59 0 83 19 86 70 84 99 18 62 17 53 48 95 0 98 0 12 90 4 85 59 36 11 97 33 69 12 74 48 34 52 44 48 92 58 75 47 62 81 19 75 24 75 64 80 59 55 35 69 50 6 28 72 44 28 8 18 75 81 51 32 12 31 5 80 1 91 0 56 57 68 59 80 72 58 32 68 84 22 9 91 24 30 59 49 47 90 38 68 17 74 80 
1 85 77 6 98 75 64 80 89 1 15 76 61 99 4 42 8 62 66 57 12 30 84 86 47 11 90 71 89 3 32 43 85 58 94 32 74 90 84 25 95 45 19 39 90 45 3 35 42 54 46 58 39 41 8 82 41 94 6 45 99 4 26 42 18 83 11 53 68 37 28 65 71 36 13 56 0 59 60 71 9 95 3 61 93 52 94 6 72 67 42 13 6 3 89 22 2 49 44 41 
46 28 78 5 16 55 92 82 41 36 52 18 6 28 31 38 11 91 21 45 43 45 19 68 69 65 16 65 49 38 84 41 32 38 95 95 77 83 70 16 60 52 98 81 85 58 19 80 90 40 66 42 97 23 61 25 70 47 71 50 84 47 1 90 90 22 0 19 41 95 71 54 99 77 32 57 59 0 46 30 98 28 24 18 58 7 74 99 93 66 71 13 42 52 73 25 22 45 92 68 
11 30 6 38 90 53 99 93 47 94 70 9 76 76 69 39 78 92 6 8 58 34 15 19 36 32 64 56 49 7 76 33 37 39 74 70 34 83 64 25 60 62 46 27 9 71 67 52 65 87 10 88 94 2 95 42 42 53 91 5 88 74 35 62 73 33 12 4 16 47 79 59 81 71 71 68 60 46 0 27 4 21 84 19 45 18 94 39 25 58 65 86 63 33 6 14 58 39 28 57 
68 92 67 85 15 35 97 46 53 9 48 35 87 8 59 88 54 52 24 35 44 81 63 62 71 66 5 6 81 91 28 90 69 64 57 35 89 86 56 27 63 41 91 59 4 91 25 40 55 98 69 95 65 72 93 35 47 90 21 76 72 13 33 79 47 4 65 32 93 92 76 13 52 45 20 59 71 30 27 0 8 47 36 31 25 92 25 6 35 80 31 5 46 6 24 46 1 14 72 0 
74 3 11 24 82 72 11 24 97 56 50 24 5 12 27 11 28 19 63 20 96 42 82 35 68 87 85 78 36 67 60 88 12 44 41 63 95 62 22 26 73 55 3 6 75 75 56 81 79 4 2 63 92 97 91 80 15 14 10 76 4 30 56 4 65 2 54 56 51 6 51 72 52 7 5 80 9 98 4 8 0 85 9 36 75 15 1 42 30 28 16 47 22 8 89 69 61 40 75 16 
90 2 93 53 45 80 83 68 91 8 26 36 67 42 4 19 18 41 89 16 12 15 96 66 6 61 49 92 41 90 65 13 27 54 11 38 11 40 53 32 53 42 31 95 21 51 17 1 21 55 42 13 56 77 47 15 36 9 71 62 31 76 75 53 15 92 88 27 92 42 65 64 72 19 31 72 95 28 21 47 85 0 34 38 54 80 76 25 16 2 68 6 6 64 13 27 45 54 31 26 
85 76 0 91 74 49 83 6 30 27 88 98 59 5 79 74 23 98 71 70 1 84 58 60 55 24 72 85 37 12 2 38 50 21 97 82 67 42 74 44 16 62 69 9 46 95 14 99 51 68 96 50 75 80 38 5 80 83 35 45 60 93 7 81 19 97 4 87 64 28 32 98 41 6 72 58 3 24 84 36 9 34 0 30 39 77 16 66 84 80 43 10 78 59 36 50 91 75 27 20 
39 41 5 14 84 14 88 12 18 42 20 93 53 36 14 32 3 30 47 76 67 79 64 82 37 27 35 11 62 47 13 25 85 53 25 65 85 10 94 99 55 59 10 63 38 29 53 68 61 86 25 93 17 58 16 55 80 31 60 76 7 80 90 72 58 7 2 16 3 77 81 48 78 50 37 32 61 18 19 31 36 38 30 0 37 95 35 24 32 46 19 60 94 16 96 54 49 43 78 11 
81 96 58 86 60 19 16 27 96 17 62 13 62 91 28 41 71 11 94 68 11 59 56 80 17 67 60 61 26 45 27 28 85 86 96 24 27 30 75 79 95 17 43 14 22 0 18 28 14 49 19 86 15 52 84 89 13 13 54 57 11 50 17 52 13 19 1 34 31 68 91 2 1 67 8 68 93 58 45 25 75 54 39 37 0 61 1 54 87 66 56 94 43 26 6 50 8 82 41 64 
35 22 30 80 46 2 4 58 34 95 39 27 54 41 3 14 87 48 5 55 70 60 34 49 64 56 28 76 74 90 17 42 92 9 76 46 77 32 78 2 89 51 58 18 78 23 95 68 53 84 74 39 52 34 68 29 48 52 70 81 57 32 95 59 4 25 23 64 37 64 29 24 82 16 7 84 52 7 18 92 15 80 77 95 61 0 55 74 37 42 37 11 53 88 27 64 12 25 92 58 
12 94 45 44 29 49 63 29 30 52 13 98 12 96 13 48 52 70 35 79 48 35 7 10 22 78 91 29 37 13 41 94 62 28 23 5 11 43 81 60 22 69 98 83 70 42 51 13 90 34 10 95 23 4 56 21 83 11 25 80 75 53 22 4 87 80 66 23 96 41 7 6 28 99 46 22 94 74 94 25 1 76 16 35 1 55 0 71 24 4 69 28 97 61 49 77 58 84 48 32 
61 90 60 21 28 23 9 31 63 94 95 31 10 61 27 63 25 7 85 47 16 75 45 30 74 15 93 97 34 20 20 22 41 55 46 90 52 61 9 19 68 73 85 69 65 8 71 25 2 1 20 85 95 11 91 77 78 68 56 19 65 19 87 26 56 88 98 91 36 8 49 66 87 74 60 9 6 99 39 6 42 25 66 24 54 74 71 0 99 22 55 47 9 92 18 42 69 77 71 58 
24 86 43 15 29 39 89 40 28 37 94 39 23 14 58 11 49 83 27 48 56 58 4 35 97 31 88 73 89 60 52 79 78 48 55 56 38 62 55 87 89 51 45 15 43 85 72 38 98 3 47 66 64 72 56 30 61 49 31 80 94 72 88 62 58 32 67 79 79 28 54 18 52 54 88 91 72 93 25 35 30 16 84 32 87 37 24 99 0 83 47 30 18 65 71 60 90 71 76 91 
15 17 35 90 14 79 32 20 63 76 91 82 59 67 89 46 7 90 6 45 78 72 89 25 48 32 54 94 89 7 80 77 96 83 27 47 50 63 83 66 78 85 6 50 18 30 68 81 77 42 89 44 4 42 79 11 47 77 61 84 84 20 76 50 14 9 59 75 32 52 86 80 66 36 5 24 67 66 58 80 28 2 80 46 66 42 4 22 83 0 70 76 29 90 62 96 56 89 82 1 
74 21 83 66 47 12 28 30 59 59 62 91 26 36 37 76 97 43 57 13 7 0 68 1 60 68 34 89 81 76 36 31 29 38 35 22 69 58 84 50 82 10 16 87 4 55 50 51 19 81 47 19 83 68 56 82 64 38 67 23 31 74 92 96 89 98 96 79 22 28 87 86 98 65 25 30 42 71 65 31 16 68 43 19 56 37 69 55 47 70 0 30 44 36 13 41 37 57 80 52 
64 69 75 74 18 65 79 43 41 4 29 54 44 54 17 46 83 25 81 53 59 28 83 21 27 34 20 12 65 52 77 24 74 45 41 98 85 40 38 62 30 76 62 47 30 6 49 27 96 95 53 72 30 25 61 35 2 19 11 78 39 57 52 58 4 60 24 63 97 14 51 73 42 88 79 59 13 13 86 5 47 6 10 60 94 11 28 47 30 76 30 0 73 32 3 87 76 28 33 34 
9 11 37 39 87 54 39 96 79 37 65 81 38 38 15 8 93 25 39 82 28 6 51 54 41 98 36 46 72 29 77 95 4 4 21 16 96 82 45 96 40 60 78 6 25 61 14 8 50 94 47 2 50 27 27 97 32 26 51 67 82 88 51 18 27 66 40 93 5 56 63 93 44 4 16 49 6 42 63 46 22 6 78 94 43 53 97 9 18 29 44 73 0 85 63 95 79 40 76 67 
63 48 71 37 87 32 84 29 77 44 42 46 63 29 49 49 66 0 22 18 45 12 5 88 42 71 91 67 81 57 36 66 61 15 51 69 34 93 3 34 82 47 23 11 63 41 94 85 86 85 23 29 0 26 4 83 55 22 67 6 11 21 4 76 89 58 56 91 58 89 62 41 11 85 55 47 3 52 33 6 8 64 59 16 26 88 61 92 65 90 36 32 85 0 32 27 32 31 86 84 
8 48 70 62 55 45 52 88 50 22 37 97 4 71 94 32 13 51 82 44 16 27 9 45 55 86 32 21 75 70 7 2 90 72 46 60 79 78 0 33 60 75 6 77 17 80 91 50 26 72 41 59 94 36 84 43 34 89 91 90 19 32 46 56 33 44 65 3 91 59 33 25 98 50 15 90 89 73 6 24 89 13 36 96 6 27 49 18 71 62 13 3 63 32 0 50 8 16 0 16 
41 56 39 20 56 62 97 34 8 48 44 38 66 21 68 87 22 99 45 20 43 67 92 25 62 77 30 52 23 42 28 27 84 16 75 18 3 67 31 39 37 68 47 28 78 89 48 41 10 12 71 71 38 80 60 43 11 0 11 16 82 15 91 97 67 13 81 27 87 45 95 76 53 12 1 38 22 25 14 46 69 27 50 54 50 64 77 42 60 96 41 87 95 27 50 0 58 86 34 81 
74 72 40 51 29 14 7 79 92 59 51 64 45 43 71 50 80 49 65 8 15 37 18 17 55 57 92 2 85 12 63 54 41 40 85 21 44 36 98 10 48 11 27 74 71 49 89 99 45 80 23 93 74 20 3 13 1 39 36 56 94 11 19 4 97 41 74 13 6 9 52 34 5 79 37 68 2 22 58 1 61 45 91 49 8 12 58 69 90 56 37 76 79 32 8 58 0 94 37 23 
67 77 92 93 50 89 90 45 87 2 32 65 0 47 74 7 80 38 29 14 18 75 78 89 24 76 36 27 53 60 80 79 92 6 23 52 70 62 79 25 66 8 62 8 56 62 72 96 17 78 92 50 62 47 90 77 87 34 65 76 71 93 54 41 16 92 97 3 8 89 95 70 88 99 55 17 49 45 39 14 40 54 75 43 82 25 84 77 71 89 57 28 40 31 16 86 94 0 99 18 
50 79 92 53 12 72 17 49 1 29 33 12 66 47 11 58 4 85 53 27 62 33 69 63 28 69 21 15 90 37 68 7 91 7 23 59 31 23 15 80 3 23 10 91 87 22 63 63 45 60 58 96 23 77 26 49 90 58 58 38 39 82 42 10 25 83 49 83 49 67 99 41 23 30 16 74 44 92 28 72 75 31 27 78 41 92 48 71 76 82 80 33 76 86 0 34 37 99 0 67 
22 65 62 22 22 98 61 6 23 61 72 32 9 41 29 47 79 34 99 86 91 43 32 40 40 44 1 47 46 59 82 25 67 29 71 65 94 68 78 33 39 87 83 98 27 39 78 7 10 54 27 81 75 81 41 52 16 63 96 33 33 70 57 0 71 75 22 79 72 99 93 53 14 42 40 80 41 68 57 0 16 26 20 11 64 58 32 58 91 1 52 34 67 84 16 81 23 18 67 0 
0 1 56 8 92 84 48 55 77 3 72 32 69 87 94 1 95 47 10 93 49 0 98 31 58 47 84 23 63 13 79 16 44 66 3 29 47 86 87 77 34 98 63 37 92 16 96 53 82 50 17 72 70 74 45 28 29 45 55 43 67 65 22 78 64 88 30 81 95 87 54 59 91 71 81 33 13 62 87 40 97 31 0 79 39 26 98 62 26 94 87 12 1 25 19 93 69 3 48 43 
1 0 82 60 14 66 4 15 77 71 8 56 59 77 4 15 75 96 52 29 46 25 69 6 95 25 26 91 2 21 25 5 11 18 73 79 64 16 17 0 17 29 61 20 52 7 52 47 15 20 8 30 89 33 78 68 61 96 18 6 11 14 59 32 13 61 51 33 57 41 47 72 38 39 31 46 54 95 33 48 75 21 11 91 16 54 11 56 2 1 80 14 55 5 76 63 21 82 77 59 
56 82 0 64 6 80 52 13 26 6 82 81 33 17 73 82 19 74 55 93 48 25 59 23 69 52 22 50 46 58 3 45 64 87 94 78 79 1 6 45 52 77 44 3 80 65 53 88 22 30 36 70 76 13 41 61 36 35 62 14 75 54 27 95 80 45 88 81 52 47 43 75 71 42 14 34 43 48 67 6 51 77 31 88 21 63 41 71 90 74 30 5 7 99 85 79 37 42 86 7 
8 60 64 0 33 13 95 10 13 22 42 11 8 2 19 26 81 81 41 26 11 80 22 13 87 21 78 12 52 8 35 13 99 27 78 28 48 86 8 3 87 43 61 93 71 20 16 84 4 67 82 0 28 90 26 28 42 28 64 67 79 33 86 14 25 50 96 6 62 18 31 20 79 7 62 97 53 28 96 88 76 94 50 21 70 84 73 88 38 45 85 72 28 50 6 94 28 49 37 63 
92 14 6 33 0 74 43 95 99 36 14 50 67 77 72 55 48 37 58 68 44 75 70 38 95 83 73 98 50 43 15 99 19 13 75 23 59 29 3 18 92 41 34 45 97 45 60 15 1 31 71 88 91 43 23 79 62 64 17 73 56 97 58 91 49 5 80 60 46 52 63 72 17 82 69 59 40 80 61 90 53 40 1 30 10 79 9 2 78 49 21 53 55 93 54 38 25 69 76 28 
84 66 80 13 74 0 97 33 16 88 51 73 80 40 84 29 68 87 23 76 46 62 89 82 6 62 5 51 34 10 51 9 62 32 25 21 88 95 60 76 6 16 32 55 6 88 31 98 2 90 45 96 53 33 27 80 98 22 76 31 65 14 31 95 75 40 6 84 79 26 87 17 46 98 35 80 97 22 73 25 39 95 23 33 86 37 68 46 79 65 85 29 1 65 16 40 73 15 60 79 
48 4 52 95 43 97 0 86 32 51 59 38 2 15 7 17 55 12 23 40 18 97 62 1 50 10 77 85 91 57 3 75 46 81 52 42 21 23 16 67 30 56 3 25 38 75 5 52 24 78 20 22 74 53 44 98 98 74 47 92 35 51 58 65 99 28 70 44 53 30 23 14 78 19 9 87 16 33 91 11 80 90 2 55 5 20 51 36 84 50 72 10 25 46 80 76 31 62 48 7 
55 15 13 10 95 33 86 0 22 32 6 46 50 68 26 29 7 30 93 47 16 27 84 54 35 64 58 6 6 38 96 53 0 11 94 79 13 93 88 53 19 50 31 96 27 34 65 29 42 65 19 86 20 76 23 61 12 98 95 8 64 22 36 31 3 75 75 83 37 57 56 15 96 82 50 9 24 78 37 27 40 80 98 71 53 66 92 12 4 29 96 38 96 28 76 83 17 88 77 9 
77 77 26 13 99 16 32 22 0 30 79 92 71 0 0 22 37 38 7 50 36 32 58 62 17 73 55 65 76 99 77 59 60 63 84 94 91 43 81 69 66 9 78 67 7 80 19 75 23 35 13 26 6 76 7 76 36 59 81 68 83 44 14 81 88 92 42 9 28 85 56 73 61 36 94 51 53 16 35 24 28 29 30 37 89 94 43 97 77 5 14 4 71 24 82 87 58 19 27 61 
3 71 6 22 36 88 51 32 30 0 48 46 93 79 38 50 30 36 51 89 35 16 63 56 41 84 75 56 21 40 47 84 19 33 33 5 38 40 7 7 20 47 6 97 60 89 28 60 9 97 68 82 21 1 2 39 3 16 26 54 88 58 96 21 17 49 30 0 46 21 67 46 10 45 76 74 59 91 52 46 38 7 22 37 81 82 1 29 14 77 35 19 21 94 55 6 69 22 9 92 
72 8 82 42 14 51 59 6 79 48 0 56 40 65 89 90 96 92 63 10 33 27 90 86 10 24 60 64 89 83 17 46 17 26 92 90 76 40 20 91 63 58 2 76 65 84 36 60 75 84 68 52 67 18 14 40 96 43 51 4 33 46 77 91 39 59 44 0 47 27 9 36 85 51 19 76 21 53 87 47 67 8 18 60 15 17 16 23 10 79 28 45 33 12 37 22 99 48 69 57 
32 56 81 11 50 73 38 46 92 46 56 0 15 37 48 62 60 74 84 65 23 93 25 89 26 58 40 35 57 50 44 45 24 47 83 75 85 67 62 24 42 51 43 49 53 11 65 11 36 82 64 63 55 48 85 15 28 29 23 40 55 43 76 16 43 22 47 64 81 89 58 59 55 26 19 3 29 22 38 82 84 94 81 89 65 88 75 65 66 44 32 42 12 46 6 97 5 4 61 54 
69 59 33 8 67 80 2 50 71 93 40 15 0 20 32 60 25 71 17 10 22 13 21 24 9 29 58 39 72 25 86 67 94 31 47 43 38 0 83 77 70 3 78 99 41 72 99 1 65 77 78 79 48 89 19 9 49 5 12 68 65 1 8 54 68 56 59 53 95 95 78 58 35 53 91 27 71 11 94 69 26 6 22 99 68 3 82 52 96 85 39 50 83 2 27 54 95 26 42 3 
87 77 17 2 77 40 15 68 0 79 65 37 20 0 59 92 63 42 22 63 18 59 86 71 6 43 36 77 79 58 29 63 3 24 92 62 60 31 72 24 2 52 98 40 71 62 72 39 66 16 85 14 95 59 18 79 15 71 51 29 28 18 79 53 14 47 79 8 25 18 33 29 1 31 53 75 71 2 98 76 12 82 79 11 95 67 51 73 62 77 1 42 59 93 2 63 22 83 9 73 
94 4 73 19 72 84 7 26 0 38 89 48 32 59 0 69 26 23 66 88 46 83 21 9 62 48 77 94 42 40 43 34 56 56 35 34 37 95 8 57 68 92 57 50 70 10 3 94 24 24 84 95 74 61 88 37 98 68 9 35 83 67 79 95 27 92 17 82 72 46 21 71 33 96 15 96 13 65 98 43 20 34 23 50 64 81 3 25 63 85 34 45 49 6 14 65 1 38 46 15 
1 15 82 26 55 29 17 29 22 50 90 62 60 92 69 0 40 34 35 33 26 37 26 76 97 43 78 30 88 2 62 91 52 45 25 35 79 8 34 87 54 26 70 23 90 70 82 3 30 73 92 46 87 62 20 57 61 46 81 62 55 32 45 18 51 4 16 30 87 51 2 62 53 41 70 72 34 52 39 33 73 62 54 88 93 49 30 10 28 64 7 19 59 94 43 1 1 60 28 30 
95 75 19 81 48 68 55 7 37 30 96 60 25 63 26 40 0 56 70 91 14 77 82 45 3 15 78 74 67 26 1 61 10 88 3 30 37 23 9 11 22 47 31 50 50 48 49 8 82 87 38 93 86 2 41 30 59 21 63 27 15 34 64 45 81 4 20 68 39 3 92 78 50 53 54 59 67 38 94 34 55 36 52 14 63 48 72 1 37 37 22 85 5 73 78 20 58 87 65 72 
47 96 74 81 37 87 12 30 38 36 92 74 71 42 23 34 56 0 22 21 95 42 15 68 4 97 20 76 61 68 50 96 20 60 25 35 32 62 37 99 15 1 43 48 2 75 42 80 2 27 22 19 8 36 10 34 43 37 30 18 47 13 27 36 74 80 58 65 11 27 54 37 53 67 17 29 53 80 45 97 96 68 44 31 41 8 12 3 1 96 38 48 16 41 83 38 28 32 28 90 
10 52 55 41 58 23 23 93 7 51 63 84 17 22 66 35 70 22 0 76 57 62 56 48 54 26 13 10 85 26 84 56 82 89 49 56 48 55 70 90 24 44 46 10 82 39 67 14 3 85 62 2 38 69 76 25 20 31 68 0 43 85 67 37 88 16 3 6 61 12 86 68 1 52 46 69 98 59 43 37 8 79 74 94 30 71 81 24 74 26 39 10 26 28 86 61 96 53 17 55 
93 29 93 26 68 76 40 47 50 89 10 65 10 63 88 33 91 21 76 0 46 95 58 82 10 58 74 54 20 2 44 95 57 67 73 25 3 79 76 96 59 29 97 33 87 10 15 94 87 10 88 27 89 10 16 76 81 44 63 59 50 44 27 86 73 73 31 5 74 54 46 24 79 37 83 26 12 11 66 69 77 70 45 36 27 43 75 7 79 71 30 85 59 63 9 78 41 0 56 65 
49 46 48 11 44 46 18 16 36 35 33 23 22 18 46 26 14 95 57 46 0 24 72 3 40 99 31 12 4 89 16 25 83 6 75 6 69 78 29 32 43 68 23 28 95 43 44 93 87 14 77 50 22 91 17 66 14 20 65 56 16 10 87 0 13 90 98 57 55 44 95 97 22 81 33 33 20 92 37 30 32 15 65 12 4 29 69 73 89 54 73 58 55 82 45 78 59 13 4 22 
0 25 25 80 75 62 97 27 32 16 27 93 13 59 83 37 77 42 62 95 24 0 54 8 7 44 44 16 89 98 86 85 7 32 55 13 65 27 20 17 59 17 36 93 24 89 27 13 12 24 35 94 21 5 35 3 75 39 29 31 57 30 15 16 89 11 94 51 52 45 97 35 67 57 41 78 68 77 87 55 26 49 3 34 10 4 99 90 24 78 59 40 96 66 81 28 57 87 38 66 
98 69 59 22 70 89 62 84 58 63 90 25 21 86 21 26 82 15 56 58 72 54 0 41 25 45 6 0 3 57 22 19 43 62 21 45 65 90 98 72 72 14 30 8 21 66 59 25 86 91 70 83 43 53 54 8 50 23 14 92 39 39 27 35 89 78 68 73 86 43 35 84 60 28 3 8 61 34 58 84 90 55 16 39 83 91 6 16 52 91 1 6 71 0 65 93 20 16 7 1 
31 6 23 13 38 82 1 54 62 56 86 89 24 71 9 76 45 68 48 82 3 8 41 0 51 59 70 83 73 87 60 57 49 61 78 74 3 29 79 48 71 83 15 94 89 69 50 43 14 67 24 3 90 32 18 16 51 61 64 0 45 75 10 58 82 29 3 90 89 18 69 49 77 85 39 10 70 86 19 23 6 49 98 89 57 95 93 4 16 48 25 86 24 8 42 35 9 11 58 21 
58 95 69 87 95 6 50 35 17 41 10 26 9 6 62 97 3 4 54 10 40 7 25 51 0 21 42 33 52 61 13 19 76 59 28 14 94 43 53 45 37 23 99 98 42 74 50 13 98 15 85 36 3 18 21 23 88 3 39 48 42 85 4 75 67 34 55 82 55 88 44 11 27 16 96 66 75 32 12 68 78 46 41 67 12 80 55 6 10 68 49 25 39 89 12 15 23 15 21 38 
47 25 52 21 83 62 10 64 73 84 24 58 29 43 48 43 15 97 26 58 99 44 45 59 21 0 80 14 19 22 85 0 57 64 56 96 79 61 53 30 23 98 4 17 15 14 18 71 33 76 59 86 98 40 4 21 16 30 35 38 21 20 8 58 39 96 21 24 21 89 2 92 18 13 64 72 40 18 95 91 75 96 13 8 23 59 33 2 39 93 52 54 26 91 56 63 12 65 26 99 
84 26 22 78 73 5 77 58 55 75 60 40 58 36 77 78 78 20 13 74 31 44 6 70 42 80 0 57 10 39 93 16 43 6 85 26 62 96 64 55 10 85 27 1 17 41 26 58 44 64 54 31 40 7 10 77 39 58 96 4 70 41 30 3 61 90 93 82 60 64 36 54 45 66 76 64 67 64 64 31 35 48 8 42 32 85 70 71 20 86 46 47 19 64 63 18 51 14 19 32 
23 91 50 12 98 51 85 6 65 56 64 35 39 77 94 30 74 76 10 54 12 16 0 83 33 14 57 0 56 25 13 7 90 67 68 39 96 56 37 52 48 46 26 17 46 64 83 63 74 39 75 6 98 8 36 23 81 71 4 92 82 42 67 72 6 89 28 66 94 84 71 10 28 40 45 57 63 25 19 14 6 42 60 35 46 90 17 61 85 13 97 43 92 95 4 71 69 49 31 68 
63 2 46 52 50 34 91 6 76 21 89 57 72 79 42 88 67 61 85 20 4 89 3 73 52 19 10 56 0 15 95 54 21 98 45 90 79 75 78 69 91 28 18 53 93 68 30 63 74 17 85 29 86 75 0 43 64 39 73 14 1 60 82 57 11 60 64 9 63 25 3 72 5 26 22 21 37 33 4 24 80 95 31 54 12 99 73 60 98 59 73 22 66 61 83 48 69 35 45 36 
13 21 58 8 43 10 57 38 99 40 83 50 25 58 40 2 26 68 26 2 89 98 57 87 61 22 39 25 15 0 90 1 29 13 89 4 57 18 92 2 67 5 31 95 10 4 4 76 72 41 85 68 21 26 66 57 54 97 31 19 58 90 52 57 9 69 83 11 10 40 6 61 87 65 70 63 59 30 68 89 13 88 72 18 34 2 74 74 96 91 22 47 43 0 70 28 69 95 64 30 
79 25 3 35 15 51 3 96 77 47 17 44 86 29 43 62 1 50 84 44 16 86 22 60 13 85 93 13 95 90 0 0 2 92 6 13 68 1 13 17 8 76 82 93 13 2 83 61 2 52 17 69 54 79 66 31 31 87 92 1 42 28 34 52 35 80 28 11 66 98 6 27 34 23 27 10 41 99 48 12 50 74 53 66 90 58 98 22 75 4 63 3 83 70 58 5 87 66 55 73 
16 5 45 13 99 9 75 53 59 84 46 45 67 63 34 91 61 96 56 95 25 85 19 57 19 0 16 7 54 1 0 0 39 77 99 92 45 19 1 50 98 10 75 26 14 35 85 25 44 43 42 49 62 59 59 24 19 6 92 27 30 62 87 76 88 68 92 75 44 39 31 70 26 96 16 52 92 44 29 3 43 22 15 19 42 29 29 50 47 69 46 33 64 88 66 72 28 84 31 48 
44 11 64 99 19 62 46 0 60 19 17 24 94 3 56 52 10 20 82 57 83 7 43 49 76 57 43 90 21 29 2 39 0 90 73 92 41 58 84 97 59 1 37 89 23 83 32 26 60 36 25 32 56 42 64 47 26 78 64 80 79 89 23 38 23 9 94 85 95 95 70 87 60 79 8 73 99 67 46 63 42 84 8 99 99 68 97 63 64 92 5 51 90 38 71 86 48 13 13 85 
66 18 87 27 13 32 81 11 63 33 26 47 31 24 56 45 88 60 89 67 6 32 62 61 59 64 6 67 98 13 92 77 90 0 66 63 45 5 80 99 79 96 4 8 59 71 25 17 95 74 96 50 69 10 38 51 47 46 94 76 74 4 65 68 71 3 28 61 53 67 44 66 64 33 78 12 33 65 72 72 21 4 2 7 25 97 45 35 59 2 87 86 77 81 10 98 22 14 60 49 
3 73 94 78 75 25 52 94 84 33 92 83 47 92 35 25 3 25 49 73 75 55 21 78 28 56 85 68 45 89 6 99 73 66 0 26 8 57 83 64 75 11 16 63 6 11 42 53 79 76 10 17 72 18 35 91 86 75 81 44 81 81 78 85 42 91 51 14 19 66 93 78 33 89 86 72 97 17 88 44 31 52 68 63 42 95 15 86 65 43 48 97 89 7 76 92 15 94 33 3 
29 79 78 28 23 21 42 79 94 5 90 75 43 62 34 35 30 35 56 25 6 13 45 74 14 96 26 39 90 4 13 92 92 63 26 0 8 13 11 46 47 11 41 4 8 88 48 41 32 77 53 97 66 53 57 7 36 6 73 19 53 54 60 5 11 60 90 44 13 60 79 82 19 39 68 35 59 4 5 0 75 79 78 90 25 12 72 23 0 7 14 27 19 71 8 49 21 3 53 55 
47 64 79 48 59 88 21 13 91 38 76 85 38 60 37 79 37 32 48 3 69 65 65 3 94 79 62 96 79 57 68 45 41 45 8 8 0 25 67 22 94 87 92 33 31 55 58 42 13 65 54 3 34 47 11 11 88 61 66 81 66 20 43 87 64 44 20 93 73 55 74 25 27 16 59 99 45 47 0 15 71 41 17 61 99 42 44 8 35 18 96 3 50 41 23 41 23 50 72 24 
86 16 1 86 29 95 23 93 43 40 40 67 0 31 95 8 23 62 55 79 78 27 90 29 43 61 96 56 75 18 1 19 58 5 57 13 25 0 66 22 75 58 84 10 67 11 7 87 9 6 77 64 72 16 67 96 55 38 42 40 64 80 26 15 23 29 18 4 43 58 52 19 11 70 33 13 83 92 46 22 20 24 69 87 61 99 84 23 20 79 74 51 54 69 54 74 60 16 44 32 
87 17 6 8 3 60 16 88 81 7 20 62 83 72 8 34 9 37 70 76 29 20 98 79 53 53 64 37 78 92 13 1 84 80 83 11 67 66 0 88 75 52 40 49 39 6 67 75 2 31 85 90 90 92 10 87 86 10 43 86 59 29 31 92 27 10 90 86 97 56 34 43 44 86 45 61 6 88 77 15 21 59 60 44 20 93 69 75 72 15 84 34 56 68 22 87 24 21 32 94 
77 0 45 3 18 76 67 53 69 7 91 24 77 24 57 87 11 99 90 96 32 17 72 48 45 30 55 52 69 2 17 50 97 99 64 46 22 22 88 0 86 47 86 95 67 14 19 96 54 18 93 90 37 38 70 47 70 71 25 25 10 14 29 95 16 19 74 6 76 95 12 13 50 78 41 77 20 8 85 83 21 24 99 61 70 60 60 84 88 14 46 79 39 12 28 38 2 18 85 84 
34 17 52 87 92 6 30 19 66 20 63 42 70 2 68 54 22 15 24 59 43 59 72 71 37 23 10 48 91 67 8 98 59 79 75 47 94 75 75 86 0 2 90 20 17 62 28 31 72 75 33 41 26 67 43 28 86 91 41 15 78 97 14 10 54 72 51 85 18 32 32 42 43 94 56 66 10 1 0 21 32 35 96 74 30 8 27 31 28 15 9 84 4 57 22 95 21 21 77 80 
98 29 77 43 41 16 56 50 9 47 58 51 3 52 92 26 47 1 44 29 68 17 14 83 23 98 85 46 28 5 76 10 1 96 11 11 87 58 52 47 2 0 54 25 8 26 56 17 52 44 48 55 89 7 76 41 5 33 66 98 55 10 3 3 52 90 35 88 92 65 86 39 38 66 61 20 28 58 90 5 99 20 78 36 25 70 85 18 27 51 86 76 91 40 25 0 14 5 26 59 
63 61 44 61 34 32 3 31 78 6 2 43 78 98 57 70 31 43 46 97 23 36 30 15 99 4 27 26 18 31 82 75 37 4 16 41 92 84 40 86 90 54 0 84 77 19 76 99 4 56 84 60 91 89 87 20 11 34 71 8 58 73 34 72 96 15 14 31 78 2 0 66 30 59 1 40 34 72 97 76 34 61 69 37 87 95 80 14 77 71 96 44 34 10 14 98 41 78 63 65 
37 20 3 93 45 55 25 96 67 97 76 49 99 40 50 23 50 48 10 33 28 93 8 94 98 17 1 17 53 95 93 26 89 8 63 4 33 10 49 95 20 25 84 0 5 30 22 54 21 82 37 63 25 32 55 77 63 21 22 93 81 26 92 28 33 47 23 33 52 22 3 36 89 38 18 62 76 0 11 59 32 56 5 85 98 22 95 95 61 28 51 93 98 80 58 18 35 19 20 63 
92 52 80 71 97 6 38 27 7 60 65 53 41 71 70 90 50 2 82 87 95 24 21 89 42 15 17 46 93 10 13 14 23 59 6 8 31 67 39 67 17 8 77 5 0 68 78 33 55 42 66 46 32 47 76 9 30 42 94 14 9 46 65 2 5 82 20 23 45 28 31 90 53 24 18 83 3 31 36 83 29 79 38 35 56 87 12 66 63 12 6 68 38 91 64 44 50 26 73 35 
16 7 65 20 45 88 75 34 80 89 84 11 72 62 10 70 48 75 39 10 43 89 66 69 74 14 41 64 68 4 2 35 83 71 11 88 55 11 6 14 62 26 19 30 68 0 16 89 58 55 26 13 72 69 48 97 78 85 56 75 75 61 19 47 52 20 20 29 49 3 71 96 27 23 3 68 75 50 99 21 26 67 68 6 77 68 54 60 76 33 12 17 51 37 22 1 95 68 82 32 
96 52 53 16 60 31 5 65 19 28 36 65 99 72 3 82 49 42 67 15 44 27 59 50 50 18 26 83 30 4 83 85 32 25 42 48 58 7 67 19 28 56 76 22 78 16 0 28 43 88 66 43 10 29 73 35 16 27 89 30 56 93 47 89 25 56 27 29 94 43 32 6 54 72 51 15 41 63 61 49 58 40 23 39 91 81 52 68 9 65 96 83 65 59 11 44 25 88 78 55 
53 47 88 84 15 98 52 29 75 60 60 11 1 39 94 3 8 80 14 94 93 13 25 43 13 71 58 63 63 76 61 25 26 17 53 41 42 87 75 96 31 17 99 54 33 89 28 0 11 83 76 94 95 31 83 19 88 21 50 41 48 66 90 72 41 3 87 76 15 67 25 69 75 13 87 2 55 50 54 62 96 31 59 92 35 28 52 33 90 27 29 1 33 54 71 9 63 77 69 43 
82 15 22 4 1 2 24 42 23 9 75 36 65 66 24 30 82 2 3 87 87 12 86 14 98 33 44 74 74 72 2 44 60 95 79 32 13 9 2 54 72 52 4 21 55 58 43 11 0 62 69 97 92 55 98 50 62 98 5 52 11 26 33 54 58 29 21 94 47 49 89 93 61 51 56 3 46 78 98 85 8 65 8 38 48 77 13 85 76 59 96 69 70 95 19 38 80 31 52 30 
50 20 30 67 31 90 78 65 35 97 84 82 77 16 24 73 87 27 85 10 14 24 91 67 15 76 64 39 17 41 52 43 36 74 76 77 65 6 31 18 75 44 56 82 42 55 88 83 62 0 59 86 44 16 98 55 37 35 9 15 77 98 95 98 9 8 33 91 75 15 50 76 93 43 76 52 53 46 4 22 61 2 90 82 23 3 4 46 3 77 8 29 1 74 78 78 96 81 47 13 
17 8 36 82 71 45 20 19 13 68 68 64 78 85 84 92 38 22 62 88 77 35 70 24 85 59 54 75 85 85 17 42 25 96 10 53 54 77 85 93 33 48 84 37 66 26 66 76 69 59 0 97 3 97 93 89 58 84 79 59 28 40 43 47 15 74 64 14 18 53 33 75 32 67 82 96 76 77 15 31 25 13 10 48 98 24 69 85 97 84 14 4 27 71 31 80 70 57 4 46 
72 30 70 0 88 96 22 86 26 82 52 63 79 14 95 46 93 19 2 27 50 94 83 3 36 86 31 6 29 68 69 49 32 50 17 97 3 64 90 90 41 55 60 63 46 13 43 94 97 86 97 0 76 95 12 86 54 93 22 97 79 32 74 52 16 74 58 67 34 74 74 11 82 94 77 76 1 45 3 2 60 92 75 72 92 36 10 20 98 88 85 1 51 91 4 67 27 50 13 81 
70 89 76 28 91 53 74 20 6 21 67 55 48 95 74 87 86 8 38 89 22 21 43 90 3 98 40 98 86 21 54 62 56 69 72 66 34 72 90 37 26 89 91 25 32 72 10 95 92 44 3 76 0 22 89 75 54 41 28 76 50 6 80 1 85 5 11 13 35 95 88 68 52 26 22 51 66 64 42 39 76 6 55 0 68 14 77 52 1 3 22 58 61 16 45 36 56 47 35 71 
74 33 13 90 43 33 53 76 76 1 18 48 89 59 61 62 2 36 69 10 91 5 53 32 18 40 7 8 75 26 79 59 42 10 18 53 47 16 92 38 67 7 89 32 47 69 29 31 55 16 97 95 22 0 26 56 54 88 1 51 55 66 91 72 95 80 78 96 51 47 19 83 95 20 62 48 18 26 34 9 84 68 45 45 19 5 69 46 76 4 85 62 51 68 80 2 34 30 38 10 
45 78 41 26 23 27 44 23 7 2 14 85 19 18 88 20 41 10 76 16 17 35 54 18 21 4 10 36 0 66 66 59 64 38 35 57 11 67 10 70 43 76 87 55 76 48 73 83 98 98 93 12 89 26 0 69 75 88 3 42 15 49 15 62 20 3 79 12 22 96 5 23 70 83 79 76 70 4 65 9 55 67 47 72 14 36 80 14 85 85 16 74 66 48 89 85 37 4 2 18 
28 68 61 28 79 80 98 61 76 39 40 15 9 79 37 57 30 34 25 76 66 3 8 16 23 21 77 23 43 57 31 24 47 51 91 7 11 96 87 47 28 41 20 77 9 97 35 19 50 55 89 86 75 56 69 0 27 81 4 94 34 85 71 23 48 66 41 56 20 61 3 74 35 44 47 70 83 97 72 25 99 88 41 90 67 1 43 69 65 39 38 15 7 87 48 95 33 32 86 32 
29 61 36 42 62 98 98 12 36 3 96 28 49 15 98 61 59 43 20 81 14 75 50 51 88 16 39 81 64 54 31 19 26 47 86 36 88 55 86 70 86 5 11 63 30 78 16 88 62 37 58 54 54 54 75 27 0 52 84 39 43 92 78 6 38 73 89 90 0 31 26 60 93 11 64 75 2 81 36 84 16 70 20 65 15 99 58 38 68 19 10 62 16 52 9 17 26 1 70 80 
45 96 35 28 64 22 74 98 59 16 43 29 5 71 68 46 21 37 31 44 20 39 23 61 3 30 58 71 39 97 87 6 78 46 75 6 61 38 10 71 91 33 34 21 42 85 27 21 98 35 84 93 41 88 88 81 52 0 82 74 48 23 42 19 45 53 98 48 12 21 16 5 23 47 70 11 25 7 29 7 27 21 67 99 94 69 80 28 32 85 56 79 55 42 58 96 97 35 70 74 
55 18 62 64 17 76 47 95 81 26 51 23 12 51 9 81 63 30 68 63 65 29 14 64 39 35 96 4 73 31 92 92 64 94 81 73 66 42 43 25 41 66 71 22 94 56 89 50 5 9 79 22 28 1 3 4 84 82 0 86 21 21 17 41 75 19 65 2 70 68 26 87 6 17 49 75 34 54 23 0 74 38 65 17 1 91 34 14 63 26 70 20 84 16 13 90 7 27 13 24 
43 6 14 67 73 31 92 8 68 54 4 40 68 29 35 62 27 18 0 59 56 31 92 0 48 38 4 92 14 19 1 27 80 76 44 19 81 40 86 25 15 98 8 93 14 75 30 41 52 15 59 97 76 51 42 94 39 74 86 0 87 33 13 68 6 67 84 74 59 68 56 32 68 22 8 63 49 71 99 47 27 75 2 80 36 61 92 54 17 73 24 87 76 27 0 54 48 90 53 99 
67 11 75 79 56 65 35 64 83 88 33 55 65 28 83 55 15 47 43 50 16 57 39 45 42 21 70 82 1 58 42 30 79 74 81 53 66 64 59 10 78 55 58 81 9 75 56 48 11 77 28 79 50 55 15 34 43 48 21 87 0 39 90 25 88 99 31 21 84 91 66 55 66 0 39 1 22 33 22 24 3 5 52 95 5 80 63 39 84 20 76 95 61 0 93 95 88 62 35 90 
65 14 54 33 97 14 51 22 44 58 46 43 1 18 67 32 34 13 85 44 10 30 39 75 85 20 41 42 60 90 28 62 89 4 81 54 20 80 29 14 97 10 73 26 46 61 93 66 26 98 40 32 6 66 49 85 92 23 21 33 39 0 76 2 1 79 93 95 66 35 20 21 86 69 86 11 51 48 90 49 9 72 44 48 66 67 89 7 90 96 3 93 93 97 13 66 76 78 21 84 
22 59 27 86 58 31 58 36 14 96 77 76 8 79 79 45 64 27 67 27 87 15 27 10 4 8 30 67 82 52 34 87 23 65 78 60 43 26 31 29 14 3 34 92 65 19 47 90 33 95 43 74 80 91 15 71 78 42 17 13 90 76 0 55 89 63 77 15 46 58 56 50 28 98 91 62 23 51 44 61 69 87 41 47 43 87 64 53 36 80 67 3 62 94 34 17 9 43 31 19 
78 32 95 14 91 95 65 31 81 21 91 16 54 53 95 18 45 36 37 86 0 16 35 58 75 58 3 72 57 57 52 76 38 68 85 5 87 15 92 95 10 3 72 28 2 47 89 72 54 98 47 52 1 72 62 23 6 19 41 68 25 2 55 0 93 40 51 89 77 69 81 43 20 73 10 58 2 48 80 89 55 2 66 34 0 9 19 41 63 19 67 9 69 31 82 22 46 19 16 64 
64 13 80 25 49 75 99 3 88 17 39 43 68 14 27 51 81 74 88 73 13 89 89 82 67 39 61 6 11 9 35 88 23 71 42 11 64 23 27 16 54 52 96 33 5 52 25 41 58 9 15 16 85 95 20 48 38 45 75 6 88 1 89 93 0 11 89 68 52 71 62 78 65 69 82 18 33 11 36 45 64 58 39 55 17 70 47 96 35 39 12 96 90 48 0 19 55 91 9 51 
88 61 45 50 5 40 28 75 92 49 59 22 56 47 92 4 4 80 16 73 90 11 78 29 34 96 90 89 60 69 80 68 9 3 91 60 44 29 10 19 72 90 15 47 82 20 56 3 29 8 74 74 5 80 3 66 73 53 19 67 99 79 63 40 11 0 6 34 33 59 30 9 17 62 61 17 53 96 10 92 59 94 83 84 12 42 13 15 24 21 2 51 90 77 59 68 76 17 98 36 
30 51 88 96 80 6 70 75 42 30 44 47 59 79 17 16 20 58 3 31 98 94 68 3 55 21 93 28 64 83 28 92 94 28 51 90 20 18 90 74 51 35 14 23 20 20 27 87 21 33 64 58 11 78 79 41 89 98 65 84 31 93 77 51 89 6 0 2 16 10 20 11 58 52 58 58 58 20 48 30 51 98 47 10 43 1 31 61 26 51 5 91 18 65 82 73 96 99 16 46 
81 33 81 6 60 84 44 83 9 0 0 64 53 8 82 30 68 65 6 5 57 51 73 90 82 24 82 66 9 11 11 75 85 61 14 44 93 4 86 6 85 88 31 33 23 29 29 76 94 91 14 67 13 96 12 56 90 48 2 74 21 95 15 89 68 34 2 0 50 78 73 73 93 99 50 69 34 17 58 20 7 37 13 49 54 67 2 58 27 62 20 50 69 26 52 59 44 95 7 70 
95 57 52 62 46 79 53 37 28 46 47 81 95 25 72 87 39 11 61 74 55 52 86 89 55 21 60 94 63 10 66 44 95 53 19 13 73 43 97 76 18 92 78 52 45 49 94 15 47 75 18 34 35 51 22 20 0 12 70 59 84 66 46 77 52 33 16 50 0 43 62 43 77 94 56 13 25 64 34 53 17 29 98 3 97 23 11 66 67 38 0 36 38 83 33 73 24 22 16 34 
87 41 47 18 52 26 30 57 85 21 27 89 95 18 46 51 3 27 12 54 44 45 43 18 88 89 64 84 25 40 98 39 95 67 66 60 55 58 56 95 32 65 2 22 28 3 43 67 49 15 53 74 95 47 96 61 31 21 68 68 91 35 58 69 71 59 10 78 43 0 48 83 81 13 84 48 19 37 42 6 53 41 17 26 24 11 37 50 27 3 78 69 98 74 56 74 89 19 68 3 
54 47 43 31 63 87 23 56 56 67 9 58 78 33 21 2 92 54 86 46 95 97 35 69 44 2 36 71 3 6 6 31 70 44 93 79 74 52 34 12 32 86 0 3 31 71 32 25 89 50 33 74 88 19 5 3 26 16 26 56 66 20 56 81 62 30 20 73 62 48 0 12 48 79 39 3 87 20 8 63 78 50 33 33 18 13 11 15 89 19 26 57 63 67 63 47 95 51 72 3 
59 72 75 20 72 17 14 15 73 46 36 59 58 29 71 62 78 37 68 24 97 35 84 49 11 92 54 10 72 61 27 70 87 66 78 82 25 19 43 13 42 39 66 36 90 96 6 69 93 76 75 11 68 83 23 74 60 5 87 32 55 21 50 43 78 9 11 73 43 83 12 0 4 76 56 96 47 71 40 42 83 41 42 86 91 34 94 37 34 61 71 83 42 74 50 2 29 26 14 30 
91 38 71 79 17 46 78 96 61 10 85 55 35 1 33 53 50 53 1 79 22 67 60 77 27 18 45 28 5 87 34 26 60 64 33 19 27 11 44 50 43 38 30 89 53 27 54 75 61 93 32 82 52 95 70 35 93 23 6 68 66 86 28 20 65 17 58 93 77 81 48 4 0 40 53 30 50 96 17 12 88 57 27 20 88 82 72 63 7 55 92 35 83 11 25 54 16 69 46 72 
71 39 42 7 82 98 19 82 36 45 51 26 53 31 96 41 53 67 52 37 81 57 28 85 16 13 66 40 26 65 23 96 79 33 89 39 16 70 86 78 94 66 59 38 24 23 72 13 51 43 67 94 26 20 83 44 11 47 17 22 0 69 98 73 69 62 52 99 94 13 79 76 40 0 6 27 84 21 65 2 63 33 91 30 78 88 18 62 82 3 2 23 64 13 23 45 4 96 86 81 
81 31 14 62 69 35 9 50 94 76 19 19 91 53 15 70 54 17 46 83 33 41 3 39 96 64 76 45 22 70 27 16 8 78 86 68 59 33 45 41 56 61 1 18 18 3 51 87 56 76 82 77 22 62 79 47 64 70 49 8 39 86 91 10 82 61 58 50 56 84 39 56 53 6 0 52 15 27 54 27 92 3 55 30 86 34 98 49 74 28 60 95 78 95 46 63 72 6 91 45 
33 46 34 97 59 80 87 9 51 74 76 3 27 75 96 72 59 29 69 26 33 78 8 10 66 72 64 57 21 63 10 52 73 12 72 35 99 13 61 77 66 20 40 62 83 68 15 2 3 52 96 76 51 48 76 70 75 11 75 63 1 11 62 58 18 17 58 69 13 48 3 96 30 27 52 0 80 83 29 79 53 88 0 0 78 32 25 25 95 19 46 81 92 60 42 51 24 48 5 88 
13 54 43 53 40 97 16 24 53 59 21 29 71 71 13 34 67 53 98 12 20 68 61 70 75 40 67 63 37 59 41 92 99 33 97 59 45 83 6 20 10 28 34 76 3 75 41 55 46 53 76 1 66 18 70 83 2 25 34 49 22 51 23 2 33 53 58 34 25 19 87 47 50 84 15 80 0 8 23 8 55 26 37 96 44 53 95 33 5 89 62 71 40 39 70 27 82 18 38 66 
62 95 48 28 80 22 33 78 16 91 53 22 11 2 65 52 38 80 59 11 92 77 34 86 32 18 64 25 33 30 99 44 67 65 17 4 47 92 88 8 1 58 72 0 31 50 63 50 78 46 77 45 64 26 4 97 81 7 54 71 33 48 51 48 11 96 20 17 64 37 20 71 96 21 27 83 8 0 91 36 51 75 85 66 78 50 81 48 54 1 79 50 75 64 73 22 73 18 82 51 
87 33 67 96 61 73 91 37 35 52 87 38 94 98 98 39 94 45 43 66 37 87 58 19 12 95 64 19 4 68 48 29 46 72 88 5 0 46 77 85 0 90 97 11 36 99 61 54 98 4 15 3 42 34 65 72 36 29 23 99 22 90 44 80 36 10 48 58 34 42 8 40 17 65 54 29 23 91 0 15 18 6 8 8 95 39 89 10 12 29 54 31 63 62 5 97 1 9 89 71 
40 48 6 88 90 25 11 27 24 46 47 82 69 76 43 33 34 97 37 69 30 55 84 23 68 91 31 14 24 89 12 3 63 72 44 0 15 22 15 83 21 5 76 59 83 21 49 62 85 22 31 2 39 9 9 25 84 7 0 47 24 49 61 89 45 92 30 20 53 6 63 42 12 2 27 79 8 36 15 0 13 44 32 79 87 46 87 42 48 68 30 70 0 74 18 57 45 60 58 2 
97 75 51 76 53 39 80 40 28 38 67 84 26 12 20 73 55 96 8 77 32 26 90 6 78 75 35 6 80 13 50 43 42 21 31 75 71 20 21 21 32 99 34 32 29 26 58 96 8 61 25 60 76 84 55 99 16 27 74 27 3 9 69 55 64 59 51 7 17 53 78 83 88 63 92 53 55 51 18 13 0 38 77 67 73 57 3 6 11 77 5 42 50 98 92 63 90 13 76 57 
31 21 77 94 40 95 90 80 29 7 8 94 6 82 34 62 36 68 79 70 15 49 55 49 46 96 48 42 95 88 74 22 84 4 52 79 41 24 59 24 35 20 61 56 79 67 40 31 65 2 13 92 6 68 67 88 70 21 38 75 5 72 87 2 58 94 98 37 29 41 50 41 57 33 3 88 26 75 6 44 38 0 14 67 37 54 90 8 97 5 43 31 43 88 82 57 97 3 13 71 
0 11 31 50 1 23 2 98 30 22 18 81 22 79 23 54 52 44 74 45 65 3 16 98 41 13 8 60 31 72 53 15 8 2 68 78 17 69 60 99 96 78 69 5 38 68 23 59 8 90 10 75 55 45 47 41 20 67 65 2 52 44 41 66 39 83 47 13 98 17 33 42 27 91 55 0 37 85 8 32 77 14 0 8 31 3 78 50 15 56 30 77 22 6 45 56 68 95 60 1 
79 91 88 21 30 33 55 71 37 37 60 89 99 11 50 88 14 31 94 36 12 34 39 89 67 8 42 35 54 18 66 19 99 7 63 90 61 87 44 61 74 36 37 85 35 6 39 92 38 82 48 72 0 45 72 90 65 99 17 80 95 48 47 34 55 84 10 49 3 26 33 86 20 30 30 0 96 66 8 79 67 67 8 0 91 90 26 37 65 72 23 29 39 88 84 84 44 99 89 14 
39 16 21 70 10 86 5 53 89 81 15 65 68 95 64 93 63 41 30 27 4 10 83 57 12 23 32 46 12 34 90 42 99 25 42 25 99 61 20 70 30 25 87 98 56 77 91 35 48 23 98 92 68 19 14 67 15 94 1 36 5 66 43 0 17 12 43 54 97 24 18 91 88 78 86 78 44 78 95 87 73 37 31 91 0 39 33 54 94 30 95 67 60 30 16 67 69 90 96 44 
26 54 63 84 79 37 20 66 94 82 17 88 3 67 81 49 48 8 71 43 29 4 91 95 80 59 85 90 99 2 58 29 68 97 95 12 42 99 93 60 8 70 95 22 87 68 81 28 77 3 24 36 14 5 36 1 99 69 91 61 80 67 87 9 70 42 1 67 23 11 13 34 82 88 34 32 53 50 39 46 57 54 3 90 39 0 38 55 35 63 11 73 9 46 75 65 81 50 1 60 
98 11 41 73 9 68 51 92 43 1 16 75 82 51 3 30 72 12 81 75 69 99 6 93 55 33 70 17 73 74 98 29 97 45 15 72 44 84 69 60 27 85 80 95 12 54 52 52 13 4 69 10 77 69 80 43 58 80 34 92 63 89 64 19 47 13 31 2 11 37 11 94 72 18 98 25 95 81 89 87 3 90 78 26 33 38 0 49 99 30 35 92 88 41 24 80 16 54 53 56 
62 56 71 88 2 46 36 12 97 29 23 65 52 73 25 10 1 3 24 7 73 90 16 4 6 2 71 61 60 74 22 50 63 35 86 23 8 23 75 84 31 18 14 95 66 60 68 33 85 46 85 20 52 46 14 69 38 28 14 54 39 7 53 41 96 15 61 58 66 50 15 37 63 62 49 25 33 48 10 42 6 8 50 37 54 55 49 0 59 84 26 89 47 93 79 84 56 69 51 93 
26 2 90 38 78 79 84 4 77 14 10 66 96 62 63 28 37 1 74 79 89 24 52 16 10 39 20 85 98 96 75 47 64 59 65 0 35 20 72 88 28 27 77 61 63 76 9 90 76 3 97 98 1 76 85 65 68 32 63 17 84 90 36 63 35 24 26 27 67 27 89 34 7 82 74 95 5 54 12 48 11 97 15 65 94 35 99 59 0 12 65 48 55 42 96 70 72 46 58 18 
94 1 74 45 49 65 50 29 5 77 79 44 85 77 85 64 37 96 26 71 54 78 91 48 68 93 86 13 59 91 4 69 92 2 43 7 18 79 15 14 15 51 71 28 12 33 65 27 59 77 84 88 3 4 85 39 19 85 26 73 20 96 80 19 39 21 51 62 38 3 19 61 55 3 28 19 89 1 29 68 77 5 56 72 30 63 30 84 12 0 78 65 18 11 91 27 71 31 2 67 
87 80 30 85 21 85 72 96 14 35 28 32 39 1 34 7 22 38 39 30 73 59 1 25 49 52 46 97 73 22 63 46 5 87 48 14 96 74 84 46 9 86 96 51 6 12 96 29 96 8 14 85 22 85 16 38 10 56 70 24 76 3 67 67 12 2 5 20 0 78 26 71 92 2 60 46 62 79 54 30 5 43 30 23 95 11 35 26 65 78 0 4 13 24 75 6 43 2 69 10 
12 14 5 72 53 29 10 38 4 19 45 42 50 42 45 19 85 48 10 85 58 40 6 86 25 54 47 43 22 47 3 33 51 86 97 27 3 51 34 79 84 76 44 93 68 17 83 1 69 29 4 1 58 62 74 15 62 79 20 87 95 93 3 9 96 51 91 50 36 69 57 83 35 23 95 81 71 50 31 70 42 31 77 29 67 73 92 89 48 65 4 0 86 83 91 32 70 47 70 28 
1 55 7 28 55 1 25 96 71 21 33 12 83 59 49 59 5 16 26 59 55 96 71 24 39 26 19 92 66 43 83 64 90 77 89 19 50 54 56 39 4 91 34 98 38 51 65 33 70 1 27 51 61 51 66 7 16 55 84 76 61 93 62 69 90 90 18 69 38 98 63 42 83 64 78 92 40 75 63 0 50 43 22 39 60 9 88 47 55 18 13 86 0 65 81 38 47 48 91 90 
25 5 99 50 93 65 46 28 24 94 12 46 2 93 6 94 73 41 28 63 82 66 0 8 89 91 64 95 61 0 70 88 38 81 7 71 41 69 68 12 57 40 10 80 91 37 59 54 95 74 71 91 16 68 48 87 52 42 16 27 0 97 94 31 48 77 65 26 83 74 67 74 11 13 95 60 39 64 62 74 98 88 6 88 30 46 41 93 42 11 24 83 65 0 12 71 53 24 72 59 
19 76 85 6 54 16 80 76 82 55 37 6 27 2 14 43 78 83 86 9 45 81 65 42 12 56 63 4 83 70 58 66 71 10 76 8 23 54 22 28 22 25 14 58 64 22 11 71 19 78 31 4 45 80 89 48 9 58 13 0 93 13 34 82 0 59 82 52 33 56 63 50 25 23 46 42 70 73 5 18 92 82 45 84 16 75 24 79 96 91 75 91 81 12 0 73 2 6 75 15 
93 63 79 94 38 40 76 83 87 6 22 97 54 63 65 1 20 38 61 78 78 28 93 35 15 63 18 71 48 28 5 72 86 98 92 49 41 74 87 38 95 0 98 18 44 1 44 9 38 78 80 67 36 2 85 95 17 96 90 54 95 66 17 22 19 68 73 59 73 74 47 2 54 45 63 51 27 22 97 57 63 57 56 84 67 65 80 84 70 27 6 32 38 71 73 0 32 30 75 70 
69 21 37 28 25 73 31 17 58 69 99 5 95 22 1 1 58 28 96 41 59 57 20 9 23 12 51 69 69 69 87 28 48 22 15 21 23 60 24 2 21 14 41 35 50 95 25 63 80 96 70 27 56 34 37 33 26 97 7 48 88 76 9 46 55 76 96 44 24 89 95 29 16 4 72 24 82 73 1 45 90 97 68 44 69 81 16 56 72 71 43 70 47 53 2 32 0 29 9 31 
3 82 42 49 69 15 62 88 19 22 48 4 26 83 38 60 87 32 53 0 13 87 16 11 15 65 14 49 35 95 66 84 13 14 94 3 50 16 21 18 21 5 78 19 26 68 88 77 31 81 57 50 47 30 4 32 1 35 27 90 62 78 43 19 91 17 99 95 22 19 51 26 69 96 6 48 18 18 9 60 13 3 95 99 90 50 54 69 46 31 2 47 48 24 6 30 29 0 49 15 
48 77 86 37 76 60 48 77 27 9 69 61 42 9 46 28 65 28 17 56 4 38 7 58 21 26 19 31 45 64 55 31 13 60 33 53 72 44 32 85 77 26 63 20 73 82 78 69 52 47 4 13 35 38 2 86 70 70 13 53 35 21 31 16 9 98 16 7 16 68 72 14 46 86 91 5 38 82 89 58 76 13 60 89 96 1 53 51 58 2 69 70 91 72 75 75 9 49 0 54 
43 59 7 63 28 79 7 9 61 92 57 54 3 73 15 30 72 90 55 65 22 66 1 21 38 99 32 68 36 30 73 48 85 49 3 55 24 32 94 84 80 59 65 63 35 32 55 43 30 13 46 81 71 10 18 32 80 74 24 99 90 84 19 64 51 36 46 70 34 3 3 30 72 81 45 88 66 51 71 2 57 71 1 14 44 60 56 93 18 67 10 28 90 59 15 70 31 15 54 0 
