100
0 24 63 58 29 89 65 96 51 20 31 34 19 36 54 71 53 21 63 63 97 7 91 51 29 41 61 55 12 41 42 4 78 38 34 93 7 3 48 9 52 27 50 24 89 30 7 47 96 12 29 83 75 98 99 85 20 65 36 89 51 61 87 62 73 73 33 47 54 67 69 77 44 77 37 79 77 85 72 7 91 59 49 84 44 26 38 86 27 2 17 73 60 13 79 73 72 71 15 79 
24 0 78 53 44 19 31 83 86 83 16 34 68 56 78 20 99 53 37 70 21 5 83 58 79 71 75 2 53 96 24 12 34 80 13 98 71 39 23 99 79 30 6 60 62 88 65 55 97 96 11 58 56 72 48 27 7 12 84 61 14 98 90 54 36 58 82 99 20 2 12 29 88 49 50 5 77 54 82 44 63 68 17 53 24 59 58 74 71 68 39 57 19 57 22 71 86 85 56 17 
63 78 0 23 37 56 33 86 49 99 65 53 26 60 65 43 41 95 42 22 11 56 7 62 66 98 78 9 43 32 40 36 46 11 73 10 45 91 2 77 87 67 15 40 10 49 50 87 92 85 93 20 74 99 90 84 63 91 38 90 24 48 28 79 84 47 1 81 10 48 46 0 22 55 6 48 34 13 96 67 57 56 18 21 27 85 16 75 77 82 35 18 13 3 78 38 41 71 18 34 
58 53 23 0 39 40 11 10 48 77 84 89 60 15 94 30 55 23 66 18 79 87 53 79 47 76 43 98 22 34 10 31 92 41 21 43 18 6 50 37 8 59 8 43 5 65 66 55 33 23 35 34 9 24 29 63 94 19 95 85 89 6 75 31 48 75 54 26 24 16 15 24 89 92 10 87 74 53 7 36 10 22 2 4 22 83 26 60 80 4 97 3 45 55 96 93 66 13 60 67 
29 44 37 39 0 22 83 36 39 12 27 5 79 79 64 48 39 52 81 34 96 44 16 20 33 83 95 15 89 68 49 71 94 27 76 23 57 19 60 69 60 63 77 2 23 8 95 64 96 75 5 5 74 86 20 56 20 9 51 95 74 59 9 47 8 43 26 28 26 57 26 14 8 69 16 21 47 70 4 41 6 4 66 76 20 88 14 40 17 76 1 79 84 24 75 22 99 66 81 77 
89 19 56 40 22 0 96 99 91 22 61 37 13 42 35 52 27 2 96 53 53 31 36 17 64 13 49 51 65 26 50 35 40 35 55 74 38 86 65 34 98 48 43 9 71 76 36 21 38 33 2 48 31 18 14 0 8 38 17 9 60 79 35 84 72 79 74 85 4 67 96 76 74 14 51 50 4 83 6 68 86 14 66 33 65 68 78 65 86 15 83 47 56 55 52 11 42 51 8 42 
65 31 33 11 83 96 0 77 81 95 30 74 76 66 51 65 60 57 1 88 84 26 19 0 26 33 8 14 74 46 42 54 47 92 2 13 87 29 58 82 70 74 36 94 96 19 58 65 51 86 88 60 16 19 68 46 9 89 10 48 41 96 70 85 83 41 75 14 32 58 82 35 31 5 13 61 32 87 93 80 2 31 70 49 17 58 4 63 77 14 45 90 65 47 9 88 29 54 19 44 
96 83 86 10 36 99 77 0 71 40 55 22 51 98 75 6 92 87 96 6 89 26 13 62 11 67 82 72 59 13 50 18 73 86 86 46 61 72 99 67 38 1 53 94 26 21 41 92 27 2 97 54 66 77 18 74 82 38 75 47 42 97 42 22 82 77 25 98 42 82 99 20 67 40 24 3 76 25 44 26 64 78 67 14 65 22 7 99 37 86 31 43 67 74 33 97 76 6 5 56 
51 86 49 48 39 91 81 71 0 9 89 81 39 77 57 0 43 77 65 44 57 34 85 9 68 56 46 28 27 76 86 49 68 54 72 93 56 10 9 30 38 71 16 15 97 71 84 24 43 6 32 30 75 44 87 24 32 94 24 32 75 8 15 95 86 17 43 35 18 4 22 16 26 42 55 48 32 36 50 74 19 61 37 43 73 83 13 37 65 56 41 32 31 98 73 43 80 91 80 24 
20 83 99 77 12 22 95 40 9 0 54 21 77 40 31 79 82 72 39 35 90 47 69 5 92 69 37 69 95 55 0 31 88 79 79 13 88 88 43 28 74 28 61 54 22 61 92 64 72 36 44 82 36 14 83 64 29 45 90 6 4 68 75 39 37 3 35 44 72 32 67 73 25 57 7 99 17 18 90 6 57 28 75 6 39 9 51 19 56 50 64 77 10 45 99 23 27 75 62 12 
31 16 65 84 27 61 30 55 89 54 0 33 20 41 39 10 77 83 0 88 35 50 30 51 30 60 26 18 77 10 18 59 41 24 41 51 92 33 1 11 53 13 5 22 36 28 33 12 7 56 11 9 16 7 35 48 55 80 14 39 17 75 39 5 69 59 17 16 86 9 51 87 19 36 18 75 17 80 49 87 62 47 21 39 72 63 67 1 44 64 79 44 94 76 50 51 77 30 97 56 
34 34 53 89 5 37 74 22 81 21 33 0 76 71 82 7 61 32 79 71 4 91 34 73 33 45 0 40 31 47 83 29 20 39 92 26 92 22 19 75 66 25 14 65 97 88 18 69 58 43 34 66 36 18 13 74 81 90 53 44 67 92 95 84 70 65 98 84 26 33 52 65 81 83 85 8 89 36 52 39 35 23 13 36 47 16 25 63 24 79 68 2 87 90 4 44 12 38 16 94 
19 68 26 60 79 13 76 51 39 77 20 76 0 18 79 95 49 62 75 61 96 7 74 55 83 37 14 8 24 28 26 61 36 34 39 21 61 48 68 33 70 64 56 60 39 64 38 44 76 64 1 89 97 17 54 35 49 7 74 30 77 73 59 2 26 75 53 38 50 24 82 72 26 47 86 46 11 47 84 3 51 6 58 50 91 84 28 85 67 39 40 20 25 35 97 44 42 41 55 14 
36 56 60 15 79 42 66 98 77 40 41 71 18 0 64 33 40 26 42 47 84 92 72 81 46 19 79 47 15 39 34 64 40 94 32 24 9 76 30 83 81 77 31 73 63 42 8 45 0 62 60 62 11 60 82 53 99 94 79 13 60 15 64 71 15 21 24 57 80 98 37 33 46 21 8 1 17 34 47 85 16 80 69 20 37 50 84 14 98 29 73 14 76 9 24 56 23 94 85 42 
54 78 65 94 64 35 51 75 57 31 39 82 79 64 0 60 69 54 47 49 98 95 38 96 75 91 80 56 99 54 66 85 93 84 21 85 89 71 26 86 33 5 68 11 71 71 89 33 18 96 65 58 48 16 14 7 38 75 64 85 80 94 53 74 97 3 87 43 47 55 7 67 63 18 79 7 70 4 17 31 68 86 70 10 96 25 66 27 22 26 81 38 53 89 72 12 92 90 4 29 
71 20 43 30 48 52 65 6 0 79 10 7 95 33 60 0 14 14 53 42 8 56 65 66 60 56 21 30 9 22 95 5 24 68 22 82 67 90 11 15 53 63 88 31 28 9 96 41 62 78 81 43 28 97 0 53 87 80 12 80 18 79 34 31 90 34 92 13 43 50 45 13 37 57 74 96 25 92 8 58 46 85 8 23 55 52 95 35 79 25 18 65 89 82 15 60 88 45 81 17 
53 99 41 55 39 27 60 92 43 82 77 61 49 40 69 14 0 34 30 8 71 87 73 94 99 43 74 84 5 33 92 93 65 5 11 21 58 5 83 64 17 64 33 13 87 63 93 91 0 48 26 12 86 12 63 27 60 71 86 14 9 35 92 92 48 92 3 72 11 9 63 46 19 63 97 3 31 63 84 66 68 26 18 27 17 51 6 75 31 10 86 78 65 41 45 20 0 76 67 79 
21 53 95 23 52 2 57 87 77 72 83 32 62 26 54 14 34 0 49 74 52 88 53 77 7 35 50 38 68 2 88 93 47 93 17 32 99 63 52 22 8 24 37 13 12 48 98 13 76 68 79 12 4 5 59 17 5 36 11 77 3 1 82 98 28 62 2 24 30 30 87 17 79 89 15 89 42 95 54 74 70 49 86 77 26 32 16 72 72 33 42 6 73 99 38 85 38 24 5 53 
63 37 42 66 81 96 1 96 65 39 0 79 75 42 47 53 30 49 0 64 96 35 12 82 6 46 94 34 32 73 3 73 7 69 82 90 22 62 3 13 64 79 41 41 65 17 48 22 10 79 43 41 79 25 79 81 7 51 41 87 90 39 87 6 5 94 73 46 11 30 79 84 1 5 5 48 2 85 73 6 25 74 37 33 23 10 32 17 96 97 30 57 85 19 69 50 78 57 96 36 
63 70 22 18 34 53 88 6 44 35 88 71 61 47 49 42 8 74 64 0 26 51 59 12 44 90 58 49 65 56 45 10 85 28 17 1 9 93 13 32 53 34 28 82 4 76 26 72 79 57 66 22 64 4 13 25 81 10 48 93 69 53 81 50 34 13 75 60 26 15 5 53 74 73 86 94 7 19 8 64 17 62 65 7 70 20 63 83 63 97 16 21 18 5 97 82 66 19 60 64 
97 21 11 79 96 53 84 89 57 90 35 4 96 84 98 8 71 52 96 26 0 11 91 17 97 59 85 67 80 78 26 97 38 49 70 53 10 25 17 47 51 67 49 40 54 73 81 27 11 14 34 74 98 1 3 26 52 67 27 0 92 35 99 7 34 70 89 30 67 32 77 53 96 65 44 34 55 64 64 53 13 78 13 73 36 5 10 36 32 0 29 31 21 64 1 69 40 66 54 7 
7 5 56 87 44 31 26 26 34 47 50 91 7 92 95 56 87 88 35 51 11 0 97 71 28 99 21 36 56 93 65 90 53 36 26 74 6 18 84 98 68 43 9 90 91 30 65 69 60 44 76 47 26 25 3 86 16 43 50 62 79 77 73 50 33 94 98 73 44 32 37 78 80 61 68 81 58 93 18 48 75 6 67 71 90 19 31 8 40 28 50 59 50 18 71 52 69 42 77 71 
91 83 7 53 16 36 19 13 85 69 30 34 74 72 38 65 73 53 12 59 91 97 0 46 30 12 0 21 29 83 91 38 13 1 66 11 97 29 9 7 40 17 88 97 81 72 16 53 27 27 28 8 81 20 66 72 93 38 32 22 49 58 60 17 27 77 99 41 10 86 56 29 44 89 33 94 14 77 75 16 20 36 72 6 7 17 47 41 9 53 27 41 18 45 59 22 29 85 55 79 
51 58 62 79 20 17 0 62 9 5 51 73 55 81 96 66 94 77 82 12 17 71 46 0 38 74 85 29 92 63 66 72 68 83 20 33 84 8 24 70 25 30 53 9 82 42 51 21 61 60 67 77 54 22 3 17 60 67 59 45 88 82 74 51 85 53 3 64 24 85 83 28 13 18 84 73 12 81 3 34 40 6 17 70 52 47 55 43 97 30 58 77 56 83 51 27 25 21 73 96 
29 79 66 47 33 64 26 11 68 92 30 33 83 46 75 60 99 7 6 44 97 28 30 38 0 43 6 2 53 92 29 71 25 81 82 99 72 72 64 69 79 22 91 99 64 49 23 7 20 93 1 70 24 37 74 31 30 55 59 37 6 35 44 87 73 13 32 61 29 54 28 22 93 40 44 56 35 64 36 55 71 10 69 99 25 65 41 84 72 13 21 0 56 21 6 49 43 19 77 57 
41 71 98 76 83 13 33 67 56 69 60 45 37 19 91 56 43 35 46 90 59 99 12 74 43 0 80 49 70 46 21 79 36 65 47 9 69 88 4 86 16 23 55 28 10 18 95 31 17 21 88 11 12 64 17 74 36 94 21 55 32 76 10 4 81 87 90 1 5 83 43 31 4 59 23 10 16 33 62 71 31 89 88 25 2 45 87 21 66 61 60 70 51 18 5 73 17 2 43 79 
61 75 78 43 95 49 8 82 46 37 26 0 14 79 80 21 74 50 94 58 85 21 0 85 6 80 0 73 30 21 27 67 71 54 90 86 82 52 71 37 94 84 61 89 7 70 44 18 82 48 8 40 40 94 69 77 36 86 15 57 99 98 94 35 41 65 56 9 7 99 16 91 68 52 45 1 60 57 84 14 88 1 4 34 43 58 10 58 62 80 31 65 82 27 95 34 44 54 81 57 
55 2 9 98 15 51 14 72 28 69 18 40 8 47 56 30 84 38 34 49 67 36 21 29 2 49 73 0 6 21 27 53 24 5 5 88 66 15 91 90 0 75 72 32 59 90 35 3 53 53 29 33 66 62 6 57 95 62 10 22 98 18 64 50 19 8 40 48 71 99 68 46 27 22 18 42 20 45 7 39 70 6 74 52 5 62 2 40 73 7 69 30 7 44 52 43 96 73 56 10 
12 53 43 22 89 65 74 59 27 95 77 31 24 15 99 9 5 68 32 65 80 56 29 92 53 70 30 6 0 21 59 82 45 92 64 98 27 49 28 30 81 1 23 41 59 27 43 55 95 24 80 24 14 29 83 26 13 10 70 26 91 80 58 7 27 99 79 64 91 70 84 3 86 97 76 72 64 17 35 90 16 25 76 41 1 31 36 38 81 6 73 73 12 25 57 97 50 69 35 86 
41 96 32 34 68 26 46 13 76 55 10 47 28 39 54 22 33 2 73 56 78 93 83 63 92 46 21 21 21 0 49 55 18 57 12 35 20 40 22 84 83 19 4 31 32 74 36 33 38 91 98 1 18 75 9 95 42 13 58 89 27 89 70 43 36 31 88 20 59 93 63 84 56 96 18 5 48 25 12 29 34 9 26 72 88 48 61 18 8 93 38 13 6 89 44 42 48 80 58 87 
42 24 40 10 49 50 42 50 86 0 18 83 26 34 66 95 92 88 3 45 26 65 91 66 29 21 27 27 59 49 0 45 59 31 91 72 36 83 24 95 20 89 16 0 79 16 81 93 4 13 88 45 47 44 40 40 92 7 50 97 63 82 65 24 39 28 1 16 11 48 1 41 98 26 88 46 33 22 77 36 9 23 0 57 28 34 82 37 14 19 73 6 7 2 41 35 48 9 62 93 
4 12 36 31 71 35 54 18 49 31 59 29 61 64 85 5 93 93 73 10 97 90 38 72 71 79 67 53 82 55 45 0 57 56 92 11 73 90 24 22 81 86 72 2 35 29 99 2 31 38 55 68 89 67 11 39 85 80 96 30 37 62 2 33 47 10 68 26 60 73 3 89 83 4 92 38 64 18 6 36 28 85 58 51 17 75 26 41 31 96 79 55 46 34 43 37 79 75 74 28 
78 34 46 92 94 40 47 73 68 88 41 20 36 40 93 24 65 47 7 85 38 53 13 68 25 36 71 24 45 18 59 57 0 32 5 83 1 85 58 63 7 39 80 9 96 69 18 85 57 53 34 23 46 38 52 82 23 34 94 4 78 95 75 15 99 28 29 29 24 95 42 9 53 86 93 14 29 38 57 23 39 75 1 66 90 79 73 64 4 84 43 51 97 8 30 5 25 4 37 60 
38 80 11 41 27 35 92 86 54 79 24 39 34 94 84 68 5 93 69 28 49 36 1 83 81 65 54 5 92 57 31 56 32 0 88 43 25 98 4 44 45 54 21 94 95 67 72 33 51 64 75 35 64 13 43 37 43 83 12 17 90 66 12 12 16 48 83 75 70 58 1 83 26 38 16 15 29 45 58 30 65 48 79 27 25 88 60 48 34 70 60 18 14 44 84 16 98 2 25 67 
34 13 73 21 76 55 2 86 72 79 41 92 39 32 21 22 11 17 82 17 70 26 66 20 82 47 90 5 64 12 91 92 5 88 0 27 30 53 42 25 82 19 89 22 65 2 49 15 64 92 82 21 61 30 9 32 18 42 94 87 83 15 89 71 8 84 24 48 62 22 9 77 83 62 93 50 76 38 82 97 50 64 63 22 68 50 97 70 60 52 69 60 18 88 61 48 44 80 75 96 
93 98 10 43 23 74 13 46 93 13 51 26 21 24 85 82 21 32 90 1 53 74 11 33 99 9 86 88 98 35 72 11 83 43 27 0 52 33 20 94 19 31 54 15 93 9 37 5 38 63 74 95 22 67 88 12 25 57 89 17 93 36 63 89 70 94 31 44 74 23 27 59 10 92 41 39 61 66 51 43 85 37 66 59 80 55 49 4 76 42 9 71 45 34 74 7 48 23 45 6 
7 71 45 18 57 38 87 61 56 88 92 92 61 9 89 67 58 99 22 9 10 6 97 84 72 69 82 66 27 20 36 73 1 25 30 52 0 57 7 68 74 2 68 53 44 45 55 90 2 76 14 65 53 32 84 91 87 5 93 34 18 72 43 26 80 31 11 23 22 45 94 16 37 36 77 8 2 57 79 47 0 66 30 66 94 79 77 30 79 23 73 95 85 72 36 17 52 58 45 1 
3 39 91 6 19 86 29 72 10 88 33 22 48 76 71 90 5 63 62 93 25 18 29 8 72 88 52 15 49 40 83 90 85 98 53 33 57 0 39 35 12 31 66 22 95 36 31 42 87 26 12 11 88 41 99 38 47 3 0 78 15 89 32 43 46 46 59 42 18 0 65 45 51 66 90 79 11 81 98 42 92 47 42 57 94 95 23 30 49 1 29 41 91 73 68 86 11 33 14 63 
48 23 2 50 60 65 58 99 9 43 1 19 68 30 26 11 83 52 3 13 17 84 9 24 64 4 71 91 28 22 24 24 58 4 42 20 7 39 0 49 96 39 80 40 57 61 20 16 14 97 69 62 48 25 75 5 34 31 42 36 52 16 27 36 69 29 62 50 41 82 66 49 22 23 1 23 63 73 38 76 30 42 45 63 73 34 11 61 58 22 72 32 96 45 12 99 15 11 85 28 
9 99 77 37 69 34 82 67 30 28 11 75 33 83 86 15 64 22 13 32 47 98 7 70 69 86 37 90 30 84 95 22 63 44 25 94 68 35 49 0 42 79 82 27 29 24 22 43 12 85 64 55 17 30 30 50 73 73 83 84 27 18 38 74 55 46 15 85 70 1 3 60 64 63 84 92 34 15 35 90 68 57 74 18 94 14 21 28 17 90 35 98 94 28 0 87 80 57 46 63 
52 79 87 8 60 98 70 38 38 74 53 66 70 81 33 53 17 8 64 53 51 68 40 25 79 16 94 0 81 83 20 81 7 45 82 19 74 12 96 42 0 11 80 30 70 64 48 9 88 1 71 29 29 74 78 66 51 51 34 66 7 62 55 9 53 26 24 18 54 52 32 16 41 23 42 37 64 63 7 73 4 82 58 86 30 35 2 22 83 36 29 83 64 45 99 93 22 72 48 17 
27 30 67 59 63 48 74 1 71 28 13 25 64 77 5 63 64 24 79 34 67 43 17 30 22 23 84 75 1 19 89 86 39 54 19 31 2 31 39 79 11 0 17 48 24 10 76 33 22 23 63 52 86 97 32 58 3 88 23 62 98 99 65 94 6 87 71 24 67 62 56 20 73 87 20 9 65 60 36 25 23 88 94 93 59 96 24 88 20 94 60 52 0 8 59 87 2 42 30 80 
50 6 15 8 77 43 36 53 16 61 5 14 56 31 68 88 33 37 41 28 49 9 88 53 91 55 61 72 23 4 16 72 80 21 89 54 68 66 80 82 80 17 0 42 66 45 1 4 99 68 8 10 69 38 74 68 9 95 93 36 34 48 13 27 42 55 47 15 12 89 83 98 30 21 0 47 15 9 75 65 86 4 88 18 51 36 10 46 97 9 26 75 4 41 65 49 39 23 43 19 
24 60 40 43 2 9 94 94 15 54 22 65 60 73 11 31 13 13 41 82 40 90 97 9 99 28 89 32 41 31 0 2 9 94 22 15 53 22 40 27 30 48 42 0 3 69 55 76 53 86 0 71 31 5 35 46 75 26 94 37 18 53 69 47 34 1 84 20 45 95 49 64 30 81 55 94 92 39 44 26 34 91 71 39 84 52 2 60 28 14 49 92 47 10 86 47 17 45 60 90 
89 62 10 5 23 71 96 26 97 22 36 97 39 63 71 28 87 12 65 4 54 91 81 82 64 10 7 59 59 32 79 35 96 95 65 93 44 95 57 29 70 24 66 3 0 29 10 55 76 98 94 17 88 60 54 85 98 27 96 43 71 26 87 57 69 80 20 45 87 84 70 83 74 39 15 55 13 24 24 18 60 2 53 86 32 92 57 84 62 66 56 79 47 42 42 40 95 94 31 59 
30 88 49 65 8 76 19 21 71 61 28 88 64 42 71 9 63 48 17 76 73 30 72 42 49 18 70 90 27 74 16 29 69 67 2 9 45 36 61 24 64 10 45 69 29 0 43 69 38 31 74 24 25 49 69 34 81 72 99 13 75 35 18 1 12 28 37 18 74 19 80 92 39 66 75 15 20 84 81 78 49 98 86 2 44 20 97 15 36 70 66 42 5 85 35 21 94 20 87 18 
7 65 50 66 95 36 58 41 84 92 33 18 38 8 89 96 93 98 48 26 81 65 16 51 23 95 44 35 43 36 81 99 18 72 49 37 55 31 20 22 48 76 1 55 10 43 0 46 34 42 0 90 46 77 49 94 10 11 36 19 41 96 69 6 66 84 29 53 95 72 38 19 56 45 58 67 29 17 66 64 72 50 35 98 77 60 77 14 5 0 56 42 70 23 68 25 75 9 42 21 
47 55 87 55 64 21 65 92 24 64 12 69 44 45 33 41 91 13 22 72 27 69 53 21 7 31 18 3 55 33 93 2 85 33 15 5 90 42 16 43 9 33 4 76 55 69 46 0 85 88 67 60 36 38 7 25 88 60 16 14 83 88 13 8 34 11 82 10 33 10 23 24 67 78 48 53 81 26 6 5 54 77 89 92 76 21 4 88 46 67 63 39 27 3 87 41 72 24 29 69 
96 97 92 33 96 38 51 27 43 72 7 58 76 0 18 62 0 76 10 79 11 60 27 61 20 17 82 53 95 38 4 31 57 51 64 38 2 87 14 12 88 22 99 53 76 38 34 85 0 98 46 84 59 71 24 26 29 79 78 23 73 13 37 12 71 14 61 38 7 72 30 76 86 85 98 8 27 59 89 17 88 7 78 94 97 9 47 7 51 49 93 20 6 31 36 24 24 92 27 24 
12 96 85 23 75 33 86 2 6 36 56 43 64 62 96 78 48 68 79 57 14 44 27 60 93 21 48 53 24 91 13 38 53 64 92 63 76 26 97 85 1 23 68 86 98 31 42 88 98 0 59 83 40 20 18 90 11 37 4 78 46 10 97 85 48 66 27 88 70 15 61 36 43 39 38 56 16 18 50 76 86 80 63 78 37 24 30 42 0 62 71 48 97 49 7 69 6 40 59 95 
29 11 93 35 5 2 88 97 32 44 11 34 1 60 65 81 26 79 43 66 34 76 28 67 1 88 8 29 80 98 88 55 34 75 82 74 14 12 69 64 71 63 8 0 94 74 0 67 46 59 0 80 29 19 79 9 92 97 58 85 33 90 99 10 27 2 1 40 70 20 42 15 88 27 1 28 10 52 0 68 61 60 69 63 72 96 74 94 49 47 4 44 53 54 24 76 6 44 62 46 
83 58 20 34 5 48 60 54 30 82 9 66 89 62 58 43 12 12 41 22 74 47 8 77 70 11 40 33 24 1 45 68 23 35 21 95 65 11 62 55 29 52 10 71 17 24 90 60 84 83 80 0 64 11 14 31 56 64 34 79 29 16 92 50 20 80 31 65 56 93 88 94 95 68 23 0 53 39 2 49 80 58 65 98 25 89 90 11 98 73 52 51 95 92 86 37 25 30 34 94 
75 56 74 9 74 31 16 66 75 36 16 36 97 11 48 28 86 4 79 64 98 26 81 54 24 12 40 66 14 18 47 89 46 64 61 22 53 88 48 17 29 86 69 31 88 25 46 36 59 40 29 64 0 33 89 49 46 22 97 4 17 13 52 88 20 22 46 76 73 79 32 36 54 15 52 28 94 36 1 15 39 47 53 46 5 8 22 42 53 39 90 47 61 43 57 52 14 64 42 49 
98 72 99 24 86 18 19 77 44 14 7 18 17 60 16 97 12 5 25 4 1 25 20 22 37 64 94 62 29 75 44 67 38 13 30 67 32 41 25 30 74 97 38 5 60 49 77 38 71 20 19 11 33 0 48 94 47 4 99 8 62 35 31 56 99 75 56 75 20 78 51 0 16 21 5 64 84 98 53 0 59 38 76 25 85 62 72 97 19 41 82 84 47 52 70 12 24 82 22 29 
99 48 90 29 20 14 68 18 87 83 35 13 54 82 14 0 63 59 79 13 3 3 66 3 74 17 69 6 83 9 40 11 52 43 9 88 84 99 75 30 78 32 74 35 54 69 49 7 24 18 79 14 89 48 0 5 57 93 7 31 38 77 66 74 75 36 71 15 36 73 66 90 25 58 50 19 16 43 71 3 2 3 72 20 60 54 10 21 24 15 51 77 81 28 6 29 77 10 2 27 
85 27 84 63 56 0 46 74 24 64 48 74 35 53 7 53 27 17 81 25 26 86 72 17 31 74 77 57 26 95 40 39 82 37 32 12 91 38 5 50 66 58 68 46 85 34 94 25 26 90 9 31 49 94 5 0 29 78 10 60 17 86 60 11 30 47 99 30 10 28 45 48 79 41 14 46 83 85 7 72 98 60 37 85 74 92 94 68 7 49 64 9 47 91 63 63 57 37 0 86 
20 7 63 94 20 8 9 82 32 29 55 81 49 99 38 87 60 5 7 81 52 16 93 60 30 36 36 95 13 42 92 85 23 43 18 25 87 47 34 73 51 3 9 75 98 81 10 88 29 11 92 56 46 47 57 29 0 61 87 20 84 38 50 30 85 70 69 1 39 2 50 82 13 82 17 1 83 26 93 91 55 63 21 98 6 70 55 77 12 8 8 70 64 6 47 48 26 49 69 72 
65 12 91 19 9 38 89 38 94 45 80 90 7 94 75 80 71 36 51 10 67 43 38 67 55 94 86 62 10 13 7 80 34 83 42 57 5 3 31 73 51 88 95 26 27 72 11 60 79 37 97 64 22 4 93 78 61 0 25 19 70 54 68 31 22 78 63 36 77 26 39 61 18 30 85 39 65 81 38 10 40 95 13 30 12 12 82 94 75 16 73 31 5 72 20 46 53 16 64 30 
36 84 38 95 51 17 10 75 24 90 14 53 74 79 64 12 86 11 41 48 27 50 32 59 59 21 15 10 70 58 50 96 94 12 94 89 93 0 42 83 34 23 93 94 96 99 36 16 78 4 58 34 97 99 7 10 87 25 0 29 39 25 27 42 43 21 19 43 6 28 19 9 89 15 62 28 96 21 3 25 92 19 11 71 93 93 4 29 52 18 48 38 52 46 34 91 13 48 7 77 
89 61 90 85 95 9 48 47 32 6 39 44 30 13 85 80 14 77 87 93 0 62 22 45 37 55 57 22 26 89 97 30 4 17 87 17 34 78 36 84 66 62 36 37 43 13 19 14 23 78 85 79 4 8 31 60 20 19 29 0 27 64 0 53 82 57 93 34 21 23 87 77 88 91 71 54 58 54 64 10 58 39 60 75 88 83 48 70 69 99 12 70 77 14 10 96 14 99 57 37 
51 14 24 89 74 60 41 42 75 4 17 67 77 60 80 18 9 3 90 69 92 79 49 88 6 32 99 98 91 27 63 37 78 90 83 93 18 15 52 27 7 98 34 18 71 75 41 83 73 46 33 29 17 62 38 17 84 70 39 27 0 77 24 52 92 34 82 83 77 95 32 56 39 56 91 15 99 79 99 89 98 82 66 35 51 26 40 39 7 68 0 73 58 27 55 40 6 8 79 13 
61 98 48 6 59 79 96 97 8 68 75 92 73 15 94 79 35 1 39 53 35 77 58 82 35 76 98 18 80 89 82 62 95 66 15 36 72 89 16 18 62 99 48 53 26 35 96 88 13 10 90 16 13 35 77 86 38 54 25 64 77 0 40 70 51 66 21 26 79 62 21 1 75 24 3 37 69 12 42 75 32 61 10 38 55 43 52 46 4 59 6 95 62 99 86 30 10 84 39 69 
87 90 28 75 9 35 70 42 15 75 39 95 59 64 53 34 92 82 87 81 99 73 60 74 44 10 94 64 58 70 65 2 75 12 89 63 43 32 27 38 55 65 13 69 87 18 69 13 37 97 99 92 52 31 66 60 50 68 27 0 24 40 0 53 51 47 7 95 86 79 55 88 96 92 77 28 10 71 97 68 85 54 50 63 54 62 21 93 32 59 87 1 90 40 8 30 91 5 77 50 
62 54 79 31 47 84 85 22 95 39 5 84 2 71 74 31 92 98 6 50 7 50 17 51 87 4 35 50 7 43 24 33 15 12 71 89 26 43 36 74 9 94 27 47 57 1 6 8 12 85 10 50 88 56 74 11 30 31 42 53 52 70 53 0 84 27 67 4 98 57 7 59 83 71 54 21 49 81 77 77 45 87 52 4 23 9 18 63 1 91 50 46 14 60 60 41 63 16 97 51 
73 36 84 48 8 72 83 82 86 37 69 70 26 15 97 90 48 28 5 34 34 33 27 85 73 81 41 19 27 36 39 47 99 16 8 70 80 46 69 55 53 6 42 34 69 12 66 34 71 48 27 20 20 99 75 30 85 22 43 82 92 51 51 84 0 43 34 57 41 28 77 93 5 3 15 99 0 76 73 50 56 46 69 78 85 17 74 13 79 55 67 6 34 49 58 85 19 91 81 99 
73 58 47 75 43 79 41 77 17 3 59 65 75 21 3 34 92 62 94 13 70 94 77 53 13 87 65 8 99 31 28 10 28 48 84 94 31 46 29 46 26 87 55 1 80 28 84 11 14 66 2 80 22 75 36 47 70 78 21 57 34 66 47 27 43 0 56 82 38 33 15 20 54 42 95 79 1 95 49 5 17 14 25 43 34 49 76 65 46 33 42 55 5 58 88 72 98 29 57 44 
33 82 1 54 26 74 75 25 43 35 17 98 53 24 87 92 3 2 73 75 89 98 99 3 32 90 56 40 79 88 1 68 29 83 24 31 11 59 62 15 24 71 47 84 20 37 29 82 61 27 1 31 46 56 71 99 69 63 19 93 82 21 7 67 34 56 0 28 81 90 36 91 27 35 37 21 59 21 80 54 57 68 7 86 35 45 29 37 80 94 85 61 12 62 25 3 75 24 13 85 
47 99 81 26 28 85 14 98 35 44 16 84 38 57 43 13 72 24 46 60 30 73 41 64 61 1 9 48 64 20 16 26 29 75 48 44 23 42 50 85 18 24 15 20 45 18 53 10 38 88 40 65 76 75 15 30 1 36 43 34 83 26 95 4 57 82 28 0 11 37 32 96 49 6 1 1 16 38 21 14 68 34 87 61 51 41 70 86 39 41 73 47 53 82 8 19 4 23 15 65 
54 20 10 24 26 4 32 42 18 72 86 26 50 80 47 43 11 30 11 26 67 44 10 24 29 5 7 71 91 59 11 60 24 70 62 74 22 18 41 70 54 67 12 45 87 74 95 33 7 70 70 56 73 20 36 10 39 77 6 21 77 79 86 98 41 38 81 11 0 91 92 95 92 75 16 4 69 67 33 80 55 73 42 50 13 53 98 39 11 59 49 66 58 88 88 39 5 63 71 11 
67 2 48 16 57 67 58 82 4 32 9 33 24 98 55 50 9 30 30 15 32 32 86 85 54 83 99 99 70 93 48 73 95 58 22 23 45 0 82 1 52 62 89 95 84 19 72 10 72 15 20 93 79 78 73 28 2 26 28 23 95 62 79 57 28 33 90 37 91 0 10 34 97 15 87 16 85 91 7 96 33 57 90 68 47 57 10 63 29 51 48 57 91 84 74 47 78 83 74 58 
69 12 46 15 26 96 82 99 22 67 51 52 82 37 7 45 63 87 79 5 77 37 56 83 28 43 16 68 84 63 1 3 42 1 9 27 94 65 66 3 32 56 83 49 70 80 38 23 30 61 42 88 32 51 66 45 50 39 19 87 32 21 55 7 77 15 36 32 92 10 0 10 76 32 80 37 30 28 10 20 42 48 93 42 22 41 62 84 9 80 78 19 45 10 34 73 63 88 71 83 
77 29 0 24 14 76 35 20 16 73 87 65 72 33 67 13 46 17 84 53 53 78 29 28 22 31 91 46 3 84 41 89 9 83 77 59 16 45 49 60 16 20 98 64 83 92 19 24 76 36 15 94 36 0 90 48 82 61 9 77 56 1 88 59 93 20 91 96 95 34 10 0 48 27 2 11 44 63 29 46 84 22 69 33 9 35 61 19 53 24 52 94 58 30 41 13 9 39 66 0 
44 88 22 89 8 74 31 67 26 25 19 81 26 46 63 37 19 79 1 74 96 80 44 13 93 4 68 27 86 56 98 83 53 26 83 10 37 51 22 64 41 73 30 30 74 39 56 67 86 43 88 95 54 16 25 79 13 18 89 88 39 75 96 83 5 54 27 49 92 97 76 48 0 0 14 63 65 84 35 90 39 69 36 41 37 44 88 21 39 71 29 35 24 88 83 92 3 75 93 92 
77 49 55 92 69 14 5 40 42 57 36 83 47 21 18 57 63 89 5 73 65 61 89 18 40 59 52 22 97 96 26 4 86 38 62 92 36 66 23 63 23 87 21 81 39 66 45 78 85 39 27 68 15 21 58 41 82 30 15 91 56 24 92 71 3 42 35 6 75 15 32 27 0 0 5 83 59 23 2 34 81 13 86 30 79 29 71 17 67 98 71 44 96 25 39 38 65 77 58 77 
37 50 6 10 16 51 13 24 55 7 18 85 86 8 79 74 97 15 5 86 44 68 33 84 44 23 45 18 76 18 88 92 93 16 93 41 77 90 1 84 42 20 0 55 15 75 58 48 98 38 1 23 52 5 50 14 17 85 62 71 91 3 77 54 15 95 37 1 16 87 80 2 14 5 0 90 58 87 90 44 62 15 3 5 15 85 7 79 10 54 15 25 81 66 40 22 93 36 31 15 
79 5 48 87 21 50 61 3 48 99 75 8 46 1 7 96 3 89 48 94 34 81 94 73 56 10 1 42 72 5 46 38 14 15 50 39 8 79 23 92 37 9 47 94 55 15 67 53 8 56 28 0 28 64 19 46 1 39 28 54 15 37 28 21 99 79 21 1 4 16 37 11 63 83 90 0 96 34 67 18 79 68 9 6 91 92 2 11 29 61 14 82 30 48 13 67 4 85 75 33 
77 77 34 74 47 4 32 76 32 17 17 89 11 17 70 25 31 42 2 7 55 58 14 12 35 16 60 20 64 48 33 64 29 29 76 61 2 11 63 34 64 65 15 92 13 20 29 81 27 16 10 53 94 84 16 83 83 65 96 58 99 69 10 49 0 1 59 16 69 85 30 44 65 59 58 96 0 4 28 22 74 76 96 72 91 68 35 15 70 55 14 8 13 6 63 98 90 94 32 16 
85 54 13 53 70 83 87 25 36 18 80 36 47 34 4 92 63 95 85 19 64 93 77 81 64 33 57 45 17 25 22 18 38 45 38 66 57 81 73 15 63 60 9 39 24 84 17 26 59 18 52 39 36 98 43 85 26 81 21 54 79 12 71 81 76 95 21 38 67 91 28 63 84 23 87 34 4 0 57 87 31 77 22 62 7 78 4 22 49 84 95 4 88 42 69 43 90 14 12 77 
72 82 96 7 4 6 93 44 50 90 49 52 84 47 17 8 84 54 73 8 64 18 75 3 36 62 84 7 35 12 77 6 57 58 82 51 79 98 38 35 7 36 75 44 24 81 66 6 89 50 0 2 1 53 71 7 93 38 3 64 99 42 97 77 73 49 80 21 33 7 10 29 35 2 90 67 28 57 0 71 4 94 99 13 82 69 26 13 75 43 42 54 38 4 26 94 35 51 19 18 
7 44 67 36 41 68 80 26 74 6 87 39 3 85 31 58 66 74 6 64 53 48 16 34 55 71 14 39 90 29 36 36 23 30 97 43 47 42 76 90 73 25 65 26 18 78 64 5 17 76 68 49 15 0 3 72 91 10 25 10 89 75 68 77 50 5 54 14 80 96 20 46 90 34 44 18 22 87 71 0 50 21 60 24 77 48 5 75 9 59 8 11 52 52 87 41 32 46 2 35 
91 63 57 10 6 86 2 64 19 57 62 35 51 16 68 46 68 70 25 17 13 75 20 40 71 31 88 70 16 34 9 28 39 65 50 85 0 92 30 68 4 23 86 34 60 49 72 54 88 86 61 80 39 59 2 98 55 40 92 58 98 32 85 45 56 17 57 68 55 33 42 84 39 81 62 79 74 31 4 50 0 55 6 91 83 60 3 11 5 13 52 76 83 58 10 12 29 58 23 14 
59 68 56 22 4 14 31 78 61 28 47 23 6 80 86 85 26 49 74 62 78 6 36 6 10 89 1 6 25 9 23 85 75 48 64 37 66 47 42 57 82 88 4 91 2 98 50 77 7 80 60 58 47 38 3 60 63 95 19 39 82 61 54 87 46 14 68 34 73 57 48 22 69 13 15 68 76 77 94 21 55 0 1 63 97 57 85 32 61 79 25 63 26 72 20 99 51 52 52 83 
49 17 18 2 66 66 70 67 37 75 21 13 58 69 70 8 18 86 37 65 13 67 72 17 69 88 4 74 76 26 0 58 1 79 63 66 30 42 45 74 58 94 88 71 53 86 35 89 78 63 69 65 53 76 72 37 21 13 11 60 66 10 50 52 69 25 7 87 42 90 93 69 36 86 3 9 96 22 99 60 6 1 0 31 78 45 49 31 18 51 9 72 85 30 38 64 15 40 87 89 
84 53 21 4 76 33 49 14 43 6 39 36 50 20 10 23 27 77 33 7 73 71 6 70 99 25 34 52 41 72 57 51 66 27 22 59 66 57 63 18 86 93 18 39 86 2 98 92 94 78 63 98 46 25 20 85 98 30 71 75 35 38 63 4 78 43 86 61 50 68 42 33 41 30 5 6 72 62 13 24 91 63 31 0 39 9 36 71 42 34 10 53 99 8 51 73 82 19 83 81 
44 24 27 22 20 65 17 65 73 39 72 47 91 37 96 55 17 26 23 70 36 90 7 52 25 2 43 5 1 88 28 17 90 25 68 80 94 94 73 94 30 59 51 84 32 44 77 76 97 37 72 25 5 85 60 74 6 12 93 88 51 55 54 23 85 34 35 51 13 47 22 9 37 79 15 91 91 7 82 77 83 97 78 39 0 99 35 24 55 90 28 32 88 50 83 82 8 59 8 9 
26 59 85 83 88 68 58 22 83 9 63 16 84 50 25 52 51 32 10 20 5 19 17 47 65 45 58 62 31 48 34 75 79 88 50 55 79 95 34 14 35 96 36 52 92 20 60 21 9 24 96 89 8 62 54 92 70 12 93 83 26 43 62 9 17 49 45 41 53 57 41 35 44 29 85 92 68 78 69 48 60 57 45 9 99 0 7 80 48 5 67 37 57 99 57 61 90 75 68 17 
38 58 16 26 14 78 4 7 13 51 67 25 28 84 66 95 6 16 32 63 10 31 47 55 41 87 10 2 36 61 82 26 73 60 97 49 77 23 11 21 2 24 10 2 57 97 77 4 47 30 74 90 22 72 10 94 55 82 4 48 40 52 21 18 74 76 29 70 98 10 62 61 88 71 7 2 35 4 26 5 3 85 49 36 35 7 0 78 66 83 42 6 13 22 17 91 26 52 93 18 
86 74 75 60 40 65 63 99 37 19 1 63 85 14 27 35 75 72 17 83 36 8 41 43 84 21 58 40 38 18 37 41 64 48 70 4 30 30 61 28 22 88 46 60 84 15 14 88 7 42 94 11 42 97 21 68 77 94 29 70 39 46 93 63 13 65 37 86 39 63 84 19 21 17 79 11 15 22 13 75 11 32 31 71 24 80 78 0 65 16 95 51 62 32 59 30 44 98 85 62 
27 71 77 80 17 86 77 37 65 56 44 24 67 98 22 79 31 72 96 63 32 40 9 97 72 66 62 73 81 8 14 31 4 34 60 76 79 49 58 17 83 20 97 28 62 36 5 46 51 0 49 98 53 19 24 7 12 75 52 69 7 4 32 1 79 46 80 39 11 29 9 53 39 67 10 29 70 49 75 9 5 61 18 42 55 48 66 65 0 11 8 70 60 41 22 74 28 68 37 4 
2 68 82 4 76 15 14 86 56 50 64 79 39 29 26 25 10 33 97 97 0 28 53 30 13 61 80 7 6 93 19 96 84 70 52 42 23 1 22 90 36 94 9 14 66 70 0 67 49 62 47 73 39 41 15 49 8 16 18 99 68 59 59 91 55 33 94 41 59 51 80 24 71 98 54 61 55 84 43 59 13 79 51 34 90 5 83 16 11 0 63 4 36 68 58 94 68 98 23 12 
17 39 35 97 1 83 45 31 41 64 79 68 40 73 81 18 86 42 30 16 29 50 27 58 21 60 31 69 73 38 73 79 43 60 69 9 73 29 72 35 29 60 26 49 56 66 56 63 93 71 4 52 90 82 51 64 8 73 48 12 0 6 87 50 67 42 85 73 49 48 78 52 29 71 15 14 14 95 42 8 52 25 9 10 28 67 42 95 8 63 0 79 76 81 34 79 56 78 64 79 
73 57 18 3 79 47 90 43 32 77 44 2 20 14 38 65 78 6 57 21 31 59 41 77 0 70 65 30 73 13 6 55 51 18 60 71 95 41 32 98 83 52 75 92 79 42 42 39 20 48 44 51 47 84 77 9 70 31 38 70 73 95 1 46 6 55 61 47 66 57 19 94 35 44 25 82 8 4 54 11 76 63 72 53 32 37 6 51 70 4 79 0 67 81 14 45 61 93 52 5 
60 19 13 45 84 56 65 67 31 10 94 87 25 76 53 89 65 73 85 18 21 50 18 56 56 51 82 7 12 6 7 46 97 14 18 45 85 91 96 94 64 0 4 47 47 5 70 27 6 97 53 95 61 47 81 47 64 5 52 77 58 62 90 14 34 5 12 53 58 91 45 58 24 96 81 30 13 88 38 52 83 26 85 99 88 57 13 62 60 36 76 67 0 59 29 39 88 54 79 31 
13 57 3 55 24 55 47 74 98 45 76 90 35 9 89 82 41 99 19 5 64 18 45 83 21 18 27 44 25 89 2 34 8 44 88 34 72 73 45 28 45 8 41 10 42 85 23 3 31 49 54 92 43 52 28 91 6 72 46 14 27 99 40 60 49 58 62 82 88 84 10 30 88 25 66 48 6 42 4 52 58 72 30 8 50 99 22 32 41 68 81 81 59 0 32 37 79 25 44 50 
79 22 78 96 75 52 9 33 73 99 50 4 97 24 72 15 45 38 69 97 1 71 59 51 6 5 95 52 57 44 41 43 30 84 61 74 36 68 12 0 99 59 65 86 42 35 68 87 36 7 24 86 57 70 6 63 47 20 34 10 55 86 8 60 58 88 25 8 88 74 34 41 83 39 40 13 63 69 26 87 10 20 38 51 83 57 17 59 22 58 34 14 29 32 0 97 14 97 74 47 
73 71 38 93 22 11 88 97 43 23 51 44 44 56 12 60 20 85 50 82 69 52 22 27 49 73 34 43 97 42 35 37 5 16 48 7 17 86 99 87 93 87 49 47 40 21 25 41 24 69 76 37 52 12 29 63 48 46 91 96 40 30 30 41 85 72 3 19 39 47 73 13 92 38 22 67 98 43 94 41 12 99 64 73 82 61 91 30 74 94 79 45 39 37 97 0 70 59 70 32 
72 86 41 66 99 42 29 76 80 27 77 12 42 23 92 88 0 38 78 66 40 69 29 25 43 17 44 96 50 48 48 79 25 98 44 48 52 11 15 80 22 2 39 17 95 94 75 72 24 6 6 25 14 24 77 57 26 53 13 14 6 10 91 63 19 98 75 4 5 78 63 9 3 65 93 4 90 90 35 32 29 51 15 82 8 90 26 44 28 68 56 61 88 79 14 70 0 86 31 46 
71 85 71 13 66 51 54 6 91 75 30 38 41 94 90 45 76 24 57 19 66 42 85 21 19 2 54 73 69 80 9 75 4 2 80 23 58 33 11 57 72 42 23 45 94 20 9 24 92 40 44 30 64 82 10 37 49 16 48 99 8 84 5 16 91 29 24 23 63 83 88 39 75 77 36 85 94 14 51 46 58 52 40 19 59 75 52 98 68 98 78 93 54 25 97 59 86 0 82 98 
15 56 18 60 81 8 19 5 80 62 97 16 55 85 4 81 67 5 96 60 54 77 55 73 77 43 81 56 35 58 62 74 37 25 75 45 45 14 85 46 48 30 43 60 31 87 42 29 27 59 62 34 42 22 2 0 69 64 7 57 79 39 77 97 81 57 13 15 71 74 71 66 93 58 31 75 32 12 19 2 23 52 87 83 8 68 93 85 37 23 64 52 79 44 74 70 31 82 0 27 
79 17 34 67 77 42 44 56 24 12 56 94 14 42 29 17 79 53 36 64 7 71 79 96 57 79 57 10 86 87 93 28 60 67 96 6 1 63 28 63 17 80 19 90 59 18 21 69 24 95 46 94 49 29 27 86 72 30 77 37 13 69 50 51 99 44 85 65 11 58 83 0 92 77 15 33 16 77 18 35 14 83 89 81 9 17 18 62 4 12 79 5 31 50 47 32 46 98 27 0 
0 64 25 75 33 50 15 84 30 9 96 60 51 96 92 62 25 56 11 99 26 65 87 51 4 86 37 66 32 81 39 29 16 20 77 13 15 89 63 97 85 64 31 90 39 78 55 67 50 24 40 98 12 55 12 16 65 98 7 37 99 90 48 40 94 78 30 19 12 78 52 31 8 14 57 81 85 65 99 46 14 49 81 31 93 0 92 73 30 83 94 14 55 92 69 87 32 22 60 96 
64 0 7 38 50 17 66 0 56 47 58 62 38 56 64 65 91 97 4 92 81 67 16 57 28 55 98 10 15 96 14 30 6 34 94 86 46 43 26 55 96 89 99 38 7 49 7 42 94 49 80 2 76 32 25 0 78 58 59 43 80 74 95 64 37 96 5 34 19 82 51 47 44 16 60 59 56 18 50 94 51 3 54 4 5 7 2 79 82 18 77 28 91 30 50 94 85 29 86 56 
25 7 0 84 73 19 95 65 28 7 50 3 2 71 96 23 41 81 4 97 54 42 59 90 40 29 73 42 23 45 92 27 88 84 78 82 24 89 21 73 29 23 11 39 90 3 60 32 74 61 60 33 47 25 26 63 52 69 0 46 78 53 88 99 39 10 20 6 23 34 15 20 95 26 6 41 27 40 47 70 36 9 98 26 56 59 20 60 11 18 98 47 10 86 14 58 6 91 85 53 
75 38 84 0 41 8 43 27 68 41 35 8 90 28 52 8 72 92 25 39 63 56 88 77 38 8 99 36 95 31 19 70 14 63 56 90 90 26 54 48 3 36 17 94 15 48 48 93 25 90 3 31 49 55 46 80 80 40 95 2 74 34 68 12 72 81 49 47 87 74 46 51 94 42 15 34 73 70 24 1 34 96 59 79 37 61 8 0 0 20 51 77 20 50 49 77 99 80 96 3 
33 50 73 41 0 82 83 65 26 92 83 87 78 74 55 93 20 29 88 11 12 7 11 65 69 69 72 10 11 32 29 72 16 83 25 50 40 51 27 34 3 99 70 68 90 14 17 53 1 2 46 93 37 58 72 59 99 68 60 18 42 86 66 48 52 52 62 80 14 68 1 1 31 46 38 24 9 67 73 2 55 32 13 98 85 5 77 46 1 57 43 72 7 30 21 84 95 80 76 88 
50 17 19 8 82 0 39 54 9 72 71 17 16 47 63 44 84 84 68 94 82 75 46 94 55 44 5 1 13 61 39 39 90 32 42 71 42 99 99 24 3 10 30 62 64 56 97 28 34 73 99 95 8 30 27 0 64 37 69 52 21 74 23 53 2 58 35 15 49 81 89 44 73 78 4 81 55 30 65 64 46 80 75 4 77 64 27 0 38 67 80 19 58 80 46 80 77 13 57 86 
15 66 95 43 83 39 0 71 39 97 75 98 83 32 14 27 64 89 64 74 33 57 83 82 2 96 39 81 62 98 95 46 47 15 58 40 84 27 40 20 27 48 2 70 98 64 65 50 36 67 53 91 18 27 37 13 67 92 57 95 15 85 76 31 34 15 30 10 3 84 85 44 65 25 77 66 17 55 80 68 95 13 52 94 56 57 12 87 51 5 61 0 75 71 80 90 84 66 76 63 
84 0 65 27 65 54 71 0 92 63 51 73 14 16 12 69 70 42 2 8 96 3 14 55 26 53 54 43 44 93 70 32 47 60 72 67 12 14 10 21 59 75 2 83 54 73 8 39 37 31 22 63 28 62 74 14 57 66 34 8 94 27 67 11 50 39 29 8 45 72 74 38 45 92 20 79 41 47 64 92 44 31 4 3 92 25 43 39 67 91 42 22 21 37 60 53 70 52 99 96 
30 56 28 68 26 9 39 92 0 75 61 50 44 99 10 11 92 40 19 19 55 92 63 98 21 80 0 26 12 48 41 24 16 1 97 7 10 82 41 14 33 43 81 4 79 36 54 20 31 2 11 11 79 79 9 64 79 75 67 94 77 48 69 18 26 59 11 26 14 17 81 71 66 87 77 7 29 61 10 85 26 92 45 15 65 26 78 53 32 43 45 78 32 40 32 0 65 70 58 94 
9 47 7 41 92 72 97 63 75 0 14 65 82 21 82 92 52 17 23 97 24 74 46 51 88 84 39 52 71 54 82 41 22 33 85 84 42 75 71 23 32 77 57 82 50 43 63 66 65 44 24 5 71 81 49 4 95 62 63 12 53 89 32 22 34 33 55 28 54 73 67 22 90 97 30 70 52 46 3 95 50 76 30 91 40 16 66 42 97 30 44 57 33 84 88 83 83 23 55 36 
96 58 50 35 83 71 75 51 61 14 0 84 23 37 17 30 84 24 85 61 13 84 43 13 31 44 28 98 82 54 50 6 69 39 91 24 21 78 92 20 33 98 76 54 67 99 46 61 80 22 95 5 76 47 72 86 78 9 56 49 82 3 50 63 2 67 28 26 15 14 21 54 63 80 61 97 95 5 91 54 19 27 18 77 31 95 92 26 51 24 98 49 36 59 30 54 56 73 81 15 
60 62 3 8 87 17 98 73 50 65 84 0 17 11 43 53 89 68 42 1 0 50 59 99 1 52 91 57 7 71 53 8 3 68 88 14 24 8 87 48 38 29 73 40 8 29 93 33 41 41 47 27 12 44 59 10 19 95 31 90 16 62 17 89 11 44 45 79 0 91 94 5 82 40 66 95 7 1 66 84 93 85 44 28 84 40 45 62 91 17 86 84 29 63 93 3 60 39 98 70 
51 38 2 90 78 16 83 14 44 82 23 17 0 28 22 87 79 49 38 8 82 65 34 88 46 71 79 73 11 21 95 65 9 18 90 37 42 16 97 31 57 91 20 8 41 9 55 61 4 41 59 20 33 9 35 2 88 61 44 53 32 83 96 92 70 95 91 43 76 49 23 94 77 74 91 45 44 21 46 58 51 8 60 39 9 79 87 69 80 93 85 81 42 43 10 54 10 8 52 36 
96 56 71 28 74 47 32 16 99 21 37 11 28 0 42 22 26 61 82 69 65 5 86 12 45 54 20 34 94 65 83 27 94 74 87 69 18 84 52 64 72 20 66 97 26 88 91 68 88 42 66 63 29 54 15 45 69 29 17 14 94 41 32 61 51 86 13 88 38 17 21 18 2 63 83 4 37 52 87 38 98 46 24 7 23 4 6 86 87 7 63 11 51 5 2 24 17 42 97 83 
92 64 96 52 55 63 14 12 10 82 17 43 22 42 0 21 81 75 78 53 87 84 87 18 36 55 16 20 92 69 49 99 20 3 93 63 43 47 27 58 70 52 11 92 18 1 29 70 51 46 11 6 66 39 30 42 75 32 28 59 23 14 82 62 88 80 51 37 44 29 86 59 50 86 21 64 15 67 11 20 28 67 79 65 66 50 24 0 52 25 5 30 96 88 98 37 23 92 99 37 
62 65 23 8 93 44 27 69 11 92 30 53 87 22 21 0 87 13 19 89 25 73 71 68 31 55 54 85 66 58 58 66 89 71 27 49 79 26 10 26 95 67 38 39 20 84 46 95 54 38 23 75 91 38 73 58 5 81 24 17 38 17 80 95 56 70 75 98 28 71 2 75 12 33 56 35 68 29 24 93 10 77 22 12 89 92 47 69 80 69 20 11 45 31 95 43 41 94 92 89 
25 91 41 72 20 84 64 70 92 52 84 89 79 26 81 87 0 49 44 85 0 96 23 4 43 58 15 70 99 95 23 65 10 43 32 3 19 80 99 98 67 88 31 98 42 1 97 61 82 15 36 43 4 52 94 33 98 48 3 29 21 98 41 15 1 51 7 62 4 33 49 9 8 67 74 29 52 41 45 37 76 72 58 0 3 21 37 51 36 19 92 76 14 26 34 79 63 98 77 51 
56 97 81 92 29 84 89 42 40 17 24 68 49 61 75 13 49 0 83 5 77 35 68 43 52 29 16 28 49 69 28 40 31 81 30 79 52 8 72 66 69 36 14 27 48 54 0 58 48 70 42 94 37 85 9 2 66 89 72 11 97 11 42 78 97 91 74 65 80 8 5 44 24 87 7 29 31 11 43 20 59 76 53 92 45 36 8 89 62 78 1 75 29 36 17 6 93 13 0 18 
11 4 4 25 88 68 64 2 19 23 85 42 38 82 78 19 44 83 0 15 66 32 63 54 38 74 96 82 78 15 68 46 37 46 16 34 47 5 89 37 41 11 53 80 10 68 39 18 39 87 97 28 95 41 84 81 68 0 80 68 23 47 31 51 17 78 10 65 33 67 46 17 21 87 9 23 98 40 62 94 67 43 82 43 69 66 90 26 92 22 17 29 97 6 13 62 17 89 17 19 
99 92 97 39 11 94 74 8 19 97 61 1 8 69 53 89 85 5 15 0 60 7 81 47 66 2 76 29 13 76 54 76 83 94 42 46 33 10 28 85 1 46 4 9 38 4 18 7 27 77 97 30 74 52 83 49 20 29 79 7 90 47 2 8 19 0 6 87 78 89 95 13 74 99 56 20 25 60 96 89 85 93 47 47 37 12 61 81 99 76 45 8 70 62 93 81 65 90 21 94 
26 81 54 63 12 82 33 96 55 24 13 0 82 65 87 25 0 77 66 60 0 72 54 81 97 99 72 52 2 14 61 16 80 9 77 19 52 7 49 74 54 88 56 11 66 54 45 75 74 13 99 45 11 15 48 94 1 43 97 63 14 21 17 24 30 13 1 36 71 29 38 23 26 17 91 91 13 31 51 55 85 31 9 45 4 25 57 46 4 69 70 38 52 33 45 0 13 17 14 94 
65 67 42 56 7 75 57 3 92 74 84 50 65 5 84 73 96 35 32 7 72 0 63 15 44 69 74 42 32 78 37 9 65 87 93 87 44 46 24 28 38 32 35 53 96 0 19 43 50 6 88 37 39 26 95 56 2 29 51 45 42 57 79 48 57 99 11 63 95 65 59 40 11 30 66 26 15 4 39 70 83 93 89 21 27 6 32 23 13 26 3 5 49 88 58 73 74 75 52 22 
87 16 59 88 11 46 83 14 63 46 43 59 34 86 87 71 23 68 63 81 54 63 0 42 96 76 73 81 29 43 24 3 7 58 57 38 76 60 10 70 73 46 16 89 25 95 30 8 87 38 22 25 92 25 45 90 6 79 88 30 46 23 15 52 4 61 64 63 94 97 98 11 70 24 44 90 74 37 25 2 2 67 18 65 40 81 53 54 3 58 69 28 71 65 97 58 21 36 72 30 
51 57 90 77 65 94 82 55 98 51 13 99 88 12 18 68 4 43 54 47 81 15 42 0 41 17 5 0 0 43 68 16 72 80 6 2 55 20 84 4 85 38 27 72 6 58 54 44 77 2 6 22 57 76 18 42 35 76 86 98 37 55 38 13 6 8 23 0 61 55 17 3 56 44 5 25 91 56 34 99 32 10 0 99 43 86 79 89 25 92 77 10 79 32 10 83 51 49 3 73 
4 28 40 38 69 55 2 26 21 88 31 1 46 45 36 31 43 52 38 66 97 44 96 41 0 98 97 0 42 71 66 87 72 19 13 84 13 79 82 61 52 89 40 8 41 94 94 61 84 77 43 41 16 46 99 80 19 67 92 29 8 65 74 45 53 86 84 38 74 28 91 97 83 24 0 8 76 95 46 22 7 41 43 66 96 43 6 69 1 47 40 26 55 23 21 57 47 94 56 22 
86 55 29 8 69 44 96 53 80 84 44 52 71 54 55 55 58 29 74 2 99 69 76 17 98 0 56 68 75 61 77 19 45 31 34 8 69 85 2 43 30 17 28 22 57 86 28 61 88 13 2 54 14 62 87 16 78 60 49 31 23 4 22 15 93 13 10 61 0 21 28 51 98 51 50 66 28 2 96 88 76 26 57 24 41 79 55 26 49 43 73 60 95 91 18 75 71 88 69 86 
37 98 73 99 72 5 39 54 0 39 28 91 79 20 16 54 15 16 96 76 72 74 73 5 97 56 0 60 47 14 87 34 67 84 13 2 34 22 11 77 72 85 47 29 23 73 18 19 60 42 54 83 24 29 41 25 45 44 78 34 14 99 13 73 19 86 80 49 80 58 37 73 82 96 22 96 97 32 96 77 94 5 11 41 80 50 58 88 56 61 29 62 20 27 54 33 19 70 77 22 
66 10 42 36 10 1 81 43 26 52 98 57 73 34 20 85 70 28 82 29 52 42 81 0 0 68 60 0 99 6 96 22 49 66 77 82 82 24 44 84 99 65 12 98 18 69 2 9 92 10 19 79 20 9 72 87 79 1 60 98 16 61 80 90 62 36 56 83 97 89 62 39 55 4 11 76 99 39 28 17 30 79 41 83 57 50 50 46 6 64 7 18 74 66 61 42 58 28 39 46 
32 15 23 95 11 13 62 44 12 71 82 7 11 94 92 66 99 49 78 13 2 32 29 0 42 75 47 99 0 3 18 91 33 75 11 76 26 84 99 16 40 82 86 69 72 47 39 44 20 97 59 97 58 65 91 7 27 87 11 64 40 75 66 76 60 82 64 20 32 42 26 76 64 57 82 68 23 5 66 24 56 58 95 48 22 87 73 2 87 89 34 85 79 51 99 99 27 12 82 3 
81 96 45 31 32 61 98 93 48 54 54 71 21 65 69 58 95 69 15 76 14 78 43 43 71 61 14 6 3 0 64 79 78 55 33 40 21 75 9 62 88 18 22 32 36 57 49 27 64 55 27 77 29 94 97 38 32 63 90 47 40 21 36 29 77 76 68 30 9 55 96 72 24 74 4 80 66 49 61 93 58 49 85 30 87 70 83 74 54 10 36 77 95 5 45 52 3 44 39 62 
39 14 92 19 29 39 95 70 41 82 50 53 95 83 49 58 23 28 68 54 61 37 24 68 66 77 87 96 18 64 0 35 59 24 22 71 63 69 64 0 98 52 26 66 30 68 59 8 71 95 56 46 99 55 28 59 31 61 41 43 27 7 86 22 42 82 67 19 62 92 26 50 29 86 9 87 14 92 95 34 2 81 42 39 15 60 64 31 36 81 13 58 36 29 7 45 46 0 18 32 
29 30 27 70 72 39 46 32 24 41 6 8 65 27 99 66 65 40 46 76 16 9 3 16 87 19 34 22 91 79 35 0 31 48 61 64 57 15 90 96 9 0 58 25 93 36 56 35 96 14 8 73 22 38 71 40 47 43 20 0 12 29 41 69 61 59 59 52 56 66 84 10 3 2 83 84 49 69 49 10 96 71 1 43 88 87 21 81 8 78 51 74 78 91 33 28 25 43 68 36 
16 6 88 14 16 90 47 47 16 22 69 3 9 94 20 89 10 31 37 83 80 65 7 72 72 45 67 49 33 78 59 31 0 81 15 21 96 2 38 50 27 40 5 40 61 57 24 31 53 36 13 89 76 36 55 46 94 35 21 80 6 47 76 23 53 14 81 58 82 22 45 65 93 43 56 48 85 69 7 92 15 70 77 84 33 52 50 72 33 54 69 77 71 60 78 59 76 10 51 60 
20 34 84 63 83 32 15 60 1 33 39 68 18 74 3 71 43 81 46 94 9 87 58 80 19 31 84 66 75 55 24 48 81 0 95 32 91 52 80 39 31 95 79 52 16 71 13 45 4 90 78 59 32 50 91 15 35 34 26 95 26 68 63 33 51 81 14 94 3 39 11 7 34 23 66 30 35 0 69 83 15 23 30 30 34 55 14 5 80 88 50 75 3 70 18 67 19 77 20 4 
77 94 78 56 25 42 58 72 97 85 91 88 90 87 93 27 32 30 16 42 77 93 57 6 13 34 13 77 11 33 22 61 15 95 0 21 48 27 38 96 6 34 62 97 8 18 27 9 70 79 51 9 11 6 50 22 55 50 82 98 48 31 34 89 83 52 33 38 9 24 24 70 71 82 6 32 26 48 84 33 17 13 55 18 95 74 1 22 5 67 94 92 89 73 43 30 52 59 37 83 
13 86 82 90 50 71 40 67 7 84 24 14 37 69 63 49 3 79 34 46 19 87 38 2 84 8 2 82 76 40 71 64 21 32 21 0 12 90 13 38 91 78 17 79 70 60 40 98 71 62 28 60 46 23 98 8 93 10 44 2 4 8 13 40 32 61 72 86 94 33 81 17 7 44 82 50 85 92 5 77 85 66 90 72 55 71 10 74 51 18 17 39 32 19 32 45 14 86 32 59 
15 46 24 90 40 42 84 12 10 42 21 24 42 18 43 79 19 52 47 33 52 44 76 55 13 69 34 82 26 21 63 57 96 91 48 12 0 99 15 78 62 41 64 83 92 32 66 81 20 91 94 37 19 62 13 22 54 72 92 28 82 29 47 35 44 53 87 87 80 31 47 38 9 8 98 43 31 84 82 16 78 4 72 54 91 56 88 54 57 99 36 88 27 14 15 78 61 18 97 83 
89 43 89 26 51 99 27 14 82 75 78 8 16 84 47 26 80 8 5 10 7 46 60 20 79 85 22 24 84 75 69 15 2 52 27 90 99 0 80 68 75 33 91 84 97 88 23 21 48 73 4 56 0 61 81 5 64 33 39 92 18 25 69 83 92 58 22 29 43 52 82 31 78 87 76 75 87 14 79 49 36 55 16 9 16 0 77 45 5 86 83 18 97 88 41 29 30 17 45 88 
63 26 21 54 27 99 40 10 41 71 92 87 97 52 27 10 99 72 89 28 49 24 10 84 82 2 11 44 99 9 64 90 38 80 38 13 15 80 0 83 18 95 22 28 80 61 62 98 22 86 37 11 13 11 30 71 47 8 46 84 31 13 26 23 34 40 31 61 53 17 95 49 32 99 39 91 45 37 28 56 10 42 80 48 63 98 70 52 15 4 36 55 8 43 33 37 90 70 62 77 
97 55 73 48 34 24 20 21 14 23 20 48 31 64 58 26 98 66 37 85 74 28 70 4 61 43 77 84 16 62 0 96 50 39 96 38 78 68 83 0 73 74 98 35 62 12 46 32 5 49 86 82 8 81 92 95 85 96 12 14 33 28 85 97 14 82 49 59 59 52 42 66 40 50 5 22 37 23 22 68 96 49 71 37 90 21 90 13 6 0 89 44 79 76 40 43 85 72 81 75 
85 96 29 3 3 3 27 59 33 32 33 38 57 72 70 95 67 69 41 1 54 38 73 85 52 30 72 99 40 88 98 9 27 31 6 91 62 75 18 73 0 52 35 43 27 67 88 30 11 9 84 51 40 96 9 14 8 83 63 36 79 48 50 58 33 55 18 74 50 75 33 25 55 67 38 81 13 22 25 29 7 45 39 40 21 73 55 10 82 85 57 58 29 79 2 36 93 38 28 19 
64 89 23 36 99 10 48 75 43 77 98 29 91 20 52 67 88 36 11 46 88 32 46 38 89 17 85 65 82 18 52 0 40 95 34 78 41 33 95 74 52 0 84 51 86 69 48 18 81 72 34 7 26 59 1 18 78 54 69 48 62 55 39 82 1 35 81 60 59 87 28 81 7 99 67 85 3 83 19 24 66 96 90 97 95 38 30 39 64 26 56 86 52 79 78 75 98 56 59 1 
31 99 11 17 70 30 2 2 81 57 76 73 20 66 11 38 31 14 53 4 56 35 16 27 40 28 47 12 86 22 26 58 5 79 62 17 64 91 22 98 35 84 0 94 18 96 16 23 36 21 18 34 24 63 89 62 49 58 29 75 46 59 8 48 13 23 77 79 78 46 60 52 63 48 6 65 20 80 87 82 23 23 94 37 63 65 98 7 43 29 83 15 51 17 70 77 10 79 84 24 
90 38 39 94 68 62 70 83 4 82 54 40 8 97 92 39 98 27 80 9 11 53 89 72 8 22 29 98 69 32 66 25 40 52 97 79 83 84 28 35 43 51 94 0 68 32 27 84 36 11 21 73 80 51 23 40 4 71 50 66 13 44 38 69 64 53 27 40 60 24 60 96 29 22 58 11 61 35 94 97 1 83 92 44 90 54 12 63 35 24 97 15 58 44 93 74 22 28 32 22 
39 7 90 15 90 64 98 54 79 50 67 8 41 26 18 20 42 48 10 38 66 96 25 6 41 57 23 18 72 36 30 93 61 16 8 70 92 97 80 62 27 86 18 68 0 94 6 74 72 61 65 70 17 83 68 19 57 66 45 79 68 12 5 48 98 44 38 77 8 26 20 55 48 17 68 5 57 89 84 49 89 2 57 76 4 81 56 92 36 98 2 66 23 74 28 36 93 50 12 3 
78 49 3 48 14 56 64 73 36 43 99 29 9 88 1 84 1 54 68 4 54 0 95 58 94 86 73 69 47 57 68 36 57 71 18 60 32 88 61 12 67 69 96 32 94 0 30 9 90 93 56 97 93 35 97 55 31 12 93 32 64 62 64 74 42 73 32 2 83 91 23 31 72 46 1 62 68 61 53 97 35 64 26 33 24 27 25 71 91 94 75 59 25 82 63 16 55 61 58 40 
55 7 60 48 17 97 65 8 54 63 46 93 55 91 29 46 97 0 39 18 45 19 30 54 94 28 18 2 39 49 59 56 24 13 27 40 66 23 62 46 88 48 16 27 6 30 0 30 25 69 68 15 24 12 47 57 65 90 41 40 95 14 98 14 18 44 60 58 16 40 6 62 83 98 67 95 84 34 83 62 93 14 35 97 56 63 45 36 85 9 99 81 17 27 78 82 78 68 74 28 
67 42 32 93 53 28 50 39 20 66 61 33 61 68 70 95 61 58 18 7 75 43 8 44 61 61 19 9 44 27 8 35 31 45 9 98 81 21 98 32 30 18 23 84 74 9 30 0 0 45 50 94 69 77 40 36 95 13 62 62 22 9 77 69 16 21 29 85 2 34 26 47 8 76 88 4 64 22 77 74 47 44 56 84 64 60 43 10 6 32 35 66 81 0 42 5 7 60 1 0 
50 94 74 25 1 34 36 37 31 65 80 41 4 88 51 54 82 48 39 27 74 50 87 77 84 88 60 92 20 64 71 96 53 4 70 71 20 48 22 5 11 81 36 36 72 90 25 0 0 37 8 6 96 75 21 89 6 60 66 82 4 18 89 74 1 6 23 75 61 47 68 10 45 55 73 63 82 63 74 50 69 68 80 59 13 99 86 79 83 63 71 32 56 2 28 64 16 48 54 64 
24 49 61 90 2 73 67 31 2 44 22 41 41 42 46 38 15 70 87 77 13 6 38 2 77 13 42 10 97 55 95 14 36 90 79 62 91 73 86 49 9 72 21 11 61 93 69 45 37 0 14 78 48 54 47 58 46 55 26 22 21 89 10 50 48 35 93 32 60 38 79 15 85 78 71 96 90 97 92 75 32 47 20 27 26 59 46 70 93 90 9 93 42 10 35 42 41 98 91 96 
40 80 60 3 46 99 53 22 11 24 95 47 59 66 11 23 36 42 97 97 99 88 22 6 43 2 54 19 59 27 56 8 13 78 51 28 94 4 37 86 84 34 18 21 65 56 68 50 8 14 0 65 8 81 72 28 11 94 69 5 3 51 29 68 49 83 0 26 72 79 82 38 92 16 67 51 35 0 37 27 76 96 1 84 25 86 99 83 15 9 67 41 39 58 35 26 42 46 60 30 
98 2 33 31 93 95 91 63 11 5 5 27 20 63 6 75 43 94 28 30 45 37 25 22 41 54 83 79 97 77 46 73 89 59 9 60 37 56 11 82 51 7 34 73 70 97 15 94 6 78 65 0 42 82 19 67 18 36 50 51 18 91 0 70 71 53 5 82 47 51 3 33 16 26 73 88 23 11 24 83 11 79 17 90 99 8 45 12 58 60 43 46 13 56 2 73 86 26 8 12 
12 76 47 49 37 8 18 28 79 71 76 12 33 29 66 91 4 37 95 74 11 39 92 57 16 14 24 20 58 29 99 22 76 32 11 46 19 0 13 8 40 26 24 80 17 93 24 69 96 48 8 42 0 61 89 78 57 91 70 55 70 79 87 73 46 65 97 39 66 25 96 23 64 37 11 81 80 40 62 67 28 2 66 29 34 88 35 68 56 76 12 7 39 66 11 54 45 63 94 88 
55 32 25 55 58 30 27 62 79 81 47 44 9 54 39 38 52 85 41 52 15 26 25 76 46 62 29 9 65 94 55 38 36 50 6 23 62 61 11 81 96 59 63 51 83 35 12 77 75 54 81 82 61 0 63 22 5 62 15 34 22 10 16 94 3 92 72 28 75 54 95 33 16 11 34 63 9 58 46 35 96 24 91 53 75 66 69 32 67 68 54 43 79 48 60 74 60 76 30 98 
12 25 26 46 72 27 37 74 9 49 72 59 35 15 30 73 94 9 84 83 48 95 45 18 99 87 41 72 91 97 28 71 55 91 50 98 13 81 30 92 9 1 89 23 68 97 47 40 21 47 72 19 89 63 0 53 25 47 25 32 29 86 0 24 38 25 92 43 56 44 93 33 66 83 34 20 63 84 47 14 29 78 97 97 80 30 67 50 82 52 33 94 66 87 1 43 57 66 88 91 
16 0 63 80 59 0 13 14 64 4 86 10 2 45 42 58 33 2 81 49 94 56 90 42 80 16 25 87 7 38 59 40 46 15 22 8 22 5 71 95 14 18 62 40 19 55 57 36 89 58 28 67 78 22 53 0 16 67 14 73 16 92 85 56 57 20 19 9 50 52 8 97 56 63 26 16 38 50 67 98 74 4 47 85 34 47 52 54 22 88 55 66 31 27 37 17 5 38 84 91 
65 78 52 80 99 64 67 57 79 95 78 19 88 69 75 5 98 66 68 20 1 2 6 35 19 78 45 79 27 32 31 47 94 35 55 93 54 64 47 85 8 78 49 4 57 31 65 95 6 46 11 18 57 5 25 16 0 1 41 38 68 7 9 39 94 64 27 4 10 21 19 88 0 20 90 18 47 69 20 27 24 59 85 84 95 21 67 23 9 31 33 76 1 7 5 76 65 44 76 8 
98 58 69 40 68 37 92 66 75 62 9 95 61 29 32 81 48 89 0 29 43 29 79 76 67 60 44 1 87 63 61 43 35 34 50 10 72 33 8 96 83 54 58 71 66 12 90 13 60 55 94 36 91 62 47 67 1 0 5 40 89 48 41 96 48 31 77 71 22 49 18 23 4 5 2 98 69 39 56 30 97 56 78 72 39 48 46 45 31 24 56 30 52 3 67 65 24 10 68 35 
7 59 0 95 60 69 57 34 67 63 56 31 44 17 28 24 3 72 80 79 97 51 88 86 92 49 78 60 11 90 41 20 21 26 82 44 92 39 46 12 63 69 29 50 45 93 41 62 66 26 69 50 70 15 25 14 41 5 0 42 25 29 2 95 32 42 10 5 71 71 45 31 40 96 35 31 17 25 32 12 73 54 90 58 66 16 28 41 60 85 58 43 66 41 26 6 31 67 26 78 
37 43 46 2 18 52 95 8 94 12 49 90 53 14 59 17 29 11 68 7 63 45 30 98 29 31 34 98 64 47 43 0 80 95 98 2 28 92 84 14 36 48 75 66 79 32 40 62 82 22 5 51 55 34 32 73 38 40 42 0 4 3 83 31 40 38 6 16 61 22 5 17 1 71 33 32 50 86 95 72 33 80 17 37 17 87 35 41 42 58 46 76 45 43 21 92 49 24 29 89 
99 80 78 74 42 21 15 94 77 53 82 16 32 94 23 38 21 97 23 90 14 42 46 37 8 23 14 16 40 40 27 12 6 26 48 4 82 18 31 33 79 62 46 13 68 64 95 22 4 21 3 18 70 22 29 16 68 89 25 4 0 19 18 27 82 14 23 80 70 0 16 71 24 47 10 96 19 41 45 50 85 96 59 51 54 36 62 68 38 87 47 74 30 5 84 91 1 71 6 30 
90 74 53 34 86 74 85 27 48 89 3 62 83 41 14 17 98 11 47 47 21 57 23 55 65 4 99 61 75 21 7 29 47 68 31 8 29 25 13 28 48 55 59 44 12 62 14 9 18 89 51 91 79 10 86 92 7 48 29 3 19 0 24 16 45 57 90 7 63 31 20 37 87 12 34 94 55 61 83 73 25 32 51 68 85 84 2 3 70 46 82 70 7 32 4 9 11 75 59 52 
48 95 88 68 66 23 76 67 69 32 50 17 96 32 82 80 41 42 31 2 17 79 15 38 74 22 13 80 66 36 86 41 76 63 34 13 47 69 26 85 50 39 8 38 5 64 98 77 89 10 29 0 87 16 0 85 9 41 2 83 18 24 0 92 7 62 27 51 10 45 71 64 47 0 94 66 7 98 53 28 42 94 12 31 34 17 19 77 8 84 41 25 81 28 91 87 42 56 48 67 
40 64 99 12 48 53 31 11 18 22 63 89 92 61 62 95 15 78 51 8 24 48 52 13 45 15 73 90 76 29 22 69 23 33 89 40 35 83 23 97 58 82 48 69 48 74 14 69 74 50 68 70 73 94 24 56 39 96 95 31 27 16 92 0 99 93 12 47 62 58 93 75 7 67 38 98 31 99 9 74 35 19 75 30 30 78 6 38 70 42 46 83 58 60 91 76 16 0 48 19 
94 37 39 72 52 2 34 50 26 34 2 11 70 51 88 56 1 97 17 19 30 57 4 6 53 93 19 62 60 77 42 61 53 51 83 32 44 92 34 14 33 1 13 64 98 42 18 16 1 48 49 71 46 3 38 57 94 48 32 40 82 45 7 99 0 15 55 75 34 95 92 7 35 88 26 12 83 54 38 49 30 12 83 76 55 29 79 33 90 26 39 99 5 43 75 95 33 0 6 29 
78 96 10 81 52 58 15 39 59 33 67 44 95 86 80 70 51 91 78 0 13 99 61 8 86 13 86 36 82 76 82 59 14 81 52 61 53 58 40 82 55 35 23 53 44 73 44 21 6 35 83 53 65 92 25 20 64 31 42 38 14 57 62 93 15 0 91 41 37 57 63 30 89 44 45 30 92 72 35 17 30 0 66 13 28 59 50 76 64 78 64 39 97 38 65 62 75 14 56 96 
30 5 20 49 62 35 30 29 11 55 28 45 91 13 51 75 7 74 10 6 1 11 64 23 84 10 80 56 64 68 67 59 81 14 33 72 87 22 31 49 18 81 77 27 38 32 60 29 23 93 0 5 97 72 92 19 27 77 10 6 23 90 27 12 55 91 0 33 54 4 76 98 69 23 43 1 68 35 71 72 78 26 77 87 8 31 34 53 31 5 30 57 13 86 98 78 54 50 31 87 
19 34 6 47 80 15 10 8 26 28 26 79 43 88 37 98 62 65 65 87 36 63 63 0 38 61 49 83 20 30 19 52 58 94 38 86 87 29 61 59 74 60 79 40 77 2 58 85 75 32 26 82 39 28 43 9 4 71 5 16 80 7 51 47 75 41 33 0 2 42 26 6 43 81 86 21 71 97 91 43 92 64 8 2 69 40 60 0 45 2 99 17 68 7 76 37 73 93 22 86 
12 19 23 87 14 49 3 45 14 54 15 0 76 38 44 28 4 80 33 78 71 95 94 61 74 0 80 97 32 9 62 56 82 3 9 94 80 43 53 59 50 59 78 60 8 83 16 2 61 60 72 47 66 75 56 50 10 22 71 61 70 63 10 62 34 37 54 2 0 73 93 41 3 51 18 62 7 30 51 34 76 21 91 87 76 42 79 14 33 71 77 50 73 62 25 18 81 12 85 96 
78 82 34 74 68 81 84 72 17 73 14 91 49 17 29 71 33 8 67 89 29 65 97 55 28 21 58 89 42 55 92 66 22 39 24 33 31 52 17 52 75 87 46 24 26 91 40 34 47 38 79 51 25 54 44 52 21 49 71 22 0 31 45 58 95 57 4 42 73 0 56 35 97 63 36 9 43 61 66 57 28 26 68 1 99 4 94 95 98 1 55 47 8 4 60 40 51 16 39 83 
52 51 15 46 1 89 85 74 81 67 21 94 23 21 86 2 49 5 46 95 38 59 98 17 91 28 37 62 26 96 26 84 45 11 24 81 47 82 95 42 33 28 60 60 20 23 6 26 68 79 82 3 96 95 93 8 19 18 45 5 16 20 71 93 92 63 76 26 93 56 0 20 22 59 89 53 54 42 74 55 72 22 53 98 54 9 60 25 31 93 88 24 80 65 98 55 0 68 81 83 
31 47 20 51 1 44 44 38 71 22 54 5 94 18 59 75 9 44 17 13 23 40 11 3 97 51 73 39 76 72 50 10 65 7 70 17 38 31 49 66 25 81 52 96 55 31 62 47 10 15 38 33 23 33 33 97 88 23 31 17 71 37 64 75 7 30 98 6 41 35 20 0 54 43 54 66 25 35 64 97 90 42 39 61 76 54 78 84 61 20 19 96 89 14 62 72 62 75 15 49 
8 44 95 94 31 73 65 45 66 90 63 82 77 2 50 12 8 24 21 74 26 11 70 56 83 98 82 55 64 24 29 3 93 34 71 7 9 78 32 40 55 7 63 29 48 72 83 8 45 85 92 16 64 16 66 56 0 4 40 1 24 87 47 7 35 89 69 43 3 97 22 54 0 54 71 52 44 97 28 89 31 75 85 24 78 9 32 24 39 2 59 48 49 64 12 24 60 56 41 89 
14 16 26 42 46 78 25 92 87 97 80 40 74 63 86 33 67 87 87 99 17 30 24 44 24 51 96 4 57 74 86 2 43 23 82 44 8 87 99 50 67 99 48 22 17 46 98 76 55 78 16 26 37 11 83 63 20 5 96 71 47 12 0 67 88 44 23 81 51 63 59 43 54 0 67 50 85 27 1 76 53 16 18 55 12 41 75 59 80 16 61 90 77 55 49 62 26 55 26 91 
57 60 6 15 38 4 77 20 77 30 61 66 91 83 21 56 74 7 9 56 91 66 44 5 0 50 22 11 82 4 9 83 56 66 6 82 98 76 39 5 38 67 6 58 68 1 67 88 73 71 67 73 11 34 34 26 90 2 35 33 10 34 94 38 26 45 43 86 18 36 89 54 71 67 0 1 63 27 21 11 41 66 85 57 56 59 55 74 42 22 88 36 3 42 86 50 90 17 25 37 
81 59 41 34 24 81 66 79 7 70 97 95 45 4 64 35 29 29 23 20 91 26 90 25 8 66 96 76 68 80 87 84 48 30 32 50 43 75 91 22 81 85 65 11 5 62 95 4 63 96 51 88 81 63 20 16 18 98 31 32 96 94 66 98 12 30 1 21 62 9 53 66 52 50 1 0 11 18 65 57 73 11 96 40 34 76 24 77 67 77 64 9 86 25 76 76 68 5 36 72 
85 56 27 73 9 55 17 41 29 52 95 7 44 37 15 68 52 31 98 25 13 15 74 91 76 28 97 99 23 66 14 49 85 35 26 85 31 87 45 37 13 3 20 61 57 68 84 64 82 90 35 23 80 9 63 38 47 69 17 50 19 55 7 31 83 92 68 71 7 43 54 25 44 85 63 11 0 84 87 21 82 18 80 76 91 63 34 74 26 68 19 73 89 67 57 7 82 19 8 17 
65 18 40 70 67 30 55 47 61 46 5 1 21 52 67 29 41 11 40 60 31 4 37 56 95 2 32 39 5 49 92 69 69 0 48 92 84 14 37 23 22 83 80 35 89 61 34 22 63 97 0 11 40 58 84 50 69 39 25 86 41 61 98 99 54 72 35 97 30 61 42 35 97 27 27 18 84 0 75 36 91 62 14 98 70 29 3 65 31 39 80 81 98 28 1 89 7 76 34 8 
99 50 47 24 73 65 80 64 10 3 91 66 46 87 11 24 45 43 62 96 51 39 25 34 46 96 96 28 66 61 95 49 7 69 84 5 82 79 28 22 25 19 87 94 84 53 83 77 74 92 37 24 62 46 47 67 20 56 32 95 45 83 53 9 38 35 71 91 51 66 74 64 28 1 21 65 87 75 0 93 59 23 82 46 22 2 78 48 76 9 66 14 18 93 90 17 35 49 5 9 
46 94 70 1 2 64 68 92 85 95 54 84 58 38 20 93 37 20 94 89 55 70 2 99 22 88 77 17 24 93 34 10 92 83 33 77 16 49 56 68 29 24 82 97 49 97 62 74 50 75 27 83 67 35 14 98 27 30 12 72 50 73 28 74 49 17 72 43 34 57 55 97 89 76 11 57 21 36 93 0 82 23 80 0 30 24 95 36 93 16 28 93 96 59 11 70 81 16 3 15 
14 51 36 34 55 46 95 44 26 50 19 93 51 98 28 10 76 59 67 85 85 83 2 32 7 76 94 30 56 58 2 96 15 15 17 85 78 36 10 96 7 66 23 1 89 35 93 47 69 32 76 11 28 96 29 74 24 97 73 33 85 25 42 35 30 30 78 92 76 28 72 90 31 53 41 73 82 91 59 82 0 32 36 37 33 0 36 22 32 4 54 51 35 33 48 5 87 79 86 86 
49 3 9 96 32 80 13 31 92 76 27 85 8 46 67 77 72 76 43 93 31 93 67 10 41 26 5 79 58 49 81 71 70 23 13 66 4 55 42 49 45 96 23 83 2 64 14 44 68 47 96 79 2 24 78 4 59 56 54 80 96 32 94 19 12 0 26 64 21 26 22 42 75 16 66 11 18 62 23 23 32 0 37 10 5 63 16 77 33 31 47 85 37 30 71 62 48 54 35 14 
81 54 98 59 13 75 52 4 45 30 18 44 60 24 79 22 58 53 82 47 9 89 18 0 43 57 11 41 95 85 42 1 77 30 55 90 72 16 80 71 39 90 94 92 57 26 35 56 80 20 1 17 66 91 97 47 85 78 90 17 59 51 12 75 83 66 77 8 91 68 53 39 85 18 85 96 80 14 82 80 36 37 0 83 37 93 92 7 14 24 65 29 27 31 37 25 90 84 9 47 
31 4 26 79 98 4 94 3 15 91 77 28 39 7 65 12 0 92 43 47 45 21 65 99 66 24 41 83 48 30 39 43 84 30 18 72 54 9 48 37 40 97 37 44 76 33 97 84 59 27 84 90 29 53 97 85 84 72 58 37 51 68 31 30 76 13 87 2 87 1 98 61 24 55 57 40 76 98 46 0 37 10 83 0 26 14 21 36 98 46 2 77 2 58 12 22 7 41 62 59 
93 5 56 37 85 77 56 92 65 40 31 84 9 23 66 89 3 45 69 37 4 27 40 43 96 41 80 57 22 87 15 88 33 34 95 55 91 16 63 90 21 95 63 90 4 24 56 64 13 26 25 99 34 75 80 34 95 39 66 17 54 85 34 30 55 28 8 69 76 99 54 76 78 12 56 34 91 70 22 30 33 5 37 26 0 88 77 95 92 42 84 51 80 52 30 92 65 25 47 4 
0 7 59 61 5 64 57 25 26 16 95 40 79 4 50 92 21 36 66 12 25 6 81 86 43 79 50 50 87 70 60 87 52 55 74 71 56 0 98 21 73 38 65 54 81 27 63 60 99 59 86 8 88 66 30 47 21 48 16 87 36 84 17 78 29 59 31 40 42 4 9 54 9 41 59 76 63 29 2 24 0 63 93 14 88 0 28 21 81 91 28 90 30 7 69 74 48 74 25 75 
92 2 20 8 77 27 12 43 78 66 92 45 87 6 24 47 37 8 90 61 57 32 53 79 6 55 58 50 73 83 64 21 50 14 1 10 88 77 70 90 55 30 98 12 56 25 45 43 86 46 99 45 35 69 67 52 67 46 28 35 62 2 19 6 79 50 34 60 79 94 60 78 32 75 55 24 34 3 78 95 36 16 92 21 77 28 0 0 5 66 40 56 74 55 12 56 88 89 43 95 
73 79 60 0 46 0 87 39 53 42 26 62 69 86 0 69 51 89 26 81 46 23 54 89 69 26 88 46 2 74 31 81 72 5 22 74 54 45 52 13 10 39 7 63 92 71 36 10 79 70 83 12 68 32 50 54 23 45 41 41 68 3 77 38 33 76 53 0 14 95 25 84 24 59 74 77 74 65 48 36 22 77 7 36 95 21 0 0 21 55 54 23 74 5 22 47 58 11 1 59 
30 82 11 0 1 38 51 67 32 97 51 91 80 87 52 80 36 62 92 99 4 13 3 25 1 49 56 6 87 54 36 8 33 80 5 51 57 5 15 6 82 64 43 35 36 91 85 6 83 93 15 58 56 67 82 22 9 31 60 42 38 70 8 70 90 64 31 45 33 98 31 61 39 80 42 67 26 31 76 93 32 33 14 98 92 81 5 21 0 5 63 65 68 85 4 58 92 77 79 16 
83 18 18 20 57 67 5 91 43 30 24 17 93 7 25 69 19 78 22 76 69 26 58 92 47 43 61 64 89 10 81 78 54 88 67 18 99 86 4 0 85 26 29 24 98 94 9 32 63 90 9 60 76 68 52 88 31 24 85 58 87 46 84 42 26 78 5 2 71 1 93 20 2 16 22 77 68 39 9 16 4 31 24 46 42 91 66 55 5 0 82 59 88 43 3 50 98 99 52 0 
94 77 98 51 43 80 61 42 45 44 98 86 85 63 5 20 92 1 17 45 70 3 69 77 40 73 29 7 34 36 13 51 69 50 94 17 36 83 36 89 57 56 83 97 2 75 99 35 71 9 67 43 12 54 33 55 33 56 58 46 47 82 41 46 39 64 30 99 77 55 88 19 59 61 88 64 19 80 66 28 54 47 65 2 84 28 40 54 63 82 0 64 99 16 73 1 75 15 4 51 
14 28 47 77 72 19 0 22 78 57 49 84 81 11 30 11 76 75 29 8 38 5 28 10 26 60 62 18 85 77 58 74 77 75 92 39 88 18 55 44 58 86 15 15 66 59 81 66 32 93 41 46 7 43 94 66 76 30 43 76 74 70 25 83 99 39 57 17 50 47 24 96 48 90 36 9 73 81 14 93 51 85 29 77 51 90 56 23 65 59 64 0 67 89 59 73 50 40 49 88 
55 91 10 20 7 58 75 21 32 33 36 29 42 51 96 45 14 29 97 70 52 49 71 79 55 95 20 74 79 95 36 78 71 3 89 32 27 97 8 79 29 52 51 58 23 25 17 81 56 42 39 13 39 79 66 31 1 52 66 45 30 7 81 58 5 97 13 68 73 8 80 89 49 77 3 86 89 98 18 96 35 37 27 2 80 30 74 74 68 88 99 67 0 80 37 11 84 75 13 3 
92 30 86 50 30 80 71 37 40 84 59 63 43 5 88 31 26 36 6 62 33 88 65 32 23 91 27 66 51 5 29 91 60 70 73 19 14 88 43 76 79 79 17 44 74 82 27 0 2 10 58 56 66 48 87 27 7 3 41 43 5 32 28 60 43 38 86 7 62 4 65 14 64 55 42 25 67 28 93 59 33 30 31 58 52 7 55 5 85 43 16 89 80 0 79 2 52 19 18 35 
69 50 14 49 21 46 80 60 32 88 30 93 10 2 98 95 34 17 13 93 45 58 97 10 21 18 54 61 99 45 7 33 78 18 43 32 15 41 33 40 2 78 70 93 28 63 78 42 28 35 35 2 11 60 1 37 5 67 26 21 84 4 91 91 75 65 98 76 25 60 98 62 12 49 86 76 57 1 90 11 48 71 37 12 30 69 12 22 4 3 73 59 37 79 0 59 91 11 68 20 
87 94 58 77 84 80 90 53 0 83 54 3 54 24 37 43 79 6 62 81 0 73 58 83 57 75 33 42 99 52 45 28 59 67 30 45 78 29 37 43 36 75 77 74 36 16 82 5 64 42 26 73 54 74 43 17 76 65 6 92 91 9 87 76 95 62 78 37 18 40 55 72 24 62 50 76 7 89 17 70 5 62 25 22 92 74 56 47 58 50 1 73 11 2 59 0 16 88 96 59 
32 85 6 99 95 77 84 70 65 83 56 60 10 17 23 41 63 93 17 65 13 74 21 51 47 71 19 58 27 3 46 25 76 19 52 14 61 30 90 85 93 98 10 22 93 55 78 7 16 41 42 86 45 60 57 5 65 24 31 49 1 11 42 16 33 75 54 73 81 51 0 62 60 26 90 68 82 7 35 81 87 48 90 7 65 48 88 58 92 98 75 50 84 52 91 16 0 3 54 84 
22 29 91 80 80 13 66 52 70 23 73 39 8 42 92 94 98 13 89 90 17 75 36 49 94 88 70 28 12 44 0 43 10 77 59 86 18 17 70 72 38 56 79 28 50 61 68 60 48 98 46 26 63 76 66 38 44 10 67 24 71 75 56 0 0 14 50 93 12 16 68 75 56 55 17 5 19 76 49 16 79 54 84 41 25 74 89 11 77 99 15 40 75 19 11 88 3 0 29 76 
60 86 85 96 76 57 76 99 58 55 81 98 52 97 99 92 77 0 17 21 14 52 72 3 56 69 77 39 82 39 18 68 51 20 37 32 97 45 62 81 28 59 84 32 12 58 74 1 54 91 60 8 94 30 88 84 76 68 26 29 6 59 48 48 6 56 31 22 85 39 81 15 41 26 25 36 8 34 5 3 86 35 9 62 47 25 43 1 79 52 4 49 13 18 68 96 54 29 0 80 
96 56 53 3 88 86 63 96 94 36 15 70 36 83 37 89 51 18 19 94 94 22 30 73 22 86 22 46 3 62 32 36 60 4 83 59 83 88 77 75 19 1 24 22 3 40 28 0 64 96 30 12 88 98 91 91 8 35 78 89 30 52 67 19 29 96 87 86 96 83 83 49 89 91 37 72 17 8 9 15 86 14 47 59 4 75 95 59 16 0 51 88 3 35 20 59 84 76 80 0 
