100
0 92 31 61 96 29 68 98 57 67 20 75 46 58 99 94 32 43 22 64 48 45 52 0 43 9 48 43 22 8 28 66 27 73 45 39 33 7 81 58 82 18 62 91 61 21 77 25 29 16 42 87 70 96 69 37 42 86 6 91 53 31 55 68 87 86 11 44 76 48 23 30 30 42 26 84 80 90 76 20 27 57 92 58 2 38 95 75 15 11 45 49 36 7 93 94 23 32 72 98 
92 0 64 59 96 68 61 20 98 48 56 80 1 54 93 43 47 47 76 32 23 14 71 40 76 78 65 90 43 66 15 17 80 11 2 68 52 36 77 21 85 5 58 5 43 48 59 49 84 8 76 70 82 81 37 94 45 43 20 84 66 57 35 43 63 75 46 11 35 49 18 63 93 27 65 69 63 28 63 84 15 6 77 26 59 65 20 59 31 13 14 13 59 7 62 35 73 50 19 70 
31 64 0 13 7 87 10 91 59 32 76 20 44 53 1 37 39 34 32 7 59 18 18 76 94 77 65 43 64 9 51 62 64 39 77 86 22 24 39 47 27 94 31 78 74 51 4 54 33 55 28 42 16 15 64 3 97 9 25 98 28 26 13 1 2 51 20 92 99 13 42 52 5 10 17 76 73 48 27 57 14 2 22 4 81 45 48 44 95 8 99 47 98 73 40 17 16 0 66 84 
61 59 13 0 21 92 13 99 13 91 3 56 93 72 48 39 2 52 49 27 93 76 35 44 39 82 14 74 37 52 93 31 49 23 29 49 34 10 34 7 29 70 52 16 64 25 71 86 19 49 69 79 1 32 48 31 51 35 12 30 65 51 89 90 8 63 55 79 72 52 94 73 15 52 81 27 54 50 1 9 16 1 72 87 91 36 30 85 42 78 12 1 31 77 20 63 9 26 98 45 
96 96 7 21 0 80 12 57 52 4 54 88 16 97 45 26 16 2 74 25 17 80 6 12 33 1 21 24 77 73 57 82 65 92 91 7 16 47 24 94 50 16 83 10 28 39 2 69 34 53 86 77 90 1 12 0 80 33 33 63 71 68 54 62 58 86 43 58 29 24 21 4 83 36 36 1 85 86 49 76 98 68 15 18 92 50 18 80 97 10 84 44 5 63 26 26 90 5 26 58 
29 68 87 92 80 0 69 8 69 59 79 31 78 15 24 34 98 0 80 85 45 63 21 3 56 44 59 32 42 27 9 27 5 39 54 31 95 59 30 85 76 93 18 88 53 73 44 85 40 0 91 68 39 58 22 29 48 31 23 61 55 22 8 90 3 22 12 67 38 8 61 35 51 5 45 15 24 76 49 93 81 30 53 63 64 84 96 83 48 0 65 24 63 5 40 45 45 95 8 10 
68 61 10 13 12 69 0 33 18 26 33 3 51 99 27 76 75 97 66 93 6 92 82 24 35 85 70 56 22 93 59 51 9 22 77 97 93 88 63 7 55 82 3 81 2 65 63 31 41 16 91 12 87 62 9 71 44 39 2 85 10 50 29 26 86 97 19 11 60 35 37 58 10 92 48 0 46 29 56 98 79 59 61 32 36 48 61 84 15 79 5 22 94 51 20 7 36 9 63 73 
98 20 91 99 57 8 33 0 28 24 72 73 87 81 76 99 30 13 69 5 80 42 28 12 99 83 57 55 33 83 71 29 91 64 15 6 94 62 96 42 28 92 19 51 52 12 72 10 26 28 90 92 21 82 26 97 54 17 70 86 95 6 88 51 31 1 71 81 80 65 24 10 83 16 98 17 35 91 16 11 60 85 89 81 36 98 35 76 11 23 24 96 47 15 64 65 66 44 78 79 
57 98 59 13 52 69 18 28 0 78 39 3 40 42 48 27 37 97 12 62 17 81 17 65 40 29 55 30 36 47 52 74 80 86 34 57 61 94 64 63 60 49 1 11 73 73 80 62 98 84 34 91 59 9 65 60 53 9 40 48 60 58 24 75 45 16 16 20 39 67 21 49 6 78 15 36 74 9 80 46 65 85 95 3 30 81 19 78 63 30 34 43 94 5 88 91 61 31 12 43 
67 48 32 91 4 59 26 24 78 0 88 2 53 55 81 53 80 38 49 40 53 89 55 83 5 77 0 80 3 68 43 31 80 19 23 93 28 86 33 60 61 53 19 26 90 91 6 30 95 98 55 96 17 0 17 68 4 71 71 73 43 46 2 83 55 97 55 34 61 29 37 27 94 30 13 27 25 86 31 43 4 7 35 79 17 27 87 44 0 96 15 95 9 53 6 10 63 17 92 97 
20 56 76 3 54 79 33 72 39 88 0 4 15 84 57 9 64 1 71 45 89 80 73 31 1 21 50 91 77 8 49 72 40 90 51 64 51 87 79 7 4 94 53 11 18 34 28 89 96 78 92 89 56 16 13 98 65 88 54 92 59 12 21 66 34 49 30 35 17 66 86 66 48 1 91 5 95 97 24 28 61 24 24 33 12 83 5 1 31 72 67 48 57 25 8 22 54 88 85 81 
75 80 20 56 88 31 3 73 3 2 4 0 47 65 31 15 63 95 52 64 12 11 83 62 59 3 56 47 6 22 31 73 68 38 18 37 44 66 44 48 79 31 44 12 27 76 28 43 36 24 86 48 31 50 46 84 4 82 21 63 55 68 45 89 61 92 81 30 74 38 67 66 60 28 87 59 29 18 8 73 69 39 26 47 49 84 21 49 72 28 82 55 95 58 9 26 49 24 65 37 
46 1 44 93 16 78 51 87 40 53 15 47 0 54 23 47 93 1 47 67 69 97 29 39 53 43 46 16 56 90 37 48 34 46 18 55 0 85 11 88 25 26 52 22 51 24 33 73 6 93 81 16 12 44 34 66 67 50 7 49 8 0 78 73 73 38 56 6 29 87 26 42 93 33 89 86 10 41 84 4 15 41 13 45 43 26 47 94 38 37 90 55 8 39 56 33 7 28 29 24 
58 54 53 72 97 15 99 81 42 55 84 65 54 0 93 55 59 2 77 31 62 85 19 56 96 20 98 90 84 78 62 12 66 15 64 15 19 56 1 3 98 45 12 84 85 34 39 87 81 49 32 29 32 88 76 66 99 75 48 31 73 67 33 78 84 38 50 10 18 2 17 75 50 97 26 48 20 53 23 56 11 61 22 54 9 9 34 88 18 41 91 15 79 88 92 30 68 61 13 5 
99 93 1 48 45 24 27 76 48 81 57 31 23 93 0 72 69 82 5 4 83 39 26 46 9 12 76 11 99 51 94 93 77 73 80 91 14 52 39 79 34 88 84 36 98 54 6 61 24 60 23 95 25 82 28 64 66 4 33 84 28 24 6 67 30 85 0 60 32 73 17 19 84 29 87 52 59 2 83 62 17 91 62 75 36 33 49 88 64 2 82 18 2 24 42 24 75 49 84 91 
94 43 37 39 26 34 76 99 27 53 9 15 47 55 72 0 53 81 37 51 78 44 35 27 26 6 84 42 54 71 53 93 46 96 70 76 13 91 65 76 18 23 2 75 73 79 80 10 65 34 8 52 78 71 51 76 61 98 4 44 7 96 64 87 24 32 95 35 11 86 51 75 62 41 58 27 7 39 30 5 80 16 7 82 25 9 14 1 88 91 91 71 76 34 27 24 46 25 85 56 
32 47 39 2 16 98 75 30 37 80 64 63 93 59 69 53 0 55 97 31 64 8 54 12 28 78 86 32 65 86 74 98 68 10 65 58 26 48 16 85 89 83 54 68 97 83 43 11 85 66 74 93 28 97 8 95 43 42 93 72 44 3 72 3 55 73 62 47 26 99 59 22 97 84 38 25 87 32 12 8 26 53 92 44 70 21 87 6 79 75 26 50 8 66 22 88 26 13 55 3 
43 47 34 52 2 0 97 13 97 38 1 95 1 2 82 81 55 0 65 50 48 32 50 88 73 59 25 52 56 43 65 76 57 13 22 86 12 98 11 35 67 94 51 91 19 81 29 72 48 62 50 88 81 90 35 79 68 25 52 42 50 53 37 65 54 44 18 32 67 59 90 89 61 37 28 88 66 47 68 18 45 12 56 49 91 38 2 88 14 2 26 17 5 37 5 12 37 59 20 99 
22 76 32 49 74 80 66 69 12 49 71 52 47 77 5 37 97 65 0 16 49 34 71 80 75 38 62 50 41 63 48 2 29 55 33 34 53 86 96 76 25 78 27 12 11 54 8 92 19 40 52 80 10 43 57 56 47 47 57 49 91 63 95 94 59 57 51 0 50 61 57 75 38 50 30 14 52 54 91 76 51 20 50 70 83 35 8 20 88 15 68 21 31 50 23 74 20 89 22 14 
64 32 7 27 25 85 93 5 62 40 45 64 67 31 4 51 31 50 16 0 77 1 50 47 7 97 40 61 79 52 33 16 79 26 62 25 16 43 88 14 4 6 55 34 85 34 20 85 67 57 80 91 10 50 50 82 56 42 40 42 64 4 9 41 56 49 97 22 10 11 9 95 20 19 27 79 98 79 14 13 8 62 74 57 71 63 28 14 79 14 13 99 27 78 33 59 27 33 99 39 
48 23 59 93 17 45 6 80 17 53 89 12 69 62 83 78 64 48 49 77 0 96 3 68 89 51 9 47 36 11 31 59 5 9 51 74 52 9 37 98 22 27 36 10 83 64 31 18 3 79 53 37 95 70 6 34 39 7 14 80 43 10 92 23 54 63 65 13 71 8 62 28 61 41 74 1 91 80 6 98 14 97 17 59 4 66 97 51 6 92 0 77 61 74 62 81 28 62 15 48 
45 14 18 76 80 63 92 42 81 89 80 11 97 85 39 44 8 32 34 1 96 0 53 33 31 88 55 19 2 37 93 65 8 39 56 31 17 6 19 93 52 96 60 83 79 48 92 2 84 45 32 43 82 22 97 86 81 15 75 40 3 80 65 19 38 60 91 5 31 26 14 55 9 59 98 61 24 76 29 38 54 57 18 43 94 99 17 84 10 27 56 91 73 14 67 82 43 29 88 2 
52 71 18 35 6 21 82 28 17 55 73 83 29 19 26 35 54 50 71 50 3 53 0 85 43 69 34 49 11 31 1 83 99 30 92 66 18 98 91 70 31 55 68 90 58 0 6 67 88 86 37 72 20 46 34 57 84 39 83 7 20 88 55 70 6 97 84 48 39 80 66 95 53 99 36 43 35 24 87 56 20 6 70 56 34 13 99 73 29 62 83 98 85 43 76 18 89 71 6 95 
0 40 76 44 12 3 24 12 65 83 31 62 39 56 46 27 12 88 80 47 68 33 85 0 31 49 22 41 53 90 36 88 31 99 14 25 62 35 0 62 42 42 53 80 16 71 46 70 31 8 27 59 81 93 94 25 61 58 97 86 58 0 20 18 77 14 6 74 99 49 57 63 93 72 87 97 14 53 42 56 90 0 70 75 41 73 97 22 3 7 55 45 15 19 30 66 8 44 5 92 
43 76 94 39 33 56 35 99 40 5 1 59 53 96 9 26 28 73 75 7 89 31 43 31 0 38 3 47 73 19 90 44 90 10 36 79 22 36 43 95 75 36 24 34 98 88 24 59 96 91 81 20 55 61 16 28 14 87 8 37 54 70 58 98 2 42 40 70 30 65 29 97 30 70 3 46 94 51 70 84 51 12 75 80 65 65 19 6 71 45 6 97 6 38 65 57 62 73 95 92 
9 78 77 82 1 44 85 83 29 77 21 3 43 20 12 6 78 59 38 97 51 88 69 49 38 0 5 96 40 4 24 67 93 57 79 41 13 78 49 53 1 31 41 59 8 54 30 42 83 32 64 8 97 3 4 88 93 22 52 95 98 67 89 81 48 33 54 12 36 16 93 55 39 97 58 36 0 0 86 89 83 42 83 9 49 89 50 70 80 38 94 21 87 23 78 11 86 73 42 1 
48 65 65 14 21 59 70 57 55 0 50 56 46 98 76 84 86 25 62 40 9 55 34 22 3 5 0 33 32 15 32 86 82 31 28 84 94 70 8 29 55 79 20 41 54 70 97 67 65 98 24 83 56 17 95 74 61 96 66 14 81 50 35 88 36 13 2 80 10 48 2 7 82 80 24 11 88 41 85 27 27 98 4 71 26 81 77 95 68 49 46 91 74 97 48 72 78 1 2 95 
43 90 43 74 24 32 56 55 30 80 91 47 16 90 11 42 32 52 50 61 47 19 49 41 47 96 33 0 17 50 83 32 97 96 27 68 56 66 63 79 62 31 89 51 2 93 25 24 34 99 39 25 38 19 52 6 96 17 76 25 0 42 40 18 47 15 2 1 22 2 77 8 54 7 44 72 89 30 15 53 52 83 50 14 64 52 63 59 76 64 42 40 95 12 64 81 28 84 41 82 
22 43 64 37 77 42 22 33 36 3 77 6 56 84 99 54 65 56 41 79 36 2 11 53 73 40 32 17 0 90 99 8 25 61 45 44 15 33 67 17 36 19 85 30 52 43 88 22 96 83 10 15 47 30 67 29 24 26 96 43 3 9 46 83 79 44 37 82 54 36 88 46 88 69 26 17 49 87 85 13 34 24 51 11 77 86 99 56 82 82 93 91 20 42 61 77 21 79 91 5 
8 66 9 52 73 27 93 83 47 68 8 22 90 78 51 71 86 43 63 52 11 37 31 90 19 4 15 50 90 0 73 23 96 57 82 30 47 22 36 37 39 47 30 91 93 75 31 76 36 15 7 12 35 37 71 57 15 54 9 96 21 63 30 5 60 58 48 56 3 52 87 98 30 0 53 74 93 56 54 17 55 95 85 29 8 99 99 45 22 34 44 75 44 9 42 61 95 91 11 31 
28 15 51 93 57 9 59 71 52 43 49 31 37 62 94 53 74 65 48 33 31 93 1 36 90 24 32 83 99 73 0 63 39 41 24 14 36 67 50 81 43 45 82 34 65 86 90 48 11 24 1 31 61 37 20 91 68 49 94 12 43 22 18 78 11 67 66 57 33 2 85 22 8 55 15 52 6 16 52 44 24 61 77 22 46 42 4 92 64 44 44 78 92 54 6 96 57 57 34 53 
66 17 62 31 82 27 51 29 74 31 72 73 48 12 93 93 98 76 2 16 59 65 83 88 44 67 86 32 8 23 63 0 95 0 70 30 77 83 48 64 13 97 25 37 86 50 79 0 38 93 24 65 86 34 13 87 37 55 77 52 7 1 69 17 92 46 25 74 17 48 88 91 13 96 86 16 6 0 9 30 18 97 65 93 66 47 4 77 67 28 1 91 32 37 34 62 53 55 89 76 
27 80 64 49 65 5 9 91 80 80 40 68 34 66 77 46 68 57 29 79 5 8 99 31 90 93 82 97 25 96 39 95 0 65 52 53 67 55 85 94 83 77 85 94 11 5 0 80 64 55 25 30 75 5 61 28 82 33 85 20 26 40 52 33 60 48 82 86 53 9 16 85 98 78 23 45 8 13 21 96 13 49 50 91 55 97 23 16 31 1 73 32 15 69 84 36 13 13 86 82 
73 11 39 23 92 39 22 64 86 19 90 38 46 15 73 96 10 13 55 26 9 39 30 99 10 57 31 96 61 57 41 0 65 0 30 35 93 11 77 19 39 50 0 61 13 21 44 22 72 46 69 44 48 38 99 56 72 61 23 30 19 16 68 15 74 80 72 40 45 63 72 19 25 76 30 25 29 83 7 17 32 10 0 38 17 35 32 74 96 24 10 5 98 80 74 81 87 96 53 79 
45 2 77 29 91 54 77 15 34 23 51 18 18 64 80 70 65 22 33 62 51 56 92 14 36 79 28 27 45 82 24 70 52 30 0 53 54 6 18 0 0 99 16 68 96 71 92 84 21 37 41 89 12 55 84 96 50 41 64 33 68 97 30 46 19 83 48 63 76 41 85 64 30 1 54 89 11 71 12 66 24 82 85 82 40 37 5 53 18 49 20 95 53 98 29 95 93 43 64 31 
39 68 86 49 7 31 97 6 57 93 64 37 55 15 91 76 58 86 34 25 74 31 66 25 79 41 84 68 44 30 14 30 53 35 53 0 3 26 15 1 22 21 7 27 56 98 26 20 56 28 54 90 95 34 2 54 48 38 92 42 17 27 2 95 12 45 56 64 51 96 7 23 36 95 93 25 86 87 63 95 6 58 98 50 97 97 83 93 41 35 65 60 59 69 23 24 30 25 17 53 
33 52 22 34 16 95 93 94 61 28 51 44 0 19 14 13 26 12 53 16 52 17 18 62 22 13 94 56 15 47 36 77 67 93 54 3 0 81 10 7 58 60 93 67 94 35 40 81 82 93 81 94 26 88 13 34 50 35 93 96 75 41 93 84 35 24 50 11 30 29 58 22 65 86 22 84 93 77 14 26 41 14 54 25 87 14 84 51 79 83 7 19 40 93 35 42 43 71 39 88 
7 36 24 10 47 59 88 62 94 86 87 66 85 56 52 91 48 98 86 43 9 6 98 35 36 78 70 66 33 22 67 83 55 11 6 26 81 0 90 77 98 17 99 37 44 84 40 75 61 36 69 30 15 25 76 7 21 58 45 43 54 9 77 82 69 92 72 1 79 84 44 76 98 15 1 14 54 10 97 29 28 90 11 52 20 56 84 26 76 40 8 49 54 91 94 12 49 45 97 56 
81 77 39 34 24 30 63 96 64 33 79 44 11 1 39 65 16 11 96 88 37 19 91 0 43 49 8 63 67 36 50 48 85 77 18 15 10 90 0 6 85 75 99 3 41 2 63 12 29 53 58 60 40 62 30 27 40 28 84 58 13 33 22 53 30 18 77 99 15 18 87 80 65 6 62 53 5 19 37 34 20 99 68 14 58 93 72 89 97 94 95 33 85 6 44 64 39 69 94 91 
58 21 47 7 94 85 7 42 63 60 7 48 88 3 79 76 85 35 76 14 98 93 70 62 95 53 29 79 17 37 81 64 94 19 0 1 7 77 6 0 83 64 24 64 70 58 44 75 57 6 31 54 23 22 94 70 8 13 60 84 95 54 29 21 5 58 5 10 31 5 25 68 12 71 31 82 65 35 56 24 10 66 87 3 93 4 55 75 1 86 40 22 18 84 62 20 77 24 66 0 
82 85 27 29 50 76 55 28 60 61 4 79 25 98 34 18 89 67 25 4 22 52 31 42 75 1 55 62 36 39 43 13 83 39 0 22 58 98 85 83 0 42 92 57 27 33 28 72 49 79 20 83 58 21 11 42 72 65 23 87 40 80 70 24 62 18 47 50 78 8 47 58 15 12 1 20 14 89 49 19 18 99 67 62 63 26 17 10 36 76 34 20 95 98 67 86 13 13 73 16 
18 5 94 70 16 93 82 92 49 53 94 31 26 45 88 23 83 94 78 6 27 96 55 42 36 31 79 31 19 47 45 97 77 50 99 21 60 17 75 64 42 0 37 51 0 16 99 51 72 15 97 41 91 25 83 86 90 73 3 40 5 85 36 45 39 29 33 89 18 76 10 0 85 32 29 41 84 9 85 55 62 95 74 65 12 53 46 72 78 8 61 51 76 24 56 98 0 46 77 67 
62 58 31 52 83 18 3 19 1 19 53 44 52 12 84 2 54 51 27 55 36 60 68 53 24 41 20 89 85 30 82 25 85 0 16 7 93 99 99 24 92 37 0 94 25 99 14 44 59 83 45 50 25 58 5 43 22 0 70 18 91 38 66 64 17 56 35 44 69 11 87 29 89 68 76 98 57 62 75 85 65 9 54 85 0 60 39 58 24 75 44 43 50 24 34 76 41 83 89 41 
91 5 78 16 10 88 81 51 11 26 11 12 22 84 36 75 68 91 12 34 10 83 90 80 34 59 41 51 30 91 34 37 94 61 68 27 67 37 3 64 57 51 94 0 42 39 71 8 98 85 98 64 44 59 72 17 56 74 9 98 33 77 45 5 40 21 91 28 93 64 93 89 52 99 53 10 98 94 0 10 64 70 37 32 36 50 27 16 98 50 15 48 6 88 19 63 90 97 33 8 
61 43 74 64 28 53 2 52 73 90 18 27 51 85 98 73 97 19 11 85 83 79 58 16 98 8 54 2 52 93 65 86 11 13 96 56 94 44 41 70 27 0 25 42 0 93 63 72 55 86 93 31 59 30 21 5 70 27 75 72 23 16 21 22 89 36 2 39 23 2 31 98 42 37 2 58 92 8 91 74 4 17 30 46 48 95 26 74 89 25 55 26 75 22 92 31 75 8 67 93 
21 48 51 25 39 73 65 12 73 91 34 76 24 34 54 79 83 81 54 34 64 48 0 71 88 54 70 93 43 75 86 50 5 21 71 98 35 84 2 58 33 16 99 39 93 0 39 78 41 52 91 37 90 74 68 63 67 24 91 67 13 34 4 84 38 16 9 86 69 59 50 62 88 37 40 50 49 95 72 28 39 80 38 40 14 59 82 83 84 34 93 40 12 27 9 4 20 32 70 61 
77 59 4 71 2 44 63 72 80 6 28 28 33 39 6 80 43 29 8 20 31 92 6 46 24 30 97 25 88 31 90 79 0 44 92 26 40 40 63 44 28 99 14 71 63 39 0 69 52 91 43 44 94 95 89 66 72 8 32 11 90 37 93 5 71 80 85 65 98 85 40 80 52 30 87 55 36 76 5 9 73 17 67 51 5 8 67 86 77 77 87 9 73 66 29 10 15 33 9 82 
25 49 54 86 69 85 31 10 62 30 89 43 73 87 61 10 11 72 92 85 18 2 67 70 59 42 67 24 22 76 48 0 80 22 84 20 81 75 12 75 72 51 44 8 72 78 69 0 86 3 23 52 43 60 68 28 90 37 85 13 21 88 47 72 83 84 74 96 22 23 6 90 42 75 2 71 54 13 0 28 43 71 93 43 21 64 17 76 30 22 48 8 46 19 80 69 48 89 50 7 
29 84 33 19 34 40 41 26 98 95 96 36 6 81 24 65 85 48 19 67 3 84 88 31 96 83 65 34 96 36 11 38 64 72 21 56 82 61 29 57 49 72 59 98 55 41 52 86 0 2 47 79 29 27 11 87 35 70 55 54 39 47 68 14 66 59 94 37 38 2 15 61 11 56 86 33 41 9 95 78 49 36 25 59 30 9 43 43 80 70 20 30 31 32 58 59 80 46 6 63 
16 8 55 49 53 0 16 28 84 98 78 24 93 49 60 34 66 62 40 57 79 45 86 8 91 32 98 99 83 15 24 93 55 46 37 28 93 36 53 6 79 15 83 85 86 52 91 3 2 0 5 48 17 40 93 54 94 77 26 56 23 78 17 99 52 61 78 23 69 93 28 42 12 89 49 4 74 86 6 38 43 74 91 86 20 87 78 4 48 11 99 19 99 67 62 68 34 24 35 50 
42 76 28 69 86 91 91 90 34 55 92 86 81 32 23 8 74 50 52 80 53 32 37 27 81 64 24 39 10 7 1 24 25 69 41 54 81 69 58 31 20 97 45 98 93 91 43 23 47 5 0 47 96 21 26 58 60 21 6 18 11 67 98 31 82 54 49 38 15 32 15 80 7 19 54 42 62 50 92 60 92 87 88 83 43 21 74 52 78 80 88 74 1 26 22 43 35 10 59 59 
87 70 42 79 77 68 12 92 91 96 89 48 16 29 95 52 93 88 80 91 37 43 72 59 20 8 83 25 15 12 31 65 30 44 89 90 94 30 60 54 83 41 50 64 31 37 44 52 79 48 47 0 81 1 87 19 50 2 45 99 4 8 31 63 73 29 21 17 58 30 88 90 15 47 66 13 2 10 19 76 14 77 59 67 63 62 82 88 6 52 42 29 87 30 15 63 13 95 81 45 
70 82 16 1 90 39 87 21 59 17 56 31 12 32 25 78 28 81 10 10 95 82 20 81 55 97 56 38 47 35 61 86 75 48 12 95 26 15 40 23 58 91 25 44 59 90 94 43 29 17 96 81 0 70 81 99 51 57 95 74 28 87 78 7 72 34 14 5 61 52 88 32 54 37 69 12 65 85 74 33 27 41 43 63 19 69 37 10 28 4 91 7 15 41 22 29 1 78 4 58 
96 81 15 32 1 58 62 82 9 0 16 50 44 88 82 71 97 90 43 50 70 22 46 93 61 3 17 19 30 37 37 34 5 38 55 34 88 25 62 22 21 25 58 59 30 74 95 60 27 40 21 1 70 0 37 94 94 38 23 51 22 35 1 41 66 38 86 24 69 81 28 8 82 98 12 72 72 41 68 9 38 96 95 28 65 11 4 10 72 56 82 96 82 47 44 26 16 4 83 51 
69 37 64 48 12 22 9 26 65 17 13 46 34 76 28 51 8 35 57 50 6 97 34 94 16 4 95 52 67 71 20 13 61 99 84 2 13 76 30 94 11 83 5 72 21 68 89 68 11 93 26 87 81 37 0 74 66 76 87 37 57 89 91 60 34 1 89 36 39 75 89 56 60 38 14 63 88 46 38 87 84 18 46 86 70 10 65 63 43 6 98 31 97 46 25 6 26 7 30 96 
37 94 3 31 0 29 71 97 60 68 98 84 66 66 64 76 95 79 56 82 34 86 57 25 28 88 74 6 29 57 91 87 28 56 96 54 34 7 27 70 42 86 43 17 5 63 66 28 87 54 58 19 99 94 74 0 78 95 82 86 4 67 83 59 0 34 50 80 97 71 77 0 14 4 31 98 76 15 30 28 57 48 94 10 47 99 70 67 63 44 88 78 17 37 28 7 77 62 8 23 
42 45 97 51 80 48 44 54 53 4 65 4 67 99 66 61 43 68 47 56 39 81 84 61 14 93 61 96 24 15 68 37 82 72 50 48 50 21 40 8 72 90 22 56 70 67 72 90 35 94 60 50 51 94 66 78 0 95 60 97 57 36 77 57 36 56 80 91 39 42 96 43 68 39 52 0 44 14 80 65 39 20 79 90 37 7 34 1 90 38 12 28 97 64 39 2 43 20 18 24 
86 43 9 35 33 31 39 17 9 71 88 82 50 75 4 98 42 25 47 42 7 15 39 58 87 22 96 17 26 54 49 55 33 61 41 38 35 58 28 13 65 73 0 74 27 24 8 37 70 77 21 2 57 38 76 95 95 0 40 10 3 62 3 25 40 42 99 27 10 18 28 25 16 33 84 95 88 53 8 20 54 54 86 96 60 60 50 63 13 92 86 76 10 69 11 84 42 60 65 60 
6 20 25 12 33 23 2 70 40 71 54 21 7 48 33 4 93 52 57 40 14 75 83 97 8 52 66 76 96 9 94 77 85 23 64 92 93 45 84 60 23 3 70 9 75 91 32 85 55 26 6 45 95 23 87 82 60 40 0 30 17 98 49 58 1 85 84 13 13 10 43 97 16 9 97 1 77 86 6 23 78 65 36 13 7 28 58 24 70 1 14 58 31 84 73 27 32 41 22 11 
91 84 98 30 63 61 85 86 48 73 92 63 49 31 84 44 72 42 49 42 80 40 7 86 37 95 14 25 43 96 12 52 20 30 33 42 96 43 58 84 87 40 18 98 72 67 11 13 54 56 18 99 74 51 37 86 97 10 30 0 7 21 21 53 28 4 36 43 44 4 2 88 50 21 73 89 14 46 67 16 89 86 7 41 29 92 70 8 32 67 28 97 72 14 37 84 30 42 44 39 
53 66 28 65 71 55 10 95 60 43 59 55 8 73 28 7 44 50 91 64 43 3 20 58 54 98 81 0 3 21 43 7 26 19 68 17 75 54 13 95 40 5 91 33 23 13 90 21 39 23 11 4 28 22 57 4 57 3 17 7 0 83 91 59 21 57 88 3 83 10 54 29 21 84 40 6 62 55 25 21 26 31 70 61 68 32 12 39 73 15 63 37 57 19 9 55 78 79 71 12 
31 57 26 51 68 22 50 6 58 46 12 68 0 67 24 96 3 53 63 4 10 80 88 0 70 67 50 42 9 63 22 1 40 16 97 27 41 9 33 54 80 85 38 77 16 34 37 88 47 78 67 8 87 35 89 67 36 62 98 21 83 0 6 64 83 93 35 0 81 21 67 22 8 79 2 14 64 6 15 65 51 88 95 57 74 12 22 74 68 27 92 92 85 90 34 87 73 40 51 69 
55 35 13 89 54 8 29 88 24 2 21 45 78 33 6 64 72 37 95 9 92 65 55 20 58 89 35 40 46 30 18 69 52 68 30 2 93 77 22 29 70 36 66 45 21 4 93 47 68 17 98 31 78 1 91 83 77 3 49 21 91 6 0 21 80 10 3 70 57 18 5 62 97 99 20 14 16 99 61 21 75 39 10 8 70 23 28 49 85 63 0 98 80 55 52 78 42 54 96 25 
68 43 1 90 62 90 26 51 75 83 66 89 73 78 67 87 3 65 94 41 23 19 70 18 98 81 88 18 83 5 78 17 33 15 46 95 84 82 53 21 24 45 64 5 22 84 5 72 14 99 31 63 7 41 60 59 57 25 58 53 59 64 21 0 74 98 19 16 1 63 1 16 59 92 52 30 43 69 75 7 86 85 77 22 24 12 76 8 73 86 7 89 40 97 23 46 69 41 70 86 
87 63 2 8 58 3 86 31 45 55 34 61 73 84 30 24 55 54 59 56 54 38 6 77 2 48 36 47 79 60 11 92 60 74 19 12 35 69 30 5 62 39 17 40 89 38 71 83 66 52 82 73 72 66 34 0 36 40 1 28 21 83 80 74 0 22 32 48 26 16 39 90 54 26 76 76 47 32 13 78 48 40 80 99 44 65 66 53 27 86 39 50 79 20 80 9 46 44 44 38 
86 75 51 63 86 22 97 1 16 97 49 92 38 38 85 32 73 44 57 49 63 60 97 14 42 33 13 15 44 58 67 46 48 80 83 45 24 92 18 58 18 29 56 21 36 16 80 84 59 61 54 29 34 38 1 34 56 42 85 4 57 93 10 98 22 0 96 48 52 59 44 52 25 52 88 87 12 79 37 30 66 55 81 32 78 82 58 94 88 48 84 10 15 58 32 52 59 44 85 87 
11 46 20 55 43 12 19 71 16 55 30 81 56 50 0 95 62 18 51 97 65 91 84 6 40 54 2 2 37 48 66 25 82 72 48 56 50 72 77 5 47 33 35 91 2 9 85 74 94 78 49 21 14 86 89 50 80 99 84 36 88 35 3 19 32 96 0 38 46 45 1 86 37 7 35 20 47 3 39 53 98 70 95 49 58 67 20 8 11 56 9 16 19 29 5 34 14 66 13 90 
44 11 92 79 58 67 11 81 20 34 35 30 6 10 60 35 47 32 0 22 13 5 48 74 70 12 80 1 82 56 57 74 86 40 63 64 11 1 99 10 50 89 44 28 39 86 65 96 37 23 38 17 5 24 36 80 91 27 13 43 3 0 70 16 48 48 38 0 76 48 18 48 41 24 83 30 91 3 48 13 31 22 72 3 2 68 49 15 89 8 42 9 4 84 65 74 47 14 31 82 
76 35 99 72 29 38 60 80 39 61 17 74 29 18 32 11 26 67 50 10 71 31 39 99 30 36 10 22 54 3 33 17 53 45 76 51 30 79 15 31 78 18 69 93 23 69 98 22 38 69 15 58 61 69 39 97 39 10 13 44 83 81 57 1 26 52 46 76 0 68 2 97 48 31 6 56 7 94 85 8 1 59 57 21 65 76 29 29 8 14 54 34 67 56 41 36 93 93 35 97 
48 49 13 52 24 8 35 65 67 29 66 38 87 2 73 86 99 59 61 11 8 26 80 49 65 16 48 2 36 52 2 48 9 63 41 96 29 84 18 5 8 76 11 64 2 59 85 23 2 93 32 30 52 81 75 71 42 18 10 4 10 21 18 63 16 59 45 48 68 0 42 87 70 65 8 9 93 4 26 87 4 38 41 90 8 31 64 66 76 18 27 46 53 87 96 13 47 31 67 22 
23 18 42 94 21 61 37 24 21 37 86 67 26 17 17 51 59 90 57 9 62 14 66 57 29 93 2 77 88 87 85 88 16 72 85 7 58 44 87 25 47 10 87 93 31 50 40 6 15 28 15 88 88 28 89 77 96 28 43 2 54 67 5 1 39 44 1 18 2 42 0 11 21 12 66 37 44 30 64 71 45 34 78 20 97 40 36 69 41 54 2 88 22 82 33 74 34 23 92 97 
30 63 52 73 4 35 58 10 49 27 66 66 42 75 19 75 22 89 75 95 28 55 95 63 97 55 7 8 46 98 22 91 85 19 64 23 22 76 80 68 58 0 29 89 98 62 80 90 61 42 80 90 32 8 56 0 43 25 97 88 29 22 62 16 90 52 86 48 97 87 11 0 82 31 21 67 17 87 59 75 92 43 92 92 74 23 13 99 95 70 39 48 43 26 60 91 39 81 99 47 
30 93 5 15 83 51 10 83 6 94 48 60 93 50 84 62 97 61 38 20 61 9 53 93 30 39 82 54 88 30 8 13 98 25 30 36 65 98 65 12 15 85 89 52 42 88 52 42 11 12 7 15 54 82 60 14 68 16 16 50 21 8 97 59 54 25 37 41 48 70 21 82 0 24 61 12 10 99 51 13 12 78 27 37 73 93 47 6 82 79 16 77 9 28 69 36 33 41 2 27 
42 27 10 52 36 5 92 16 78 30 1 28 33 97 29 41 84 37 50 19 41 59 99 72 70 97 80 7 69 0 55 96 78 76 1 95 86 15 6 71 12 32 68 99 37 37 30 75 56 89 19 47 37 98 38 4 39 33 9 21 84 79 99 92 26 52 7 24 31 65 12 31 24 0 89 92 5 55 37 92 8 9 72 46 76 47 46 50 91 38 95 81 74 36 11 65 13 46 48 13 
26 65 17 81 36 45 48 98 15 13 91 87 89 26 87 58 38 28 30 27 74 98 36 87 3 58 24 44 26 53 15 86 23 30 54 93 22 1 62 31 1 29 76 53 2 40 87 2 86 49 54 66 69 12 14 31 52 84 97 73 40 2 20 52 76 88 35 83 6 8 66 21 61 89 0 13 30 52 5 1 59 76 71 86 85 72 55 68 63 3 3 85 13 63 73 84 77 18 95 29 
84 69 76 27 1 15 0 17 36 27 5 59 86 48 52 27 25 88 14 79 1 61 43 97 46 36 11 72 17 74 52 16 45 25 89 25 84 14 53 82 20 41 98 10 58 50 55 71 33 4 42 13 12 72 63 98 0 95 1 89 6 14 14 30 76 87 20 30 56 9 37 67 12 92 13 0 97 72 90 48 97 49 5 49 48 97 41 36 68 25 82 53 2 94 87 79 20 70 52 66 
80 63 73 54 85 24 46 35 74 25 95 29 10 20 59 7 87 66 52 98 91 24 35 14 94 0 88 89 49 93 6 6 8 29 11 86 93 54 5 65 14 84 57 98 92 49 36 54 41 74 62 2 65 72 88 76 44 88 77 14 62 64 16 43 47 12 47 91 7 93 44 17 10 5 30 97 0 75 3 65 42 27 22 91 28 67 98 98 66 2 74 73 44 60 78 75 14 57 59 59 
90 28 48 50 86 76 29 91 9 86 97 18 41 53 2 39 32 47 54 79 80 76 24 53 51 0 41 30 87 56 16 0 13 83 71 87 77 10 19 35 89 9 62 94 8 95 76 13 9 86 50 10 85 41 46 15 14 53 86 46 55 6 99 69 32 79 3 3 94 4 30 87 99 55 52 72 75 0 99 66 86 89 0 78 56 34 18 66 86 29 54 58 24 52 62 70 23 16 21 22 
76 63 27 1 49 49 56 16 80 31 24 8 84 23 83 30 12 68 91 14 6 29 87 42 70 86 85 15 85 54 52 9 21 7 12 63 14 97 37 56 49 85 75 0 91 72 5 0 95 6 92 19 74 68 38 30 80 8 6 67 25 15 61 75 13 37 39 48 85 26 64 59 51 37 5 90 3 99 0 22 49 63 38 7 33 47 20 67 33 5 99 8 44 69 50 98 47 91 73 57 
20 84 57 9 76 93 98 11 46 43 28 73 4 56 62 5 8 18 76 13 98 38 56 56 84 89 27 53 13 17 44 30 96 17 66 95 26 29 34 24 19 55 85 10 74 28 9 28 78 38 60 76 33 9 87 28 65 20 23 16 21 65 21 7 78 30 53 13 8 87 71 75 13 92 1 48 65 66 22 0 38 46 84 43 79 2 62 46 13 32 22 13 85 96 80 43 76 63 31 85 
27 15 14 16 98 81 79 60 65 4 61 69 15 11 17 80 26 45 51 8 14 54 20 90 51 83 27 52 34 55 24 18 13 32 24 6 41 28 20 10 18 62 65 64 4 39 73 43 49 43 92 14 27 38 84 57 39 54 78 89 26 51 75 86 48 66 98 31 1 4 45 92 12 8 59 97 42 86 49 38 0 83 0 45 14 43 47 17 87 42 64 45 37 82 81 89 28 69 86 75 
57 6 2 1 68 30 59 85 85 7 24 39 41 61 91 16 53 12 20 62 97 57 6 0 12 42 98 83 24 95 61 97 49 10 82 58 14 90 99 66 99 95 9 70 17 80 17 71 36 74 87 77 41 96 18 48 20 54 65 86 31 88 39 85 40 55 70 22 59 38 34 43 78 9 76 49 27 89 63 46 83 0 5 57 47 13 64 4 18 77 97 32 32 65 59 26 32 90 68 78 
92 77 22 72 15 53 61 89 95 35 24 26 13 22 62 7 92 56 50 74 17 18 70 70 75 83 4 50 51 85 77 65 50 0 85 98 54 11 68 87 67 74 54 37 30 38 67 93 25 91 88 59 43 95 46 94 79 86 36 7 70 95 10 77 80 81 95 72 57 41 78 92 27 72 71 5 22 0 38 84 0 5 0 73 63 5 40 92 93 45 4 71 16 64 5 50 76 85 36 79 
58 26 4 87 18 63 32 81 3 79 33 47 45 54 75 82 44 49 70 57 59 43 56 75 80 9 71 14 11 29 22 93 91 38 82 50 25 52 14 3 62 65 85 32 46 40 51 43 59 86 83 67 63 28 86 10 90 96 13 41 61 57 8 22 99 32 49 3 21 90 20 92 37 46 86 49 91 78 7 43 45 57 73 0 82 19 91 20 93 66 0 64 38 16 98 34 14 2 36 39 
2 59 81 91 92 64 36 36 30 17 12 49 43 9 36 25 70 91 83 71 4 94 34 41 65 49 26 64 77 8 46 66 55 17 40 97 87 20 58 93 63 12 0 36 48 14 5 21 30 20 43 63 19 65 70 47 37 60 7 29 68 74 70 24 44 78 58 2 65 8 97 74 73 76 85 48 28 56 33 79 14 47 63 82 0 73 64 60 64 70 14 24 42 54 3 61 85 78 55 90 
38 65 45 36 50 84 48 98 81 27 83 84 26 9 33 9 21 38 35 63 66 99 13 73 65 89 81 52 86 99 42 47 97 35 37 97 14 56 93 4 26 53 60 50 95 59 8 64 9 87 21 62 69 11 10 99 7 60 28 92 32 12 23 12 65 82 67 68 76 31 40 23 93 47 72 97 67 34 47 2 43 13 5 19 73 0 33 48 84 65 42 7 72 41 76 84 71 28 93 15 
95 20 48 30 18 96 61 35 19 87 5 21 47 34 49 14 87 2 8 28 97 17 99 97 19 50 77 63 99 99 4 4 23 32 5 83 84 84 72 55 17 46 39 27 26 82 67 17 43 78 74 82 37 4 65 70 34 50 58 70 12 22 28 76 66 58 20 49 29 64 36 13 47 46 55 41 98 18 20 62 47 64 40 91 64 33 0 66 82 45 4 78 53 51 67 5 65 37 47 80 
75 59 44 85 80 83 84 76 78 44 1 49 94 88 88 1 6 88 20 14 51 84 73 22 6 70 95 59 56 45 92 77 16 74 53 93 51 26 89 75 10 72 58 16 74 83 86 76 43 4 52 88 10 10 63 67 1 63 24 8 39 74 49 8 53 94 8 15 29 66 69 99 6 50 68 36 98 66 67 46 17 4 92 20 60 48 66 0 25 34 11 67 38 37 46 27 73 15 90 1 
15 31 95 42 97 48 15 11 63 0 31 72 38 18 64 88 79 14 88 79 6 10 29 3 71 80 68 76 82 22 64 67 31 96 18 41 79 76 97 1 36 78 24 98 89 84 77 30 80 48 78 6 28 72 43 63 90 13 70 32 73 68 85 73 27 88 11 89 8 76 41 95 82 91 63 68 66 86 33 13 87 18 93 93 64 84 82 25 0 72 80 93 16 33 82 63 38 2 97 27 
11 13 8 78 10 0 79 23 30 96 72 28 37 41 2 91 75 2 15 14 92 27 62 7 45 38 49 64 82 34 44 28 1 24 49 35 83 40 94 86 76 8 75 50 25 34 77 22 70 11 80 52 4 56 6 44 38 92 1 67 15 27 63 86 86 48 56 8 14 18 54 70 79 38 3 25 2 29 5 32 42 77 45 66 70 65 45 34 72 0 18 48 46 93 17 91 25 93 53 43 
45 14 99 12 84 65 5 24 34 15 67 82 90 91 82 91 26 26 68 13 0 56 83 55 6 94 46 42 93 44 44 1 73 10 20 65 7 8 95 40 34 61 44 15 55 93 87 48 20 99 88 42 91 82 98 88 12 86 14 28 63 92 0 7 39 84 9 42 54 27 2 39 16 95 3 82 74 54 99 22 64 97 4 0 14 42 4 11 80 18 0 57 19 19 74 67 63 35 26 61 
49 13 47 1 44 24 22 96 43 95 48 55 55 15 18 71 50 17 21 99 77 91 98 45 97 21 91 40 91 75 78 91 32 5 95 60 19 49 33 22 20 51 43 48 26 40 9 8 30 19 74 29 7 96 31 78 28 76 58 97 37 92 98 89 50 10 16 9 34 46 88 48 77 81 85 53 73 58 8 13 45 32 71 64 24 7 78 67 93 48 57 0 11 12 32 25 42 40 87 45 
36 59 98 31 5 63 94 47 94 9 57 95 8 79 2 76 8 5 31 27 61 73 85 15 6 87 74 95 20 44 92 32 15 98 53 59 40 54 85 18 95 76 50 6 75 12 73 46 31 99 1 87 15 82 97 17 97 10 31 72 57 85 80 40 79 15 19 4 67 53 22 43 9 74 13 2 44 24 44 85 37 32 16 38 42 72 53 38 16 46 19 11 0 12 18 45 30 18 88 84 
7 7 73 77 63 5 51 15 5 53 25 58 39 88 24 34 66 37 50 78 74 14 43 19 38 23 97 12 42 9 54 37 69 80 98 69 93 91 6 84 98 24 24 88 22 27 66 19 32 67 26 30 41 47 46 37 64 69 84 14 19 90 55 97 20 58 29 84 56 87 82 26 28 36 63 94 60 52 69 96 82 65 64 16 54 41 51 37 33 93 19 12 12 0 48 51 90 90 76 38 
93 62 40 20 26 40 20 64 88 6 8 9 56 92 42 27 22 5 23 33 62 67 76 30 65 78 48 64 61 42 6 34 84 74 29 23 35 94 44 62 67 56 34 19 92 9 29 80 58 62 22 15 22 44 25 28 39 11 73 37 9 34 52 23 80 32 5 65 41 96 33 60 69 11 73 87 78 62 50 80 81 59 5 98 3 76 67 46 82 17 74 32 18 48 0 93 80 41 81 5 
94 35 17 63 26 45 7 65 91 10 22 26 33 30 24 24 88 12 74 59 81 82 18 66 57 11 72 81 77 61 96 62 36 81 95 24 42 12 64 20 86 98 76 63 31 4 10 69 59 68 43 63 29 26 6 7 2 84 27 84 55 87 78 46 9 52 34 74 36 13 74 91 36 65 84 79 75 70 98 43 89 26 50 34 61 84 5 27 63 91 67 25 45 51 93 0 85 42 23 67 
23 73 16 9 90 45 36 66 61 63 54 49 7 68 75 46 26 37 20 27 28 43 89 8 62 86 78 28 21 95 57 53 13 87 93 30 43 49 39 77 13 0 41 90 75 20 15 48 80 34 35 13 1 16 26 77 43 42 32 30 78 73 42 69 46 59 14 47 93 47 34 39 33 13 77 20 14 23 47 76 28 32 76 14 85 71 65 73 38 25 63 42 30 90 80 85 0 70 26 73 
32 50 0 26 5 95 9 44 31 17 88 24 28 61 49 25 13 59 89 33 62 29 71 44 73 73 1 84 79 91 57 55 13 96 43 25 71 45 69 24 13 46 83 97 8 32 33 89 46 24 10 95 78 4 7 62 20 60 41 42 79 40 54 41 44 44 66 14 93 31 23 81 41 46 18 70 57 16 91 63 69 90 85 2 78 28 37 15 2 93 35 40 18 90 41 42 70 0 14 80 
72 19 66 98 26 8 63 78 12 92 85 65 29 13 84 85 55 20 22 99 15 88 6 5 95 42 2 41 91 11 34 89 86 53 64 17 39 97 94 66 73 77 89 33 67 70 9 50 6 35 59 81 4 83 30 8 18 65 22 44 71 51 96 70 44 85 13 31 35 67 92 99 2 48 95 52 59 21 73 31 86 68 36 36 55 93 47 90 97 53 26 87 88 76 81 23 26 14 0 93 
98 70 84 45 58 10 73 79 43 97 81 37 24 5 91 56 3 99 14 39 48 2 95 92 92 1 95 82 5 31 53 76 82 79 31 53 88 56 91 0 16 67 41 8 93 61 82 7 63 50 59 45 58 51 96 23 24 60 11 39 12 69 25 86 38 87 90 82 97 22 97 47 27 13 29 66 59 22 57 85 75 78 79 39 90 15 80 1 27 43 61 45 84 38 5 67 73 80 93 0 
0 15 59 87 80 90 15 45 72 42 60 97 42 48 53 19 47 11 52 46 57 41 83 57 66 42 88 3 4 96 29 37 79 20 33 54 83 79 62 63 78 62 95 42 7 70 99 90 42 29 66 93 65 6 19 36 93 66 1 20 66 73 38 84 95 94 86 73 25 42 94 41 57 25 31 54 65 31 82 0 2 93 18 39 58 13 54 59 65 9 26 0 35 49 86 67 74 37 67 2 
15 0 92 8 77 36 67 94 52 70 78 14 65 21 57 55 0 14 55 35 46 5 30 87 29 16 36 19 78 28 55 0 53 40 10 53 67 2 61 65 7 18 97 52 44 70 93 96 7 12 94 61 56 23 86 9 35 95 31 48 42 15 6 41 74 13 93 46 57 75 88 90 13 54 17 32 87 70 70 37 66 91 38 72 77 39 4 13 93 37 50 16 34 23 67 97 88 22 49 12 
59 92 0 76 65 96 16 30 53 54 79 51 10 17 12 29 66 96 61 69 76 22 6 14 50 75 67 52 3 35 70 48 17 85 50 58 92 58 7 65 98 48 7 12 3 2 26 32 73 17 62 13 53 73 95 68 84 98 75 52 60 10 63 26 63 49 53 4 52 11 21 17 36 15 87 12 92 90 4 23 82 48 55 37 18 62 39 24 45 69 27 56 64 99 20 38 21 67 56 45 
87 8 76 0 20 79 60 14 28 43 35 63 62 22 21 88 8 3 0 51 68 21 62 83 29 84 57 90 6 92 27 78 67 17 52 3 3 97 11 6 40 54 46 4 20 44 15 52 78 9 96 76 25 16 20 62 83 35 95 54 97 78 30 31 63 31 70 93 80 60 75 27 29 99 92 14 77 4 82 36 92 18 65 10 83 46 89 18 96 6 93 22 23 16 79 73 65 48 66 14 
80 77 65 20 0 86 35 32 99 48 5 19 81 79 23 60 32 88 83 42 30 48 52 45 15 7 30 36 13 68 22 82 73 19 33 6 14 60 91 96 5 93 17 50 30 69 98 43 2 18 21 59 70 73 14 14 80 44 75 43 79 77 95 61 1 24 10 67 85 34 5 23 14 19 46 55 41 15 88 54 87 23 55 42 5 68 30 46 28 13 45 37 44 46 3 14 26 8 55 27 
90 36 96 79 86 0 65 58 42 58 50 25 74 82 5 53 32 10 88 92 18 97 98 80 59 14 73 58 14 89 47 90 73 51 50 14 65 30 6 9 38 36 0 62 29 72 39 61 60 76 37 42 53 6 13 94 38 94 84 80 12 73 61 29 0 63 82 93 70 46 12 21 14 34 44 79 88 91 71 57 15 21 32 85 46 8 92 35 48 88 79 33 83 28 16 21 3 99 14 32 
15 67 16 60 35 65 0 20 76 32 25 38 28 68 22 7 11 60 36 16 6 62 73 27 2 9 88 47 73 92 55 27 79 97 61 47 36 90 85 50 33 79 98 25 20 79 67 27 67 15 70 84 74 28 45 79 2 48 23 85 16 31 63 5 49 1 68 27 92 52 31 20 16 88 98 73 68 2 81 38 25 80 91 41 10 33 38 27 24 45 17 86 82 41 0 48 51 38 8 92 
45 94 30 14 32 58 20 0 34 67 98 70 19 7 24 29 61 32 71 5 18 77 90 6 28 14 55 75 13 5 30 3 53 23 74 38 34 40 61 56 54 16 13 30 23 12 15 89 28 83 18 40 22 18 51 1 1 2 5 37 51 48 78 60 69 92 81 78 44 99 62 32 70 53 15 9 24 94 96 72 27 52 9 96 54 73 57 24 14 53 50 51 33 67 97 59 93 26 80 47 
72 52 53 28 99 42 76 34 0 37 37 16 38 43 89 4 7 6 28 96 84 20 44 90 1 65 1 38 93 53 9 8 49 46 33 0 71 2 6 68 8 77 59 34 26 17 41 80 38 45 44 42 9 23 99 59 73 5 54 17 12 84 81 90 40 19 32 70 11 85 6 56 33 47 24 47 21 96 27 22 54 31 30 61 72 19 70 21 69 33 22 68 16 11 28 14 53 86 58 67 
42 70 54 43 48 58 32 67 37 0 77 92 33 15 24 51 26 76 43 40 97 37 34 99 8 98 78 9 35 88 30 25 23 67 19 85 47 80 16 4 53 71 24 69 1 42 80 42 89 34 85 97 32 97 4 45 1 5 14 56 76 30 21 49 37 63 59 84 23 0 44 63 7 84 41 73 15 38 59 31 92 9 46 96 50 41 56 87 83 67 23 68 21 2 79 31 36 50 9 51 
60 78 79 35 5 50 25 98 37 77 0 10 98 96 9 6 20 81 77 4 24 23 32 14 33 8 85 76 73 61 5 26 84 98 34 63 2 8 76 48 93 59 46 7 42 71 31 88 45 93 77 85 64 82 92 14 63 0 38 78 93 20 71 70 92 80 96 75 19 9 46 79 13 4 29 1 92 6 51 4 50 95 3 2 0 19 42 60 65 11 65 33 78 12 62 88 22 91 47 90 
97 14 51 63 19 25 38 70 16 92 10 0 51 20 55 74 9 5 97 54 8 69 55 38 87 2 85 25 90 69 24 43 54 8 95 61 32 16 41 31 17 19 41 16 0 39 31 2 11 12 62 63 79 92 72 2 6 79 92 65 38 26 15 23 26 98 97 56 60 87 14 4 61 14 69 21 46 72 73 18 87 6 31 21 7 94 4 45 47 22 20 42 69 97 25 1 58 6 38 81 
42 65 10 62 81 74 28 19 38 33 98 51 0 68 96 68 67 82 82 56 71 42 1 88 45 36 97 32 53 3 96 61 89 73 70 46 78 26 0 13 56 38 48 27 12 92 63 8 54 56 21 6 17 26 73 89 10 35 15 5 46 90 5 47 32 2 5 67 48 60 19 77 36 92 89 55 18 6 55 88 51 75 28 28 21 8 46 28 5 33 22 51 59 34 32 98 93 5 50 42 
48 21 17 22 79 82 68 7 43 15 96 20 68 0 11 22 31 31 57 65 65 87 85 32 36 66 31 63 52 27 82 57 99 29 69 72 15 23 50 25 41 92 78 80 45 2 77 95 10 59 54 39 25 87 77 50 38 0 26 46 26 63 99 89 27 64 16 79 41 69 66 10 59 47 58 4 55 44 45 37 76 9 72 40 48 9 35 71 61 60 18 95 26 45 87 56 15 57 27 4 
53 57 12 21 23 5 22 24 89 24 9 55 96 11 0 15 73 43 63 80 78 28 13 57 98 80 20 86 27 26 85 98 1 80 54 97 54 80 51 23 13 97 56 96 2 92 25 27 92 60 5 90 93 26 28 3 77 14 23 86 52 91 24 33 28 57 19 62 80 1 81 32 34 90 30 9 69 57 68 73 57 35 19 79 60 65 49 4 7 69 43 8 45 41 4 26 56 76 75 53 
19 55 29 88 60 53 7 29 4 51 6 74 68 22 15 0 25 61 32 24 4 1 55 78 1 52 20 7 29 41 32 56 60 54 4 97 23 62 12 51 2 75 87 6 47 38 93 65 36 39 83 39 21 22 91 86 70 34 39 22 64 82 29 45 29 84 29 94 70 45 17 7 64 10 97 32 25 60 90 53 71 35 95 77 67 35 27 29 92 56 51 92 57 76 24 28 46 33 31 51 
47 0 66 8 32 32 11 61 7 26 20 9 67 31 73 25 0 9 39 92 8 85 46 24 59 73 0 94 33 33 38 44 19 8 29 62 73 47 22 90 81 18 74 41 88 54 55 45 82 74 95 32 99 12 75 50 82 88 97 14 43 94 47 72 81 33 61 24 15 27 6 43 3 31 42 83 20 75 30 39 11 33 85 25 89 10 49 85 5 9 64 16 32 48 78 56 36 33 41 67 
11 14 96 3 88 10 60 32 6 76 81 5 82 31 43 61 9 0 59 27 26 58 53 29 24 10 11 92 20 81 85 96 79 64 61 11 43 66 93 12 85 6 76 53 22 72 23 42 79 16 9 41 75 65 15 71 4 60 86 72 37 65 69 72 65 34 89 10 38 97 86 34 20 77 19 44 42 11 14 26 16 33 6 8 98 18 71 17 83 87 32 38 93 8 21 90 83 18 76 51 
52 55 61 0 83 88 36 71 28 43 77 97 82 57 63 32 39 59 0 18 31 72 18 71 39 79 24 28 26 24 16 25 85 36 60 81 83 62 97 57 78 57 37 8 10 38 2 36 56 62 31 91 70 28 32 96 29 26 95 25 74 51 43 29 66 24 41 45 55 96 37 30 89 65 70 87 36 17 81 93 86 22 97 0 16 31 60 92 25 69 77 28 41 89 33 95 73 39 49 77 
46 35 69 51 42 92 16 5 96 40 4 54 56 65 80 24 92 27 18 0 88 72 90 33 44 98 72 40 82 66 67 96 87 26 30 16 80 54 63 33 25 80 59 45 56 5 78 13 60 97 73 94 25 0 64 31 54 14 1 43 93 81 89 61 2 77 31 97 44 1 85 86 11 32 36 73 95 47 32 12 18 0 47 6 27 81 84 88 9 48 94 35 20 72 95 49 67 6 73 13 
57 46 76 68 30 18 6 18 84 97 24 8 71 65 78 4 8 26 31 88 0 12 61 30 36 53 18 47 69 96 17 40 30 27 33 26 80 61 57 18 40 83 38 2 55 9 68 8 95 77 55 75 41 73 75 86 7 66 19 29 0 38 0 47 98 68 75 2 83 97 47 20 8 23 4 56 4 74 7 99 32 49 36 48 88 56 99 13 46 58 2 25 0 77 76 69 8 80 26 18 
41 5 22 21 48 97 62 77 20 37 23 69 42 87 28 1 85 58 72 72 12 0 82 97 75 5 35 57 51 61 21 18 12 82 78 82 8 52 84 11 19 64 14 84 6 29 94 27 29 49 79 38 62 76 19 46 0 73 20 11 73 15 44 14 75 13 38 52 6 90 34 40 13 18 25 87 57 98 13 80 7 60 24 18 92 31 72 46 48 48 32 26 48 30 13 18 4 98 80 93 
83 30 6 62 52 98 73 90 44 34 32 55 1 85 13 55 46 53 18 90 61 82 0 83 4 66 50 62 24 88 0 0 89 74 18 24 54 54 7 54 95 37 43 29 93 44 81 98 62 83 37 91 59 44 48 77 5 31 49 87 67 98 3 49 78 7 38 47 21 59 64 8 64 82 81 51 70 56 10 77 69 84 97 0 21 82 34 88 26 30 87 52 99 89 96 82 38 47 95 31 
57 87 14 83 45 80 27 6 90 99 14 38 88 32 57 78 24 29 71 33 30 97 83 0 68 22 58 77 50 46 24 92 83 95 26 0 68 90 22 2 21 31 9 13 87 20 75 68 48 13 46 13 17 22 87 47 43 68 48 43 40 82 34 7 13 72 92 67 36 95 14 23 77 75 90 50 18 5 15 83 94 75 90 28 76 94 33 11 84 93 17 80 7 12 44 35 29 57 52 4 
66 29 50 29 15 59 2 28 1 8 33 87 45 36 98 1 59 24 39 44 36 75 4 68 0 69 65 87 33 72 7 16 89 20 98 55 37 17 75 79 23 85 81 5 58 48 66 0 25 85 26 81 66 88 57 25 71 65 99 15 87 76 63 82 78 95 90 75 97 44 72 63 98 19 68 11 86 5 69 17 57 2 92 55 12 2 58 13 49 60 13 81 40 71 47 55 75 47 81 4 
42 16 75 84 7 14 9 14 65 98 8 2 36 66 80 52 73 10 79 98 53 5 66 22 69 0 37 68 7 53 13 56 69 62 49 14 11 2 64 49 36 14 21 61 45 48 68 61 66 32 9 62 21 49 65 22 28 6 65 77 2 92 47 53 68 43 63 82 2 87 32 87 46 53 51 7 88 17 20 45 90 1 77 14 70 40 17 62 46 60 86 81 95 88 34 26 21 4 82 11 
88 36 67 57 30 73 88 55 1 78 85 85 97 31 20 20 0 11 24 72 18 35 50 58 65 37 0 19 11 57 57 79 8 72 78 48 37 84 31 28 36 9 66 2 37 19 32 28 46 43 43 88 20 23 49 20 41 22 25 29 56 25 69 73 66 44 32 51 90 60 43 54 19 98 12 36 94 92 36 38 52 1 8 7 5 79 93 68 94 15 35 72 81 92 65 54 74 62 64 77 
3 19 52 90 36 58 47 75 38 9 76 25 32 63 86 7 94 92 28 40 47 57 62 77 87 68 19 0 24 16 89 50 90 88 91 91 42 90 85 67 78 51 55 33 56 98 25 62 7 31 19 39 21 98 33 11 35 76 57 30 67 93 58 11 59 8 3 92 94 22 14 69 35 32 1 78 71 81 51 10 86 20 51 21 57 93 27 22 79 34 55 72 66 72 32 17 36 37 0 5 
4 78 3 6 13 14 73 13 93 35 73 90 53 52 27 29 33 20 26 82 69 51 24 50 33 7 11 24 0 63 32 77 55 28 82 99 76 76 7 5 66 34 27 30 90 38 44 8 72 58 7 53 12 15 99 32 32 57 51 39 43 32 20 99 12 73 73 92 89 69 32 78 38 22 27 37 41 2 94 10 84 77 78 16 62 0 78 42 88 97 92 88 29 35 80 12 34 4 65 88 
96 28 35 92 68 89 92 5 53 88 61 69 3 27 26 41 33 81 24 66 96 61 88 46 72 53 57 16 63 0 35 0 47 90 80 37 74 49 65 53 55 37 87 41 0 6 54 35 74 61 78 48 72 90 2 6 54 34 61 13 64 75 43 36 7 85 65 60 76 39 90 48 43 66 36 70 30 80 48 9 29 2 49 32 8 50 84 50 73 32 14 25 12 50 49 58 51 64 82 18 
29 55 70 27 22 47 55 30 9 30 5 24 96 82 85 32 38 85 16 67 17 21 0 24 7 13 57 89 32 35 0 33 70 6 23 45 35 14 8 36 70 12 16 75 27 9 35 62 2 32 5 64 37 67 15 24 22 6 87 33 48 66 55 93 63 76 38 70 71 92 95 89 36 49 20 87 5 86 31 78 75 46 5 17 28 40 0 92 78 33 19 19 66 24 64 49 31 57 94 86 
37 0 48 78 82 90 27 3 8 25 26 43 61 57 98 56 44 96 25 96 40 18 0 92 16 56 79 50 77 0 33 0 59 67 45 48 12 62 29 68 19 71 41 85 41 55 62 48 26 77 54 77 76 47 85 15 20 79 19 73 34 69 31 41 20 69 56 8 55 26 33 33 95 24 16 24 60 87 77 76 46 44 31 41 72 34 46 3 28 72 24 52 93 66 76 39 1 69 33 66 
79 53 17 67 73 73 79 53 49 23 84 54 89 99 1 60 19 79 85 87 30 12 89 83 89 69 8 90 55 47 70 59 0 70 93 28 73 27 90 84 31 28 79 82 61 41 91 12 2 16 3 37 55 0 48 69 82 29 14 71 61 49 36 75 1 34 89 76 82 63 54 87 11 9 9 18 71 42 78 82 52 82 42 57 0 29 63 39 28 43 63 67 20 5 70 48 77 96 34 31 
20 40 85 17 19 51 97 23 46 67 98 8 73 29 80 54 8 64 36 26 27 82 74 95 20 62 72 88 28 90 6 67 70 0 1 34 78 42 34 5 7 46 1 74 47 7 15 39 21 61 19 58 16 80 69 90 57 19 92 30 46 60 35 87 57 60 79 28 55 60 33 19 17 63 87 40 8 49 78 92 43 61 14 75 50 71 9 80 47 7 75 30 85 86 76 45 66 86 60 27 
33 10 50 52 33 50 61 74 33 19 34 95 70 69 54 4 29 61 60 30 33 78 18 26 98 49 78 91 82 80 23 45 93 1 0 91 33 48 93 88 66 73 83 13 29 53 39 32 74 60 22 82 75 42 8 90 27 67 21 41 82 44 10 15 71 1 62 78 18 18 50 41 68 36 92 13 24 51 97 61 79 15 48 13 25 60 55 88 32 48 30 51 35 27 16 30 61 37 7 5 
54 53 58 3 6 14 47 38 0 85 63 61 46 72 97 97 62 11 81 16 26 82 24 0 55 14 48 91 99 37 45 48 28 34 91 0 37 0 79 50 69 51 35 88 96 30 0 37 26 82 29 59 71 18 95 25 90 83 14 31 29 67 47 14 14 77 97 65 15 21 19 55 97 60 52 85 95 54 10 1 24 87 61 3 36 16 92 97 34 38 85 43 55 36 21 93 35 84 65 96 
83 67 92 3 14 65 36 34 71 47 2 32 78 15 54 23 73 43 83 80 80 8 54 68 37 11 37 42 76 74 35 12 73 78 33 37 0 20 53 32 74 77 58 43 78 63 17 37 79 83 64 82 38 3 63 72 2 65 22 72 21 20 40 60 59 43 63 40 17 55 85 82 52 87 27 60 34 82 14 63 43 88 30 15 25 37 68 35 65 1 70 98 45 94 21 3 30 69 12 94 
79 2 58 97 60 30 90 40 2 80 8 16 26 23 80 62 47 66 62 54 61 52 54 90 17 2 84 90 76 49 14 62 27 42 48 0 20 0 43 56 13 78 62 82 92 84 49 88 93 46 46 93 98 26 31 60 10 25 55 93 56 41 95 96 8 77 54 8 32 2 73 48 76 18 83 68 68 79 44 60 27 27 22 37 79 6 28 32 20 21 75 16 37 1 13 39 17 97 45 75 
62 61 7 11 91 6 85 61 6 16 76 41 0 50 51 12 22 93 97 63 57 84 7 22 75 64 31 85 7 65 8 29 90 34 93 79 53 43 0 83 7 66 38 60 64 16 87 99 86 10 84 10 94 28 68 68 16 46 23 53 41 67 22 62 29 84 45 50 60 98 26 96 67 70 20 19 39 15 93 7 34 46 27 8 61 78 38 27 21 76 3 28 43 15 0 55 50 43 58 95 
63 65 65 6 96 9 50 56 68 4 48 31 13 25 23 51 90 12 57 33 18 11 54 2 79 49 28 67 5 53 36 68 84 5 88 50 32 56 83 0 38 65 50 89 84 72 13 80 1 70 87 32 35 30 96 87 60 70 90 58 97 94 13 12 98 68 79 42 1 2 47 98 1 46 52 36 92 1 15 32 50 96 49 0 7 88 51 10 99 12 90 94 0 27 38 85 65 86 61 1 
78 7 98 40 5 38 33 54 8 53 93 17 56 41 13 2 81 85 78 25 40 19 95 21 23 36 36 78 66 55 70 19 31 7 66 69 74 13 7 38 0 85 76 31 4 48 34 52 90 23 16 87 49 11 82 58 2 19 18 46 14 56 24 79 60 55 68 94 23 67 67 90 47 68 27 29 23 85 20 41 67 99 20 97 42 28 57 98 71 52 40 49 97 26 96 9 29 2 6 28 
62 18 48 54 93 36 79 16 77 71 59 19 38 92 97 75 18 6 57 80 83 64 37 31 85 14 9 51 34 37 12 71 28 46 73 51 77 78 66 65 85 0 55 22 19 82 94 96 69 48 42 59 79 45 4 51 87 14 3 36 38 60 91 45 24 19 63 41 55 40 12 69 10 22 52 19 98 44 49 0 39 43 85 39 86 0 22 29 53 21 26 64 52 64 56 86 10 7 27 44 
95 97 7 46 17 0 98 13 59 24 46 41 48 78 56 87 74 76 37 59 38 14 43 9 81 21 66 55 27 87 16 41 79 1 83 35 58 62 38 50 76 55 0 59 60 82 57 63 55 6 56 24 15 80 44 12 13 39 51 69 97 63 29 93 75 17 10 14 34 33 28 76 13 61 15 2 91 60 87 27 74 59 90 25 73 27 20 29 69 56 99 11 16 52 63 15 96 43 41 27 
42 52 12 4 50 62 25 30 34 69 7 16 27 80 96 6 41 53 8 45 2 84 29 13 5 61 2 33 30 41 75 85 82 74 13 88 43 82 60 89 31 22 59 0 93 97 4 23 15 3 35 22 59 3 10 30 36 30 38 11 98 26 20 42 87 78 51 14 88 63 33 24 79 62 76 43 83 41 61 24 34 27 63 51 52 17 20 37 39 51 69 85 68 64 84 92 79 49 55 53 
7 44 3 20 30 29 20 23 26 1 42 0 12 45 2 47 88 22 10 56 55 6 93 87 58 45 37 56 90 0 27 41 61 47 29 96 78 92 64 84 4 19 60 93 0 21 20 93 91 33 41 49 96 13 52 1 3 92 49 44 26 65 64 57 45 69 10 39 34 56 25 38 17 11 8 51 37 73 56 76 38 6 56 73 42 84 32 3 85 93 66 51 86 87 58 38 98 59 84 72 
70 70 2 44 69 72 79 12 17 42 71 39 92 2 92 38 54 72 38 5 9 29 44 20 48 48 19 98 38 6 9 55 41 7 53 30 63 84 16 72 48 82 82 97 21 0 56 55 28 94 39 43 8 5 2 54 9 94 28 69 35 24 13 48 12 37 50 60 53 61 26 60 24 94 5 99 80 49 23 46 8 68 91 21 81 78 50 8 1 77 48 83 89 91 94 78 70 13 34 2 
99 93 26 15 98 39 67 15 41 80 31 31 63 77 25 93 55 23 2 78 68 94 81 75 66 68 32 25 44 54 35 62 91 15 39 0 17 49 87 13 34 94 57 4 20 56 0 32 50 71 88 29 58 39 7 27 47 48 8 63 21 17 96 3 77 47 14 49 80 67 16 89 4 98 81 75 1 11 94 17 68 36 55 87 13 29 51 64 1 70 22 3 0 1 64 40 59 32 43 41 
90 96 32 52 43 61 27 89 80 42 88 2 8 95 27 65 45 42 36 13 8 27 98 68 0 61 28 62 8 35 62 48 12 39 32 37 37 88 99 80 52 96 63 23 93 55 32 0 91 51 94 6 85 54 80 44 9 2 31 20 23 17 65 0 50 30 16 94 80 35 87 65 81 15 12 91 35 21 36 28 88 57 10 77 72 1 18 90 39 16 18 8 65 12 53 20 53 70 51 50 
42 7 73 78 2 60 67 28 38 89 45 11 54 10 92 36 82 79 56 60 95 29 62 48 25 66 46 7 72 74 2 26 2 21 74 26 79 93 86 1 90 69 55 15 91 28 50 91 0 24 21 71 56 38 99 4 33 30 1 40 1 74 44 54 21 50 92 97 20 89 32 67 2 46 27 1 27 72 64 34 11 65 15 31 5 65 18 72 89 13 73 1 58 73 38 77 43 85 60 20 
29 12 17 9 18 76 15 83 45 34 93 12 56 59 60 39 74 16 62 97 77 49 83 13 85 32 43 31 58 61 32 77 16 61 60 82 83 46 10 70 23 48 6 3 33 94 71 51 24 0 71 88 34 30 2 19 67 26 90 66 5 55 20 25 45 19 31 55 64 7 4 59 72 89 41 42 4 23 97 39 8 62 27 29 67 7 90 63 71 63 95 31 67 80 98 33 81 47 13 63 
66 94 62 96 21 37 70 18 44 85 77 62 21 54 5 83 95 9 31 73 55 79 37 46 26 9 43 19 7 78 5 54 3 19 22 29 64 46 84 87 16 42 56 35 41 39 88 94 21 71 0 34 86 14 89 75 94 55 56 83 36 15 94 38 32 17 28 20 4 92 85 29 31 58 17 25 30 29 68 60 33 16 39 84 14 50 63 4 79 0 92 56 27 30 20 86 81 70 93 28 
93 61 13 76 59 42 84 40 42 97 85 63 6 39 90 39 32 41 91 94 75 38 91 13 81 62 88 39 53 48 64 77 37 58 82 59 82 93 10 32 87 59 24 22 49 43 29 6 71 88 34 0 95 48 19 42 2 87 4 77 72 25 49 91 8 86 87 44 75 89 8 61 5 79 85 55 74 36 52 22 71 72 75 71 36 80 24 15 61 5 57 87 78 79 67 98 18 21 5 3 
65 56 53 25 70 53 74 22 9 32 64 79 17 25 93 21 99 75 70 25 41 62 59 17 66 21 20 21 12 72 37 76 55 16 75 71 38 98 94 35 49 79 15 59 96 8 58 85 56 34 86 95 0 36 48 35 18 87 23 16 67 13 12 30 56 59 90 45 96 67 14 91 66 31 48 56 95 78 32 19 60 11 36 73 89 40 21 5 25 91 13 31 38 15 98 91 11 51 87 1 
6 23 73 16 73 6 28 18 23 97 82 92 26 87 26 22 12 65 28 0 73 76 44 22 88 49 23 98 15 90 67 47 0 80 42 18 3 26 28 30 11 45 80 3 13 5 39 54 38 30 14 48 36 0 70 83 51 17 2 60 36 8 27 30 23 34 96 74 4 96 48 25 11 42 37 55 19 3 41 19 72 93 52 39 26 33 10 13 88 93 67 85 46 80 80 58 92 22 8 54 
19 86 95 20 14 13 45 51 99 4 92 72 73 77 28 91 75 15 32 64 75 19 48 87 57 65 49 33 99 2 15 85 48 69 8 95 63 31 68 96 82 4 44 10 52 2 7 80 99 2 89 19 48 70 0 40 78 31 56 76 97 11 35 44 28 80 7 42 54 71 84 51 86 35 29 44 1 83 46 9 81 33 72 21 88 29 58 26 43 61 75 73 70 79 28 95 75 40 67 37 
36 9 68 62 14 94 79 1 59 45 14 2 89 50 3 86 50 71 96 31 86 46 77 47 25 22 20 11 32 6 24 15 69 90 90 25 72 60 68 87 58 51 12 30 1 54 27 44 4 19 75 42 35 83 40 0 46 82 76 18 80 48 52 9 56 19 97 4 8 25 63 90 75 77 49 72 30 87 87 89 56 2 35 41 24 34 54 78 38 59 15 60 8 26 19 62 54 98 37 16 
93 35 84 83 80 38 2 1 73 1 63 6 10 38 77 70 82 4 29 54 7 0 5 43 71 28 41 35 32 54 22 20 82 57 27 90 2 10 16 60 2 87 13 36 3 9 47 9 33 67 94 2 18 51 78 46 0 90 23 55 14 52 65 76 44 38 74 4 53 26 72 67 62 37 59 54 35 5 74 63 84 49 96 11 11 49 90 44 45 12 20 30 8 62 31 26 20 21 21 66 
66 95 98 35 44 94 48 2 5 5 0 79 35 0 14 34 88 60 26 14 66 73 31 68 65 6 22 76 57 34 6 79 29 19 67 83 65 25 46 70 19 14 39 30 92 94 48 2 30 26 55 87 87 17 31 82 90 0 83 38 59 14 56 28 35 23 37 31 34 71 59 9 60 43 70 15 51 24 64 95 24 80 88 57 69 22 98 80 45 61 52 12 46 53 77 32 25 4 6 86 
1 31 75 95 75 84 23 5 54 14 38 92 15 26 23 39 97 86 95 1 19 20 49 48 99 65 25 57 51 61 87 19 14 92 21 14 22 55 23 90 18 3 51 38 49 28 8 31 1 90 56 4 23 2 56 76 23 83 0 73 91 73 88 33 31 18 50 34 34 64 37 18 87 14 38 21 91 49 23 35 56 72 14 57 74 61 22 1 1 54 43 66 59 85 38 61 75 97 22 21 
20 48 52 54 43 80 85 37 17 56 78 65 5 46 86 22 14 72 25 43 29 11 87 43 15 77 29 30 39 13 33 73 71 30 41 31 72 93 53 58 46 36 69 11 44 69 63 20 40 66 83 77 16 60 76 18 55 38 73 0 73 47 33 12 34 26 85 26 70 73 59 47 26 67 56 58 58 20 83 26 45 36 19 84 27 76 37 76 24 98 88 72 60 27 7 56 25 94 83 75 
66 42 60 97 79 12 16 51 12 76 93 38 46 26 52 64 43 37 74 93 0 73 67 40 87 2 56 67 43 64 48 34 61 46 82 29 21 56 41 97 14 38 97 98 26 35 21 23 1 5 36 72 67 36 97 80 14 59 91 73 0 25 44 86 88 78 11 30 18 10 42 90 23 62 62 60 90 44 72 53 34 47 49 62 83 59 34 31 11 72 42 24 76 29 90 4 94 32 11 7 
73 15 10 78 77 73 31 48 84 30 20 26 90 63 91 82 94 65 51 81 38 15 98 82 76 92 25 93 32 75 66 69 49 60 44 67 20 41 67 94 56 60 63 26 65 24 17 17 74 55 15 25 13 8 11 48 52 14 73 47 25 0 84 26 95 86 37 97 77 49 28 37 6 17 56 28 44 96 21 19 15 47 72 83 53 53 78 52 82 67 14 53 57 69 64 71 48 83 83 52 
38 6 63 30 95 61 63 78 81 21 71 15 5 99 24 29 47 69 43 89 0 44 3 34 63 47 69 58 20 43 55 31 36 35 10 47 40 95 22 13 24 91 29 20 64 13 96 65 44 20 94 49 12 27 35 52 65 56 88 33 44 84 0 24 78 20 84 52 17 56 47 49 31 65 93 52 19 45 60 58 65 76 54 62 61 58 79 46 43 73 71 8 95 58 68 7 89 22 27 59 
84 41 26 31 61 29 5 60 90 49 70 23 47 89 33 45 72 72 29 61 47 14 49 7 82 53 73 11 99 36 93 41 75 87 15 14 60 96 62 12 79 45 93 42 57 48 3 0 54 25 38 91 30 30 44 9 76 28 33 12 86 26 24 0 5 71 94 15 88 62 7 74 21 61 89 98 21 89 33 37 50 60 70 68 5 4 15 51 13 86 79 8 18 34 40 87 54 41 64 19 
95 74 63 63 1 0 49 69 40 37 92 26 32 27 28 29 81 65 66 2 98 75 78 13 78 68 66 59 12 7 63 20 1 57 71 14 59 8 29 98 60 24 75 87 45 12 77 50 21 45 32 8 56 23 28 56 44 35 31 34 88 95 78 5 0 16 33 39 2 90 48 13 47 49 36 1 8 72 36 72 97 98 23 17 87 25 71 78 5 26 37 16 77 79 34 20 78 79 44 57 
94 13 49 31 24 63 1 92 19 63 80 98 2 64 57 84 33 34 24 77 68 13 7 72 95 43 44 8 73 85 76 69 34 60 1 77 43 77 84 68 55 19 17 78 69 37 47 30 50 19 17 86 59 34 80 19 38 23 18 26 78 86 20 71 16 0 55 82 99 87 9 92 3 46 43 78 72 12 92 58 58 31 71 0 23 27 8 30 18 53 12 53 31 36 84 9 15 34 68 2 
86 93 53 70 10 82 68 81 32 59 96 97 5 16 19 29 61 89 41 31 75 38 38 92 90 63 32 3 73 65 38 56 89 79 62 97 63 54 45 79 68 63 10 51 10 50 14 16 92 31 28 87 90 96 7 97 74 37 50 85 11 37 84 94 33 55 0 56 98 2 5 23 11 52 0 1 7 46 34 82 92 7 34 75 83 82 89 92 37 66 29 16 14 65 53 15 39 66 67 71 
73 46 4 93 67 93 27 78 70 84 75 56 67 79 62 94 24 10 45 97 2 52 47 67 75 82 51 92 92 60 70 8 76 28 78 65 40 8 50 42 94 41 14 14 39 60 49 94 97 55 20 44 45 74 42 4 4 31 34 26 30 97 52 15 39 82 56 0 34 8 61 58 0 39 75 81 54 23 22 23 79 69 63 41 79 47 63 37 98 65 45 59 36 54 55 30 53 46 76 68 
25 57 52 80 85 70 92 44 11 23 19 60 48 41 80 70 15 38 55 44 83 6 21 36 97 2 90 94 89 76 71 55 82 55 18 15 17 32 60 1 23 55 34 88 34 53 80 80 20 64 4 75 96 4 54 8 53 34 34 70 18 77 17 88 2 99 98 34 0 89 81 73 31 15 52 56 62 30 40 77 38 86 4 63 19 29 24 78 6 1 39 61 66 88 52 34 29 75 83 71 
42 75 11 60 34 46 52 99 85 0 9 87 60 69 1 45 27 97 96 1 97 90 59 95 44 87 60 22 69 39 92 26 63 60 18 21 55 2 98 2 67 40 33 63 56 61 67 35 89 7 92 89 67 96 71 25 26 71 64 73 10 49 56 62 90 87 2 8 89 0 78 23 45 3 91 2 5 99 42 54 20 61 69 32 37 59 76 97 63 67 53 58 10 86 20 40 65 13 76 34 
94 88 21 75 5 12 31 62 6 44 46 14 19 66 81 17 6 86 37 85 47 34 64 14 72 32 43 14 32 90 95 33 54 33 50 19 85 73 26 47 67 12 28 33 25 26 16 87 32 4 85 8 14 48 84 63 72 59 37 59 42 28 47 7 48 9 5 61 81 78 0 70 76 79 85 76 28 90 5 4 85 92 66 32 55 51 1 31 2 33 97 56 2 39 88 71 38 60 35 7 
41 90 17 27 23 21 20 32 56 63 79 4 77 10 32 7 43 34 30 86 20 40 8 23 63 87 54 69 78 48 89 33 87 19 41 55 82 48 96 98 90 69 76 24 38 60 89 65 67 59 29 61 91 25 51 90 67 9 18 47 90 37 49 74 13 92 23 58 73 23 70 0 67 97 3 48 19 34 47 70 67 59 4 84 92 53 84 71 3 61 17 20 37 27 45 2 20 97 42 7 
57 13 36 29 14 14 16 70 33 7 13 61 36 59 34 64 3 20 89 11 8 13 64 77 98 46 19 35 38 43 36 95 11 17 68 97 52 76 67 1 47 10 13 79 17 24 4 81 2 72 31 5 66 11 86 75 62 60 87 26 23 6 31 21 47 3 11 0 31 45 76 67 0 2 16 4 62 64 63 2 14 2 48 38 3 10 1 12 45 36 40 54 90 26 94 15 73 39 35 26 
25 54 15 99 19 34 88 53 47 84 4 14 92 47 90 10 31 77 65 32 23 18 82 75 19 53 98 32 22 66 49 24 9 63 36 60 87 18 70 46 68 22 61 62 11 94 98 15 46 89 58 79 31 42 35 77 37 43 14 67 62 17 65 61 49 46 52 39 15 3 79 97 2 0 31 55 85 0 36 35 89 42 40 45 65 43 87 84 69 88 3 40 43 45 56 24 85 8 32 78 
31 17 87 92 46 44 98 15 24 41 29 69 89 58 30 97 42 19 70 36 4 25 81 90 68 51 12 1 27 36 20 16 9 87 92 52 27 83 20 52 27 52 15 76 8 5 81 12 27 41 17 85 48 37 29 49 59 70 38 56 62 56 93 89 36 43 0 75 52 91 85 3 16 31 0 88 86 93 99 71 61 73 15 40 52 13 50 61 72 50 87 47 50 15 4 36 81 85 16 99 
54 32 12 14 55 79 73 9 47 73 1 21 55 4 9 32 83 44 87 73 56 87 51 50 11 7 36 78 37 70 87 24 18 40 13 85 60 68 19 36 29 19 2 43 51 99 75 91 1 42 25 55 56 55 44 72 54 15 21 58 60 28 52 98 1 78 1 81 56 2 76 48 4 55 88 0 46 53 62 93 95 87 49 26 82 32 32 77 32 62 19 16 31 50 19 27 98 31 51 34 
65 87 92 77 41 88 68 24 21 15 92 46 18 55 69 25 20 42 36 95 4 57 70 18 86 88 94 71 41 30 5 60 71 8 24 95 34 68 39 92 23 98 91 83 37 80 1 35 27 4 30 74 95 19 1 30 35 51 91 58 90 44 19 21 8 72 7 54 62 5 28 19 62 85 86 46 0 41 97 34 94 75 15 18 57 52 64 23 24 85 41 87 56 69 49 73 55 95 96 24 
31 70 90 4 15 91 2 94 96 38 6 72 6 44 57 60 75 11 17 47 74 98 56 5 5 17 92 81 2 80 86 87 42 49 51 54 82 79 15 1 85 44 60 41 73 49 11 21 72 23 29 36 78 3 83 87 5 24 49 20 44 96 45 89 72 12 46 23 30 99 90 34 64 0 93 53 41 0 50 24 12 29 62 61 40 14 9 72 63 37 64 41 2 80 85 62 14 77 19 51 
82 70 4 82 88 71 81 96 27 59 51 73 55 45 68 90 30 14 81 32 7 13 10 15 69 20 36 51 94 48 31 77 78 78 97 10 14 44 93 15 20 49 87 61 56 23 94 36 64 97 68 52 32 41 46 87 74 64 23 83 72 21 60 33 36 92 34 22 40 42 5 47 63 36 99 62 97 50 0 87 73 76 69 31 45 35 47 48 59 59 58 50 62 77 91 45 18 89 49 40 
0 37 23 36 54 57 38 72 22 31 4 18 88 37 73 53 39 26 93 12 99 80 77 83 17 45 38 10 10 9 78 76 82 92 61 1 63 60 7 32 41 0 27 24 76 46 17 28 34 39 60 22 19 19 9 89 63 95 35 26 53 19 58 37 72 58 82 23 77 54 4 70 2 35 71 93 34 24 87 0 96 96 64 28 89 91 8 85 30 49 47 90 63 65 41 53 27 43 32 13 
2 66 82 92 87 15 25 27 54 92 50 87 51 76 57 71 11 16 86 18 32 7 69 94 57 90 52 86 84 29 75 46 52 43 79 24 43 27 34 50 67 39 74 34 38 8 68 88 11 8 33 71 60 72 81 56 84 24 56 45 34 15 65 50 97 58 92 79 38 20 85 67 14 89 61 95 94 12 73 96 0 7 3 39 4 12 92 57 98 25 27 36 95 82 75 2 79 32 16 11 
93 91 48 18 23 21 80 52 31 9 95 6 75 9 35 35 33 33 22 0 49 60 84 75 2 1 1 20 77 2 46 44 82 61 15 87 88 27 46 96 99 43 59 27 6 68 36 57 65 62 16 72 11 93 33 2 49 80 72 36 47 47 76 60 98 31 7 69 86 61 92 59 2 42 73 87 75 29 76 96 7 0 72 70 60 76 93 70 93 36 55 46 83 11 38 96 86 41 20 65 
18 38 55 65 55 32 91 9 30 46 3 31 28 72 19 95 85 6 97 47 36 24 97 90 92 77 8 51 78 49 5 31 42 14 48 61 30 22 27 49 20 85 90 63 56 91 55 10 15 27 39 75 36 52 72 35 96 88 14 19 49 72 54 70 23 71 34 63 4 69 66 4 48 40 15 49 15 62 69 64 3 72 0 30 36 26 73 5 65 41 15 98 4 99 93 31 78 83 25 58 
39 72 37 10 42 85 41 96 61 96 2 21 28 40 79 77 25 8 0 6 48 18 0 28 55 14 7 21 16 32 17 41 57 75 13 3 15 37 8 0 97 39 25 51 73 21 87 77 31 29 84 71 73 39 21 41 11 57 57 84 62 83 62 68 17 0 75 41 63 32 32 84 38 45 40 26 18 61 31 28 39 70 30 0 2 34 2 40 60 65 90 74 46 79 55 98 62 29 65 70 
58 77 18 83 5 46 10 54 72 50 0 7 21 48 60 67 89 98 16 27 88 92 21 76 12 70 5 57 62 8 28 72 0 50 25 36 25 79 61 7 42 86 73 52 42 81 13 72 5 67 14 36 89 26 88 24 11 69 74 27 83 53 61 5 87 23 83 79 19 37 55 92 3 65 52 82 57 40 45 89 4 60 36 2 0 24 74 36 65 52 75 42 23 6 38 18 34 17 86 92 
13 39 62 46 68 8 33 73 19 41 19 94 8 9 65 35 10 18 31 81 56 31 82 94 2 40 79 93 0 50 40 34 29 71 60 16 37 6 78 88 28 0 27 17 84 78 29 1 65 7 50 80 40 33 29 34 49 22 61 76 59 53 58 4 25 27 82 47 29 59 51 53 10 43 13 32 52 14 35 91 12 76 26 34 24 0 31 36 26 13 0 49 53 47 82 93 7 52 99 29 
54 4 39 89 30 92 38 57 70 56 42 4 46 35 49 27 49 71 60 84 99 72 34 33 58 17 93 27 78 84 0 46 63 9 55 92 68 28 38 51 57 22 20 20 32 50 51 18 18 90 63 24 21 10 58 54 90 98 22 37 34 78 79 15 71 8 89 63 24 76 1 84 1 87 50 32 64 9 47 8 92 93 73 2 74 31 0 68 8 94 4 68 85 47 21 26 1 44 88 58 
59 13 24 18 46 35 27 24 21 87 60 45 28 71 4 29 85 17 92 88 13 46 88 11 13 62 68 22 42 50 92 3 39 80 88 97 35 32 27 10 98 29 29 37 3 8 64 90 72 63 4 15 5 13 26 78 44 80 1 76 31 52 46 51 78 30 92 37 78 97 31 71 12 84 61 77 23 72 48 85 57 70 5 40 36 36 68 0 63 1 49 19 13 53 78 37 83 95 40 66 
65 93 45 96 28 48 24 14 69 83 65 47 5 61 7 92 5 83 25 9 46 48 26 84 49 46 94 79 88 73 78 28 28 47 32 34 65 20 21 99 71 53 69 39 85 1 1 39 89 71 79 61 25 88 43 38 45 45 1 24 11 82 43 13 5 18 37 98 6 63 2 3 45 69 72 32 24 63 59 30 98 93 65 60 65 26 8 63 0 73 31 10 97 90 75 84 29 89 56 56 
9 37 69 6 13 88 45 53 33 67 11 22 33 60 69 56 9 87 69 48 58 48 30 93 60 60 15 34 97 32 33 72 43 7 48 38 1 21 76 12 52 21 56 51 93 77 70 16 13 63 0 5 91 93 61 59 12 61 54 98 72 67 73 86 26 53 66 65 1 67 33 61 36 88 50 62 85 37 59 49 25 36 41 65 52 13 94 1 73 0 21 56 14 58 64 16 59 54 51 50 
26 50 27 93 45 79 17 50 22 23 65 20 22 18 43 51 64 32 77 94 2 32 87 17 13 86 35 55 92 14 19 24 63 75 30 85 70 75 3 90 40 26 99 69 66 48 22 18 73 95 92 57 13 67 75 15 20 52 43 88 42 14 71 79 37 12 29 45 39 53 97 17 40 3 87 19 41 64 58 47 27 55 15 90 75 0 4 49 31 21 0 16 17 2 73 43 68 45 17 2 
0 16 56 22 37 33 86 51 68 68 33 42 51 95 8 92 16 38 28 35 25 26 52 80 81 81 72 72 88 25 19 52 67 30 51 43 98 16 28 94 49 64 11 85 51 83 3 8 1 31 56 87 31 85 73 60 30 12 66 72 24 53 8 8 16 53 16 59 61 58 56 20 54 40 47 16 87 41 50 90 36 46 98 74 42 49 68 19 10 56 16 0 70 97 83 90 75 66 97 54 
35 34 64 23 44 83 82 33 16 21 78 69 59 26 45 57 32 93 41 20 0 48 99 7 40 95 81 66 29 12 66 93 20 85 35 55 45 37 43 0 97 52 16 68 86 89 0 65 58 67 27 78 38 46 70 8 8 46 59 60 76 57 95 18 77 31 14 36 66 10 2 37 90 43 50 31 56 2 62 63 95 83 4 46 23 53 85 13 97 14 17 70 0 26 64 6 76 57 1 76 
49 23 99 16 46 28 41 67 11 2 12 97 34 45 41 76 48 8 89 72 77 30 89 12 71 88 92 72 35 50 24 66 5 86 27 36 94 1 15 27 26 64 52 64 87 91 1 12 73 80 30 79 15 80 79 26 62 53 85 27 29 69 58 34 79 36 65 54 88 86 39 27 26 45 15 50 69 80 77 65 82 11 99 79 6 47 47 53 90 58 2 97 26 0 29 71 98 18 39 50 
86 67 20 79 3 16 0 97 28 79 62 25 32 87 4 24 78 21 33 95 76 13 96 44 47 34 65 32 80 49 64 76 70 76 16 21 21 13 0 38 96 56 63 84 58 94 64 53 38 98 20 67 98 80 28 19 31 77 38 7 90 64 68 40 34 84 53 55 52 20 88 45 94 56 4 19 49 85 91 41 75 38 93 55 38 82 21 78 75 64 73 83 64 29 0 74 10 40 33 15 
67 97 38 73 14 21 48 59 14 31 88 1 98 56 26 28 56 90 95 49 69 18 82 35 55 26 54 17 12 58 49 39 48 45 30 93 3 39 55 85 9 86 15 92 38 78 40 20 77 33 86 98 91 58 95 62 26 32 61 56 4 71 7 87 20 9 15 30 34 40 71 2 15 24 36 27 73 62 45 53 2 96 31 98 18 93 26 37 84 16 43 90 6 71 74 0 10 12 64 73 
74 88 21 65 26 3 51 93 53 36 22 58 93 15 56 46 36 83 73 67 8 4 38 29 75 21 74 36 34 51 31 1 77 66 61 35 30 17 50 65 29 10 96 79 98 70 59 53 43 81 81 18 11 92 75 54 20 25 75 25 94 48 89 54 78 15 39 53 29 65 38 20 73 85 81 98 55 14 18 27 79 86 78 62 34 7 1 83 29 59 68 75 76 98 10 10 0 17 71 56 
37 22 67 48 8 99 38 26 86 50 91 6 5 57 76 33 33 18 39 6 80 98 47 57 47 4 62 37 4 64 57 69 96 86 37 84 69 97 43 86 2 7 43 49 59 13 32 70 85 47 70 21 51 22 40 98 21 4 97 94 32 83 22 41 79 34 66 46 75 13 60 97 39 8 85 31 95 77 89 43 32 41 83 29 17 52 44 95 89 54 45 66 57 18 40 12 17 0 78 71 
67 49 56 66 55 14 8 80 58 9 47 38 50 27 75 31 41 76 49 73 26 80 95 52 81 82 64 0 65 82 94 33 34 60 7 65 12 45 58 61 6 27 41 55 84 34 43 51 60 13 93 5 87 8 67 37 21 6 22 83 11 83 27 64 44 68 67 76 83 76 35 42 35 32 16 51 96 19 49 32 16 20 25 65 86 99 88 40 56 51 17 97 1 39 33 64 71 78 0 1 
2 12 45 14 27 32 92 47 67 51 90 81 42 4 53 51 67 51 77 13 18 93 31 4 4 11 77 5 88 18 86 66 31 27 5 96 94 75 95 1 28 44 27 53 72 2 41 50 20 63 28 3 1 54 37 16 66 86 21 75 7 52 59 19 57 2 71 68 71 34 7 7 26 78 99 34 24 51 40 13 11 65 58 70 92 29 58 66 56 50 2 54 76 50 15 73 56 71 1 0 
