80
0 18 31 48 55 22 28 94 67 3 24 7 99 53 12 42 39 98 37 4 57 3 87 98 47 78 15 46 55 39 80 18 61 32 8 70 43 36 28 92 74 21 59 78 47 62 10 12 40 26 70 4 37 46 58 65 46 36 69 0 78 6 49 38 85 84 87 65 55 45 36 65 54 71 2 72 70 50 10 99 
18 0 32 66 31 84 47 47 50 84 46 97 18 42 79 55 87 15 72 9 56 48 2 82 50 28 81 51 1 27 85 60 11 47 95 93 26 17 89 99 80 45 17 66 47 26 49 64 32 57 6 56 32 22 83 56 44 88 61 99 89 79 1 30 77 39 54 26 79 8 31 32 74 80 76 74 53 14 71 0 
31 32 0 16 66 41 15 55 17 55 46 96 81 99 14 33 14 58 81 91 63 86 88 63 19 75 43 89 76 23 78 54 78 21 45 7 32 88 7 24 22 3 3 30 6 15 26 58 17 33 45 80 17 89 11 83 64 6 51 17 0 85 32 20 52 58 67 23 25 67 7 98 81 17 38 15 66 40 36 74 
48 66 16 0 39 36 82 29 89 37 92 76 93 69 34 84 3 52 87 59 23 72 78 99 50 12 1 17 72 66 98 0 6 89 54 51 97 17 48 33 83 10 69 93 42 95 57 74 28 0 28 52 94 85 27 77 65 64 50 89 63 22 66 64 54 90 36 10 97 87 17 4 51 57 69 58 70 67 24 36 
55 31 66 39 0 54 28 68 67 39 6 70 85 71 82 16 80 28 72 37 34 0 25 65 15 10 21 60 13 77 45 1 23 75 65 14 72 28 88 2 94 34 70 60 64 87 90 75 54 35 63 2 50 7 73 8 88 68 60 64 52 44 20 76 12 11 15 83 92 0 71 28 34 98 76 34 19 84 12 72 
22 84 41 36 54 0 21 46 35 96 74 71 74 46 88 6 97 8 79 98 81 6 70 33 15 44 5 59 32 6 27 88 43 46 89 59 13 57 34 32 70 31 44 37 51 16 43 41 66 5 31 89 17 68 33 63 65 72 81 27 65 4 61 33 84 80 2 42 12 45 89 29 62 38 81 17 76 70 83 93 
28 47 15 82 28 21 0 53 12 18 86 13 30 99 77 23 48 1 97 76 94 90 69 38 34 75 68 5 7 83 41 24 64 38 85 41 39 36 16 63 24 64 33 98 65 18 86 37 25 71 99 75 20 48 73 64 10 51 90 91 18 23 60 7 54 42 80 52 89 55 31 17 41 3 41 24 25 72 16 91 
94 47 55 29 68 46 53 0 89 71 30 8 57 0 26 46 87 67 86 22 87 90 65 53 5 30 83 67 45 40 1 89 19 78 76 89 72 16 49 18 68 86 29 38 98 67 96 94 17 72 82 59 82 49 64 39 42 21 11 11 26 55 76 47 74 35 36 82 61 39 43 14 13 95 37 38 65 93 32 97 
67 50 17 89 67 35 12 89 0 17 43 62 86 58 53 59 43 25 99 63 48 98 39 19 99 3 38 27 29 89 33 52 15 88 36 43 98 33 3 69 84 74 53 28 85 65 59 74 15 20 92 75 93 88 32 46 97 79 44 31 28 28 70 7 27 68 79 91 14 83 6 37 9 52 87 41 7 81 22 52 
3 84 55 37 39 96 18 71 17 0 16 67 60 58 90 83 16 54 46 78 74 42 63 42 36 47 36 77 53 7 85 69 86 18 14 46 27 14 4 10 15 27 37 22 58 7 80 66 11 96 63 91 95 64 51 70 43 90 54 13 86 32 69 19 2 3 98 21 20 47 38 74 61 45 26 17 93 25 33 42 
24 46 46 92 6 74 86 30 43 16 0 27 36 15 86 2 20 34 66 16 68 55 18 28 28 37 23 32 61 46 1 25 4 94 55 35 59 85 8 99 25 59 50 95 17 48 42 86 93 67 46 42 56 93 32 19 96 58 23 84 69 15 13 51 82 11 49 31 24 23 67 59 80 61 90 66 87 82 17 37 
7 97 96 76 70 71 13 8 62 67 27 0 39 88 21 16 41 99 64 70 2 51 91 91 30 75 71 16 25 84 86 32 80 64 45 5 60 48 93 90 19 82 7 34 18 1 1 41 55 77 29 92 91 5 23 71 28 70 31 83 23 87 66 63 11 20 85 87 0 86 5 71 95 65 53 22 38 62 78 22 
99 18 81 93 85 74 30 57 86 60 36 39 0 70 11 85 45 6 94 1 34 59 45 67 98 80 72 0 99 96 55 4 62 29 39 89 35 16 85 44 75 66 39 73 28 81 88 58 76 32 29 90 93 44 22 84 31 14 13 53 47 42 28 98 1 54 82 19 39 31 6 75 56 45 37 71 63 66 12 55 
53 42 99 69 71 46 99 0 58 58 15 88 70 0 21 4 42 51 80 75 80 58 41 63 45 96 86 46 45 55 62 16 73 60 61 96 68 13 64 69 79 11 35 47 23 65 1 52 99 1 16 82 71 26 12 46 4 23 60 20 0 23 97 1 58 32 53 8 62 8 12 72 4 99 10 29 79 46 18 89 
12 79 14 34 82 88 77 26 53 90 86 21 11 21 0 12 74 71 52 2 97 61 5 75 77 69 47 62 43 56 76 76 44 40 32 4 87 81 83 60 42 43 66 25 39 74 44 5 72 82 5 55 85 14 86 54 24 19 59 4 65 54 39 31 40 22 13 88 95 52 63 79 88 87 0 24 68 80 12 7 
42 55 33 84 16 6 23 46 59 83 2 16 85 4 12 0 19 80 95 20 41 71 14 73 35 83 87 85 86 93 5 29 50 34 47 58 67 40 61 22 46 46 42 29 55 64 29 70 45 65 65 40 35 5 76 43 80 33 11 55 20 97 46 73 9 40 54 64 50 60 97 58 22 85 7 84 9 14 2 49 
39 87 14 3 80 97 48 87 43 16 20 41 45 42 74 19 0 97 37 48 51 24 48 2 54 91 12 91 26 2 73 30 38 40 65 68 87 25 36 31 55 17 73 21 46 28 76 65 28 31 5 12 48 50 84 5 98 40 24 45 22 18 37 7 95 55 90 23 96 76 16 71 80 53 25 99 21 62 66 36 
98 15 58 52 28 8 1 67 25 54 34 99 6 51 71 80 97 0 47 81 81 16 41 99 30 26 71 93 90 60 45 86 90 18 28 27 51 78 70 36 21 17 21 60 58 69 52 85 55 55 41 38 2 51 33 72 1 48 96 4 58 1 80 67 16 84 99 9 42 2 11 4 49 72 41 48 0 60 81 43 
37 72 81 87 72 79 97 86 99 46 66 64 94 80 52 95 37 47 0 50 65 29 99 51 59 65 83 33 76 46 91 87 47 74 57 54 27 75 44 69 90 23 60 74 89 46 37 90 84 6 97 6 74 98 51 32 27 31 77 89 94 76 28 45 63 10 55 52 40 28 22 37 94 24 40 80 4 68 73 20 
4 9 91 59 37 98 76 22 63 78 16 70 1 75 2 20 48 81 50 0 47 21 93 56 28 71 17 49 41 95 65 51 18 81 14 85 6 87 84 80 50 23 51 55 88 88 34 74 82 82 16 89 6 71 90 90 75 28 30 27 37 43 46 80 57 93 68 46 16 39 81 31 82 43 9 26 67 50 40 85 
57 56 63 23 34 81 94 87 48 74 68 2 34 80 97 41 51 81 65 47 0 36 72 61 5 39 5 80 44 96 22 10 93 78 40 78 19 65 91 45 89 10 65 56 56 34 35 48 38 71 39 48 31 74 37 66 99 41 35 62 91 56 90 57 44 3 60 79 27 24 64 90 16 0 12 33 58 10 45 45 
3 48 86 72 0 6 90 90 98 42 55 51 59 58 61 71 24 16 29 21 36 0 89 66 92 40 0 5 3 54 83 35 77 97 8 94 61 48 83 23 61 82 33 46 18 93 33 61 15 97 3 9 44 95 59 82 42 57 45 49 21 25 77 40 2 55 85 14 95 46 90 17 52 50 80 88 88 30 96 26 
87 2 88 78 25 70 69 65 39 63 18 91 45 41 5 14 48 41 99 93 72 89 0 37 85 72 4 57 22 24 24 59 63 99 96 19 81 47 10 88 86 28 0 71 7 93 46 6 46 46 43 50 61 58 16 63 22 67 88 1 37 20 78 91 26 30 92 12 12 35 63 61 5 40 97 37 3 36 33 51 
98 82 63 99 65 33 38 53 19 42 28 91 67 63 75 73 2 99 51 56 61 66 37 0 67 43 84 21 98 73 85 99 41 20 63 58 58 60 0 10 11 40 56 23 89 67 93 79 34 52 88 27 86 88 0 64 35 1 4 44 73 60 75 72 88 8 76 0 58 65 31 68 12 51 94 16 67 82 82 84 
47 50 19 50 15 15 34 5 99 36 28 30 98 45 77 35 54 30 59 28 5 92 85 67 0 85 5 10 19 84 47 66 11 51 55 44 7 92 12 93 79 30 2 59 65 53 41 67 65 6 23 97 24 24 84 39 2 91 43 60 47 53 36 55 23 72 29 45 87 11 93 51 95 16 65 27 23 38 37 75 
78 28 75 12 10 44 75 30 3 47 37 75 80 96 69 83 91 26 65 71 39 40 72 43 85 0 63 49 84 43 67 71 41 30 17 44 38 16 26 9 55 57 8 80 5 62 97 66 83 80 93 29 53 20 89 1 6 85 44 34 72 68 82 37 16 78 30 19 13 57 34 45 17 87 8 55 70 93 79 49 
15 81 43 1 21 5 68 83 38 36 23 71 72 86 47 87 12 71 83 17 5 0 4 84 5 63 0 1 93 38 96 41 54 66 32 98 4 0 6 6 38 54 91 22 61 37 12 90 63 57 43 52 81 79 97 34 54 95 96 33 22 86 82 2 88 86 93 19 53 53 58 57 42 23 85 76 8 95 85 16 
46 51 89 17 60 59 5 67 27 77 32 16 0 46 62 85 91 93 33 49 80 5 57 21 10 49 1 0 28 99 34 19 72 35 96 15 35 60 76 30 50 27 79 73 11 86 50 56 8 1 79 68 41 1 0 19 49 92 85 51 15 71 82 2 47 55 65 15 76 63 48 97 0 2 85 19 57 44 53 37 
55 1 76 72 13 32 7 45 29 53 61 25 99 45 43 86 26 90 76 41 44 3 22 98 19 84 93 28 0 83 32 44 54 17 26 59 15 38 36 40 79 75 4 86 56 41 61 57 95 77 59 26 86 15 83 68 82 55 99 94 62 92 52 35 80 60 68 71 55 94 92 82 76 71 85 74 8 75 52 19 
39 27 23 66 77 6 83 40 89 7 46 84 96 55 56 93 2 60 46 95 96 54 24 73 84 43 38 99 83 0 24 47 20 26 50 76 6 3 27 88 59 18 86 1 44 50 63 37 60 67 22 42 31 0 66 9 5 81 85 81 12 13 96 79 84 70 97 69 76 17 82 98 13 24 74 6 82 66 1 42 
80 85 78 98 45 27 41 1 33 85 1 86 55 62 76 5 73 45 91 65 22 83 24 85 47 67 96 34 32 24 0 68 20 91 92 37 67 78 67 4 59 74 49 20 1 63 80 0 71 33 49 11 58 6 44 19 73 91 53 52 98 63 94 1 19 66 58 20 39 78 24 51 26 7 51 46 29 81 57 73 
18 60 54 0 1 88 24 89 52 69 25 32 4 16 76 29 30 86 87 51 10 35 59 99 66 71 41 19 44 47 68 0 25 63 73 32 71 21 94 35 6 49 45 89 70 75 61 7 17 98 88 10 87 0 33 42 92 93 21 24 6 45 9 99 12 95 84 50 58 34 51 28 87 36 26 76 49 21 39 91 
61 11 78 6 23 43 64 19 15 86 4 80 62 73 44 50 38 90 47 18 93 77 63 41 11 41 54 72 54 20 20 25 0 80 85 30 45 97 16 20 91 95 44 5 60 54 2 18 34 49 72 96 58 39 96 82 66 72 63 19 13 79 84 73 68 45 46 7 14 20 58 11 15 54 35 79 34 67 60 70 
32 47 21 89 75 46 38 78 88 18 94 64 29 60 40 34 40 18 74 81 78 97 99 20 51 30 66 35 17 26 91 63 80 0 52 77 94 21 35 17 11 62 6 19 78 64 24 5 23 30 58 85 72 60 87 67 93 37 85 18 41 9 26 94 70 19 87 76 19 81 16 11 94 79 82 58 80 69 21 9 
8 95 45 54 65 89 85 76 36 14 55 45 39 61 32 47 65 28 57 14 40 8 96 63 55 17 32 96 26 50 92 73 85 52 0 37 56 26 85 97 1 54 84 36 29 58 13 80 45 29 75 13 67 96 32 36 67 0 42 85 95 53 3 0 57 39 35 80 1 17 20 52 93 29 39 3 10 15 70 45 
70 93 7 51 14 59 41 89 43 46 35 5 89 96 4 58 68 27 54 85 78 94 19 58 44 44 98 15 59 76 37 32 30 77 37 0 21 96 16 78 39 1 35 11 25 33 33 2 80 85 21 63 6 17 52 53 58 5 63 62 36 36 3 67 20 64 99 70 64 31 95 86 42 88 46 5 39 73 7 73 
43 26 32 97 72 13 39 72 98 27 59 60 35 68 87 67 87 51 27 6 19 61 81 58 7 38 4 35 15 6 67 71 45 94 56 21 0 25 55 76 8 47 86 96 71 87 2 49 29 89 76 28 71 87 32 44 53 27 66 95 36 71 89 18 72 71 49 59 91 95 46 94 54 83 76 15 62 19 57 59 
36 17 88 17 28 57 36 16 33 14 85 48 16 13 81 40 25 78 75 87 65 48 47 60 92 16 0 60 38 3 78 21 97 21 26 96 25 0 93 80 43 65 50 77 41 61 70 38 84 72 73 67 63 55 90 22 29 23 66 68 62 88 14 20 75 33 13 72 32 79 75 86 41 6 87 79 41 79 61 61 
28 89 7 48 88 34 16 49 3 4 8 93 85 64 83 61 36 70 44 84 91 83 10 0 12 26 6 76 36 27 67 94 16 35 85 16 55 93 0 6 47 22 66 34 79 7 43 66 13 73 99 19 75 94 46 42 26 36 36 2 60 36 74 6 55 76 45 46 66 7 24 25 3 45 6 40 14 85 69 72 
92 99 24 33 2 32 63 18 69 10 99 90 44 69 60 22 31 36 69 80 45 23 88 10 93 9 6 30 40 88 4 35 20 17 97 78 76 80 6 0 15 2 25 69 56 62 89 83 97 45 70 11 29 75 9 53 53 16 55 97 82 66 22 86 51 63 73 20 33 17 47 46 46 21 82 91 90 74 12 21 
74 80 22 83 94 70 24 68 84 15 25 19 75 79 42 46 55 21 90 50 89 61 86 11 79 55 38 50 79 59 59 6 91 11 1 39 8 43 47 15 0 49 60 83 43 9 46 98 12 94 64 4 54 16 27 22 88 86 24 62 70 7 63 88 55 30 22 78 15 88 59 36 16 39 73 94 56 82 58 64 
21 45 3 10 34 31 64 86 74 27 59 82 66 11 43 46 17 17 23 23 10 82 28 40 30 57 54 27 75 18 74 49 95 62 54 1 47 65 22 2 49 0 65 90 47 46 71 49 88 74 40 94 96 40 99 42 13 98 87 27 68 30 60 77 60 17 50 66 12 52 85 84 0 55 81 48 70 54 52 94 
59 17 3 69 70 44 33 29 53 37 50 7 39 35 66 42 73 21 60 51 65 33 0 56 2 8 91 79 4 86 49 45 44 6 84 35 86 50 66 25 60 65 0 17 1 23 73 63 33 32 26 97 23 42 88 99 85 53 98 96 96 48 69 51 92 26 39 85 85 62 41 58 63 17 74 10 26 40 80 40 
78 66 30 93 60 37 98 38 28 22 95 34 73 47 25 29 21 60 74 55 56 46 71 23 59 80 22 73 86 1 20 89 5 19 36 11 96 77 34 69 83 90 17 0 42 55 53 48 98 58 56 58 21 7 79 20 64 91 92 98 37 56 41 95 51 99 93 93 62 50 6 78 5 40 75 10 51 73 83 59 
47 47 6 42 64 51 65 98 85 58 17 18 28 23 39 55 46 58 89 88 56 18 7 89 65 5 61 11 56 44 1 70 60 78 29 25 71 41 79 56 43 47 1 42 0 88 21 1 61 92 58 80 29 2 25 45 34 80 95 73 36 3 71 79 35 43 36 23 38 14 25 13 74 61 6 30 38 22 54 40 
62 26 15 95 87 16 18 67 65 7 48 1 81 65 74 64 28 69 46 88 34 93 93 67 53 62 37 86 41 50 63 75 54 64 58 33 87 61 7 62 9 46 23 55 88 0 65 45 84 21 17 15 61 40 40 29 24 77 22 92 44 0 77 26 99 83 95 30 35 26 45 62 89 21 3 81 84 70 92 68 
10 49 26 57 90 43 86 96 59 80 42 1 88 1 44 29 76 52 37 34 35 33 46 93 41 97 12 50 61 63 80 61 2 24 13 33 2 70 43 89 46 71 73 53 21 65 0 42 85 7 19 20 37 14 30 5 58 15 65 92 24 20 9 4 43 21 43 44 42 63 29 30 79 69 92 15 87 94 28 67 
12 64 58 74 75 41 37 94 74 66 86 41 58 52 5 70 65 85 90 74 48 61 6 79 67 66 90 56 57 37 0 7 18 5 80 2 49 38 66 83 98 49 63 48 1 45 42 0 9 78 1 82 70 60 83 3 21 93 36 44 65 20 67 70 7 28 27 33 16 69 24 20 62 80 11 81 80 14 66 45 
40 32 17 28 54 66 25 17 15 11 93 55 76 99 72 45 28 55 84 82 38 15 46 34 65 83 63 8 95 60 71 17 34 23 45 80 29 84 13 97 12 88 33 98 61 84 85 9 0 59 17 10 34 28 10 41 58 14 40 46 73 8 32 42 31 99 14 0 96 30 81 40 81 41 49 48 65 24 4 24 
26 57 33 0 35 5 71 72 20 96 67 77 32 1 82 65 31 55 6 82 71 97 46 52 6 80 57 1 77 67 33 98 49 30 29 85 89 72 73 45 94 74 32 58 92 21 7 78 59 0 65 57 75 21 34 90 12 31 4 99 53 48 40 23 47 30 6 3 99 37 75 32 56 32 13 97 67 89 60 48 
70 6 45 28 63 31 99 82 92 63 46 29 29 16 5 65 5 41 97 16 39 3 43 88 23 93 43 79 59 22 49 88 72 58 75 21 76 73 99 70 64 40 26 56 58 17 19 1 17 65 0 10 65 54 97 92 14 54 14 35 13 26 93 70 26 24 79 19 91 1 4 47 2 62 68 14 22 13 30 6 
4 56 80 52 2 89 75 59 75 91 42 92 90 82 55 40 12 38 6 89 48 9 50 27 97 29 52 68 26 42 11 10 96 85 13 63 28 67 19 11 4 94 97 58 80 15 20 82 10 57 10 0 55 82 90 87 5 63 13 91 40 13 13 36 73 66 86 71 0 30 67 43 81 85 88 51 17 23 18 77 
37 32 17 94 50 17 20 82 93 95 56 91 93 71 85 35 48 2 74 6 31 44 61 86 24 53 81 41 86 31 58 87 58 72 67 6 71 63 75 29 54 96 23 21 29 61 37 70 34 75 65 55 0 59 28 43 69 50 14 62 77 65 62 86 76 39 34 68 16 18 95 87 86 56 28 23 87 66 24 96 
46 22 89 85 7 68 48 49 88 64 93 5 44 26 14 5 50 51 98 71 74 95 58 88 24 20 79 1 15 0 6 0 39 60 96 17 87 55 94 75 16 40 42 7 2 40 14 60 28 21 54 82 59 0 88 54 15 87 53 95 93 42 24 55 10 98 52 82 40 62 88 82 41 78 75 8 28 77 1 1 
58 83 11 27 73 33 73 64 32 51 32 23 22 12 86 76 84 33 51 90 37 59 16 0 84 89 97 0 83 66 44 33 96 87 32 52 32 90 46 9 27 99 88 79 25 40 30 83 10 34 97 90 28 88 0 41 20 36 0 37 71 93 71 30 0 16 99 73 78 15 32 76 6 21 19 1 68 16 76 44 
65 56 83 77 8 63 64 39 46 70 19 71 84 46 54 43 5 72 32 90 66 82 63 64 39 1 34 19 68 9 19 42 82 67 36 53 44 22 42 53 22 42 99 20 45 29 5 3 41 90 92 87 43 54 41 0 56 43 90 66 45 33 99 8 4 44 16 19 30 3 81 51 72 66 44 78 84 59 11 81 
46 44 64 65 88 65 10 42 97 43 96 28 31 4 24 80 98 1 27 75 99 42 22 35 2 6 54 49 82 5 73 92 66 93 67 58 53 29 26 53 88 13 85 64 34 24 58 21 58 12 14 5 69 15 20 56 0 11 77 82 76 78 92 70 14 85 52 63 17 44 57 62 81 38 87 63 27 81 29 71 
36 88 6 64 68 72 51 21 79 90 58 70 14 23 19 33 40 48 31 28 41 57 67 1 91 85 95 92 55 81 91 93 72 37 0 5 27 23 36 16 86 98 53 91 80 77 15 93 14 31 54 63 50 87 36 43 11 0 19 23 23 57 91 43 94 10 13 85 61 88 82 71 82 69 48 57 74 29 14 84 
69 61 51 50 60 81 90 11 44 54 23 31 13 60 59 11 24 96 77 30 35 45 88 4 43 44 96 85 99 85 53 21 63 85 42 63 66 66 36 55 24 87 98 92 95 22 65 36 40 4 14 13 14 53 0 90 77 19 0 84 36 53 38 86 95 35 73 65 58 4 66 50 66 78 64 89 22 43 28 87 
0 99 17 89 64 27 91 11 31 13 84 83 53 20 4 55 45 4 89 27 62 49 1 44 60 34 33 51 94 81 52 24 19 18 85 62 95 68 2 97 62 27 96 98 73 92 92 44 46 99 35 91 62 95 37 66 82 23 84 0 70 77 36 32 79 28 9 35 22 34 87 18 98 80 92 66 66 62 71 32 
78 89 0 63 52 65 18 26 28 86 69 23 47 0 65 20 22 58 94 37 91 21 37 73 47 72 22 15 62 12 98 6 13 41 95 36 36 62 60 82 70 68 96 37 36 44 24 65 73 53 13 40 77 93 71 45 76 23 36 70 0 71 76 26 15 48 55 35 70 69 58 35 9 78 60 22 15 35 57 30 
6 79 85 22 44 4 23 55 28 32 15 87 42 23 54 97 18 1 76 43 56 25 20 60 53 68 86 71 92 13 63 45 79 9 53 36 71 88 36 66 7 30 48 56 3 0 20 20 8 48 26 13 65 42 93 33 78 57 53 77 71 0 22 91 43 73 77 59 24 22 26 9 62 42 20 47 99 51 41 2 
49 1 32 66 20 61 60 76 70 69 13 66 28 97 39 46 37 80 28 46 90 77 78 75 36 82 82 82 52 96 94 9 84 26 3 3 89 14 74 22 63 60 69 41 71 77 9 67 32 40 93 13 62 24 71 99 92 91 38 36 76 22 0 46 39 16 63 38 79 37 9 10 93 15 67 37 9 18 62 54 
38 30 20 64 76 33 7 47 7 19 51 63 98 1 31 73 7 67 45 80 57 40 91 72 55 37 2 2 35 79 1 99 73 94 0 67 18 20 6 86 88 77 51 95 79 26 4 70 42 23 70 36 86 55 30 8 70 43 86 32 26 91 46 0 34 52 7 86 63 30 6 60 28 54 9 10 90 99 1 17 
85 77 52 54 12 84 54 74 27 2 82 11 1 58 40 9 95 16 63 57 44 2 26 88 23 16 88 47 80 84 19 12 68 70 57 20 72 75 55 51 55 60 92 51 35 99 43 7 31 47 26 73 76 10 0 4 14 94 95 79 15 43 39 34 0 23 57 74 30 74 44 14 67 65 16 52 59 53 82 52 
84 39 58 90 11 80 42 35 68 3 11 20 54 32 22 40 55 84 10 93 3 55 30 8 72 78 86 55 60 70 66 95 45 19 39 64 71 33 76 63 30 17 26 99 43 83 21 28 99 30 24 66 39 98 16 44 85 10 35 28 48 73 16 52 23 0 32 91 33 73 24 53 63 92 29 87 60 21 60 20 
87 54 67 36 15 2 80 36 79 98 49 85 82 53 13 54 90 99 55 68 60 85 92 76 29 30 93 65 68 97 58 84 46 87 35 99 49 13 45 73 22 50 39 93 36 95 43 27 14 6 79 86 34 52 99 16 52 13 73 9 55 77 63 7 57 32 0 71 21 16 58 10 55 43 37 31 31 33 20 44 
65 26 23 10 83 42 52 82 91 21 31 87 19 8 88 64 23 9 52 46 79 14 12 0 45 19 19 15 71 69 20 50 7 76 80 70 59 72 46 20 78 66 85 93 23 30 44 33 0 3 19 71 68 82 73 19 63 85 65 35 35 59 38 86 74 91 71 0 46 86 58 34 54 41 28 53 94 61 49 51 
55 79 25 97 92 12 89 61 14 20 24 0 39 62 95 50 96 42 40 16 27 95 12 58 87 13 53 76 55 76 39 58 14 19 1 64 91 32 66 33 15 12 85 62 38 35 42 16 96 99 91 0 16 40 78 30 17 61 58 22 70 24 79 63 30 33 21 46 0 60 72 90 15 67 48 27 68 51 81 41 
45 8 67 87 0 45 55 39 83 47 23 86 31 8 52 60 76 2 28 39 24 46 35 65 11 57 53 63 94 17 78 34 20 81 17 31 95 79 7 17 88 52 62 50 14 26 63 69 30 37 1 30 18 62 15 3 44 88 4 34 69 22 37 30 74 73 16 86 60 0 18 4 98 29 42 76 44 1 67 53 
36 31 7 17 71 89 31 43 6 38 67 5 6 12 63 97 16 11 22 81 64 90 63 31 93 34 58 48 92 82 24 51 58 16 20 95 46 75 24 47 59 85 41 6 25 45 29 24 81 75 4 67 95 88 32 81 57 82 66 87 58 26 9 6 44 24 58 58 72 18 0 84 25 8 86 29 37 95 67 82 
65 32 98 4 28 29 17 14 37 74 59 71 75 72 79 58 71 4 37 31 90 17 61 68 51 45 57 97 82 98 51 28 11 11 52 86 94 86 25 46 36 84 58 78 13 62 30 20 40 32 47 43 87 82 76 51 62 71 50 18 35 9 10 60 14 53 10 34 90 4 84 0 79 23 79 49 56 77 31 13 
54 74 81 51 34 62 41 13 9 61 80 95 56 4 88 22 80 49 94 82 16 52 5 12 95 17 42 0 76 13 26 87 15 94 93 42 54 41 3 46 16 0 63 5 74 89 79 62 81 56 2 81 86 41 6 72 81 82 66 98 9 62 93 28 67 63 55 54 15 98 25 79 0 90 79 5 33 27 38 65 
71 80 17 57 98 38 3 95 52 45 61 65 45 99 87 85 53 72 24 43 0 50 40 51 16 87 23 2 71 24 7 36 54 79 29 88 83 6 45 21 39 55 17 40 61 21 69 80 41 32 62 85 56 78 21 66 38 69 78 80 78 42 15 54 65 92 43 41 67 29 8 23 90 0 26 52 76 9 48 76 
2 76 38 69 76 81 41 37 87 26 90 53 37 10 0 7 25 41 40 9 12 80 97 94 65 8 85 85 85 74 51 26 35 82 39 46 76 87 6 82 73 81 74 75 6 3 92 11 49 13 68 88 28 75 19 44 87 48 64 92 60 20 67 9 16 29 37 28 48 42 86 79 79 26 0 3 49 78 45 48 
72 74 15 58 34 17 24 38 41 17 66 22 71 29 24 84 99 48 80 26 33 88 37 16 27 55 76 19 74 6 46 76 79 58 3 5 15 79 40 91 94 48 10 10 30 81 15 81 48 97 14 51 23 8 1 78 63 57 89 66 22 47 37 10 52 87 31 53 27 76 29 49 5 52 3 0 96 3 60 4 
70 53 66 70 19 76 25 65 7 93 87 38 63 79 68 9 21 0 4 67 58 88 3 67 23 70 8 57 8 82 29 49 34 80 10 39 62 41 14 90 56 70 26 51 38 84 87 80 65 67 22 17 87 28 68 84 27 74 22 66 15 99 9 90 59 60 31 94 68 44 37 56 33 76 49 96 0 77 72 58 
50 14 40 67 84 70 72 93 81 25 82 62 66 46 80 14 62 60 68 50 10 30 36 82 38 93 95 44 75 66 81 21 67 69 15 73 19 79 85 74 82 54 40 73 22 70 94 14 24 89 13 23 66 77 16 59 81 29 43 62 35 51 18 99 53 21 33 61 51 1 95 77 27 9 78 3 77 0 96 19 
10 71 36 24 12 83 16 32 22 33 17 78 12 18 12 2 66 81 73 40 45 96 33 82 37 79 85 53 52 1 57 39 60 21 70 7 57 61 69 12 58 52 80 83 54 92 28 66 4 60 30 18 24 1 76 11 29 14 28 71 57 41 62 1 82 60 20 49 81 67 67 31 38 48 45 60 72 96 0 4 
99 0 74 36 72 93 91 97 52 42 37 22 55 89 7 49 36 43 20 85 45 26 51 84 75 49 16 37 19 42 73 91 70 9 45 73 59 61 72 21 64 94 40 59 40 68 67 45 24 48 6 77 96 1 44 81 71 84 87 32 30 2 54 17 52 20 44 51 41 53 82 13 65 76 48 4 58 19 4 0 
0 79 3 91 28 91 16 69 23 19 94 61 37 40 29 13 12 19 74 26 0 90 89 33 75 57 35 95 95 83 98 56 69 33 88 17 12 48 92 4 49 61 51 51 87 18 97 88 75 52 80 18 67 61 2 13 59 12 95 8 39 43 45 93 69 61 42 10 22 92 40 81 21 79 84 34 73 88 36 2 
79 0 98 85 34 47 71 57 8 19 19 31 55 51 51 72 47 97 43 14 53 52 71 49 3 40 44 70 21 86 39 66 2 52 17 72 87 55 12 78 44 80 33 79 67 31 47 29 62 3 26 83 98 66 82 35 42 14 79 54 76 59 24 38 36 60 86 33 78 85 53 76 12 34 17 60 19 71 62 76 
3 98 0 88 85 65 99 67 56 10 52 71 65 43 91 78 35 26 47 96 9 22 17 98 15 67 78 28 21 89 15 1 32 18 51 66 41 45 7 14 64 93 49 78 15 59 96 58 76 79 16 52 76 82 94 87 30 88 71 41 73 94 68 93 53 85 24 74 71 59 94 41 43 39 86 72 43 93 64 59 
91 85 88 0 34 8 87 44 89 45 73 84 50 58 41 79 67 88 4 0 75 37 45 61 56 39 72 41 67 71 0 8 26 15 99 5 85 82 8 22 27 24 63 36 76 71 84 91 2 97 64 30 70 12 11 65 65 44 63 79 83 20 54 37 92 74 56 89 59 47 9 35 28 74 95 73 23 22 95 64 
28 34 85 34 0 40 3 31 76 41 77 13 76 65 53 99 21 22 0 47 27 16 17 83 26 77 75 9 64 99 22 95 15 85 39 3 19 31 97 91 71 4 26 35 64 61 61 49 74 96 70 11 88 53 92 53 30 27 15 50 28 80 83 7 21 64 0 8 49 89 31 96 83 86 44 64 35 35 97 65 
91 47 65 8 40 0 26 31 11 21 68 41 65 96 89 76 73 41 30 36 76 89 20 48 11 15 33 11 65 7 5 37 37 66 54 53 57 31 38 94 15 54 28 0 40 56 17 10 49 73 59 77 47 37 64 10 88 50 0 14 40 94 39 59 75 0 99 4 40 17 41 35 89 7 8 15 90 64 8 35 
16 71 99 87 3 26 0 6 31 45 1 65 94 93 92 47 44 66 94 23 12 56 53 55 26 58 49 49 69 82 84 98 34 18 35 62 15 84 99 7 66 73 97 11 15 99 86 36 80 42 28 51 72 4 43 39 88 73 8 3 73 52 73 32 79 34 51 85 39 56 9 14 98 13 52 10 3 14 22 25 
69 57 67 44 31 31 6 0 94 82 15 1 7 92 29 72 74 52 17 12 50 60 3 33 6 52 8 99 59 17 87 78 58 98 56 80 46 47 37 15 0 95 83 85 95 81 9 32 24 50 0 12 4 10 49 33 33 97 16 4 97 90 99 78 53 13 47 60 14 26 24 84 41 36 19 55 61 27 88 57 
23 8 56 89 76 11 31 94 0 83 94 65 98 35 74 77 69 6 54 96 72 5 89 85 20 75 49 59 0 62 32 96 82 77 76 59 85 81 0 77 53 89 14 76 23 29 49 62 35 50 39 25 32 76 31 13 61 75 49 54 40 32 40 15 44 87 90 73 74 35 71 70 30 9 30 68 69 53 12 86 
19 19 10 45 41 21 45 82 83 0 8 97 35 54 75 81 0 43 6 45 54 26 23 3 63 82 84 84 47 62 6 56 5 37 14 35 42 92 50 2 43 60 64 18 15 96 25 38 70 19 50 43 78 6 58 8 28 32 57 20 11 99 58 25 99 23 47 31 46 36 52 68 78 71 22 14 34 62 15 84 
94 19 52 73 77 68 1 15 94 8 0 79 79 14 57 58 4 19 14 65 5 29 67 29 80 46 61 19 52 27 2 72 4 10 99 51 77 49 27 37 86 78 76 83 73 96 43 9 48 40 99 5 83 89 14 40 69 62 67 86 32 68 85 5 32 24 16 63 74 92 22 2 37 41 64 41 38 4 72 63 
61 31 71 84 13 41 65 1 65 97 79 0 6 40 16 58 73 95 75 72 34 77 54 46 90 91 97 60 59 61 12 90 9 90 93 44 92 23 87 13 57 61 67 80 82 15 1 50 16 19 79 64 58 20 44 56 98 76 64 14 51 17 46 82 29 20 59 52 74 0 98 1 12 33 98 88 62 63 66 46 
37 55 65 50 76 65 94 7 98 35 79 6 0 65 78 99 76 66 65 78 49 10 23 16 31 44 50 40 84 15 62 89 83 39 71 56 91 33 80 89 57 31 43 91 70 19 96 37 1 89 2 97 96 74 56 69 30 79 6 26 28 10 70 56 56 83 3 40 34 66 37 35 32 0 95 4 34 3 55 67 
40 51 43 58 65 96 93 92 35 54 14 40 65 0 44 81 44 96 91 51 14 88 85 93 45 43 32 55 13 52 77 29 44 5 60 5 60 67 43 86 62 41 30 44 26 23 44 71 39 5 4 83 16 67 47 60 35 97 14 65 99 39 17 75 33 25 3 46 8 35 67 50 44 90 99 44 1 2 23 15 
29 51 91 41 53 89 92 29 74 75 57 16 78 44 0 66 71 89 0 62 74 87 35 63 37 63 27 79 60 56 44 95 50 38 85 71 45 51 4 4 15 9 45 9 61 87 37 14 96 97 84 35 62 70 82 11 99 5 14 93 7 29 16 44 17 81 76 23 79 75 86 49 71 46 77 23 13 13 3 39 
13 72 78 79 99 76 47 72 77 81 58 58 99 81 66 0 57 28 30 14 55 49 0 2 11 16 15 40 20 23 25 20 54 92 31 32 74 14 76 43 35 35 29 66 22 1 13 31 61 54 80 23 75 93 95 42 87 23 10 38 56 5 33 31 4 61 73 60 23 9 39 35 93 63 76 41 34 79 83 58 
12 47 35 67 21 73 44 74 69 0 4 73 76 44 71 57 0 51 11 62 37 87 70 49 46 48 67 30 76 76 65 51 79 38 75 77 85 74 13 70 50 69 0 80 14 21 20 97 75 75 47 53 1 29 39 48 99 44 19 40 86 86 54 42 80 35 81 92 8 16 11 1 86 8 73 64 37 82 88 27 
19 97 26 88 22 41 66 52 6 43 19 95 66 96 89 28 51 0 65 4 3 46 17 93 74 5 23 82 99 3 91 25 77 15 85 69 94 78 1 60 46 66 47 18 97 82 21 13 70 14 81 34 15 42 42 42 48 55 96 42 2 12 39 89 39 51 36 14 73 85 70 86 58 86 5 83 79 91 67 83 
74 43 47 4 0 30 94 17 54 6 14 75 65 91 0 30 11 65 0 83 72 9 38 80 35 87 93 78 73 88 95 73 8 0 6 81 48 7 3 63 23 63 30 24 87 26 77 94 72 53 69 12 82 77 18 76 52 26 33 68 74 30 94 14 14 15 81 88 95 51 35 10 73 37 56 96 90 98 33 52 
26 14 96 0 47 36 23 12 96 45 65 72 78 51 62 14 62 4 83 0 81 5 9 12 40 27 61 30 99 15 51 3 83 10 20 84 8 1 87 49 74 2 69 34 26 57 5 17 8 30 16 4 56 85 3 21 42 50 73 84 33 29 22 9 8 68 7 68 52 33 46 53 53 98 2 12 59 30 66 17 
0 53 9 75 27 76 12 50 72 54 5 34 49 14 74 55 37 3 72 81 0 20 19 43 31 54 66 22 98 22 94 11 94 20 88 82 1 32 40 48 1 72 33 17 66 55 83 18 54 0 47 17 51 51 98 38 62 10 10 57 79 63 99 8 55 95 26 49 83 73 74 6 51 66 25 53 56 94 31 96 
90 52 22 37 16 89 56 60 5 26 29 77 10 88 87 49 87 46 9 5 20 0 71 64 37 46 29 99 8 60 92 5 84 59 49 85 95 43 94 85 14 64 20 49 41 42 91 87 57 9 33 18 90 18 5 30 62 37 70 92 68 37 8 26 56 38 71 37 99 12 18 59 27 81 66 38 69 10 62 52 
89 71 17 45 17 20 53 3 89 23 67 54 23 85 35 0 70 17 38 9 19 71 0 34 37 83 34 46 82 2 74 9 44 49 17 90 43 5 26 68 40 65 48 84 95 30 35 94 12 63 25 61 60 72 64 85 15 9 69 80 86 78 62 74 68 52 22 57 66 85 79 92 97 58 79 37 59 5 95 24 
33 49 98 61 83 48 55 33 85 3 29 46 16 93 63 2 49 93 80 12 43 64 34 0 20 80 15 40 87 46 25 3 14 3 49 47 21 63 17 7 9 73 11 19 50 33 48 21 43 48 0 69 35 39 71 99 19 96 30 52 60 2 59 18 86 73 33 90 42 84 27 43 90 69 51 4 86 1 97 48 
75 3 15 56 26 11 26 6 20 63 80 90 31 45 37 11 46 74 35 40 31 37 37 20 0 6 79 54 3 5 90 8 95 84 47 3 63 96 48 84 81 21 4 47 74 3 58 42 99 21 60 29 51 94 33 61 33 72 3 93 54 48 67 88 38 75 48 66 0 16 49 89 83 3 27 33 62 17 91 18 
57 40 67 39 77 15 58 52 75 82 46 91 44 43 63 16 48 5 87 27 54 46 83 80 6 0 13 58 84 0 92 20 97 84 89 38 37 18 34 91 41 38 92 90 46 35 66 8 36 76 84 71 75 72 37 6 34 84 66 87 12 6 21 2 53 70 84 26 68 79 15 4 56 77 89 16 4 75 15 78 
35 44 78 72 75 33 49 8 49 84 61 97 50 32 27 15 67 23 93 61 66 29 34 15 79 13 0 81 67 7 35 89 32 39 15 73 53 18 78 72 20 48 3 47 8 37 91 92 90 19 81 8 14 66 84 83 63 51 56 64 0 69 15 73 2 94 55 56 57 66 12 72 6 15 36 56 51 89 84 97 
95 70 28 41 9 11 49 99 59 84 19 60 40 55 79 40 30 82 78 30 22 99 46 40 54 58 81 0 78 15 69 3 7 11 90 35 27 42 65 82 93 90 40 56 26 44 57 40 64 9 94 89 25 34 74 94 23 12 69 16 6 44 58 72 87 28 88 77 85 97 34 94 11 53 54 97 48 75 92 15 
95 21 21 67 64 65 69 59 0 47 52 59 84 13 60 20 76 99 73 99 98 8 82 87 3 84 67 78 0 10 35 54 2 77 27 73 61 72 28 94 92 61 86 28 71 14 62 84 18 98 18 88 76 10 87 90 39 82 92 86 62 75 57 0 30 86 69 53 47 42 72 79 30 71 59 31 0 92 53 19 
83 86 89 71 99 7 82 17 62 62 27 61 15 52 56 23 76 3 88 15 22 60 2 46 5 0 7 15 10 0 3 11 19 65 67 70 15 20 90 66 50 82 94 59 96 81 23 29 31 17 62 44 28 41 17 22 80 64 3 96 6 46 24 56 75 16 64 93 54 30 85 42 2 27 90 66 21 73 44 45 
98 39 15 0 22 5 84 87 32 6 2 12 62 77 44 25 65 91 95 51 94 92 74 25 90 92 35 69 35 3 0 43 55 91 60 3 94 0 34 94 19 17 35 15 13 51 48 6 45 36 60 57 11 8 72 6 67 85 46 15 69 22 47 80 51 97 73 67 96 35 7 52 54 25 39 89 68 8 52 79 
56 66 1 8 95 37 98 78 96 56 72 90 89 29 95 20 51 25 73 3 11 5 9 3 8 20 89 3 54 11 43 0 64 70 96 24 46 53 4 27 28 60 30 5 65 12 57 75 31 99 93 82 38 64 3 99 38 74 95 53 50 14 14 65 54 48 67 5 53 48 69 59 36 91 89 81 61 84 10 28 
69 2 32 26 15 37 34 58 82 5 4 9 83 44 50 54 79 77 8 83 94 84 44 14 95 97 32 7 2 19 55 64 0 97 90 36 79 5 38 54 90 73 6 94 71 27 52 67 8 51 0 20 1 95 5 34 98 57 97 31 18 8 62 47 34 19 8 93 99 16 36 87 91 92 15 7 29 97 56 90 
33 52 18 15 85 66 18 98 77 37 10 90 39 5 38 92 38 15 0 10 20 59 49 3 84 84 39 11 77 65 91 70 97 0 28 22 81 10 0 4 94 43 78 70 51 58 9 82 60 0 56 79 25 14 56 39 95 33 62 60 4 30 30 81 64 57 83 18 36 93 83 90 29 27 50 32 21 14 37 24 
88 17 51 99 39 54 35 56 76 14 99 93 71 60 85 31 75 85 6 20 88 49 17 49 47 89 15 90 27 67 60 96 90 28 0 46 49 48 66 89 59 37 97 80 19 91 93 14 85 52 93 79 80 72 60 27 71 19 8 58 69 62 9 29 93 51 63 97 58 78 80 1 88 38 75 8 71 71 49 62 
17 72 66 5 3 53 62 80 59 35 51 44 56 5 71 32 77 69 81 84 82 85 90 47 3 38 73 35 73 70 3 24 36 22 46 0 8 59 42 53 45 52 7 38 69 68 4 5 20 99 32 70 9 80 27 20 24 28 20 66 56 10 66 25 49 69 85 57 83 16 91 31 57 38 62 29 63 18 1 67 
12 87 41 85 19 57 15 46 85 42 77 92 91 60 45 74 85 94 48 8 1 95 43 21 63 37 53 27 61 15 94 46 79 81 49 8 0 90 32 18 36 67 73 45 9 25 18 11 58 48 30 9 45 55 56 71 91 99 62 53 37 19 99 69 23 88 8 96 33 10 73 78 72 84 82 27 9 93 83 75 
48 55 45 82 31 31 84 47 81 92 49 23 33 67 51 14 74 78 7 1 32 43 5 63 96 18 18 42 72 20 0 53 5 10 48 59 90 0 60 22 76 41 50 33 29 55 9 46 25 23 42 79 27 20 14 39 66 74 40 38 96 64 82 37 87 85 55 84 71 90 90 19 57 48 65 20 35 89 14 40 
92 12 7 8 97 38 99 37 0 50 27 87 80 43 4 76 13 1 3 87 40 94 26 17 48 34 78 65 28 90 34 4 38 0 66 42 32 60 0 87 18 93 6 34 76 51 20 79 68 5 27 7 84 95 14 95 23 22 38 48 85 79 44 59 25 24 59 66 93 8 2 71 17 95 40 27 80 79 41 88 
4 78 14 22 91 94 7 15 77 2 37 13 89 86 4 43 70 60 63 49 48 85 68 7 84 91 72 82 94 66 94 27 54 4 89 53 18 22 87 0 6 36 81 17 72 73 4 77 48 64 96 50 55 50 35 32 11 62 84 59 44 28 87 60 62 52 37 54 3 16 42 24 22 39 29 49 12 20 13 28 
49 44 64 27 71 15 66 0 53 43 86 57 57 62 15 35 50 46 23 74 1 14 40 9 81 41 20 93 92 50 19 28 90 94 59 45 36 76 18 6 0 56 84 45 79 59 46 15 9 31 17 57 1 76 52 68 86 22 71 92 26 47 72 74 65 91 17 59 72 2 34 30 80 70 20 32 96 14 7 66 
61 80 93 24 4 54 73 95 89 60 78 61 31 41 9 35 69 66 63 2 72 64 65 73 21 38 48 90 61 82 17 60 73 43 37 52 67 41 93 36 56 0 62 39 74 57 41 80 4 97 21 46 64 41 20 63 42 60 3 74 61 54 45 37 23 21 29 66 6 14 29 35 5 14 7 30 56 20 87 99 
51 33 49 63 26 28 97 83 14 64 76 67 43 30 45 29 0 47 30 69 33 20 48 11 4 92 3 40 86 94 35 30 6 78 97 7 73 50 6 81 84 62 0 79 3 17 48 31 3 56 23 85 47 4 5 37 59 42 15 48 5 67 6 58 23 41 66 56 43 87 81 50 89 82 50 28 90 51 70 44 
51 79 78 36 35 0 11 85 76 18 83 80 91 44 9 66 80 18 24 34 17 49 84 19 47 90 47 56 28 59 15 5 94 70 80 38 45 33 34 17 45 39 79 0 22 75 78 14 2 98 84 74 34 27 88 48 33 10 35 58 55 60 57 38 2 88 40 71 67 24 44 78 57 5 43 94 84 63 8 41 
87 67 15 76 64 40 15 95 23 15 73 82 70 26 61 22 14 97 87 26 66 41 95 50 74 46 8 26 71 96 13 65 71 51 19 69 9 29 76 72 79 74 3 22 0 2 82 15 48 15 68 52 40 70 54 2 1 75 62 37 95 7 12 97 2 79 20 96 92 30 49 77 16 26 5 87 8 44 65 66 
18 31 59 71 61 56 99 81 29 96 96 15 19 23 87 1 21 82 26 57 55 42 30 33 3 35 37 44 14 81 51 12 27 58 91 68 25 55 51 73 59 57 17 75 2 0 14 67 66 51 49 93 87 15 21 46 32 66 34 40 9 10 0 13 59 82 1 27 4 54 44 55 16 69 1 88 47 12 55 47 
97 47 96 84 61 17 86 9 49 25 43 1 96 44 37 13 20 21 77 5 83 91 35 48 58 66 91 57 62 23 48 57 52 9 93 4 18 9 20 4 46 41 48 78 82 14 0 45 31 41 80 35 56 35 99 82 64 9 39 67 3 58 22 27 73 30 20 73 74 82 86 10 35 11 8 74 40 1 79 28 
88 29 58 91 49 10 36 32 62 38 9 50 37 71 14 31 97 13 94 17 18 87 94 21 42 8 92 40 84 29 6 75 67 82 14 5 11 46 79 77 15 80 31 14 15 67 45 0 33 81 40 1 4 18 13 90 3 62 95 5 89 90 11 29 1 72 23 25 28 90 61 45 67 89 13 33 66 49 74 54 
75 62 76 2 74 49 80 24 35 70 48 16 1 39 96 61 75 70 72 8 54 57 12 43 99 36 90 64 18 31 45 31 8 60 85 20 58 25 68 48 9 4 3 2 48 66 31 33 0 44 24 72 77 3 76 18 23 73 38 92 67 57 28 59 85 23 91 40 23 15 30 12 29 10 95 15 73 70 26 59 
52 3 79 97 96 73 42 50 50 19 40 19 89 5 97 54 75 14 53 30 0 9 63 48 21 76 19 9 98 17 36 99 51 0 52 99 48 23 5 64 31 97 56 98 15 51 41 81 44 0 60 60 5 42 53 18 49 17 5 16 98 83 17 60 60 84 61 85 95 33 20 15 61 22 59 30 69 86 21 77 
80 26 16 64 70 59 28 0 39 50 99 79 2 4 84 80 47 81 69 16 47 33 25 0 60 84 81 94 18 62 60 93 0 56 93 32 30 42 27 96 17 21 23 84 68 49 80 40 24 60 0 46 73 45 57 87 93 83 41 81 27 98 8 19 13 68 24 3 7 83 46 11 23 72 93 80 83 20 41 25 
18 83 52 30 11 77 51 12 25 43 5 64 97 83 35 23 53 34 12 4 17 18 61 69 29 71 8 89 88 44 57 82 20 79 79 70 9 79 7 50 57 46 85 74 52 93 35 1 72 60 46 0 98 31 86 96 98 83 22 46 92 65 59 52 9 58 46 23 26 27 25 35 76 21 27 11 12 80 55 59 
67 98 76 70 88 47 72 4 32 78 83 58 96 16 62 75 1 15 82 56 51 90 60 35 51 75 14 25 76 28 11 38 1 25 80 9 45 27 84 55 1 64 47 34 40 87 56 4 77 5 73 98 0 42 36 29 62 54 35 78 12 50 86 39 40 56 18 90 48 22 11 7 55 35 24 18 15 20 4 23 
61 66 82 12 53 37 4 10 76 6 89 20 74 67 70 93 29 42 77 85 51 18 72 39 94 72 66 34 10 41 8 64 95 14 72 80 55 20 95 50 76 41 4 27 70 15 35 18 3 42 45 31 42 0 87 3 54 98 52 25 10 93 82 1 65 39 77 45 78 86 80 91 97 22 30 30 36 83 42 2 
2 82 94 11 92 64 43 49 31 58 14 44 56 47 82 95 39 42 18 3 98 5 64 71 33 37 84 74 87 17 72 3 5 56 60 27 56 14 14 35 52 20 5 88 54 21 99 13 76 53 57 86 36 87 0 87 60 44 60 45 10 46 63 99 37 54 7 85 17 39 39 75 62 75 21 4 37 29 56 45 
13 35 87 65 53 10 39 33 13 8 40 56 69 60 11 42 48 42 76 21 38 30 85 99 61 6 83 94 90 22 6 99 34 39 27 20 71 39 95 32 68 63 37 48 2 46 82 90 18 18 87 96 29 3 87 0 79 59 53 76 77 8 16 16 84 17 8 76 81 31 0 20 8 90 38 83 51 48 70 68 
59 42 30 65 30 88 88 33 61 28 69 98 30 35 99 87 99 48 52 42 62 62 15 19 33 34 63 23 39 80 67 38 98 95 71 24 91 66 23 11 86 42 59 33 1 32 64 3 23 49 93 98 62 54 60 79 0 65 51 97 43 88 82 6 67 34 22 71 50 65 84 52 79 70 78 45 22 82 75 57 
12 14 88 44 27 50 73 97 75 32 62 76 79 97 5 23 44 55 26 50 10 37 9 96 72 84 51 12 82 64 85 74 57 33 19 28 99 74 22 62 22 60 42 10 75 66 9 62 73 17 83 83 54 98 44 59 65 0 94 21 91 42 74 26 52 62 87 31 76 71 46 86 51 65 32 60 32 53 32 83 
95 79 71 63 15 0 8 16 49 57 67 64 6 14 14 10 19 96 33 73 10 70 69 30 3 66 56 69 92 3 46 95 97 62 8 20 62 40 38 84 71 3 15 35 62 34 39 95 38 5 41 22 35 52 60 53 51 94 0 94 3 60 82 88 88 71 12 61 93 73 45 13 65 49 10 52 49 5 43 42 
8 54 41 79 50 14 3 4 54 20 86 14 26 65 93 38 40 42 68 84 57 92 80 52 93 87 64 16 86 96 15 53 31 60 58 66 53 38 48 59 92 74 48 58 37 40 67 5 92 16 81 46 78 25 45 76 97 21 94 0 65 97 86 76 83 47 22 56 42 89 45 95 61 12 14 81 39 71 85 44 
39 76 73 83 28 40 73 97 40 11 32 51 28 99 7 56 86 2 74 33 79 68 86 60 54 12 0 6 62 6 69 50 18 4 69 56 37 96 85 44 26 61 5 55 95 9 3 89 67 98 27 92 12 10 10 77 43 91 3 65 0 59 9 2 50 82 58 97 19 15 67 84 5 79 13 39 41 80 32 89 
43 59 94 20 80 94 52 90 32 99 68 17 10 39 29 5 86 12 30 29 63 37 78 2 48 6 69 44 75 46 22 14 8 30 62 10 19 64 79 28 47 54 67 60 7 10 58 90 57 83 98 65 50 93 46 8 88 42 60 97 59 0 64 54 78 59 6 33 22 90 27 69 60 69 53 77 27 41 48 96 
45 24 68 54 83 39 73 99 40 58 85 46 70 17 16 33 54 39 94 22 99 8 62 59 67 21 15 58 57 24 47 14 62 30 9 66 99 82 44 87 72 45 6 57 12 0 22 11 28 17 8 59 86 82 63 16 82 74 82 86 9 64 0 6 73 23 15 65 28 79 28 4 77 38 51 84 54 8 37 92 
93 38 93 37 7 59 32 78 15 25 5 82 56 75 44 31 42 89 14 9 8 26 74 18 88 2 73 72 0 56 80 65 47 81 29 25 69 37 59 60 74 37 58 38 97 13 27 29 59 60 19 52 39 1 99 16 6 26 88 76 2 54 6 0 48 47 8 17 61 79 63 58 13 72 5 54 85 75 61 50 
69 36 53 92 21 75 79 53 44 99 32 29 56 33 17 4 80 39 14 8 55 56 68 86 38 53 2 87 30 75 51 54 34 64 93 49 23 87 25 62 65 23 23 2 2 59 73 1 85 60 13 9 40 65 37 84 67 52 88 83 50 78 73 48 0 87 34 80 51 91 46 95 55 61 86 84 15 80 83 76 
61 60 85 74 64 0 34 13 87 23 24 20 83 25 81 61 35 51 15 68 95 38 52 73 75 70 94 28 86 16 97 48 19 57 51 69 88 85 24 52 91 21 41 88 79 82 30 72 23 84 68 58 56 39 54 17 34 62 71 47 82 59 23 47 87 0 6 69 56 65 19 92 13 87 75 31 30 81 85 10 
42 86 24 56 0 99 51 47 90 47 16 59 3 3 76 73 81 36 81 7 26 71 22 33 48 84 55 88 69 64 73 67 8 83 63 85 8 55 59 37 17 29 66 40 20 1 20 23 91 61 24 46 18 77 7 8 22 87 12 22 58 6 15 8 34 6 0 29 85 17 55 70 89 63 86 34 65 78 32 34 
10 33 74 89 8 4 85 60 73 31 63 52 40 46 23 60 92 14 88 68 49 37 57 90 66 26 56 77 53 93 67 5 93 18 97 57 96 84 66 54 59 66 56 71 96 27 73 25 40 85 3 23 90 45 85 76 71 31 61 56 97 33 65 17 80 69 29 0 6 54 30 17 88 40 43 48 44 57 78 32 
22 78 71 59 49 40 39 14 74 46 74 74 34 8 79 23 8 73 95 52 83 99 66 42 0 68 57 85 47 54 96 53 99 36 58 83 33 71 93 3 72 6 43 67 92 4 74 28 23 95 7 26 48 78 17 81 50 76 93 42 19 22 28 61 51 56 85 6 0 85 30 79 67 19 88 98 71 55 31 71 
92 85 59 47 89 17 56 26 35 36 92 0 66 35 75 9 16 85 51 33 73 12 85 84 16 79 66 97 42 30 35 48 16 93 78 16 10 90 8 16 2 14 87 24 30 54 82 90 15 33 83 27 22 86 39 31 65 71 73 89 15 90 79 79 91 65 17 54 85 0 1 44 64 31 90 35 87 2 12 91 
40 53 94 9 31 41 9 24 71 52 22 98 37 67 86 39 11 70 35 46 74 18 79 27 49 15 12 34 72 85 7 69 36 83 80 91 73 90 2 42 34 29 81 44 49 44 86 61 30 20 46 25 11 80 39 0 84 46 45 45 67 27 28 63 46 19 55 30 30 1 0 78 93 17 33 4 16 59 2 92 
81 76 41 35 96 35 14 84 70 68 2 1 35 50 49 35 1 86 10 53 6 59 92 43 89 4 72 94 79 42 52 59 87 90 1 31 78 19 71 24 30 35 50 78 77 55 10 45 12 15 11 35 7 91 75 20 52 86 13 95 84 69 4 58 95 92 70 17 79 44 78 0 6 32 22 76 46 28 90 33 
21 12 43 28 83 89 98 41 30 78 37 12 32 44 71 93 86 58 73 53 51 27 97 90 83 56 6 11 30 2 54 36 91 29 88 57 72 57 17 22 80 5 89 57 16 16 35 67 29 61 23 76 55 97 62 8 79 51 65 61 5 60 77 13 55 13 89 88 67 64 93 6 0 71 86 56 43 16 77 84 
79 34 39 74 86 7 13 36 9 71 41 33 0 90 46 63 8 86 37 98 66 81 58 69 3 77 15 53 71 27 25 91 92 27 38 38 84 48 95 39 70 14 82 5 26 69 11 89 10 22 72 21 35 22 75 90 70 65 49 12 79 69 38 72 61 87 63 40 19 31 17 32 71 0 15 33 49 81 79 60 
84 17 86 95 44 8 52 19 30 22 64 98 95 99 77 76 73 5 56 2 25 66 79 51 27 89 36 54 59 90 39 89 15 50 75 62 82 65 40 29 20 7 50 43 5 1 8 13 95 59 93 27 24 30 21 38 78 32 10 14 13 53 51 5 86 75 86 43 88 90 33 22 86 15 0 73 8 29 54 80 
34 60 72 73 64 15 10 55 68 14 41 88 4 44 23 41 64 83 96 12 53 38 37 4 33 16 56 97 31 66 89 81 7 32 8 29 27 20 27 49 32 30 28 94 87 88 74 33 15 30 80 11 18 30 4 83 45 60 52 81 39 77 84 54 84 31 34 48 98 35 4 76 56 33 73 0 61 64 52 0 
73 19 43 23 35 90 3 61 69 34 38 62 34 1 13 34 37 79 90 59 56 69 59 86 62 4 51 48 0 21 68 61 29 21 71 63 9 35 80 12 96 56 90 84 8 47 40 66 73 69 83 12 15 36 37 51 22 32 49 39 41 27 54 85 15 30 65 44 71 87 16 46 43 49 8 61 0 88 65 30 
88 71 93 22 35 64 14 27 53 62 4 63 3 2 13 79 82 91 98 30 94 10 5 1 17 75 89 75 92 73 8 84 97 14 71 18 93 89 79 20 14 20 51 63 44 12 1 49 70 86 20 80 20 83 29 48 82 53 5 71 80 41 8 75 80 81 78 57 55 2 59 28 16 81 29 64 88 0 61 65 
36 62 64 95 97 8 22 88 12 15 72 66 55 23 3 83 88 67 33 66 31 62 95 97 91 15 84 92 53 44 52 10 56 37 49 1 83 14 41 13 7 87 70 8 65 55 79 74 26 21 41 55 4 42 56 70 75 32 43 85 32 48 37 61 83 85 32 78 31 12 2 90 77 79 54 52 65 61 0 82 
2 76 59 64 65 35 25 57 86 84 63 46 67 15 39 58 27 83 52 17 96 52 24 48 18 78 97 15 19 45 79 28 90 24 62 67 75 40 88 28 66 99 44 41 66 47 28 54 59 77 25 59 23 2 45 68 57 83 42 44 89 96 92 50 76 10 34 32 71 91 92 33 84 60 80 0 30 65 82 0 
