80
0 92 36 91 34 32 71 38 2 20 99 99 85 19 47 50 39 72 5 71 99 77 72 9 38 80 35 87 93 78 73 88 95 73 8 0 6 81 48 7 3 63 23 63 30 24 87 26 77 94 72 53 69 12 82 77 18 76 52 26 33 68 74 30 94 14 14 15 81 88 95 51 35 10 73 37 56 96 90 98 
92 0 0 75 38 79 82 1 74 85 16 98 97 15 93 91 46 74 25 39 46 50 81 5 9 12 40 27 61 30 99 15 51 3 83 10 20 84 8 1 87 49 74 2 69 34 26 57 5 17 8 30 16 4 56 85 3 21 42 50 73 84 33 29 22 9 8 68 7 68 52 33 46 53 53 98 2 12 59 30 
36 0 0 31 56 32 60 6 39 20 64 14 76 23 69 68 56 48 0 62 78 45 27 20 19 43 31 54 66 22 98 22 94 11 94 20 88 82 1 32 40 48 1 72 33 17 66 55 83 18 54 0 47 17 51 51 98 38 62 10 10 57 79 63 99 8 55 95 26 49 83 73 74 6 51 66 25 53 56 94 
91 75 31 0 1 82 13 90 65 86 67 8 41 48 65 36 92 1 11 81 22 32 76 22 71 64 37 46 29 99 8 60 92 5 84 59 49 85 95 43 94 85 14 64 20 49 41 42 91 87 57 9 33 18 90 18 5 30 62 37 70 92 68 37 8 26 56 38 71 37 99 12 18 59 27 81 66 38 69 10 
34 38 56 1 0 57 63 48 47 56 58 51 97 90 46 66 23 1 35 41 99 28 38 44 5 34 37 83 34 46 82 2 74 9 44 49 17 90 43 5 26 68 40 65 48 84 95 30 35 94 12 63 25 61 60 72 64 85 15 9 69 80 86 78 62 74 68 52 22 57 66 85 79 92 97 58 79 37 59 5 
32 79 32 82 57 0 62 20 18 97 17 21 32 65 41 91 78 56 67 47 33 0 3 12 21 58 20 80 15 40 87 46 25 3 14 3 49 47 21 63 17 7 9 73 11 19 50 33 48 21 43 48 0 69 35 39 71 99 19 96 30 52 60 2 59 18 86 73 33 90 42 84 27 43 90 69 51 4 86 1 
71 82 60 13 63 62 0 54 4 73 6 38 29 36 8 51 7 99 66 18 7 69 88 56 25 52 78 6 79 54 3 5 90 8 95 84 47 3 63 96 48 84 81 21 4 47 74 3 58 42 99 21 60 29 51 94 33 61 33 72 3 93 54 48 67 88 38 75 48 66 0 16 49 89 83 3 27 33 62 17 
38 1 6 90 48 20 54 0 88 63 87 65 57 57 76 41 57 71 8 70 38 36 39 86 8 18 39 91 13 58 84 0 92 20 97 84 89 38 37 18 34 91 41 38 92 90 46 35 66 8 36 76 84 71 75 72 37 6 34 84 66 87 12 6 21 2 53 70 84 26 68 79 15 4 56 77 89 16 4 75 
2 74 39 65 47 18 4 88 0 16 52 62 76 85 40 66 32 62 53 33 32 9 20 34 82 96 45 29 49 81 67 7 35 89 32 39 15 73 53 18 78 72 20 48 3 47 8 37 91 92 90 19 81 8 14 66 84 83 63 51 56 64 0 69 15 73 2 94 55 56 57 66 12 72 6 15 36 56 51 89 
20 85 20 86 56 97 73 63 16 0 86 19 40 87 30 38 0 3 45 73 94 88 4 79 0 45 90 37 72 88 78 15 69 3 7 11 90 35 27 42 65 82 93 90 40 56 26 44 57 40 64 9 94 89 25 34 74 94 23 12 69 16 6 44 58 72 87 28 88 77 85 97 34 94 11 53 54 97 48 75 
99 16 64 67 58 17 6 87 52 86 0 2 59 83 19 41 73 32 20 67 95 85 27 14 15 2 87 14 32 66 73 10 35 54 2 77 27 73 61 72 28 94 92 61 86 28 71 14 62 84 18 98 18 88 76 10 87 90 39 82 92 86 62 75 57 0 30 86 69 53 47 42 72 79 30 71 59 31 0 92 
99 98 14 8 51 21 38 65 62 19 2 0 67 21 16 83 82 41 11 11 7 59 66 76 80 51 81 72 90 75 78 72 3 11 19 65 67 70 15 20 90 66 50 82 94 59 96 81 23 29 31 17 62 44 28 41 17 22 80 64 3 96 6 46 24 56 75 16 64 93 54 30 85 42 2 27 90 66 21 73 
85 97 76 41 97 32 29 57 76 40 59 67 0 28 49 32 80 13 99 20 30 29 73 50 70 90 92 14 75 92 17 62 85 43 55 91 60 3 94 0 34 94 19 17 35 15 13 51 48 6 45 36 60 57 11 8 72 6 67 85 46 15 69 22 47 80 51 97 73 67 96 35 7 52 54 25 39 89 68 8 
19 15 23 48 90 65 36 57 85 87 83 21 28 0 61 79 87 94 55 68 88 21 57 21 57 13 6 18 41 33 31 42 98 63 64 70 96 24 46 53 4 27 28 60 30 5 65 12 57 75 31 99 93 82 38 64 3 99 38 74 95 53 50 14 14 65 54 48 67 5 53 48 69 59 36 91 89 81 61 84 
47 93 69 65 46 41 8 76 40 30 19 16 49 61 0 0 61 75 61 42 90 66 51 59 4 22 45 86 6 6 40 68 76 52 73 97 90 36 79 5 38 54 90 73 6 94 71 27 52 67 8 51 0 20 1 95 5 34 98 57 97 31 18 8 62 47 34 19 8 93 99 16 36 87 91 92 15 7 29 97 
50 91 68 36 66 91 51 41 66 38 41 83 32 79 0 0 63 84 4 64 30 39 85 18 72 50 3 61 68 44 40 81 0 2 83 56 28 22 81 10 0 4 94 43 78 70 51 58 9 82 60 0 56 79 25 14 56 39 95 33 62 60 4 30 30 81 64 57 83 18 36 93 83 90 29 27 50 32 21 14 
39 46 56 92 23 78 7 57 32 0 73 82 80 87 61 63 0 86 92 64 45 58 76 84 24 24 63 49 83 9 74 10 36 2 15 69 51 46 49 48 66 89 59 37 97 80 19 91 93 14 85 52 93 79 80 72 60 27 71 19 8 58 69 62 9 29 93 51 63 97 58 78 80 1 88 38 75 8 71 71 
72 74 48 1 1 56 99 71 62 3 32 41 13 94 75 84 86 0 99 22 96 96 65 78 0 12 72 83 29 0 62 99 74 81 83 0 62 86 8 59 42 53 45 52 7 38 69 68 4 5 20 99 32 70 9 80 27 20 24 28 20 66 56 10 66 25 49 69 85 57 83 16 91 31 57 38 62 29 63 18 
5 25 0 11 35 67 66 8 53 45 20 11 99 55 61 4 92 99 0 77 70 26 15 47 15 63 38 42 43 39 34 21 8 41 27 18 89 10 55 90 32 18 36 67 73 45 9 25 18 11 58 48 30 9 45 55 56 71 91 99 62 53 37 19 99 69 23 88 8 96 33 10 73 78 72 84 82 27 9 93 
71 39 62 81 41 47 18 70 33 73 67 11 20 68 42 64 64 22 77 0 88 47 3 61 89 91 90 59 93 96 16 99 22 92 73 25 30 56 32 59 60 22 76 41 50 33 29 55 9 46 25 23 42 79 27 20 14 39 66 74 40 38 96 64 82 37 87 85 55 84 71 90 90 19 57 48 65 20 35 89 
99 46 78 22 99 33 7 38 32 94 95 7 30 88 90 30 45 96 70 88 0 73 33 47 42 58 72 67 67 96 83 85 13 42 97 66 28 38 37 37 51 87 18 93 6 34 76 51 20 79 68 5 27 7 84 95 14 95 23 22 38 48 85 79 44 59 25 24 59 66 93 8 2 71 17 95 40 27 80 79 
77 50 45 32 28 0 69 36 9 88 85 59 29 21 66 39 58 96 26 47 73 0 21 24 77 61 78 43 20 90 7 17 33 7 7 18 72 64 92 25 39 23 6 36 81 17 72 73 4 77 48 64 96 50 55 50 35 32 11 62 84 59 44 28 87 60 62 52 37 54 3 16 42 24 22 39 29 49 12 20 
72 81 27 76 38 3 88 39 20 4 27 66 73 57 51 85 76 65 15 3 33 21 0 2 24 36 23 91 21 17 22 49 33 70 82 78 5 77 2 45 61 94 33 56 84 45 79 59 46 15 9 31 17 57 1 76 52 68 86 22 71 92 26 47 72 74 65 91 17 59 72 2 34 30 80 70 20 32 96 14 
9 5 20 22 44 12 56 86 34 79 14 76 50 21 59 18 84 78 47 61 47 24 2 0 81 1 71 58 99 3 62 61 35 63 52 71 32 42 36 17 45 11 0 28 62 39 74 57 41 80 4 97 21 46 64 41 20 63 42 60 3 74 61 54 45 37 23 21 29 66 6 14 29 35 5 14 7 30 56 20 
38 9 19 71 5 21 25 8 82 0 15 80 70 57 4 72 24 0 15 89 42 77 24 81 0 77 69 33 19 84 18 45 78 58 48 24 28 49 6 7 60 69 28 22 76 79 3 17 48 31 3 56 23 85 47 4 5 37 59 42 15 48 5 67 6 58 23 41 66 56 43 87 81 50 89 82 50 28 90 51 
80 12 43 64 34 58 52 18 96 45 2 51 90 13 22 50 24 12 63 91 58 61 36 1 77 0 62 40 60 15 70 77 88 28 64 92 91 48 67 22 10 10 31 73 87 76 22 75 78 14 2 98 84 74 34 27 88 48 33 10 35 58 55 60 57 38 2 88 40 71 67 24 44 78 57 5 43 94 84 63 
35 40 31 37 37 20 78 39 45 90 87 81 92 6 45 3 63 72 38 90 72 78 23 71 69 62 0 18 0 18 95 58 48 26 4 13 79 25 19 31 91 67 67 27 44 94 23 2 82 15 48 15 68 52 40 70 54 2 1 75 62 37 95 7 12 97 2 79 20 96 92 30 49 77 16 26 5 87 8 44 
87 27 54 46 83 80 6 91 29 37 14 72 14 18 86 61 49 83 42 59 67 43 91 58 33 40 18 0 59 88 24 76 3 58 0 50 1 88 47 46 49 53 45 21 85 69 8 2 14 67 66 51 49 93 87 15 21 46 32 66 34 40 9 10 0 13 59 82 1 27 4 54 44 55 16 69 1 88 47 12 
93 61 66 29 34 15 79 13 49 72 32 90 75 41 6 68 83 29 43 93 67 20 21 99 19 60 0 59 0 36 68 14 75 67 52 32 69 90 48 5 27 12 9 85 89 19 20 78 6 45 31 41 80 35 56 35 99 82 64 9 39 67 3 58 22 27 73 30 20 73 74 82 86 10 35 11 8 74 40 1 
78 30 22 99 46 40 54 58 81 88 66 75 92 33 6 44 9 0 39 96 96 90 17 3 84 15 18 88 36 0 89 46 73 72 12 57 34 97 26 52 51 71 60 11 15 87 27 82 73 20 33 81 40 1 4 18 13 90 3 62 95 5 89 90 11 29 1 72 23 25 28 90 61 45 67 89 13 33 66 49 
73 99 98 8 82 87 3 84 67 78 73 78 17 31 40 40 74 62 34 16 83 7 22 62 18 70 95 24 68 89 0 63 2 80 86 80 68 64 32 33 51 23 18 50 11 39 44 62 11 83 8 44 24 72 77 3 76 18 23 73 38 92 67 57 28 59 85 23 91 40 23 15 30 12 29 10 95 15 73 70 
88 15 22 60 2 46 5 0 7 15 10 72 62 42 68 81 10 99 21 99 85 17 49 61 45 77 58 76 14 46 63 0 68 38 4 77 79 80 24 75 91 90 76 30 2 5 31 65 91 79 85 65 60 60 5 42 53 18 49 17 5 16 98 83 17 60 60 84 61 85 95 33 20 15 61 22 59 30 69 86 
95 51 94 92 74 25 90 92 35 69 35 3 85 98 76 0 36 74 8 22 13 33 33 35 78 88 48 3 75 73 2 68 0 14 93 58 29 67 50 75 44 71 74 48 66 42 61 85 95 98 11 50 22 46 73 45 57 87 93 83 41 81 27 98 8 19 13 68 24 3 7 83 46 11 23 72 93 80 83 20 
73 3 11 5 9 3 8 20 89 3 54 11 43 63 52 2 2 81 41 92 42 7 70 63 58 28 26 58 67 72 80 38 14 0 45 59 2 93 23 33 23 15 96 75 99 7 15 85 12 21 57 46 3 59 98 31 86 96 98 83 22 46 92 65 59 52 9 58 46 23 26 27 25 35 76 21 27 11 12 80 
8 83 94 84 44 14 95 97 32 7 2 19 55 64 73 83 15 83 27 73 97 7 82 52 48 64 4 0 52 12 86 4 93 45 0 61 25 64 67 7 62 99 79 31 57 56 51 23 24 49 56 9 28 82 75 42 36 29 62 54 35 78 12 50 86 39 40 56 18 90 48 22 11 7 55 35 24 18 15 20 
0 10 20 59 49 3 84 84 39 11 77 65 91 70 97 56 69 0 18 25 66 18 78 71 24 92 13 50 32 57 80 77 58 59 61 0 17 75 6 61 15 89 79 68 89 12 1 90 51 57 70 40 25 85 51 5 87 3 54 98 52 25 10 93 82 1 65 39 77 45 78 86 80 91 97 22 30 30 36 83 
6 20 88 49 17 49 47 89 15 90 27 67 60 96 90 28 51 62 89 30 28 72 5 32 28 91 79 1 69 34 68 79 29 2 25 17 0 98 92 13 96 51 24 57 63 19 86 51 94 39 86 96 85 60 44 14 37 87 60 44 60 45 10 46 63 99 37 54 7 85 17 39 39 75 62 75 21 4 37 29 
81 84 82 85 90 47 3 38 73 35 73 70 3 24 36 22 46 86 10 56 38 64 77 42 49 48 25 88 90 97 64 80 67 93 64 75 98 0 95 71 55 94 60 18 84 10 38 12 58 3 87 2 38 37 91 47 11 92 79 59 53 76 77 8 16 16 84 17 8 76 81 31 0 20 8 90 38 83 51 48 
48 8 1 95 43 21 63 37 53 27 61 15 94 46 79 81 49 8 55 32 37 92 2 36 6 67 19 47 48 26 32 24 50 23 67 6 92 95 0 75 65 46 41 35 28 20 12 60 34 79 86 95 59 10 48 1 4 45 20 65 51 97 43 88 82 6 67 34 22 71 50 65 84 52 79 70 78 45 22 82 
7 1 32 43 5 63 96 18 18 42 72 20 0 53 5 10 48 59 90 59 37 25 45 17 7 22 31 46 5 52 33 75 75 33 7 61 13 71 75 0 37 12 89 66 43 82 49 90 84 69 33 99 16 28 91 71 39 81 78 75 94 21 91 42 74 26 52 62 87 31 76 71 46 86 51 65 32 60 32 53 
3 87 40 94 26 17 48 34 78 65 28 90 34 4 38 0 66 42 32 60 51 39 61 45 60 10 91 49 27 51 51 91 44 23 62 15 96 55 65 37 0 14 87 45 73 79 19 44 78 97 39 13 98 74 75 37 37 10 92 39 33 94 3 60 82 88 88 71 12 61 93 73 45 13 65 49 10 52 49 5 
63 49 48 85 68 7 84 91 72 82 94 66 94 27 54 4 89 53 18 22 87 23 94 11 69 10 67 53 12 71 23 90 71 15 99 89 51 94 46 12 14 0 56 87 44 11 28 3 92 4 0 57 26 68 44 95 1 18 73 45 49 85 65 97 86 76 83 47 22 56 42 89 45 95 61 12 14 81 39 71 
23 74 1 14 40 9 81 41 20 93 92 50 19 28 90 94 59 45 36 76 18 6 33 0 28 31 67 45 9 60 18 76 74 96 79 79 24 60 41 89 87 56 0 15 79 56 82 98 79 48 0 45 83 63 67 66 60 98 90 36 18 54 17 59 9 2 50 82 58 97 19 15 67 84 5 79 13 39 41 80 
63 2 72 64 65 73 21 38 48 90 61 82 17 60 73 43 37 52 67 41 93 36 56 28 22 73 27 21 85 11 50 30 48 75 31 68 57 18 35 66 45 87 15 0 42 21 0 97 56 69 84 18 16 83 75 1 53 5 55 64 57 65 45 84 64 54 78 59 6 33 22 90 27 69 60 69 53 77 27 41 
30 69 33 20 48 11 4 92 3 40 86 94 35 30 6 78 97 7 73 50 6 81 84 62 76 87 44 85 89 15 11 2 66 99 57 89 63 84 28 43 73 44 79 42 0 19 97 87 92 8 68 28 41 21 94 51 5 87 69 93 52 67 90 59 25 6 73 23 15 65 28 79 28 4 77 38 51 84 54 8 
24 34 17 49 84 19 47 90 47 56 28 59 15 5 94 70 80 38 45 33 34 17 45 39 79 76 94 69 19 87 39 5 42 7 56 12 19 10 20 82 79 11 56 21 19 0 37 87 57 56 94 96 1 82 19 45 11 37 38 21 67 96 45 93 53 99 48 47 8 17 61 79 63 58 13 72 5 54 85 75 
87 26 66 41 95 50 74 46 8 26 71 96 13 65 71 51 19 69 9 29 76 72 79 74 3 22 23 8 20 27 44 31 61 15 51 1 86 38 12 49 19 28 82 0 97 37 0 61 11 99 76 88 54 14 0 5 1 18 89 65 35 91 11 21 72 47 35 87 34 80 51 91 46 95 55 61 86 84 15 80 
26 57 55 42 30 33 3 35 37 44 14 81 51 12 27 58 91 68 25 55 51 73 59 57 17 75 2 2 78 82 62 65 85 85 23 90 51 12 60 90 44 3 98 97 87 87 61 0 8 18 4 36 11 70 32 22 35 62 28 35 20 58 76 85 73 39 19 94 6 69 56 65 19 92 13 87 75 31 30 81 
77 5 83 91 35 48 58 66 91 57 62 23 48 57 52 9 93 4 18 9 20 4 46 41 48 78 82 14 6 73 11 91 95 12 24 51 94 58 34 84 78 92 79 56 92 57 11 8 0 72 88 57 56 96 43 48 5 35 45 61 24 64 76 88 86 27 16 36 32 29 85 17 55 70 89 63 86 34 65 78 
94 17 18 87 94 21 42 8 92 40 84 29 6 75 67 82 14 5 11 46 79 77 15 80 31 14 15 67 45 20 83 79 98 21 49 57 39 3 79 69 97 4 48 69 8 56 99 18 72 0 10 72 84 3 53 45 83 91 71 92 8 49 94 0 41 92 8 69 71 97 6 54 30 17 88 40 43 48 44 57 
72 8 54 57 12 43 99 36 90 64 18 31 45 31 8 60 85 20 58 25 68 48 9 4 3 2 48 66 31 33 8 85 11 57 56 70 86 87 86 33 39 0 0 84 68 94 76 4 88 10 0 16 49 65 93 97 0 60 47 10 43 48 18 78 42 93 76 91 39 69 28 85 30 79 67 19 88 98 71 55 
53 30 0 9 63 48 21 76 19 9 98 17 36 99 51 0 52 99 48 23 5 64 31 97 56 98 15 51 41 81 44 65 50 46 9 40 96 2 95 99 13 57 45 18 28 96 88 36 57 72 16 0 42 89 50 81 62 31 56 69 68 15 49 50 72 77 37 60 99 46 98 38 1 44 64 31 90 35 87 2 
69 16 47 33 25 0 60 84 81 94 18 62 60 93 0 56 93 32 30 42 27 96 17 21 23 84 68 49 80 40 24 60 22 3 28 25 85 38 59 16 98 26 83 16 41 1 54 11 56 84 49 42 0 73 98 1 65 75 84 39 71 37 6 18 59 88 74 62 71 48 6 10 26 78 93 17 33 4 16 59 
12 4 17 18 61 69 29 71 8 89 88 44 57 82 20 79 79 70 9 79 7 50 57 46 85 74 52 93 35 1 72 60 46 59 82 85 60 37 10 28 74 68 63 83 21 82 14 70 96 3 65 89 73 0 60 45 44 31 55 29 9 16 14 4 3 95 32 51 95 87 85 87 42 31 6 32 22 76 46 28 
82 56 51 90 60 35 51 75 14 25 76 28 11 38 1 25 80 9 45 27 84 55 1 64 47 34 40 87 56 4 77 5 73 98 75 51 44 91 48 91 75 44 67 75 94 19 0 32 43 53 93 50 98 60 0 90 57 61 21 78 3 88 31 10 2 44 42 34 96 68 81 24 21 35 72 71 86 56 43 16 
77 85 51 18 72 39 94 72 66 34 10 41 8 64 95 14 72 80 55 20 95 50 76 41 4 27 70 15 35 18 3 42 45 31 42 5 14 47 1 71 37 95 66 1 51 45 5 22 48 45 97 81 1 45 90 0 42 37 73 99 77 70 18 47 40 83 30 66 74 85 0 60 24 22 89 70 15 33 49 81 
18 3 98 5 64 71 33 37 84 74 87 17 72 3 5 56 60 27 56 14 14 35 52 20 5 88 54 21 99 13 76 53 57 86 36 87 37 11 4 39 37 1 60 53 5 11 1 35 5 83 0 62 65 44 57 42 0 4 7 28 15 87 30 2 42 85 45 57 4 64 22 92 4 98 84 53 76 73 8 29 
76 21 38 30 85 99 61 6 83 94 90 22 6 99 34 39 27 20 71 39 95 32 68 63 37 48 2 46 82 90 18 18 87 96 29 3 87 92 45 81 10 18 98 5 87 37 18 62 35 91 60 31 75 31 61 37 4 0 42 86 64 78 29 8 64 38 1 79 68 50 97 2 66 7 6 79 45 62 61 64 
52 42 62 62 15 19 33 34 63 23 39 80 67 38 98 95 71 24 91 66 23 11 86 42 59 33 1 32 64 3 23 49 93 98 62 54 60 79 20 78 92 73 90 55 69 38 89 28 45 71 47 56 84 55 21 73 7 42 0 38 2 86 38 63 34 54 49 17 78 33 15 32 76 22 49 63 57 65 29 88 
26 50 10 37 9 96 72 84 51 12 82 64 85 74 57 33 19 28 99 74 22 62 22 60 42 10 75 66 9 62 73 17 83 83 54 98 44 59 65 75 39 45 36 64 93 21 65 35 61 92 10 69 39 29 78 99 28 86 38 0 88 0 98 76 27 72 31 31 25 71 46 25 56 54 76 63 15 6 88 51 
33 73 10 70 69 30 3 66 56 69 92 3 46 95 97 62 8 20 62 40 38 84 71 3 15 35 62 34 39 95 38 5 41 22 35 52 60 53 51 94 33 49 18 57 52 67 35 20 24 8 43 68 71 9 3 77 15 64 2 88 0 30 18 79 68 86 86 47 84 63 46 84 50 7 38 56 96 61 48 22 
68 84 57 92 80 52 93 87 64 16 86 96 15 53 31 60 58 66 53 38 48 59 92 74 48 58 37 40 67 5 92 16 81 46 78 25 45 76 97 21 94 85 54 65 67 96 91 58 64 49 48 15 37 16 88 70 87 78 86 0 30 0 62 90 86 57 5 23 72 26 58 91 26 55 5 44 48 58 63 6 
74 33 79 68 86 60 54 12 0 6 62 6 69 50 18 4 69 56 37 96 85 44 26 61 5 55 95 9 3 89 67 98 27 92 12 10 10 77 43 91 3 65 17 45 90 45 11 76 76 94 18 49 6 14 31 18 30 29 38 98 18 62 0 45 93 69 61 42 10 22 92 40 81 21 79 84 34 73 88 36 
30 29 63 37 78 2 48 6 69 44 75 46 22 14 8 30 62 10 19 64 79 28 47 54 67 60 7 10 58 90 57 83 98 65 50 93 46 8 88 42 60 97 59 84 59 93 21 85 88 0 78 50 18 4 10 47 2 8 63 76 79 90 45 0 38 36 60 86 33 78 85 53 76 12 34 17 60 19 71 62 
94 22 99 8 62 59 67 21 15 58 57 24 47 14 62 30 9 66 99 82 44 87 72 45 6 57 12 0 22 11 28 17 8 59 86 82 63 16 82 74 82 86 9 64 25 53 72 73 86 41 42 72 59 3 2 40 42 64 34 27 68 86 93 38 0 53 85 24 74 71 59 94 41 43 39 86 72 43 93 64 
14 9 8 26 74 18 88 2 73 72 0 56 80 65 47 81 29 25 69 37 59 60 74 37 58 38 97 13 27 29 59 60 19 52 39 1 99 16 6 26 88 76 2 54 6 99 47 39 27 92 93 77 88 95 44 83 85 38 54 72 86 57 69 36 53 0 74 56 89 59 47 9 35 28 74 95 73 23 22 95 
14 8 55 56 68 86 38 53 2 87 30 75 51 54 34 64 93 49 23 87 25 62 65 23 23 2 2 59 73 1 85 60 13 9 40 65 37 84 67 52 88 83 50 78 73 48 35 19 16 8 76 37 74 32 42 30 45 1 49 31 86 5 61 60 85 74 0 0 8 49 89 31 96 83 86 44 64 35 35 97 
15 68 95 38 52 73 75 70 94 28 86 16 97 48 19 57 51 69 88 85 24 52 91 21 41 88 79 82 30 72 23 84 68 58 56 39 54 17 34 62 71 47 82 59 23 47 87 94 36 69 91 60 62 51 34 66 57 79 17 31 47 23 42 86 24 56 0 0 4 40 17 41 35 89 7 8 15 90 64 8 
81 7 26 71 22 33 48 84 55 88 69 64 73 67 8 83 63 85 8 55 59 37 17 29 66 40 20 1 20 23 91 61 24 46 18 77 7 8 22 87 12 22 58 6 15 8 34 6 32 71 39 99 71 95 96 74 4 68 78 25 84 72 10 33 74 89 8 4 0 39 56 9 14 98 13 52 10 3 14 22 
88 68 49 37 57 90 66 26 56 77 53 93 67 5 93 18 97 57 96 84 66 54 59 66 56 71 96 27 73 25 40 85 3 23 90 45 85 76 71 31 61 56 97 33 65 17 80 69 29 97 69 46 48 87 68 85 64 50 33 71 63 26 22 78 71 59 49 40 39 0 26 24 84 41 36 19 55 61 27 88 
95 52 83 99 66 42 0 68 57 85 47 54 96 53 99 36 58 83 33 71 93 3 72 6 43 67 92 4 74 28 23 95 7 26 48 78 17 81 50 76 93 42 19 22 28 61 51 56 85 6 28 98 6 85 81 0 22 97 15 46 46 58 92 85 59 47 89 17 56 26 0 71 70 30 9 30 68 69 53 12 
51 33 73 12 85 84 16 79 66 97 42 30 35 48 16 93 78 16 10 90 8 16 2 14 87 24 30 54 82 90 15 33 83 27 22 86 39 31 65 71 73 89 15 90 79 79 91 65 17 54 85 38 10 87 24 60 92 2 32 25 84 91 40 53 94 9 31 41 9 24 71 0 68 78 71 22 14 34 62 15 
35 46 74 18 79 27 49 15 12 34 72 85 7 69 36 83 80 91 73 90 2 42 34 29 81 44 49 44 86 61 30 20 46 25 11 80 39 0 84 46 45 45 67 27 28 63 46 19 55 30 30 1 26 42 21 24 4 66 76 56 50 26 81 76 41 35 96 35 14 84 70 68 0 37 41 64 41 38 4 72 
10 53 6 59 92 43 89 4 72 94 79 42 52 59 87 90 1 31 78 19 71 24 30 35 50 78 77 55 10 45 12 15 11 35 7 91 75 20 52 86 13 95 84 69 4 58 95 92 70 17 79 44 78 31 35 22 98 7 22 54 7 55 21 12 43 28 83 89 98 41 30 78 37 0 33 98 88 62 63 66 
73 53 51 27 97 90 83 56 6 11 30 2 54 36 91 29 88 57 72 57 17 22 80 5 89 57 16 16 35 67 29 61 23 76 55 97 62 8 79 51 65 61 5 60 77 13 55 13 89 88 67 64 93 6 72 89 84 6 49 76 38 5 79 34 39 74 86 7 13 36 9 71 41 33 0 95 4 34 3 55 
37 98 66 81 58 69 3 77 15 53 71 27 25 91 92 27 38 38 84 48 95 39 70 14 82 5 26 69 11 89 10 22 72 21 35 22 75 90 70 65 49 12 79 69 38 72 61 87 63 40 19 31 17 32 71 70 53 79 63 63 56 44 84 17 86 95 44 8 52 19 30 22 64 98 95 0 44 1 2 23 
56 2 25 66 79 51 27 89 36 54 59 90 39 89 15 50 75 62 82 65 40 29 20 7 50 43 5 1 8 13 95 59 93 27 24 30 21 38 78 32 10 14 13 53 51 5 86 75 86 43 88 90 33 22 86 15 76 45 57 15 96 48 34 60 72 73 64 15 10 55 68 14 41 88 4 44 0 13 13 3 
96 12 53 38 37 4 33 16 56 97 31 66 89 81 7 32 8 29 27 20 27 49 32 30 28 94 87 88 74 33 15 30 80 11 18 30 4 83 45 60 52 81 39 77 84 54 84 31 34 48 98 35 4 76 56 33 73 62 65 6 61 58 73 19 43 23 35 90 3 61 69 34 38 62 34 1 13 0 79 83 
90 59 56 69 59 86 62 4 51 48 0 21 68 61 29 21 71 63 9 35 80 12 96 56 90 84 8 47 40 66 73 69 83 12 15 36 37 51 22 32 49 39 41 27 54 85 15 30 65 44 71 87 16 46 43 49 8 61 29 88 48 63 88 71 93 22 35 64 14 27 53 62 4 63 3 2 13 79 0 88 
98 30 94 10 5 1 17 75 89 75 92 73 8 84 97 14 71 18 93 89 79 20 14 20 51 63 44 12 1 49 70 86 20 80 20 83 29 48 82 53 5 71 80 41 8 75 80 81 78 57 55 2 59 28 16 81 29 64 88 51 22 6 36 62 64 95 97 8 22 88 12 15 72 66 55 23 3 83 88 0 
0 25 99 62 45 10 31 82 17 24 50 40 84 47 12 53 88 66 31 17 53 27 51 83 51 20 17 60 59 77 32 74 23 19 38 34 38 38 97 78 57 34 85 94 2 93 13 50 76 22 0 94 22 44 75 25 11 68 34 19 69 64 76 69 78 53 71 36 33 94 6 13 20 94 12 1 54 50 36 0 
25 0 25 29 62 42 53 1 35 62 69 86 35 79 76 56 56 87 28 89 91 63 12 87 73 76 9 35 48 88 45 76 97 76 84 56 52 21 43 32 53 74 59 57 30 17 76 8 20 4 59 96 21 62 49 98 57 96 44 85 68 82 58 61 95 52 80 14 73 41 31 58 50 30 39 36 45 33 20 87 
99 25 0 14 60 39 1 81 9 48 82 11 83 44 53 63 32 85 30 76 60 3 41 19 34 29 78 0 5 39 54 57 70 35 57 85 63 68 47 88 88 81 65 29 96 57 86 79 39 45 23 49 80 20 64 72 10 69 43 91 79 4 89 75 79 9 97 80 48 75 69 19 81 67 97 53 69 29 57 61 
62 29 14 0 35 3 75 36 65 53 57 63 83 84 74 87 12 98 82 80 28 99 91 91 1 74 29 55 21 28 17 53 44 59 18 50 12 89 73 9 1 79 73 1 83 95 67 73 45 39 38 39 98 86 3 90 35 8 17 69 15 72 2 80 16 16 3 43 32 36 60 32 93 6 77 75 44 45 86 85 
45 62 60 35 0 71 67 69 57 67 56 0 54 51 19 0 43 56 34 9 79 8 98 19 28 94 93 30 59 11 29 50 64 71 37 82 4 17 40 54 50 9 5 94 82 46 78 52 88 32 52 66 72 38 98 77 71 90 90 4 9 82 69 25 71 59 35 77 15 54 37 78 23 82 23 39 76 51 38 6 
10 42 39 3 71 0 64 28 54 71 91 53 67 0 2 83 61 42 20 42 95 44 87 16 33 74 20 92 4 67 28 97 56 59 98 72 74 4 11 74 39 19 65 74 33 12 97 30 73 77 43 97 63 57 63 75 89 55 28 76 54 85 13 82 85 71 68 10 63 63 11 38 58 78 40 5 99 44 3 10 
31 53 1 75 67 64 0 11 21 12 20 35 67 27 24 37 4 9 21 84 68 63 23 2 84 90 50 94 51 83 22 77 64 55 15 51 82 56 33 47 10 27 12 2 52 52 73 96 26 66 87 27 93 17 48 24 75 82 70 96 2 50 28 44 21 13 65 47 12 54 69 92 21 27 86 78 62 50 19 14 
82 1 81 36 69 28 11 0 59 33 53 32 60 26 27 92 0 5 58 55 5 29 80 28 77 36 34 11 6 84 37 96 67 60 90 17 48 3 12 82 75 30 81 0 93 84 79 5 21 95 55 78 2 71 50 84 85 15 35 41 16 99 34 74 49 72 38 11 12 58 85 70 66 44 74 85 32 86 49 90 
17 35 9 65 57 54 21 59 0 58 65 71 12 49 6 71 69 28 97 67 54 94 12 94 92 18 45 48 87 62 56 25 58 87 17 40 18 3 32 75 41 97 9 37 80 59 15 17 8 63 4 97 54 27 21 49 31 70 71 60 73 6 13 36 25 7 88 99 76 93 57 61 85 43 42 56 91 89 25 92 
24 62 48 53 67 71 12 33 58 0 52 68 15 81 30 71 24 70 14 17 88 62 81 2 10 84 20 91 48 77 74 74 85 39 30 0 41 45 24 96 15 87 28 72 49 25 17 61 88 53 21 16 50 35 93 13 14 61 18 61 11 25 62 34 34 39 94 76 57 27 38 49 18 37 55 15 80 59 51 5 
50 69 82 57 56 91 20 53 65 52 0 42 86 33 21 18 30 21 15 30 42 97 39 35 85 71 0 22 19 69 55 45 89 31 8 81 62 94 56 76 47 19 15 42 0 26 89 93 47 3 94 34 98 9 62 17 19 74 57 58 60 53 64 27 40 76 28 57 81 35 12 39 95 31 66 20 65 88 73 15 
40 86 11 63 0 53 35 32 71 68 42 0 62 7 28 26 18 59 37 3 10 29 80 30 79 24 58 97 59 5 35 61 0 20 57 14 16 1 16 99 25 31 85 53 45 12 8 65 90 8 98 75 53 72 28 78 39 80 68 71 72 31 73 98 49 24 32 18 26 87 58 87 61 14 4 11 14 17 84 78 
84 35 83 83 54 67 67 60 12 15 86 62 0 31 46 76 8 71 61 22 29 84 97 47 47 56 40 1 40 91 95 60 34 67 78 1 97 45 98 27 33 38 28 85 27 12 11 29 17 79 20 37 2 92 65 98 38 0 67 39 68 48 28 47 91 28 2 13 67 58 51 45 60 10 13 36 49 57 51 15 
47 79 44 84 51 0 27 26 49 81 33 7 31 0 47 2 29 73 98 25 70 97 48 96 42 84 34 82 99 40 68 39 36 65 9 69 69 23 90 47 77 70 77 83 11 48 25 72 15 93 96 33 10 97 4 18 12 89 86 18 89 48 1 48 0 60 92 39 3 41 3 95 11 92 50 50 72 13 53 69 
12 76 53 74 19 2 24 27 6 30 21 28 46 47 0 82 6 90 63 53 78 18 31 78 49 36 31 70 67 45 47 13 29 70 2 59 18 4 24 17 74 43 40 36 85 1 8 80 34 21 75 35 77 95 74 24 81 88 50 65 48 43 22 19 89 66 60 89 39 97 68 79 71 16 6 28 36 44 92 41 
53 56 63 87 0 83 37 92 71 71 18 26 76 2 82 0 53 51 69 4 10 46 50 38 9 75 80 77 63 2 68 9 44 18 97 54 98 48 90 2 86 20 94 40 59 61 72 90 49 79 89 86 78 93 73 90 75 21 86 60 63 43 57 62 82 89 51 28 27 37 48 25 69 25 78 89 42 99 67 66 
88 56 32 12 43 61 4 0 69 24 30 18 8 29 6 53 0 78 72 12 45 83 94 28 92 91 42 37 18 32 23 93 63 65 11 3 52 62 7 94 36 2 94 24 20 92 68 91 37 43 45 19 12 54 77 30 74 68 3 45 43 89 61 44 22 35 66 43 98 14 12 33 70 38 62 19 32 64 22 88 
66 87 85 98 56 42 9 5 28 70 21 59 71 73 90 51 78 0 58 82 63 17 24 94 99 54 17 61 48 57 77 75 52 13 51 93 35 98 79 24 47 12 13 89 8 36 51 51 89 38 29 78 15 65 14 49 35 87 2 3 6 50 85 9 85 21 40 20 52 79 58 81 10 15 97 2 14 25 27 5 
31 28 30 82 34 20 21 58 97 14 15 37 61 98 63 69 72 58 0 20 54 83 65 52 13 8 22 57 4 2 36 13 66 42 38 89 18 71 88 80 74 8 94 56 9 66 34 1 59 0 65 43 61 77 42 83 22 34 4 85 34 10 65 57 52 45 96 16 67 87 33 97 59 55 30 49 83 19 61 39 
17 89 76 80 9 42 84 55 67 17 30 3 22 25 53 4 12 82 20 0 48 11 37 28 85 59 57 59 64 94 39 91 68 57 68 51 25 49 16 10 97 41 36 94 31 46 6 81 38 32 49 30 55 67 5 92 7 89 61 99 18 47 38 11 51 70 1 60 76 63 29 66 54 35 43 26 17 0 89 35 
53 91 60 28 79 95 68 5 54 88 42 10 29 70 78 10 45 63 54 48 0 71 54 8 54 67 24 17 87 94 59 57 92 38 81 68 69 38 65 73 85 95 45 17 26 83 28 61 16 76 41 42 75 69 37 17 20 97 85 41 30 99 22 0 38 99 1 81 80 60 8 31 9 51 71 69 43 57 29 57 
27 63 3 99 8 44 63 29 94 62 97 29 84 97 18 46 83 17 83 11 71 0 53 70 77 2 87 11 23 4 93 76 56 92 36 46 75 15 55 45 88 32 45 54 15 88 99 0 5 47 97 68 79 94 58 40 12 91 71 1 19 5 87 67 56 99 12 50 97 6 64 74 33 55 83 44 8 59 91 38 
51 12 41 91 98 87 23 80 12 81 39 80 97 48 31 50 94 24 65 37 54 53 0 39 9 69 14 93 5 50 12 23 42 40 88 70 16 86 53 27 87 75 27 14 88 94 90 69 76 11 61 78 51 8 31 27 65 89 37 76 58 21 15 24 67 12 35 3 89 17 86 64 50 30 17 4 38 31 33 52 
83 87 19 91 19 16 2 28 94 2 35 30 47 96 78 38 28 94 52 28 8 70 39 0 79 34 79 56 53 2 52 44 38 53 1 21 52 85 53 3 8 75 47 8 84 71 23 11 3 10 71 27 57 20 79 30 93 8 55 30 29 35 76 8 27 38 7 59 89 76 21 82 60 77 96 62 41 95 61 83 
51 73 34 1 28 33 84 77 92 10 85 79 47 42 49 9 92 99 13 85 54 77 9 79 0 79 70 7 17 37 25 0 19 39 15 49 11 46 17 36 35 74 63 88 79 66 45 64 37 93 9 80 63 94 53 70 94 55 56 7 22 85 67 55 80 16 82 1 4 32 39 1 20 53 10 29 65 75 38 82 
20 76 29 74 94 74 90 36 18 84 71 24 56 84 36 75 91 54 8 59 67 2 69 34 79 0 96 0 28 76 88 70 9 78 63 49 76 6 50 53 49 55 10 1 38 10 44 8 73 2 38 9 46 42 88 42 76 14 22 53 27 87 48 76 54 88 95 60 93 41 45 40 12 53 56 67 83 73 9 87 
17 9 78 29 93 20 50 34 45 20 0 58 40 34 31 80 42 17 22 57 24 87 14 79 70 96 0 1 77 15 98 91 93 16 78 36 77 64 62 74 1 56 18 17 71 35 94 98 11 72 74 22 4 47 67 56 68 34 46 85 23 46 19 22 46 56 14 93 40 30 4 90 38 82 33 59 0 48 25 6 
60 35 0 55 30 92 94 11 48 91 22 97 1 82 70 77 37 61 57 59 17 11 93 56 7 0 1 0 30 78 38 38 16 43 22 87 53 9 43 39 74 80 94 51 57 27 52 66 50 2 38 7 67 84 57 71 69 80 52 87 97 56 31 25 85 90 80 98 27 91 22 11 90 60 15 56 85 27 22 65 
59 48 5 21 59 4 51 6 87 48 19 59 40 99 67 63 18 48 4 64 87 23 5 53 17 28 77 30 0 81 47 46 54 17 41 74 41 59 53 37 2 47 72 72 88 72 77 36 85 27 59 43 12 30 77 61 92 17 29 78 81 24 14 53 53 36 27 79 14 13 74 67 18 80 29 66 99 34 7 38 
77 88 39 28 11 67 83 84 62 77 69 5 91 40 45 2 32 57 2 94 94 4 50 2 37 76 15 78 81 0 1 77 72 37 70 10 33 36 37 79 36 4 5 52 6 64 78 19 65 44 74 39 83 65 47 6 94 71 50 15 86 94 49 14 28 71 93 97 74 59 92 3 65 94 53 53 95 2 98 40 
32 45 54 17 29 28 22 37 56 74 55 35 95 68 47 68 23 77 36 39 59 93 12 52 25 88 98 38 47 1 0 27 63 38 63 56 28 63 94 66 67 31 6 11 8 62 4 6 61 66 60 70 76 37 26 66 17 84 25 59 42 58 54 10 92 14 14 63 33 12 18 99 91 7 35 16 29 41 70 35 
74 76 57 53 50 97 77 96 25 74 45 61 60 39 13 9 93 75 13 91 57 76 23 44 0 70 91 38 46 77 27 0 86 64 10 97 69 6 12 35 72 31 18 26 51 61 52 39 59 53 33 25 43 88 68 70 12 87 1 73 69 96 3 52 27 21 2 91 44 11 20 55 88 75 11 56 21 62 75 56 
23 97 70 44 64 56 64 67 58 85 89 0 34 36 29 44 63 52 66 68 92 56 42 38 19 9 93 16 54 72 63 86 0 91 44 95 32 6 11 93 90 36 85 59 28 84 2 2 28 90 40 83 42 99 66 98 6 75 13 94 97 48 5 5 8 79 1 30 28 25 95 97 32 6 50 55 94 43 56 62 
19 76 35 59 71 59 55 60 87 39 31 20 67 65 70 18 65 13 42 57 38 92 40 53 39 78 16 43 17 37 38 64 91 0 93 67 88 18 23 86 2 4 15 28 53 9 86 46 49 78 33 18 92 4 91 25 38 76 76 83 43 96 55 62 76 80 44 10 54 80 37 43 60 32 64 57 5 41 12 72 
38 84 57 18 37 98 15 90 17 30 8 57 78 9 2 97 11 51 38 68 81 36 88 1 15 63 78 22 41 70 63 10 44 93 0 90 41 48 20 91 65 23 99 75 42 45 82 93 23 63 47 87 81 52 77 28 30 66 2 6 50 62 29 3 2 6 5 3 32 40 32 10 5 60 81 34 12 56 45 99 
34 56 85 50 82 72 51 17 40 0 81 14 1 69 59 54 3 93 89 51 68 46 70 21 49 49 36 87 74 10 56 97 95 67 90 0 54 72 49 84 33 31 60 92 26 32 73 26 60 71 72 36 38 27 25 53 12 2 98 91 20 75 58 42 4 36 81 87 28 64 73 53 82 28 67 71 84 66 76 57 
38 52 63 12 4 74 82 48 18 41 62 16 97 69 18 98 52 35 18 25 69 75 16 52 11 76 77 53 41 33 28 69 32 88 41 54 0 14 78 27 47 80 84 72 0 74 47 25 32 38 0 69 40 75 84 92 21 96 31 75 98 99 54 64 58 14 67 91 46 51 20 63 59 50 84 77 26 12 73 96 
38 21 68 89 17 4 56 3 3 45 94 1 45 23 4 48 62 98 71 49 38 15 86 85 46 6 64 9 59 36 63 6 6 18 48 72 14 0 68 23 17 59 85 1 54 28 67 14 68 30 34 45 96 95 87 60 77 29 39 88 51 25 82 29 78 57 59 1 74 89 71 50 35 47 37 9 18 72 8 94 
97 43 47 73 40 11 33 12 32 24 56 16 98 90 24 90 7 79 88 16 65 55 53 53 17 50 62 43 53 37 94 12 11 23 20 49 78 68 0 72 50 21 43 58 30 86 91 96 6 37 77 75 79 16 79 15 50 13 79 25 34 72 67 77 46 29 53 47 75 99 35 59 2 96 34 22 26 65 72 37 
78 32 88 9 54 74 47 82 75 96 76 99 27 47 17 2 94 24 80 10 73 45 27 3 36 53 74 39 37 79 66 35 93 86 91 84 27 23 72 0 65 52 71 20 25 29 73 21 38 5 37 19 2 94 58 41 61 4 87 82 64 26 55 76 7 4 71 9 84 13 5 27 55 81 56 34 32 0 11 38 
57 53 88 1 50 39 10 75 41 15 47 25 33 77 74 86 36 47 74 97 85 88 87 8 35 49 1 74 2 36 67 72 90 2 65 33 47 17 50 65 0 98 14 83 48 24 70 76 92 46 36 15 27 2 86 4 90 82 54 94 1 66 26 27 67 88 43 37 7 17 91 76 9 97 29 82 63 44 1 5 
34 74 81 79 9 19 27 30 97 87 19 31 38 70 43 20 2 12 8 41 95 32 75 75 74 55 56 80 47 4 31 31 36 4 23 31 80 59 21 52 98 0 3 57 31 96 29 57 73 1 29 15 76 35 61 62 37 39 46 71 97 89 82 44 33 43 67 90 80 97 20 22 46 98 94 76 81 54 98 13 
85 59 65 73 5 65 12 81 9 28 15 85 28 77 40 94 94 13 94 36 45 45 27 47 63 10 18 94 72 5 6 18 85 15 99 60 84 85 43 71 14 3 0 74 97 24 28 17 81 1 2 45 51 38 48 5 49 62 89 50 47 68 70 19 35 51 51 13 86 28 95 76 66 56 3 19 1 28 60 8 
94 57 29 1 94 74 2 0 37 72 42 53 85 83 36 40 24 89 56 94 17 54 14 8 88 1 17 51 72 52 11 26 59 28 75 92 72 1 58 20 83 57 74 0 23 24 14 69 86 49 94 94 96 64 50 35 24 33 80 36 23 4 55 49 0 45 15 62 73 27 8 38 13 53 86 82 9 2 74 22 
2 30 96 83 82 33 52 93 80 49 0 45 27 11 85 59 20 8 9 31 26 15 88 84 79 38 71 57 88 6 8 51 28 53 42 26 0 54 30 25 48 31 97 23 0 66 57 6 18 7 18 70 50 29 2 65 75 2 4 27 94 55 71 56 82 70 91 3 96 76 40 96 58 75 13 86 36 7 94 41 
93 17 57 95 46 12 52 84 59 25 26 12 12 48 1 61 92 36 66 46 83 88 94 71 66 10 35 27 72 64 62 61 84 9 45 32 74 28 86 29 24 96 24 24 66 0 95 23 66 68 32 6 98 52 25 44 11 28 1 10 71 87 95 70 27 39 55 16 68 47 99 12 77 81 43 42 24 88 58 85 
13 76 86 67 78 97 73 79 15 17 89 8 11 25 8 72 68 51 34 6 28 99 90 23 45 44 94 52 77 78 4 52 2 86 82 73 47 67 91 73 70 29 28 14 57 95 0 43 63 12 33 73 70 34 71 78 13 20 73 95 39 76 46 81 11 78 94 92 35 94 35 97 86 38 92 5 35 75 51 89 
50 8 79 73 52 30 96 5 17 61 93 65 29 72 80 90 91 51 1 81 61 0 69 11 64 8 98 66 36 19 6 39 2 46 93 26 25 14 96 21 76 57 17 69 6 23 43 0 82 47 67 50 7 4 63 99 47 78 89 45 97 71 22 53 76 66 33 1 72 29 60 61 27 65 32 90 32 97 36 82 
76 20 39 45 88 73 26 21 8 88 47 90 17 15 34 49 37 89 59 38 16 5 76 3 37 73 11 50 85 65 61 59 28 49 23 60 32 68 6 38 92 73 81 86 18 66 63 82 0 15 15 7 90 68 6 28 14 89 83 81 4 73 27 70 26 11 53 30 34 68 25 74 67 3 68 7 92 2 60 4 
22 4 45 39 32 77 66 95 63 53 3 8 79 93 21 79 43 38 0 32 76 47 11 10 93 2 72 2 27 44 66 53 90 78 63 71 38 30 37 5 46 1 1 49 7 68 12 47 15 0 50 23 12 56 13 49 67 9 23 53 39 99 78 25 68 90 59 14 49 43 14 51 55 6 79 35 59 44 6 21 
0 59 23 38 52 43 87 55 4 21 94 98 20 96 75 89 45 29 65 49 41 97 61 71 9 38 74 38 59 74 60 33 40 33 47 72 0 34 77 37 36 29 2 94 18 32 33 67 15 50 0 58 97 99 14 84 78 62 28 33 8 18 73 4 25 24 23 65 76 40 48 96 20 22 81 92 15 98 56 13 
94 96 49 39 66 97 27 78 97 16 34 75 37 33 35 86 19 78 43 30 42 68 78 27 80 9 22 7 43 39 70 25 83 18 87 36 69 45 75 19 15 15 45 94 70 6 73 50 7 23 58 0 78 19 71 93 86 31 90 68 99 20 76 24 33 82 51 81 16 24 65 17 39 9 81 43 38 2 1 47 
22 21 80 98 72 63 93 2 54 50 98 53 2 10 77 78 12 15 61 55 75 79 51 57 63 46 4 67 12 83 76 43 42 92 81 38 40 96 79 2 27 76 51 96 50 98 70 7 90 12 97 78 0 41 67 1 97 73 6 86 57 24 64 4 35 10 99 44 18 39 64 3 64 69 85 44 34 93 83 45 
44 62 20 86 38 57 17 71 27 35 9 72 92 97 95 93 54 65 77 67 69 94 8 20 94 42 47 84 30 65 37 88 99 4 52 27 75 95 16 94 2 35 38 64 29 52 34 4 68 56 99 19 41 0 65 48 86 30 36 24 55 87 2 58 78 39 33 65 20 77 62 67 36 81 27 69 76 52 64 40 
75 49 64 3 98 63 48 50 21 93 62 28 65 4 74 73 77 14 42 5 37 58 31 79 53 88 67 57 77 47 26 68 66 91 77 25 84 87 79 58 86 61 48 50 2 25 71 63 6 13 14 71 67 65 0 84 72 46 4 74 9 72 63 72 64 14 88 27 96 39 41 54 16 55 81 74 17 29 45 64 
25 98 72 90 77 75 24 84 49 13 17 78 98 18 24 90 30 49 83 92 17 40 27 30 70 42 56 71 61 6 66 70 98 25 28 53 92 60 15 41 4 62 5 35 65 44 78 99 28 49 84 93 1 48 84 0 9 10 82 65 50 23 78 85 98 35 68 86 39 37 7 9 85 12 8 55 43 15 0 2 
11 57 10 35 71 89 75 85 31 14 19 39 38 12 81 75 74 35 22 7 20 12 65 93 94 76 68 69 92 94 17 12 6 38 30 12 21 77 50 61 90 37 49 24 75 11 13 47 14 67 78 86 97 86 72 9 0 79 72 94 6 62 92 8 53 52 23 82 2 96 34 59 75 32 95 24 57 39 71 28 
68 96 69 8 90 55 82 15 70 61 74 80 0 89 88 21 68 87 34 89 97 91 89 8 55 14 34 80 17 71 84 87 75 76 66 2 96 29 13 4 82 39 62 33 2 28 20 78 89 9 62 31 73 30 46 10 79 0 96 53 9 41 64 1 98 91 33 40 46 51 71 32 21 78 2 80 94 98 16 73 
34 44 43 17 90 28 70 35 71 18 57 68 67 86 50 86 3 2 4 61 85 71 37 55 56 22 46 52 29 50 25 1 13 76 2 98 31 39 79 87 54 46 89 80 4 1 73 89 83 23 28 90 6 36 4 82 72 96 0 29 40 87 58 65 96 95 71 90 44 78 12 96 97 30 28 70 64 63 29 24 
19 85 91 69 4 76 96 41 60 61 58 71 39 18 65 60 45 3 85 99 41 1 76 30 7 53 85 87 78 15 59 73 94 83 6 91 75 88 25 82 94 71 50 36 27 10 95 45 81 53 33 68 86 24 74 65 94 53 29 0 9 73 86 88 13 94 94 24 48 0 81 45 16 21 85 6 75 24 70 63 
69 68 79 15 9 54 2 16 73 11 60 72 68 89 48 63 43 6 34 18 30 19 58 29 22 27 23 97 81 86 42 69 97 43 50 20 98 51 34 64 1 97 47 23 94 71 39 97 4 39 8 99 57 55 9 50 6 9 40 9 0 26 71 35 5 26 27 7 51 76 18 62 64 67 7 63 97 98 74 47 
64 82 4 72 82 85 50 99 6 25 53 31 48 48 43 43 89 50 10 47 99 5 21 35 85 87 46 56 24 94 58 96 48 96 62 75 99 25 72 26 66 89 68 4 55 87 76 71 73 99 18 20 24 87 72 23 62 41 87 73 26 0 47 38 16 53 54 0 24 70 39 16 18 10 73 3 65 78 5 25 
76 58 89 2 69 13 28 34 13 62 64 73 28 1 22 57 61 85 65 38 22 87 15 76 67 48 19 31 14 49 54 3 5 55 29 58 54 82 67 55 26 82 70 55 71 95 46 22 27 78 73 76 64 2 63 78 92 64 58 86 71 47 0 52 36 77 9 96 22 98 94 53 96 52 32 37 29 85 33 73 
69 61 75 80 25 82 44 74 36 34 27 98 47 48 19 62 44 9 57 11 0 67 24 8 55 76 22 25 53 14 10 52 5 62 3 42 64 29 77 76 27 44 19 49 56 70 81 53 70 25 4 24 4 58 72 85 8 1 65 88 35 38 52 0 51 44 27 63 26 20 13 48 49 29 13 25 88 40 35 96 
78 95 79 16 71 85 21 49 25 34 40 49 91 0 89 82 22 85 52 51 38 56 67 27 80 54 46 85 53 28 92 27 8 76 2 4 58 78 46 7 67 33 35 0 82 27 11 76 26 68 25 33 35 78 64 98 53 98 96 13 5 16 36 51 0 80 91 62 9 17 10 91 42 64 32 42 87 79 38 78 
53 52 9 16 59 71 13 72 7 39 76 24 28 60 66 89 35 21 45 70 99 99 12 38 16 88 56 90 36 71 14 21 79 80 6 36 14 57 29 4 88 43 51 45 70 39 78 66 11 90 24 82 10 39 14 35 52 91 95 94 26 53 77 44 80 0 92 22 95 81 45 0 63 95 35 41 28 91 3 84 
71 80 97 3 35 68 65 38 88 94 28 32 2 92 60 51 66 40 96 1 1 12 35 7 82 95 14 80 27 93 14 2 1 44 5 81 67 59 53 71 43 67 51 15 91 55 94 33 53 59 23 51 99 33 88 68 23 33 71 94 27 54 9 27 91 92 0 28 27 4 91 81 30 81 48 78 83 35 31 96 
36 14 80 43 77 10 47 11 99 76 57 18 13 39 89 28 43 20 16 60 81 50 3 59 1 60 93 98 79 97 63 91 30 10 3 87 91 1 47 9 37 90 13 62 3 16 92 1 30 14 65 81 44 65 27 86 82 40 90 24 7 0 96 63 62 22 28 0 86 23 28 40 88 35 99 78 19 91 98 20 
33 73 48 32 15 63 12 12 76 57 81 26 67 3 39 27 98 52 67 76 80 97 89 89 4 93 40 27 14 74 33 44 28 54 32 28 46 74 75 84 7 80 86 73 96 68 35 72 34 49 76 16 18 20 96 39 2 46 44 48 51 24 22 26 9 95 27 86 0 48 74 99 66 27 89 15 72 50 99 62 
94 41 75 36 54 63 54 58 93 27 35 87 58 41 97 37 14 79 87 63 60 6 17 76 32 41 30 91 13 59 12 11 25 80 40 64 51 89 99 13 17 97 28 27 76 47 94 29 68 43 40 24 39 77 39 37 96 51 78 0 76 70 98 20 17 81 4 23 48 0 46 76 92 48 92 8 64 9 86 63 
6 31 69 60 37 11 69 85 57 38 12 58 51 3 68 48 12 58 33 29 8 64 86 21 39 45 4 22 74 92 18 20 95 37 32 73 20 71 35 5 91 20 95 8 40 99 35 60 25 14 48 65 64 62 41 7 34 71 12 81 18 39 94 13 10 45 91 28 74 46 0 4 76 68 8 21 42 33 66 35 
13 58 19 32 78 38 92 70 61 49 39 87 45 95 79 25 33 81 97 66 31 74 64 82 1 40 90 11 67 3 99 55 97 43 10 53 63 50 59 27 76 22 76 38 96 12 97 61 74 51 96 17 3 67 54 9 59 32 96 45 62 16 53 48 91 0 81 40 99 76 4 0 12 94 8 68 32 76 7 23 
20 50 81 93 23 58 21 66 85 18 95 61 60 11 71 69 70 10 59 54 9 33 50 60 20 12 38 90 18 65 91 88 32 60 5 82 59 35 2 55 9 46 66 13 58 77 86 27 67 55 20 39 64 36 16 85 75 21 97 16 64 18 96 49 42 63 30 88 66 92 76 12 0 1 6 22 33 9 27 89 
94 30 67 6 82 78 27 44 43 37 31 14 10 92 16 25 38 15 55 35 51 55 30 77 53 53 82 60 80 94 7 75 6 32 60 28 50 47 96 81 97 98 56 53 75 81 38 65 3 6 22 9 69 81 55 12 32 78 30 21 67 10 52 29 64 95 81 35 27 48 68 94 1 0 2 88 96 13 14 92 
12 39 97 77 23 40 86 74 42 55 66 4 13 50 6 78 62 97 30 43 71 83 17 96 10 56 33 15 29 53 35 11 50 64 81 67 84 37 34 56 29 94 3 86 13 43 92 32 68 79 81 81 85 27 81 8 95 2 28 85 7 73 32 13 32 35 48 99 89 92 8 8 6 2 0 60 56 6 33 53 
1 36 53 75 39 5 78 85 56 15 20 11 36 50 28 89 19 2 49 26 69 44 4 62 29 67 59 56 66 53 16 56 55 57 34 71 77 9 22 34 82 76 19 82 86 42 5 90 7 35 92 43 44 69 74 55 24 80 70 6 63 3 37 25 42 41 78 78 15 8 21 68 22 88 60 0 84 69 58 86 
54 45 69 44 76 99 62 32 91 80 65 14 49 72 36 42 32 14 83 17 43 8 38 41 65 83 0 85 99 95 29 21 94 5 12 84 26 18 26 32 63 81 1 9 36 24 35 32 92 59 15 38 34 76 17 43 57 94 64 75 97 65 29 88 87 28 83 19 72 64 42 32 33 96 56 84 0 20 31 62 
50 33 29 45 51 44 50 86 89 59 88 17 57 13 44 99 64 25 19 0 57 59 31 95 75 73 48 27 34 2 41 62 43 41 56 66 12 72 65 0 44 54 28 2 7 88 75 97 2 44 98 2 93 52 29 15 39 98 63 24 98 78 85 40 79 91 35 91 50 9 33 76 9 13 6 69 20 0 74 24 
36 20 57 86 38 3 19 49 25 51 73 84 51 53 92 67 22 27 61 89 29 91 33 61 38 9 25 22 7 98 70 75 56 12 45 76 73 8 72 11 1 98 60 74 94 58 51 36 60 6 56 1 83 64 45 0 71 16 29 70 74 5 33 35 38 3 31 98 99 86 66 7 27 14 33 58 31 74 0 71 
0 87 61 85 6 10 14 90 92 5 15 78 15 69 41 66 88 5 39 35 57 38 52 83 82 87 6 65 38 40 35 56 62 72 99 57 96 94 37 38 5 13 8 22 41 85 89 82 4 21 13 47 45 40 64 2 28 73 24 63 47 25 73 96 78 84 96 20 62 63 35 23 89 92 53 86 62 24 71 0 
