100
0 75 10 8 7 39 70 58 29 91 83 18 50 29 11 20 40 44 66 16 36 50 95 35 47 64 0 76 64 21 1 44 41 66 16 99 25 88 36 73 72 67 6 64 99 51 52 82 58 37 14 92 84 67 86 41 84 93 28 46 13 48 34 75 66 31 0 79 62 73 95 90 44 17 0 89 7 82 31 4 23 71 59 45 43 83 51 18 58 44 38 71 67 25 74 8 10 59 98 25 
75 0 52 12 7 73 12 0 28 9 93 15 4 55 17 66 85 38 93 36 30 62 38 33 55 8 74 84 36 0 31 34 72 53 23 72 80 52 7 14 74 92 8 0 68 7 84 74 90 65 93 67 39 63 78 38 19 52 85 16 45 41 96 6 79 54 8 92 36 42 91 94 90 30 97 64 45 47 89 43 19 93 56 72 65 50 98 28 7 9 2 6 38 95 68 37 62 31 60 73 
10 52 0 3 52 45 67 11 28 58 60 17 39 83 83 40 81 96 32 43 93 71 36 92 23 47 48 82 24 22 36 85 1 29 12 14 59 45 55 52 91 16 57 30 87 57 51 6 67 43 77 23 66 40 18 90 33 56 79 34 76 1 76 37 28 70 20 42 70 18 94 57 54 23 81 67 67 18 1 99 24 99 4 66 47 32 20 48 76 8 36 22 13 4 77 90 52 95 74 96 
8 12 3 0 79 25 33 5 33 50 16 68 67 95 2 30 72 98 14 38 7 54 19 65 19 12 42 55 43 22 42 26 51 70 92 85 10 47 46 48 81 24 11 44 20 70 60 91 3 41 47 43 43 23 18 99 87 73 64 82 7 83 8 29 28 53 80 94 85 48 69 86 93 23 80 71 16 89 70 16 72 48 25 82 2 55 44 4 19 44 3 19 63 64 19 98 63 75 94 78 
7 7 52 79 0 9 76 79 20 49 77 49 2 3 89 74 35 2 50 12 61 38 51 59 90 98 58 28 17 48 28 41 3 67 90 14 25 62 57 77 60 13 55 72 98 80 32 89 48 89 41 86 82 64 0 95 65 9 38 70 14 51 16 68 12 25 53 75 97 2 76 17 44 66 51 85 0 71 89 26 9 2 48 50 3 38 83 53 68 91 11 43 51 42 95 12 9 73 58 84 
39 73 45 25 9 0 2 21 50 3 29 72 35 26 42 81 15 84 1 46 77 56 59 27 81 38 5 89 49 91 84 19 8 84 60 50 84 29 15 8 34 50 38 26 34 42 16 55 27 55 10 8 98 64 49 57 18 43 12 55 80 28 97 26 0 25 21 71 38 4 87 31 76 84 83 43 57 35 77 29 64 6 43 91 61 68 86 87 77 35 65 95 80 4 69 84 71 48 51 96 
70 12 67 33 76 2 0 0 3 25 54 54 66 43 41 45 68 39 83 60 37 22 57 11 92 54 79 87 43 14 59 20 75 47 6 4 77 50 68 31 89 70 64 62 0 53 93 41 86 39 4 62 43 5 26 99 10 26 63 21 97 8 88 1 19 87 39 15 40 37 19 60 22 14 43 10 49 71 65 4 88 90 97 54 62 0 9 51 81 80 25 28 3 81 42 1 63 27 36 20 
58 0 11 5 79 21 0 0 86 83 56 39 59 84 20 93 28 80 76 61 39 44 42 6 69 43 34 14 34 18 4 3 5 40 27 4 48 5 13 86 14 12 45 13 1 1 67 44 94 29 70 37 62 37 26 67 54 0 73 95 50 63 58 51 70 24 37 4 42 74 79 41 19 69 96 39 44 56 68 57 89 66 47 9 10 71 32 30 92 75 86 97 9 25 63 89 32 34 60 62 
29 28 28 33 20 50 3 86 0 5 73 85 1 99 35 17 11 39 26 29 44 43 17 72 16 30 22 6 30 79 92 36 18 69 43 58 27 88 2 89 25 74 15 4 5 98 19 19 7 50 62 0 41 18 65 29 76 12 15 46 97 47 91 4 43 62 82 55 36 71 99 77 25 15 9 8 30 45 50 66 97 81 87 86 48 89 26 33 32 12 33 68 34 75 10 92 61 2 6 63 
91 9 58 50 49 3 25 83 5 0 94 51 59 74 67 99 8 60 84 46 86 78 15 10 41 79 58 74 24 78 3 78 51 98 56 74 31 94 84 89 33 40 30 13 35 91 21 59 9 47 6 54 59 33 67 48 33 60 13 31 8 70 27 67 86 36 8 48 14 9 51 0 72 24 68 40 73 81 45 48 8 18 2 32 45 63 94 44 9 48 90 59 37 55 86 23 30 41 56 35 
83 93 60 16 77 29 54 56 73 94 0 41 92 21 83 64 87 18 1 68 75 76 8 80 22 81 73 8 34 57 61 18 68 79 22 54 73 82 2 91 76 99 98 29 72 65 14 70 15 87 84 16 33 93 70 11 68 44 83 42 26 90 50 97 85 76 92 44 33 69 66 68 70 80 22 20 0 31 12 64 47 74 91 80 36 96 80 2 71 28 77 94 19 61 12 93 9 62 1 23 
18 15 17 68 49 72 54 39 85 51 41 0 34 71 77 51 80 71 13 68 8 5 32 2 78 81 99 20 44 16 92 6 75 74 4 46 13 75 71 49 98 52 95 40 41 65 63 14 73 10 86 86 89 20 15 34 3 4 40 57 95 14 23 67 35 24 0 46 85 34 54 20 27 49 51 15 1 64 90 78 32 4 96 59 13 11 50 16 85 51 19 59 7 60 24 35 92 43 83 89 
50 4 39 67 2 35 66 59 1 59 92 34 0 5 35 46 1 58 92 67 32 30 43 16 63 65 3 97 99 17 9 23 19 28 41 78 75 73 84 69 60 1 33 10 71 23 17 94 92 0 11 39 96 79 23 39 79 82 52 34 60 1 32 1 93 81 70 54 22 46 84 0 51 92 16 32 7 83 55 6 26 23 56 46 16 46 98 98 9 56 29 12 24 86 84 96 91 41 64 92 
29 55 83 95 3 26 43 84 99 74 21 71 5 0 65 97 19 48 42 24 73 98 1 47 85 38 0 15 94 24 97 14 9 66 19 30 75 18 13 31 13 36 74 43 12 77 12 4 50 10 16 79 34 60 86 63 10 50 92 15 91 91 54 19 52 93 37 54 8 39 25 32 22 67 4 49 93 92 97 24 40 91 22 77 81 0 1 39 72 61 26 52 97 0 57 35 82 56 45 53 
11 17 83 2 89 42 41 20 35 67 83 77 35 65 0 56 49 37 76 8 5 56 3 88 12 28 17 40 97 22 40 71 81 31 84 61 83 50 42 48 39 5 24 98 93 56 94 11 4 79 83 54 12 95 51 46 58 54 17 65 13 76 51 11 26 98 21 17 43 62 24 88 92 90 41 61 41 60 59 52 53 72 29 44 85 19 81 57 1 72 5 11 42 33 16 42 80 66 0 86 
20 66 40 30 74 81 45 93 17 99 64 51 46 97 56 0 91 55 94 47 12 11 45 3 21 7 77 91 74 82 64 30 73 83 92 11 50 36 31 12 32 21 36 78 5 33 3 92 38 88 38 94 78 60 23 2 68 11 30 17 66 53 63 10 48 56 3 18 38 39 55 46 68 99 60 92 15 37 87 64 68 55 7 87 57 29 30 22 46 69 0 66 79 17 76 22 14 12 71 62 
40 85 81 72 35 15 68 28 11 8 87 80 1 19 49 91 0 66 33 36 0 68 18 54 85 28 71 28 25 97 15 8 53 58 58 77 42 13 65 50 27 54 35 99 64 30 18 51 45 12 94 66 91 21 81 19 60 40 95 14 35 40 47 36 38 10 79 15 39 21 11 7 65 10 70 61 90 73 70 59 70 6 56 93 19 45 45 9 75 40 92 35 84 94 16 95 26 72 16 24 
44 38 96 98 2 84 39 80 39 60 18 71 58 48 37 55 66 0 89 71 5 74 7 19 19 41 51 85 1 0 91 14 12 67 86 49 95 22 98 96 95 1 69 57 58 29 51 23 85 26 70 41 81 16 11 73 18 97 18 30 72 33 47 7 67 49 69 34 33 26 10 11 66 83 17 74 98 53 5 71 50 33 42 44 53 79 1 31 85 89 2 53 18 27 74 39 39 65 29 71 
66 93 32 14 50 1 83 76 26 84 1 13 92 42 76 94 33 89 0 6 84 51 27 99 60 15 21 92 1 7 70 82 3 27 54 74 91 96 3 81 85 57 83 47 71 39 50 9 53 72 42 59 12 52 54 44 6 53 1 96 22 81 69 5 40 6 97 58 25 63 86 29 72 70 34 45 22 95 84 90 28 78 72 35 3 41 53 37 77 76 84 10 15 70 36 33 24 0 70 86 
16 36 43 38 12 46 60 61 29 46 68 68 67 24 8 47 36 71 6 0 42 5 87 48 20 27 45 88 70 19 65 79 23 72 8 72 99 14 66 75 24 60 7 41 72 97 10 47 46 75 70 68 7 44 26 92 18 7 35 58 78 59 26 51 68 45 3 66 65 78 61 64 48 18 93 22 74 26 6 12 57 47 72 33 86 0 37 64 18 20 48 56 92 43 73 93 99 44 74 69 
36 30 93 7 61 77 37 39 44 86 75 8 32 73 5 12 0 5 84 42 0 57 87 35 80 31 25 12 54 56 70 90 80 14 93 63 79 94 33 36 29 98 46 96 11 12 50 57 45 87 87 25 79 19 16 79 29 39 28 6 91 9 84 14 68 70 52 87 35 31 7 39 37 99 27 25 77 78 63 61 33 58 20 42 5 49 18 8 93 12 68 31 28 25 71 35 20 54 5 62 
50 62 71 54 38 56 22 44 43 78 76 5 30 98 56 11 68 74 51 5 57 0 64 33 20 77 47 3 5 87 70 66 31 45 32 83 11 31 6 45 51 36 80 6 34 47 99 71 9 11 42 52 56 26 48 51 20 14 50 73 1 36 53 7 22 90 24 60 37 96 87 47 58 37 26 91 63 13 39 36 50 42 96 66 57 56 23 56 73 55 94 30 92 66 39 13 50 28 33 4 
95 38 36 19 51 59 57 42 17 15 8 32 43 1 3 45 18 7 27 87 87 64 0 45 75 50 34 23 56 66 44 80 52 85 4 45 20 11 13 70 25 28 29 29 8 7 35 31 64 30 8 87 8 27 16 91 58 2 59 47 49 6 45 55 39 54 59 60 93 27 52 14 70 20 22 7 38 44 25 70 58 84 94 40 14 49 47 56 70 12 30 11 99 6 43 36 31 2 35 23 
35 33 92 65 59 27 11 6 72 10 80 2 16 47 88 3 54 19 99 48 35 33 45 0 10 47 14 31 80 59 55 71 69 15 34 32 45 61 9 49 81 89 14 90 35 98 17 30 89 28 49 44 9 80 34 46 59 38 90 68 69 4 38 99 19 14 63 91 41 97 47 45 92 32 51 34 15 63 91 52 99 39 27 59 71 36 34 27 4 60 50 63 39 99 37 62 20 7 38 94 
47 55 23 19 90 81 92 69 16 41 22 78 63 85 12 21 85 19 60 20 80 20 75 10 0 18 98 2 83 92 72 91 64 33 90 10 52 93 24 24 56 79 13 19 56 17 41 14 37 54 45 24 71 91 82 89 44 61 5 12 82 34 59 27 5 85 7 26 42 57 44 37 58 73 82 5 3 34 3 15 79 2 75 88 4 49 40 21 90 50 53 11 8 20 71 51 47 88 3 76 
64 8 47 12 98 38 54 43 30 79 81 81 65 38 28 7 28 41 15 27 31 77 50 47 18 0 77 71 93 59 71 38 39 93 3 22 45 76 39 42 33 34 62 80 72 71 41 71 88 16 7 9 76 33 45 49 12 70 64 32 12 80 9 27 84 69 82 75 51 97 21 19 34 36 3 27 43 55 44 60 24 43 19 43 8 43 69 24 90 63 79 25 7 34 71 78 28 75 31 35 
0 74 48 42 58 5 79 34 22 58 73 99 3 0 17 77 71 51 21 45 25 47 34 14 98 77 0 38 61 6 1 98 83 76 3 39 61 64 18 31 53 78 77 16 36 68 60 42 22 67 72 62 4 89 22 22 13 47 31 22 15 94 13 65 73 1 91 51 99 17 63 57 34 99 35 57 95 30 6 28 81 53 17 79 14 96 92 2 85 58 14 95 16 82 53 63 97 97 98 2 
76 84 82 55 28 89 87 14 6 74 8 20 97 15 40 91 28 85 92 88 12 3 23 31 2 71 38 0 50 48 7 52 92 61 78 76 23 79 47 62 16 31 36 84 42 85 37 84 7 55 57 56 70 92 52 89 80 34 47 2 13 72 49 16 27 52 80 58 64 26 35 64 64 72 39 32 18 67 79 13 87 96 83 85 48 58 69 47 65 16 95 95 22 7 20 44 60 2 99 55 
64 36 24 43 17 49 43 34 30 24 34 44 99 94 97 74 25 1 1 70 54 5 56 80 83 93 61 50 0 83 90 12 37 57 5 61 92 14 51 23 38 8 82 21 85 85 18 39 46 10 70 50 78 72 59 24 87 33 20 65 92 14 58 70 94 12 32 4 15 65 10 16 44 25 47 99 30 63 52 37 3 45 95 33 3 31 16 52 67 45 9 17 19 6 82 62 66 44 86 93 
21 0 22 22 48 91 14 18 79 78 57 16 17 24 22 82 97 0 7 19 56 87 66 59 92 59 6 48 83 0 88 82 33 31 44 52 1 16 34 33 10 36 58 74 73 52 14 66 38 78 43 91 18 1 74 6 18 67 67 12 70 26 76 86 40 33 29 93 35 80 16 6 51 96 80 66 58 42 84 49 35 18 97 91 90 49 64 14 58 88 56 26 66 76 23 87 11 98 66 52 
1 31 36 42 28 84 59 4 92 3 61 92 9 97 40 64 15 91 70 65 70 70 44 55 72 71 1 7 90 88 0 55 95 57 86 83 27 64 18 2 81 82 32 61 69 63 53 2 16 5 75 63 11 0 65 98 37 54 30 93 12 32 42 70 86 24 19 78 73 65 30 46 44 17 39 70 91 2 79 84 52 29 85 26 43 42 23 26 80 95 88 18 52 41 39 86 46 2 7 88 
44 34 85 26 41 19 20 3 36 78 18 6 23 14 71 30 8 14 82 79 90 66 80 71 91 38 98 52 12 82 55 0 82 15 60 72 24 84 19 57 43 12 90 83 68 87 77 66 92 56 86 8 81 45 74 73 69 55 83 50 65 77 54 43 58 88 50 45 13 30 4 27 73 69 68 93 36 75 93 63 83 88 17 36 5 43 29 68 43 57 63 74 80 48 53 72 85 93 27 79 
41 72 1 51 3 8 75 5 18 51 68 75 19 9 81 73 53 12 3 23 80 31 52 69 64 39 83 92 37 33 95 82 0 43 45 62 2 50 23 6 70 22 76 22 49 9 89 95 33 98 0 21 6 35 99 87 55 57 87 88 37 72 53 22 90 19 46 29 72 97 61 47 83 30 10 50 77 21 30 62 70 5 55 84 85 68 16 53 89 64 24 70 33 60 50 53 27 52 14 12 
66 53 29 70 67 84 47 40 69 98 79 74 28 66 31 83 58 67 27 72 14 45 85 15 33 93 76 61 57 31 57 15 43 0 43 36 28 28 62 43 65 47 73 93 85 91 20 60 56 42 37 60 39 66 99 64 44 72 54 45 39 94 52 46 45 36 33 63 17 37 54 93 12 44 58 14 36 97 91 88 9 28 47 30 74 36 80 53 69 0 10 92 8 87 12 16 92 29 33 1 
16 23 12 92 90 60 6 27 43 56 22 4 41 19 84 92 58 86 54 8 93 32 4 34 90 3 3 78 5 44 86 60 45 43 0 96 32 48 70 67 82 49 32 68 7 64 39 80 51 10 52 50 19 24 43 71 61 46 89 78 90 94 99 15 44 38 17 30 33 11 83 26 81 58 52 5 62 77 75 67 8 18 84 79 86 76 42 96 18 62 36 48 52 67 69 2 92 15 58 85 
99 72 14 85 14 50 4 4 58 74 54 46 78 30 61 11 77 49 74 72 63 83 45 32 10 22 39 76 61 52 83 72 62 36 96 0 90 8 36 88 24 79 52 63 55 86 0 10 8 97 51 28 58 39 86 68 55 80 69 95 84 76 40 80 78 72 34 68 91 22 67 40 89 88 7 37 71 1 4 31 2 6 70 51 70 92 23 48 43 76 3 81 89 74 75 93 4 39 31 63 
25 80 59 10 25 84 77 48 27 31 73 13 75 75 83 50 42 95 91 99 79 11 20 45 52 45 61 23 92 1 27 24 2 28 32 90 0 9 78 48 8 91 74 63 87 88 3 51 44 92 96 15 11 62 67 98 99 30 52 82 78 81 50 47 95 57 61 62 57 83 3 34 88 2 10 62 16 93 80 60 70 57 56 68 64 20 61 84 74 68 29 96 9 30 49 24 70 98 74 78 
88 52 45 47 62 29 50 5 88 94 82 75 73 18 50 36 13 22 96 14 94 31 11 61 93 76 64 79 14 16 64 84 50 28 48 8 9 0 64 71 78 17 32 75 41 35 21 11 78 12 29 58 40 72 1 93 55 0 23 39 40 51 31 62 4 38 62 36 62 91 71 33 5 59 41 90 13 47 15 78 22 27 30 85 49 49 16 4 3 32 29 33 39 37 15 24 37 63 74 17 
36 7 55 46 57 15 68 13 2 84 2 71 84 13 42 31 65 98 3 66 33 6 13 9 24 39 18 47 51 34 18 19 23 62 70 36 78 64 0 9 35 75 37 61 58 4 99 93 70 31 63 24 82 58 45 30 93 13 13 81 11 88 8 73 90 15 63 18 81 80 58 27 2 13 39 57 70 32 41 89 79 25 34 89 67 72 99 41 20 26 30 27 57 64 48 90 21 24 68 54 
73 14 52 48 77 8 31 86 89 89 91 49 69 31 48 12 50 96 81 75 36 45 70 49 24 42 31 62 23 33 2 57 6 43 67 88 48 71 9 0 93 43 72 42 59 60 16 26 37 40 36 74 84 28 29 67 45 36 22 8 83 32 5 81 24 79 22 57 36 95 97 4 97 85 65 25 56 29 16 49 5 5 14 86 89 67 75 2 86 11 92 35 16 65 82 2 73 98 0 96 
72 74 91 81 60 34 89 14 25 33 76 98 60 13 39 32 27 95 85 24 29 51 25 81 56 33 53 16 38 10 81 43 70 65 82 24 8 78 35 93 0 40 99 92 12 51 95 97 31 52 28 38 19 63 41 33 93 51 0 25 52 40 24 78 73 86 69 91 79 13 47 95 51 68 50 47 0 50 17 30 74 37 12 6 73 18 24 62 70 62 50 54 48 11 2 20 34 78 87 70 
67 92 16 24 13 50 70 12 74 40 99 52 1 36 5 21 54 1 57 60 98 36 28 89 79 34 78 31 8 36 82 12 22 47 49 79 91 17 75 43 40 0 82 62 82 45 18 33 57 50 29 52 94 55 19 53 85 49 74 58 54 62 35 32 93 87 17 45 88 21 83 73 38 75 79 31 57 37 73 74 16 27 3 45 32 92 99 27 35 51 35 53 2 79 17 97 74 85 61 11 
6 8 57 11 55 38 64 45 15 30 98 95 33 74 24 36 35 69 83 7 46 80 29 14 13 62 77 36 82 58 32 90 76 73 32 52 74 32 37 72 99 82 0 50 86 29 35 95 59 69 8 54 17 56 85 41 93 48 72 69 72 42 0 7 73 75 7 66 55 87 23 38 8 98 44 48 86 20 40 48 5 29 75 64 61 51 38 51 16 68 5 66 53 91 32 29 68 40 85 76 
64 0 30 44 72 26 62 13 4 13 29 40 10 43 98 78 99 57 47 41 96 6 29 90 19 80 16 84 21 74 61 83 22 93 68 63 63 75 61 42 92 62 50 0 74 96 91 22 72 42 82 32 7 34 80 84 48 95 30 6 83 4 68 91 26 94 68 31 94 16 61 67 99 67 73 10 4 83 31 81 75 64 73 65 67 43 70 28 49 21 26 13 52 9 4 85 5 79 6 35 
99 68 87 20 98 34 0 1 5 35 72 41 71 12 93 5 64 58 71 72 11 34 8 35 56 72 36 42 85 73 69 68 49 85 7 55 87 41 58 59 12 82 86 74 0 53 16 4 13 25 62 17 69 42 4 22 80 31 33 57 18 57 54 11 69 62 53 48 89 62 61 46 57 2 49 50 83 36 91 37 53 39 7 54 39 21 55 11 29 57 87 91 21 54 84 47 83 91 10 7 
51 7 57 70 80 42 53 1 98 91 65 65 23 77 56 33 30 29 39 97 12 47 7 98 17 71 68 85 85 52 63 87 9 91 64 86 88 35 4 60 51 45 29 96 53 0 25 30 17 99 3 12 5 26 16 35 3 50 77 58 92 39 17 26 43 78 21 5 63 51 19 92 2 42 96 92 72 90 69 30 79 92 69 54 21 93 76 8 41 41 30 28 51 3 77 90 27 35 14 31 
52 84 51 60 32 16 93 67 19 21 14 63 17 12 94 3 18 51 50 10 50 99 35 17 41 41 60 37 18 14 53 77 89 20 39 0 3 21 99 16 95 18 35 91 16 25 0 42 25 70 20 79 84 68 5 45 81 97 6 52 72 45 74 94 42 99 32 21 26 45 41 6 35 51 98 88 72 78 6 30 67 69 56 72 35 34 38 79 97 65 27 68 74 98 24 12 83 91 90 23 
82 74 6 91 89 55 41 44 19 59 70 14 94 4 11 92 51 23 9 47 57 71 31 30 14 71 42 84 39 66 2 66 95 60 80 10 51 11 93 26 97 33 95 22 4 30 42 0 84 86 41 85 16 48 59 16 12 60 78 64 45 40 7 61 37 91 27 89 74 18 60 10 8 12 25 72 4 90 83 50 65 10 62 2 36 88 2 69 0 42 28 53 90 12 24 53 38 50 92 21 
58 90 67 3 48 27 86 94 7 9 15 73 92 50 4 38 45 85 53 46 45 9 64 89 37 88 22 7 46 38 16 92 33 56 51 8 44 78 70 37 31 57 59 72 13 17 25 84 0 37 48 7 58 71 82 8 45 48 67 90 46 59 2 13 81 14 82 24 30 44 2 42 8 96 57 22 76 44 70 71 94 63 86 79 65 95 72 70 35 55 9 87 82 8 34 57 30 9 5 46 
37 65 43 41 89 55 39 29 50 47 87 10 0 10 79 88 12 26 72 75 87 11 30 28 54 16 67 55 10 78 5 56 98 42 10 97 92 12 31 40 52 50 69 42 25 99 70 86 37 0 30 52 54 22 79 29 30 72 52 48 66 97 64 10 61 97 8 68 28 67 60 64 41 27 34 39 40 47 42 79 29 31 21 35 19 40 50 3 57 44 83 31 96 14 66 30 42 33 15 84 
14 93 77 47 41 10 4 70 62 6 84 86 11 16 83 38 94 70 42 70 87 42 8 49 45 7 72 57 70 43 75 86 0 37 52 51 96 29 63 36 28 29 8 82 62 3 20 41 48 30 0 22 59 65 79 52 45 51 69 91 63 7 64 25 74 50 32 87 63 23 63 34 31 5 38 50 17 66 52 35 24 46 44 4 36 88 34 26 32 72 78 29 58 62 62 68 24 76 78 89 
92 67 23 43 86 8 62 37 0 54 16 86 39 79 54 94 66 41 59 68 25 52 87 44 24 9 62 56 50 91 63 8 21 60 50 28 15 58 24 74 38 52 54 32 17 12 79 85 7 52 22 0 47 21 51 59 51 80 46 71 17 50 26 89 73 3 80 29 13 32 56 18 13 23 42 52 40 24 67 97 92 28 96 50 37 45 85 87 60 55 88 97 35 51 4 18 13 9 15 53 
84 39 66 43 82 98 43 62 41 59 33 89 96 34 12 78 91 81 12 7 79 56 8 9 71 76 4 70 78 18 11 81 6 39 19 58 11 40 82 84 19 94 17 7 69 5 84 16 58 54 59 47 0 90 98 72 63 21 2 52 32 10 37 30 63 76 20 5 98 41 17 79 0 88 73 36 71 44 27 43 0 61 96 82 35 56 55 95 33 72 26 6 26 31 33 99 1 13 69 67 
67 63 40 23 64 64 5 37 18 33 93 20 79 60 95 60 21 16 52 44 19 26 27 80 91 33 89 92 72 1 0 45 35 66 24 39 62 72 58 28 63 55 56 34 42 26 68 48 71 22 65 21 90 0 66 82 79 91 11 84 30 55 67 74 52 27 82 58 23 43 87 73 0 32 35 12 24 75 73 53 32 18 82 64 77 87 60 74 8 79 54 74 17 9 76 28 28 6 41 75 
86 78 18 18 0 49 26 26 65 67 70 15 23 86 51 23 81 11 54 26 16 48 16 34 82 45 22 52 59 74 65 74 99 99 43 86 67 1 45 29 41 19 85 80 4 16 5 59 82 79 79 51 98 66 0 82 40 97 97 66 61 86 45 23 86 80 3 62 96 46 90 18 91 1 73 81 15 10 47 13 80 51 74 66 76 90 91 65 78 98 98 49 66 26 30 22 27 69 66 84 
41 38 90 99 95 57 99 67 29 48 11 34 39 63 46 2 19 73 44 92 79 51 91 46 89 49 22 89 24 6 98 73 87 64 71 68 98 93 30 67 33 53 41 84 22 35 45 16 8 29 52 59 72 82 82 0 68 14 19 25 2 45 39 12 0 77 23 20 1 40 42 54 53 58 31 10 99 1 63 63 77 22 3 63 61 65 19 28 82 83 88 92 94 86 36 64 40 20 88 4 
84 19 33 87 65 18 10 54 76 33 68 3 79 10 58 68 60 18 6 18 29 20 58 59 44 12 13 80 87 18 37 69 55 44 61 55 99 55 93 45 93 85 93 48 80 3 81 12 45 30 45 51 63 79 40 68 0 80 86 37 60 32 35 0 39 88 68 22 19 77 85 98 16 10 73 25 1 6 59 67 41 74 3 20 40 82 34 66 44 27 63 95 7 91 65 9 35 14 5 66 
93 52 56 73 9 43 26 0 12 60 44 4 82 50 54 11 40 97 53 7 39 14 2 38 61 70 47 34 33 67 54 55 57 72 46 80 30 0 13 36 51 49 48 95 31 50 97 60 48 72 51 80 21 91 97 14 80 0 79 60 33 62 77 19 79 53 66 27 83 80 27 52 54 35 35 89 92 29 35 71 20 17 53 90 58 20 82 7 49 51 81 31 20 6 66 0 1 63 39 49 
28 85 79 64 38 12 63 73 15 13 83 40 52 92 17 30 95 18 1 35 28 50 59 90 5 64 31 47 20 67 30 83 87 54 89 69 52 23 13 22 0 74 72 30 33 77 6 78 67 52 69 46 2 11 97 19 86 79 0 43 66 1 71 20 6 32 22 8 56 67 80 1 85 93 27 43 81 46 58 40 20 73 5 15 35 59 34 15 20 15 52 63 45 94 96 49 78 88 35 77 
46 16 34 82 70 55 21 95 46 31 42 57 34 15 65 17 14 30 96 58 6 73 47 68 12 32 22 2 65 12 93 50 88 45 78 95 82 39 81 8 25 58 69 6 57 58 52 64 90 48 91 71 52 84 66 25 37 60 43 0 70 6 62 40 19 17 0 47 69 74 81 51 20 65 48 32 15 36 26 74 77 59 61 95 1 37 87 26 49 83 40 38 23 94 63 40 76 36 57 91 
13 45 76 7 14 80 97 50 97 8 26 95 60 91 13 66 35 72 22 78 91 1 49 69 82 12 15 13 92 70 12 65 37 39 90 84 78 40 11 83 52 54 72 83 18 92 72 45 46 66 63 17 32 30 61 2 60 33 66 70 0 34 15 56 54 24 49 7 75 91 95 95 3 33 30 13 79 55 12 11 79 4 22 21 92 10 46 26 74 11 20 53 58 2 70 44 70 20 38 39 
48 41 1 83 51 28 8 63 47 70 90 14 1 91 76 53 40 33 81 59 9 36 6 4 34 80 94 72 14 26 32 77 72 94 94 76 81 51 88 32 40 62 42 4 57 39 45 40 59 97 7 50 10 55 86 45 32 62 1 6 34 0 78 81 92 33 43 61 66 70 55 66 57 54 20 42 46 43 75 17 50 15 81 64 54 6 37 20 19 89 15 7 90 77 29 73 34 57 52 69 
34 96 76 8 16 97 88 58 91 27 50 23 32 54 51 63 47 47 69 26 84 53 45 38 59 9 13 49 58 76 42 54 53 52 99 40 50 31 8 5 24 35 0 68 54 17 74 7 2 64 64 26 37 67 45 39 35 77 71 62 15 78 0 28 80 80 96 99 52 51 54 79 26 1 72 94 83 51 64 39 94 7 86 73 76 20 64 81 65 98 68 57 66 9 12 7 44 86 83 42 
75 6 37 29 68 26 1 51 4 67 97 67 1 19 11 10 36 7 5 51 14 7 55 99 27 27 65 16 70 86 70 43 22 46 15 80 47 62 73 81 78 32 7 91 11 26 94 61 13 10 25 89 30 74 23 12 0 19 20 40 56 81 28 0 3 10 37 59 78 11 54 80 84 61 67 38 71 36 50 1 36 2 76 18 8 69 18 35 59 33 15 59 62 30 33 80 8 38 82 39 
66 79 28 28 12 0 19 70 43 86 85 35 93 52 26 48 38 67 40 68 68 22 39 19 5 84 73 27 94 40 86 58 90 45 44 78 95 4 90 24 73 93 73 26 69 43 42 37 81 61 74 73 63 52 86 0 39 79 6 19 54 92 80 3 0 18 69 63 43 70 50 45 11 73 10 16 71 25 50 47 83 66 50 62 98 35 54 90 49 20 89 85 47 14 37 27 9 3 87 50 
31 54 70 53 25 25 87 24 62 36 76 24 81 93 98 56 10 49 6 45 70 90 54 14 85 69 1 52 12 33 24 88 19 36 38 72 57 38 15 79 86 87 75 94 62 78 99 91 14 97 50 3 76 27 80 77 88 53 32 17 24 33 80 10 18 0 28 84 39 80 87 60 7 39 77 39 75 7 25 55 70 88 64 0 76 94 94 70 35 0 23 89 56 77 77 17 57 19 6 17 
0 8 20 80 53 21 39 37 82 8 92 0 70 37 21 3 79 69 97 3 52 24 59 63 7 82 91 80 32 29 19 50 46 33 17 34 61 62 63 22 69 17 7 68 53 21 32 27 82 8 32 80 20 82 3 23 68 66 22 0 49 43 96 37 69 28 0 30 56 29 48 37 81 60 30 33 14 53 87 39 22 59 52 82 48 77 73 96 72 34 61 26 59 20 89 92 95 49 65 25 
79 92 42 94 75 71 15 4 55 48 44 46 54 54 17 18 15 34 58 66 87 60 60 91 26 75 51 58 4 93 78 45 29 63 30 68 62 36 18 57 91 45 66 31 48 5 21 89 24 68 87 29 5 58 62 20 22 27 8 47 7 61 99 59 63 84 30 0 10 75 73 5 12 34 26 32 81 2 42 64 95 44 88 18 33 44 48 71 22 72 40 64 15 25 96 5 41 25 38 70 
62 36 70 85 97 38 40 42 36 14 33 85 22 8 43 38 39 33 25 65 35 37 93 41 42 51 99 64 15 35 73 13 72 17 33 91 57 62 81 36 79 88 55 94 89 63 26 74 30 28 63 13 98 23 96 1 19 83 56 69 75 66 52 78 43 39 56 10 0 1 83 45 70 87 4 72 95 36 82 31 59 4 40 63 48 80 97 24 85 2 93 24 59 30 84 42 35 51 40 70 
73 42 18 48 2 4 37 74 71 9 69 34 46 39 62 39 21 26 63 78 31 96 27 97 57 97 17 26 65 80 65 30 97 37 11 22 83 91 80 95 13 21 87 16 62 51 45 18 44 67 23 32 41 43 46 40 77 80 67 74 91 70 51 11 70 80 29 75 1 0 26 56 69 24 90 10 26 82 16 30 88 44 55 9 42 19 14 11 23 75 98 13 47 2 23 19 18 73 35 21 
95 91 94 69 76 87 19 79 99 51 66 54 84 25 24 55 11 10 86 61 7 87 52 47 44 21 63 35 10 16 30 4 61 54 83 67 3 71 58 97 47 83 23 61 61 19 41 60 2 60 63 56 17 87 90 42 85 27 80 81 95 55 54 54 50 87 48 73 83 26 0 52 24 80 96 77 22 71 64 15 60 27 95 96 83 14 1 95 4 65 54 7 37 69 54 4 71 84 56 49 
90 94 57 86 17 31 60 41 77 0 68 20 0 32 88 46 7 11 29 64 39 47 14 45 37 19 57 64 16 6 46 27 47 93 26 40 34 33 27 4 95 73 38 67 46 92 6 10 42 64 34 18 79 73 18 54 98 52 1 51 95 66 79 80 45 60 37 5 45 56 52 0 70 20 75 10 5 82 6 39 11 96 24 63 59 68 22 90 96 66 47 89 95 80 0 74 26 51 62 17 
44 90 54 93 44 76 22 19 25 72 70 27 51 22 92 68 65 66 72 48 37 58 70 92 58 34 34 64 44 51 44 73 83 12 81 89 88 5 2 97 51 38 8 99 57 2 35 8 8 41 31 13 0 0 91 53 16 54 85 20 3 57 26 84 11 7 81 12 70 69 24 70 0 70 97 44 43 91 1 58 96 72 84 47 8 2 21 79 67 71 76 83 13 41 88 37 93 53 72 18 
17 30 23 23 66 84 14 69 15 24 80 49 92 67 90 99 10 83 70 18 99 37 20 32 73 36 99 72 25 96 17 69 30 44 58 88 2 59 13 85 68 75 98 67 2 42 51 12 96 27 5 23 88 32 1 58 10 35 93 65 33 54 1 61 73 39 60 34 87 24 80 20 70 0 83 93 0 97 28 36 34 29 40 91 36 63 81 88 46 22 31 46 58 62 35 23 47 92 99 4 
0 97 81 80 51 83 43 96 9 68 22 51 16 4 41 60 70 17 34 93 27 26 22 51 82 3 35 39 47 80 39 68 10 58 52 7 10 41 39 65 50 79 44 73 49 96 98 25 57 34 38 42 73 35 73 31 73 35 27 48 30 20 72 67 10 77 30 26 4 90 96 75 97 83 0 97 34 98 43 42 75 91 77 91 95 74 82 89 31 28 93 69 41 41 61 69 62 67 57 46 
89 64 67 71 85 43 10 39 8 40 20 15 32 49 61 92 61 74 45 22 25 91 7 34 5 27 57 32 99 66 70 93 50 14 5 37 62 90 57 25 47 31 48 10 50 92 88 72 22 39 50 52 36 12 81 10 25 89 43 32 13 42 94 38 16 39 33 32 72 10 77 10 44 93 97 0 15 84 82 10 25 81 44 8 84 71 1 71 9 91 35 72 20 78 52 89 30 22 96 45 
7 45 67 16 0 57 49 44 30 73 0 1 7 93 41 15 90 98 22 74 77 63 38 15 3 43 95 18 30 58 91 36 77 36 62 71 16 13 70 56 0 57 86 4 83 72 72 4 76 40 17 40 71 24 15 99 1 92 81 15 79 46 83 71 71 75 14 81 95 26 22 5 43 0 34 15 0 97 29 31 88 12 30 69 92 44 57 8 64 59 92 31 32 48 57 50 76 27 94 89 
82 47 18 89 71 35 71 56 45 81 31 64 83 92 60 37 73 53 95 26 78 13 44 63 34 55 30 67 63 42 2 75 21 97 77 1 93 47 32 29 50 37 20 83 36 90 78 90 44 47 66 24 44 75 10 1 6 29 46 36 55 43 51 36 25 7 53 2 36 82 71 82 91 97 98 84 97 0 14 98 99 76 30 48 26 70 79 29 81 9 30 86 72 59 47 67 89 61 37 46 
31 89 1 70 89 77 65 68 50 45 12 90 55 97 59 87 70 5 84 6 63 39 25 91 3 44 6 79 52 84 79 93 30 91 75 4 80 15 41 16 17 73 40 31 91 69 6 83 70 42 52 67 27 73 47 63 59 35 58 26 12 75 64 50 50 25 87 42 82 16 64 6 1 28 43 82 29 14 0 24 90 18 55 81 81 53 76 82 21 52 11 43 59 72 76 19 77 89 38 80 
4 43 99 16 26 29 4 57 66 48 64 78 6 24 52 64 59 71 90 12 61 36 70 52 15 60 28 13 37 49 84 63 62 88 67 31 60 78 89 49 30 74 48 81 37 30 30 50 71 79 35 97 43 53 13 63 67 71 40 74 11 17 39 1 47 55 39 64 31 30 15 39 58 36 42 10 31 98 24 0 14 54 53 47 61 79 93 99 87 66 80 67 77 88 55 22 36 29 5 69 
23 19 24 72 9 64 88 89 97 8 47 32 26 40 53 68 70 50 28 57 33 50 58 99 79 24 81 87 3 35 52 83 70 9 8 2 70 22 79 5 74 16 5 75 53 79 67 65 94 29 24 92 0 32 80 77 41 20 20 77 79 50 94 36 83 70 22 95 59 88 60 11 96 34 75 25 88 99 90 14 0 31 89 19 46 27 73 27 64 36 97 49 88 9 60 88 21 91 13 13 
71 93 99 48 2 6 90 66 81 18 74 4 23 91 72 55 6 33 78 47 58 42 84 39 2 43 53 96 45 18 29 88 5 28 18 6 57 27 25 5 37 27 29 64 39 92 69 10 63 31 46 28 61 18 51 22 74 17 73 59 4 15 7 2 66 88 59 44 4 44 27 96 72 29 91 81 12 76 18 54 31 0 51 33 98 48 97 74 24 92 68 88 39 52 10 30 82 33 8 9 
59 56 4 25 48 43 97 47 87 2 91 96 56 22 29 7 56 42 72 72 20 96 94 27 75 19 17 83 95 97 85 17 55 47 84 70 56 30 34 14 12 3 75 73 7 69 56 62 86 21 44 96 96 82 74 3 3 53 5 61 22 81 86 76 50 64 52 88 40 55 95 24 84 40 77 44 30 30 55 53 89 51 0 95 84 35 11 1 26 9 2 92 11 86 86 62 65 61 22 77 
45 72 66 82 50 91 54 9 86 32 80 59 46 77 44 87 93 44 35 33 42 66 40 59 88 43 79 85 33 91 26 36 84 30 79 51 68 85 89 86 6 45 64 65 54 54 72 2 79 35 4 50 82 64 66 63 20 90 15 95 21 64 73 18 62 0 82 18 63 9 96 63 47 91 91 8 69 48 81 47 19 33 95 0 19 87 37 52 28 77 70 29 95 95 49 59 81 38 41 38 
43 65 47 2 3 61 62 10 48 45 36 13 16 81 85 57 19 53 3 86 5 57 14 71 4 8 14 48 3 90 43 5 85 74 86 70 64 49 67 89 73 32 61 67 39 21 35 36 65 19 36 37 35 77 76 61 40 58 35 1 92 54 76 8 98 76 48 33 48 42 83 59 8 36 95 84 92 26 81 61 46 98 84 19 0 91 74 32 46 10 34 86 30 75 27 77 70 9 85 23 
83 50 32 55 38 68 0 71 89 63 96 11 46 0 19 29 45 79 41 0 49 56 49 36 49 43 96 58 31 49 42 43 68 36 76 92 20 49 72 67 18 92 51 43 21 93 34 88 95 40 88 45 56 87 90 65 82 20 59 37 10 6 20 69 35 94 77 44 80 19 14 68 2 63 74 71 44 70 53 79 27 48 35 87 91 0 31 50 99 13 31 6 60 85 8 4 30 25 89 32 
51 98 20 44 83 86 9 32 26 94 80 50 98 1 81 30 45 1 53 37 18 23 47 34 40 69 92 69 16 64 23 29 16 80 42 23 61 16 99 75 24 99 38 70 55 76 38 2 72 50 34 85 55 60 91 19 34 82 34 87 46 37 64 18 54 94 73 48 97 14 1 22 21 81 82 1 57 79 76 93 73 97 11 37 74 31 0 84 81 51 6 19 95 53 23 76 60 22 82 38 
18 28 48 4 53 87 51 30 33 44 2 16 98 39 57 22 9 31 37 64 8 56 56 27 21 24 2 47 52 14 26 68 53 53 96 48 84 4 41 2 62 27 51 28 11 8 79 69 70 3 26 87 95 74 65 28 66 7 15 26 26 20 81 35 90 70 96 71 24 11 95 90 79 88 89 71 8 29 82 99 27 74 1 52 32 50 84 0 82 98 99 16 77 42 9 37 24 7 4 41 
58 7 76 19 68 77 81 92 32 9 71 85 9 72 1 46 75 85 77 18 93 73 70 4 90 90 85 65 67 58 80 43 89 69 18 43 74 3 20 86 70 35 16 49 29 41 97 0 35 57 32 60 33 8 78 82 44 49 20 49 74 19 65 59 49 35 72 22 85 23 4 96 67 46 31 9 64 81 21 87 64 24 26 28 46 99 81 82 0 69 60 85 74 76 25 98 64 98 21 38 
44 9 8 44 91 35 80 75 12 48 28 51 56 61 72 69 40 89 76 20 12 55 12 60 50 63 58 16 45 88 95 57 64 0 62 76 68 32 26 11 62 51 68 21 57 41 65 42 55 44 72 55 72 79 98 83 27 51 15 83 11 89 98 33 20 0 34 72 2 75 65 66 71 22 28 91 59 9 52 66 36 92 9 77 10 13 51 98 69 0 26 86 2 89 49 44 39 70 13 89 
38 2 36 3 11 65 25 86 33 90 77 19 29 26 5 0 92 2 84 48 68 94 30 50 53 79 14 95 9 56 88 63 24 10 36 3 29 29 30 92 50 35 5 26 87 30 27 28 9 83 78 88 26 54 98 88 63 81 52 40 20 15 68 15 89 23 61 40 93 98 54 47 76 31 93 35 92 30 11 80 97 68 2 70 34 31 6 99 60 26 0 71 13 27 48 88 58 75 47 25 
71 6 22 19 43 95 28 97 68 59 94 59 12 52 11 66 35 53 10 56 31 30 11 63 11 25 95 95 17 26 18 74 70 92 48 81 96 33 27 35 54 53 66 13 91 28 68 53 87 31 29 97 6 74 49 92 95 31 63 38 53 7 57 59 85 89 26 64 24 13 7 89 83 46 69 72 31 86 43 67 49 88 92 29 86 6 19 16 85 86 71 0 78 4 90 72 57 56 45 98 
67 38 13 63 51 80 3 9 34 37 19 7 24 97 42 79 84 18 15 92 28 92 99 39 8 7 16 22 19 66 52 80 33 8 52 89 9 39 57 16 48 2 53 52 21 51 74 90 82 96 58 35 26 17 66 94 7 20 45 23 58 90 66 62 47 56 59 15 59 47 37 95 13 58 41 20 32 72 59 77 88 39 11 95 30 60 95 77 74 2 13 78 0 10 30 62 13 12 40 36 
25 95 4 64 42 4 81 25 75 55 61 60 86 0 33 17 94 27 70 43 25 66 6 99 20 34 82 7 6 76 41 48 60 87 67 74 30 37 64 65 11 79 91 9 54 3 98 12 8 14 62 51 31 9 26 86 91 6 94 94 2 77 9 30 14 77 20 25 30 2 69 80 41 62 41 78 48 59 72 88 9 52 86 95 75 85 53 42 76 89 27 4 10 0 34 90 44 45 64 92 
74 68 77 19 95 69 42 63 10 86 12 24 84 57 16 76 16 74 36 73 71 39 43 37 71 71 53 20 82 23 39 53 50 12 69 75 49 15 48 82 2 17 32 4 84 77 24 24 34 66 62 4 33 76 30 36 65 66 96 63 70 29 12 33 37 77 89 96 84 23 54 0 88 35 61 52 57 47 76 55 60 10 86 49 27 8 23 9 25 49 48 90 30 34 0 14 99 76 2 73 
8 37 90 98 12 84 1 89 92 23 93 35 96 35 42 22 95 39 33 93 35 13 36 62 51 78 63 44 62 87 86 72 53 16 2 93 24 24 90 2 20 97 29 85 47 90 12 53 57 30 68 18 99 28 22 64 9 0 49 40 44 73 7 80 27 17 92 5 42 19 4 74 37 23 69 89 50 67 19 22 88 30 62 59 77 4 76 37 98 44 88 72 62 90 14 0 64 73 28 55 
10 62 52 63 9 71 63 32 61 30 9 92 91 82 80 14 26 39 24 99 20 50 31 20 47 28 97 60 66 11 46 85 27 92 92 4 70 37 21 73 34 74 68 5 83 27 83 38 30 42 24 13 1 28 27 40 35 1 78 76 70 34 44 8 9 57 95 41 35 18 71 26 93 47 62 30 76 89 77 36 21 82 65 81 70 30 60 24 64 39 58 57 13 44 99 64 0 8 73 19 
59 31 95 75 73 48 27 34 2 41 62 43 41 56 66 12 72 65 0 44 54 28 2 7 88 75 97 2 44 98 2 93 52 29 15 39 98 63 24 98 78 85 40 79 91 35 91 50 9 33 76 9 13 6 69 20 14 63 88 36 20 57 86 38 3 19 49 25 51 73 84 51 53 92 67 22 27 61 89 29 91 33 61 38 9 25 22 7 98 70 75 56 12 45 76 73 8 0 24 76 
98 60 74 94 58 51 36 60 6 56 1 83 64 45 0 71 16 29 70 74 5 33 35 38 3 31 98 99 86 66 7 27 14 33 58 31 74 74 68 0 87 61 85 6 10 14 90 92 5 15 78 15 69 41 66 88 5 39 35 57 38 52 83 82 87 6 65 38 40 35 56 62 72 99 57 96 94 37 38 5 13 8 22 41 85 89 82 4 21 13 47 45 40 64 2 28 73 24 0 92 
25 73 96 78 84 96 20 62 63 35 23 89 92 53 86 62 24 71 86 69 62 4 23 94 76 35 2 55 93 52 88 79 12 1 85 63 78 17 54 96 70 11 76 35 7 31 23 21 46 84 89 53 67 75 84 4 66 49 77 91 39 69 42 39 50 17 25 70 70 21 49 17 18 4 46 45 89 46 80 69 13 9 77 38 23 32 38 41 38 89 25 98 36 92 73 55 19 76 92 0 
0 48 0 46 37 34 70 35 29 87 86 48 94 6 1 84 86 36 18 76 9 19 36 90 92 85 57 40 7 63 60 50 31 49 46 54 80 60 98 12 87 61 64 76 71 7 18 32 58 81 95 29 73 29 96 42 24 10 40 28 45 4 9 69 80 66 42 22 2 30 96 72 9 44 93 43 1 15 70 42 44 35 24 15 65 17 7 30 32 93 34 30 28 86 44 94 61 64 20 0 
48 0 53 3 0 61 61 37 62 72 83 19 66 80 41 7 83 18 24 78 83 58 21 77 26 40 9 55 22 37 17 50 81 9 1 77 0 97 89 59 19 16 12 96 42 37 46 27 22 73 4 83 84 93 52 8 68 83 80 53 45 22 39 66 62 12 29 28 49 68 60 94 94 68 7 92 0 74 34 59 90 76 39 54 99 5 46 24 3 15 31 30 64 68 1 77 19 51 59 90 
0 53 0 55 89 44 84 16 35 18 15 1 92 72 11 44 19 46 57 80 1 96 26 98 93 16 16 37 57 0 87 52 0 40 62 67 99 58 42 86 10 95 17 4 86 25 79 80 91 42 66 82 31 94 8 47 55 14 22 28 25 51 64 6 89 72 70 69 94 96 54 82 62 88 88 14 45 81 31 59 2 20 21 5 68 67 95 5 6 92 78 53 28 90 80 2 43 78 32 70 
46 3 55 0 93 37 62 72 67 79 14 85 36 52 93 29 31 0 56 92 89 59 16 80 19 43 90 7 1 60 71 95 4 34 46 16 78 37 94 4 76 8 4 29 73 44 44 44 6 22 43 81 24 93 43 46 34 97 49 18 41 3 64 8 94 21 43 22 77 58 94 75 23 10 30 81 78 80 85 61 84 67 89 23 61 36 52 88 98 54 65 61 41 46 61 97 22 8 4 11 
37 0 89 93 0 18 62 6 31 93 34 73 44 26 76 75 80 61 62 16 85 6 1 7 45 31 89 31 60 18 61 49 32 90 4 66 79 15 4 28 30 38 35 64 21 36 37 39 11 85 52 48 46 9 80 87 62 57 92 42 87 6 8 97 36 51 93 53 35 95 65 45 14 59 0 15 29 67 74 11 28 9 18 17 8 49 76 63 1 88 93 24 30 95 59 58 88 22 92 28 
34 61 44 37 18 0 99 93 62 37 6 55 48 67 49 24 51 90 11 8 40 46 95 24 37 48 5 11 54 44 39 95 78 30 20 48 99 42 46 90 5 77 48 55 74 51 40 16 26 2 57 4 46 31 1 33 20 65 33 49 1 92 45 92 89 9 19 84 22 32 47 5 45 62 49 9 58 10 94 4 95 66 60 91 12 74 0 38 62 81 30 48 9 69 85 49 72 80 68 28 
70 61 84 62 62 99 0 92 22 80 75 46 63 4 20 8 56 51 16 22 96 20 87 2 32 91 85 77 36 40 40 87 76 95 49 99 85 65 89 3 71 89 69 55 67 23 2 24 73 98 16 20 69 50 57 24 95 78 50 64 23 81 84 44 18 7 50 55 79 70 58 2 16 68 85 29 99 23 13 46 72 37 56 63 15 46 44 82 74 50 62 88 17 24 99 69 29 67 93 51 
35 37 16 72 6 93 92 0 92 77 33 44 60 42 4 11 26 36 55 35 78 83 54 11 21 33 93 4 79 97 30 42 29 44 83 54 38 14 49 40 65 5 93 56 67 0 39 81 66 75 52 60 88 7 74 22 42 13 89 98 12 67 49 36 17 72 57 68 18 54 18 64 77 1 29 54 6 24 56 22 38 0 29 45 99 93 52 5 32 42 41 96 34 89 93 83 53 37 12 18 
29 62 35 67 31 62 22 92 0 74 57 93 95 18 69 80 38 54 39 37 23 98 48 83 25 34 25 40 28 16 70 42 51 89 50 87 30 54 41 66 42 4 35 20 68 94 61 95 95 39 18 71 30 92 24 30 36 93 55 26 34 23 69 89 54 64 80 80 27 45 11 28 63 59 55 34 86 12 70 1 35 93 40 42 26 80 67 14 9 62 3 81 18 75 15 91 67 22 20 86 
87 72 18 79 93 37 80 77 74 0 12 34 51 33 55 34 77 58 57 28 93 72 48 64 88 89 15 28 82 66 63 74 69 95 0 96 36 75 19 45 71 99 94 55 72 51 89 75 71 13 36 5 78 33 70 15 48 42 56 85 45 89 51 23 73 80 8 41 97 6 42 14 22 41 16 46 1 32 27 51 54 60 56 6 77 46 79 63 54 83 46 12 73 33 92 55 0 95 0 95 
86 83 15 14 34 6 75 33 57 12 0 2 69 72 61 60 86 15 79 20 76 66 37 16 65 89 89 21 31 43 26 4 5 67 82 16 89 88 1 56 21 81 66 45 17 79 71 55 37 11 2 24 59 29 22 15 79 58 66 14 2 88 99 87 5 48 43 19 71 99 8 21 13 94 44 27 57 54 18 84 46 19 64 8 46 99 15 35 15 81 23 15 57 20 46 65 17 87 12 86 
48 19 1 85 73 55 46 44 93 34 2 0 59 91 86 22 98 12 97 43 98 86 27 51 30 16 50 2 13 14 69 83 55 85 83 54 40 66 6 60 98 23 12 92 19 47 59 83 63 96 31 68 87 68 52 91 74 30 82 6 35 5 55 65 56 3 55 29 98 20 45 32 52 14 63 29 36 18 76 60 41 52 13 29 13 68 58 99 71 35 19 13 79 46 85 97 25 6 84 48 
94 66 92 36 44 48 63 60 95 51 69 59 0 58 46 24 65 70 67 69 48 17 29 17 38 36 33 11 51 0 68 95 91 89 54 21 34 0 34 95 65 89 5 53 71 16 8 24 86 24 6 46 98 33 35 76 64 96 80 80 35 35 14 7 58 77 83 60 65 7 52 49 20 31 17 76 98 82 68 15 30 84 74 66 14 43 0 33 94 50 27 66 69 31 9 91 19 33 79 89 
6 80 72 52 26 67 4 42 18 33 72 91 58 0 48 47 43 40 36 54 80 54 54 67 88 44 17 2 62 37 10 80 53 41 72 20 29 17 8 60 33 18 80 24 11 64 62 61 98 2 71 77 71 30 20 16 53 69 1 78 51 97 57 65 84 27 91 97 24 9 87 32 33 6 35 46 13 97 77 80 72 97 88 73 53 37 89 72 81 60 0 46 71 34 85 60 30 43 20 33 
1 41 11 93 76 49 20 4 69 55 61 86 46 48 0 83 77 2 13 12 94 31 18 37 58 52 12 85 15 65 34 12 58 27 31 38 71 70 22 65 90 69 59 32 51 82 57 1 1 36 29 84 72 48 60 76 1 34 9 99 41 45 61 36 25 7 70 83 9 48 94 42 61 11 48 43 87 70 88 55 81 97 40 0 37 36 24 58 9 40 65 49 57 57 85 43 75 77 94 7 
84 7 44 29 75 24 8 11 80 34 60 22 24 47 83 0 11 88 50 72 23 3 13 69 95 84 86 50 62 19 1 71 83 64 38 85 86 53 69 37 20 60 14 99 86 59 22 87 98 67 5 9 29 53 6 92 82 26 88 3 6 29 59 56 32 42 86 91 3 91 67 25 56 76 59 10 73 63 63 13 2 13 11 53 39 28 71 49 13 98 10 93 6 4 51 18 32 84 56 1 
86 83 19 31 80 51 56 26 38 77 86 98 65 43 77 11 0 17 33 11 75 18 9 39 29 62 85 40 48 2 17 51 43 26 72 0 90 47 67 15 10 50 81 9 66 87 91 95 20 8 88 14 21 34 78 89 10 96 41 97 21 8 43 15 43 87 18 46 92 60 78 30 95 68 16 87 32 15 86 84 58 95 91 56 35 16 51 52 12 10 33 64 42 75 73 85 55 16 27 47 
36 18 46 0 61 90 51 36 54 58 15 12 70 40 2 88 17 0 69 60 4 27 41 77 29 16 19 51 14 10 69 32 98 99 25 3 8 41 57 1 9 79 62 29 37 49 75 65 56 17 68 39 91 71 42 15 13 52 20 53 14 5 76 19 8 56 74 23 79 11 26 25 26 64 31 55 26 33 52 19 97 32 16 96 52 9 39 33 24 36 96 56 4 85 92 33 78 4 39 44 
18 24 57 56 62 11 16 55 39 57 79 97 67 36 13 50 33 69 0 31 26 57 67 52 68 53 24 0 27 50 60 12 2 50 22 29 52 55 34 41 98 61 57 38 7 96 19 81 3 38 59 34 72 1 82 41 28 27 22 12 28 44 88 99 51 94 1 40 75 5 62 35 24 21 94 19 20 62 89 83 14 10 64 30 26 62 51 72 51 68 33 43 86 62 92 79 81 23 7 21 
76 78 80 92 16 8 22 35 37 28 20 43 69 54 12 72 11 60 31 0 71 44 50 52 81 59 13 64 57 34 36 35 92 72 31 23 69 69 22 71 56 92 40 56 59 62 21 60 74 11 85 77 44 23 55 3 76 54 77 11 31 29 11 98 34 97 19 53 56 68 96 81 20 19 80 32 44 98 43 23 2 4 60 75 82 52 30 88 32 10 55 76 88 57 66 42 15 89 6 8 
9 83 1 89 85 40 96 78 23 93 76 98 48 80 94 23 75 4 26 71 0 2 2 77 6 45 63 88 71 80 24 43 29 25 68 19 79 17 33 95 85 22 70 26 76 50 58 76 63 84 3 98 64 52 40 10 16 69 62 34 44 23 68 74 78 72 89 21 5 15 2 88 11 40 33 82 35 81 37 32 99 0 83 10 14 92 89 13 23 69 37 9 28 57 48 73 73 27 38 81 
19 58 96 59 6 46 20 83 98 72 66 86 17 54 31 3 18 27 57 44 2 0 4 24 83 30 57 64 53 76 15 64 96 71 2 37 64 50 11 45 92 44 28 99 75 91 98 73 61 54 34 92 43 51 48 57 42 44 9 19 51 34 37 45 92 99 67 65 25 68 70 79 38 7 44 78 34 19 34 38 71 50 14 45 98 24 31 77 42 53 15 87 44 95 47 83 57 96 24 5 
36 21 26 16 1 95 87 54 48 48 37 27 29 54 18 13 9 41 67 50 2 4 0 28 38 15 8 44 31 15 94 50 12 80 21 55 40 82 99 61 23 66 0 74 99 84 1 21 9 67 54 21 88 80 2 35 93 90 90 9 85 86 38 58 68 99 0 77 71 43 66 12 90 4 71 2 6 21 46 91 24 63 60 47 56 82 93 60 93 50 53 12 57 95 69 91 74 72 4 34 
90 77 98 80 7 24 2 11 83 64 16 51 17 67 37 69 39 77 52 52 77 24 28 0 23 87 70 43 38 22 96 13 41 27 69 17 41 32 98 36 67 34 58 7 15 49 29 20 79 53 18 67 23 51 38 76 65 51 81 48 20 99 8 63 87 33 92 1 3 55 5 60 89 88 65 36 19 3 40 39 17 57 61 90 36 59 97 65 80 16 25 92 32 45 97 6 65 32 4 53 
92 26 93 19 45 37 32 21 25 88 65 30 38 88 58 95 29 29 68 81 6 83 38 23 0 54 87 54 56 19 3 23 42 72 71 68 74 9 3 3 29 39 95 33 82 39 39 46 88 43 9 57 96 66 98 29 44 59 42 99 52 32 20 46 57 74 14 29 87 17 17 68 70 93 95 10 28 26 82 74 21 69 63 29 94 82 79 26 34 92 73 64 25 63 84 92 85 57 14 22 
85 40 16 43 31 48 91 33 34 89 89 16 36 44 52 84 62 16 53 59 45 30 15 87 54 0 36 31 47 24 84 69 65 93 58 88 30 94 67 1 29 94 40 12 83 66 57 69 18 93 2 78 63 69 81 86 57 65 14 8 0 3 40 65 27 88 86 37 79 85 49 48 6 23 41 0 43 87 73 0 89 70 97 51 66 6 30 17 85 96 59 2 94 40 13 6 21 38 89 85 
57 9 16 90 89 5 85 93 25 15 89 50 33 17 12 86 85 19 24 13 63 57 8 70 87 36 0 35 68 65 69 39 87 83 43 94 25 1 84 72 55 91 61 88 29 2 49 42 13 19 44 1 57 63 81 20 24 48 26 64 84 58 91 79 63 32 50 21 17 30 8 1 68 73 70 59 43 81 31 64 58 9 77 15 72 4 93 90 91 30 57 5 63 34 8 90 52 86 52 76 
40 55 37 7 31 11 77 4 40 28 21 2 11 2 85 50 40 51 0 64 88 64 44 43 54 31 35 0 94 9 92 93 74 95 87 40 15 86 66 5 66 27 10 55 68 40 25 41 95 99 81 53 62 29 60 74 44 86 46 20 8 47 7 57 80 50 54 76 84 5 24 53 77 47 15 72 77 55 45 70 25 71 95 57 17 91 67 30 3 88 54 89 37 26 67 69 14 65 25 19 
7 22 57 1 60 54 36 79 28 82 31 13 51 62 15 62 48 14 27 57 71 53 31 38 56 47 68 94 0 78 45 1 97 95 60 0 13 87 17 91 38 40 5 86 61 78 3 32 15 76 3 37 5 6 42 10 7 29 36 51 48 84 10 35 50 68 85 74 32 84 84 25 13 52 33 45 18 52 34 29 79 0 30 68 87 68 31 65 18 10 71 22 69 69 60 39 89 61 1 70 
63 37 0 60 18 44 40 97 16 66 43 14 0 37 65 19 2 10 50 34 80 76 15 22 19 24 65 9 78 0 94 61 31 1 15 3 86 78 62 36 9 48 20 9 2 10 52 61 79 80 4 81 91 43 75 65 3 99 1 11 14 51 68 10 27 9 75 31 25 36 77 13 80 72 7 62 48 34 40 91 99 7 93 46 41 1 12 6 37 21 33 27 32 64 3 23 9 99 42 13 
60 17 87 71 61 39 40 30 70 63 26 69 68 10 34 1 17 69 60 36 24 15 94 96 3 84 69 92 45 94 0 70 29 61 69 95 83 11 99 58 14 82 34 40 46 7 13 75 55 33 82 95 36 13 10 78 87 34 21 94 48 10 33 54 27 70 68 98 59 64 32 96 58 19 47 18 61 71 98 53 63 42 95 28 63 60 32 17 73 77 56 56 59 88 38 9 54 11 42 83 
50 50 52 95 49 95 87 42 42 74 4 83 95 80 12 71 51 32 12 35 43 64 50 13 23 69 39 93 1 61 70 0 55 0 54 75 7 60 7 55 9 32 99 24 84 13 66 74 47 9 3 85 36 28 3 37 73 99 65 44 73 66 99 54 28 53 98 43 73 40 45 42 20 25 64 27 91 31 98 86 14 67 81 74 12 43 1 13 46 35 17 9 40 14 76 68 39 0 41 4 
31 81 0 4 32 78 76 29 51 69 5 55 91 53 58 83 43 98 2 92 29 96 12 41 42 65 87 74 97 31 29 55 0 81 71 3 68 63 50 15 47 90 39 93 46 1 87 51 49 83 36 81 17 19 70 63 69 67 85 95 38 5 88 94 12 32 88 54 67 49 22 58 4 35 1 40 30 40 23 65 33 9 45 70 56 87 42 91 85 31 76 17 12 10 64 73 71 80 17 26 
49 9 40 34 90 30 95 44 89 95 67 85 89 41 27 64 26 99 50 72 25 71 80 27 72 93 83 95 95 1 61 0 81 0 23 3 93 23 85 88 77 43 62 36 46 91 41 70 32 17 51 7 10 73 42 54 78 84 36 97 75 79 75 81 95 27 9 33 47 69 71 51 72 38 21 87 66 12 75 80 95 64 30 78 35 71 88 30 61 60 23 7 36 50 79 46 14 71 17 80 
46 1 62 46 4 20 49 83 50 0 82 83 54 72 31 38 72 25 22 31 68 2 21 69 71 58 43 87 60 15 69 54 71 23 0 83 9 68 58 5 44 63 53 80 40 26 93 32 78 1 30 85 86 0 36 17 79 50 85 61 89 85 87 53 0 36 81 18 8 42 65 27 47 52 23 5 8 68 63 47 57 54 78 62 67 47 45 24 52 77 56 6 48 87 39 37 40 55 48 53 
54 77 67 16 66 48 99 54 87 96 16 54 21 20 38 85 0 3 29 23 19 37 55 17 68 88 94 40 0 3 95 75 3 3 83 0 81 78 84 44 59 40 35 35 76 74 87 69 15 19 46 49 34 47 5 93 57 55 25 6 15 62 37 3 57 66 75 63 75 90 52 10 53 79 75 67 75 54 61 21 90 76 63 11 3 28 24 46 61 89 41 41 3 96 79 77 36 33 84 32 
80 0 99 78 79 99 85 38 30 36 89 40 34 29 71 86 90 8 52 69 79 64 40 41 74 30 25 15 13 86 83 7 68 93 9 81 0 6 45 48 1 64 3 74 51 75 62 70 52 47 71 98 61 45 42 31 34 29 99 72 8 53 2 6 55 98 27 39 13 85 58 42 78 37 38 86 94 16 6 68 9 42 45 0 8 19 2 24 58 55 1 84 80 55 28 42 68 23 69 38 
60 97 58 37 15 42 65 14 54 75 88 66 0 17 70 53 47 41 55 69 17 50 82 32 9 94 1 86 87 78 11 60 63 23 68 78 6 0 27 49 29 1 42 34 92 98 44 1 86 58 68 2 34 97 86 5 81 52 65 9 99 71 17 32 72 6 58 35 20 9 28 53 72 2 89 64 54 95 22 62 53 32 49 72 66 88 54 71 70 67 26 87 27 66 8 53 69 16 87 90 
98 89 42 94 4 46 89 49 41 19 1 6 34 8 22 69 67 57 34 22 33 11 99 98 3 67 84 66 17 62 99 7 50 85 58 84 45 27 0 5 64 6 82 25 50 71 74 7 28 66 15 63 12 65 40 42 25 42 46 81 96 84 62 81 14 39 37 39 86 22 47 88 87 83 9 28 15 96 13 69 45 27 40 89 51 73 68 10 2 29 72 6 54 43 75 10 93 55 78 78 
12 59 86 4 28 90 3 40 66 45 56 60 95 60 65 37 15 1 41 71 95 45 61 36 3 1 72 5 91 36 58 55 15 88 5 44 48 49 5 0 35 2 79 17 7 60 76 48 23 42 82 52 52 35 5 30 44 31 89 56 98 99 46 96 81 98 0 74 64 48 74 47 65 51 92 3 14 57 83 44 17 3 13 43 29 28 32 22 64 3 31 16 94 33 52 19 18 13 46 54 
87 19 10 76 30 5 71 65 42 71 21 98 65 33 90 20 10 9 98 56 85 92 23 67 29 29 55 66 38 9 14 9 47 77 44 59 1 29 64 35 0 21 55 69 11 72 74 8 50 72 17 37 22 43 38 59 24 85 19 30 14 23 24 78 74 1 93 41 70 82 94 11 90 52 9 39 33 26 28 74 87 2 24 56 5 8 50 39 3 71 40 40 53 86 40 73 75 71 67 54 
61 16 95 8 38 77 89 5 4 99 81 23 89 18 69 60 50 79 61 92 22 44 66 34 39 94 91 27 40 48 82 32 90 43 63 40 64 1 6 2 21 0 72 40 38 74 23 92 70 86 38 12 50 36 16 28 34 53 59 17 75 62 28 44 20 22 62 0 7 9 8 13 85 74 56 24 43 44 83 20 42 93 31 98 40 28 97 87 38 19 69 61 36 96 28 4 59 90 97 64 
64 12 17 4 35 48 69 93 35 94 66 12 5 80 59 14 81 62 57 40 70 28 0 58 95 40 61 10 5 20 34 99 39 62 53 35 3 42 82 79 55 72 0 79 15 66 98 85 69 49 5 49 77 24 31 15 7 61 7 52 86 38 33 44 35 15 58 10 85 20 31 42 15 56 98 84 22 82 97 34 43 0 96 84 70 93 69 28 80 22 51 19 66 97 18 51 53 69 50 46 
76 96 4 29 64 55 55 56 20 55 45 92 53 24 32 99 9 29 38 56 26 99 74 7 33 12 88 55 86 9 40 24 93 36 80 35 74 34 25 17 69 40 79 0 33 43 94 88 74 73 49 24 58 17 46 53 51 21 79 68 88 30 79 29 38 64 18 41 71 45 42 21 80 23 65 99 47 45 40 33 79 31 52 59 19 33 60 85 29 95 83 4 47 75 82 19 99 75 35 24 
71 42 86 73 21 74 67 67 68 72 17 19 71 11 51 86 66 37 7 59 76 75 99 15 82 83 29 68 61 2 46 84 46 46 40 76 51 92 50 7 11 38 15 33 0 2 4 86 10 49 25 42 30 47 88 2 98 15 97 76 21 97 97 42 93 49 19 76 86 38 19 2 98 78 91 26 70 63 0 48 47 30 93 18 35 35 3 98 63 64 9 64 78 62 1 32 31 90 12 45 
7 37 25 44 36 51 23 0 94 51 79 47 16 64 82 59 87 49 96 62 50 91 84 49 39 66 2 40 78 10 7 13 1 91 26 74 75 98 71 60 72 74 66 43 2 0 2 99 69 14 29 29 17 98 21 40 76 23 70 80 77 16 57 88 24 3 79 49 59 86 34 82 82 95 34 0 16 18 23 87 1 18 42 60 96 32 43 58 61 94 78 70 97 77 6 27 58 30 20 15 
18 46 79 44 37 40 2 39 61 89 71 59 8 62 57 22 91 75 19 21 58 98 1 29 39 57 49 25 3 52 13 66 87 41 93 87 62 44 74 76 74 23 98 94 4 2 0 55 25 62 38 53 35 83 27 23 55 20 9 73 52 38 5 70 26 76 94 12 42 13 84 51 76 55 7 39 89 2 70 15 50 14 3 95 99 83 21 57 49 1 90 81 69 87 82 36 46 28 33 43 
32 27 80 44 39 16 24 81 95 75 55 83 24 61 1 87 95 65 81 60 76 73 21 20 46 69 42 41 32 61 75 74 51 70 32 69 70 1 7 48 8 92 85 88 86 99 55 0 50 56 69 24 73 80 56 32 77 24 88 44 29 27 44 41 89 45 40 17 61 8 77 56 5 28 12 12 45 31 18 36 63 13 5 58 31 27 13 83 92 48 43 95 14 11 9 51 35 71 52 48 
58 22 91 6 11 26 73 66 95 71 37 63 86 98 1 98 20 56 3 74 63 61 9 79 88 18 13 95 15 79 55 47 49 32 78 15 52 86 28 23 50 70 69 74 10 69 25 50 0 41 83 86 12 93 72 69 2 3 17 93 7 26 80 60 48 95 83 50 60 24 43 26 47 80 66 34 71 57 81 11 56 53 35 35 1 90 33 83 76 45 18 96 80 90 68 35 11 97 64 9 
81 73 42 22 85 2 98 75 39 13 11 96 24 2 36 67 8 17 38 11 84 54 67 53 43 93 19 99 76 80 33 9 83 17 1 19 47 58 66 42 72 86 49 73 49 14 62 56 41 0 93 60 5 10 90 80 89 23 11 58 2 24 68 11 83 31 65 17 22 0 68 42 26 40 0 49 45 47 96 80 68 29 17 50 58 46 40 49 1 43 33 84 42 6 63 33 43 6 28 42 
95 4 66 43 52 57 16 52 18 36 2 31 6 71 29 5 88 68 59 85 3 34 54 18 9 2 44 81 3 4 82 3 36 51 30 46 71 68 15 82 17 38 5 49 25 29 38 69 83 93 0 43 16 64 81 67 55 27 92 40 76 36 45 43 80 64 53 61 36 28 15 58 96 42 21 12 72 87 68 38 5 20 28 11 50 36 86 85 81 43 47 40 68 63 4 1 8 75 46 97 
29 83 82 81 48 4 20 60 71 5 24 68 46 77 84 9 14 39 34 77 98 92 21 67 57 78 1 53 37 81 95 85 81 7 85 49 98 2 63 52 37 12 49 24 42 29 53 24 86 60 43 0 16 18 49 16 99 23 9 1 95 11 77 90 11 83 22 17 0 60 32 27 89 13 9 28 86 63 41 95 40 56 98 97 30 27 44 10 22 4 31 74 78 37 48 68 29 39 49 82 
73 84 31 24 46 46 69 88 30 78 59 87 98 71 72 29 21 91 72 44 64 43 88 23 96 63 57 62 5 91 36 36 17 10 86 34 61 34 12 52 22 50 77 58 30 17 35 73 12 5 16 16 0 70 32 29 62 42 38 87 27 72 43 7 57 49 83 73 49 85 81 28 81 43 44 18 78 77 3 6 39 47 17 33 9 24 74 69 76 49 51 63 77 91 73 60 35 12 55 48 
29 93 94 93 9 31 50 7 92 33 29 68 33 30 48 53 34 71 1 23 52 51 80 51 66 69 63 29 6 43 13 28 19 73 0 47 45 97 65 35 43 36 24 17 47 98 83 80 93 10 64 18 70 0 52 16 70 1 25 59 48 78 13 79 87 5 75 78 23 55 35 10 84 11 22 23 50 15 56 84 21 16 94 26 84 15 48 81 4 40 31 82 32 10 46 40 77 67 31 76 
96 52 8 43 80 1 57 74 24 70 22 52 35 20 60 6 78 42 82 55 40 48 2 38 98 81 81 60 42 75 10 3 70 42 36 5 42 86 40 5 38 16 31 46 88 21 27 56 72 90 81 49 32 52 0 30 82 65 31 63 97 76 28 2 34 41 46 27 3 84 77 48 76 21 79 79 65 99 57 84 75 6 89 23 5 8 97 6 71 15 87 62 11 18 75 16 78 71 38 1 
42 8 47 46 87 33 24 22 30 15 15 91 76 16 76 92 89 15 41 3 10 57 35 76 29 86 20 74 10 65 78 37 63 54 17 93 31 5 42 30 59 28 15 53 2 40 23 32 69 80 67 16 29 16 30 0 13 67 73 48 12 45 49 52 22 59 4 26 55 24 84 64 55 73 89 0 93 66 55 51 86 17 73 91 85 45 16 60 12 53 1 56 52 10 84 97 73 19 23 85 
24 68 55 34 62 20 95 42 36 48 79 74 64 53 1 82 10 13 28 76 16 42 93 65 44 57 24 44 7 3 87 73 69 78 79 57 34 81 25 44 24 34 7 51 98 76 55 77 2 89 55 99 62 70 82 13 0 91 29 1 30 35 96 58 58 71 99 43 67 7 64 66 87 78 11 90 84 29 65 96 36 18 79 47 90 17 2 56 49 17 36 93 71 50 20 80 36 67 5 42 
10 83 14 97 57 65 78 13 93 42 58 30 96 69 34 26 96 52 27 54 69 44 90 51 59 65 48 86 29 99 34 99 67 84 50 55 29 52 42 31 85 53 61 21 15 23 20 24 3 23 27 23 42 1 65 67 91 0 80 74 40 12 60 57 78 67 31 72 84 75 96 36 58 84 74 70 95 80 84 39 7 61 79 72 25 81 69 0 48 98 60 99 63 81 54 40 88 6 50 73 
40 80 22 49 92 33 50 89 55 56 66 82 80 1 9 88 41 20 22 77 62 9 90 81 42 14 26 46 36 1 21 65 85 36 85 25 99 65 46 89 19 59 7 79 97 70 9 88 17 11 92 9 38 25 31 73 29 80 0 43 73 36 2 26 60 15 6 78 13 67 27 32 21 68 98 79 92 61 55 70 82 25 60 91 40 72 74 40 31 33 14 25 78 51 89 76 96 8 51 88 
28 53 28 18 42 49 64 98 26 85 14 6 80 78 99 3 97 53 12 11 34 19 9 48 99 8 64 20 51 11 94 44 95 97 61 6 72 9 81 56 30 17 52 68 76 80 73 44 93 58 40 1 87 59 63 48 1 74 43 0 94 63 51 30 61 93 95 78 67 73 95 42 76 61 31 78 61 33 38 23 49 86 66 20 15 4 27 39 9 81 65 54 36 78 57 17 19 71 90 18 
45 45 25 41 87 1 23 12 34 45 2 35 35 51 41 6 21 14 28 31 44 51 85 20 52 0 84 8 48 14 48 73 38 75 89 15 8 99 96 98 14 75 86 88 21 77 52 29 7 2 76 95 27 48 97 12 30 40 73 94 0 5 22 88 40 1 58 16 30 96 76 89 16 39 44 29 44 47 47 48 5 37 46 13 60 86 76 19 91 23 91 29 20 51 76 3 14 44 43 46 
4 22 51 3 6 92 81 67 23 89 88 5 35 97 45 29 8 5 44 29 23 34 86 99 32 3 58 47 84 51 10 66 5 79 85 62 53 71 84 99 23 62 38 30 97 16 38 27 26 24 36 11 72 78 76 45 35 12 36 63 5 0 30 20 2 13 6 11 27 49 51 42 87 41 62 85 22 57 33 72 53 83 59 98 31 11 9 18 0 19 52 56 62 79 61 98 59 48 48 58 
9 39 64 64 8 45 84 49 69 51 99 55 14 57 61 59 43 76 88 11 68 37 38 8 20 40 91 7 10 68 33 99 88 75 87 37 2 17 62 46 24 28 33 79 97 57 5 44 80 68 45 77 43 13 28 49 96 60 2 51 22 30 0 58 89 45 44 85 92 12 46 47 52 61 83 19 78 45 65 48 20 26 83 25 2 20 56 79 55 69 98 84 39 77 89 19 55 58 11 97 
69 66 6 8 97 92 44 36 89 23 87 65 7 65 36 56 15 19 99 98 74 45 58 63 46 65 79 57 35 10 54 54 94 81 53 3 6 32 81 96 78 44 44 29 42 88 70 41 60 11 43 90 7 79 2 52 58 57 26 30 88 20 58 0 12 76 44 30 12 67 9 86 51 91 24 58 13 73 77 88 28 69 60 78 71 18 69 97 20 54 75 63 5 1 97 30 15 11 44 42 
80 62 89 94 36 89 18 17 54 73 5 56 58 84 25 32 43 8 51 34 78 92 68 87 57 27 63 80 50 27 27 28 12 95 0 57 55 72 14 81 74 20 35 38 93 24 26 89 48 83 80 11 57 87 34 22 58 78 60 61 40 2 89 12 0 75 60 94 90 61 56 45 27 17 86 61 7 5 58 88 81 94 16 39 56 40 66 8 91 79 24 28 1 46 47 99 51 79 87 40 
66 12 72 21 51 9 7 72 64 80 48 3 77 27 7 42 87 56 94 97 72 99 99 33 74 88 32 50 68 9 70 53 32 27 36 66 98 6 39 98 1 22 15 64 49 3 76 45 95 31 64 83 49 5 41 59 71 67 15 93 1 13 45 76 75 0 32 63 39 85 70 68 79 51 15 80 83 36 32 2 25 69 39 3 40 29 11 25 68 77 45 73 43 4 16 34 89 41 41 48 
42 29 70 43 93 19 50 57 80 8 43 55 83 91 70 86 18 74 1 19 89 67 0 92 14 86 50 54 85 75 68 98 88 9 81 75 27 58 37 0 93 62 58 18 19 79 94 40 83 65 53 22 83 75 46 4 99 31 6 95 58 6 44 44 60 32 0 37 27 8 5 60 78 66 41 64 22 46 86 65 95 21 18 62 61 96 11 7 49 97 30 55 70 43 1 23 61 99 94 35 
22 28 69 22 53 84 55 68 80 41 19 29 60 97 83 91 46 23 40 53 21 65 77 1 29 37 21 76 74 31 98 43 54 33 18 63 39 35 39 74 41 0 10 41 76 49 12 17 50 17 61 17 73 78 27 26 43 72 78 78 16 11 85 30 94 63 37 0 98 37 96 9 36 91 26 58 43 39 74 81 24 88 87 88 91 6 50 15 44 31 64 72 13 16 89 99 6 28 4 86 
2 49 94 77 35 22 79 18 27 97 71 98 65 24 9 3 92 79 75 56 5 25 71 3 87 79 17 84 32 25 59 73 67 47 8 75 13 20 86 64 70 7 85 71 86 59 42 61 60 22 36 0 49 23 3 55 67 84 13 67 30 27 92 12 90 39 27 98 0 80 45 43 31 35 89 79 62 24 37 86 76 97 56 17 63 77 12 60 35 73 80 59 81 98 49 54 80 90 81 35 
30 68 96 58 95 32 70 54 45 6 99 20 7 9 48 91 60 11 5 68 15 68 43 55 17 85 30 5 84 36 64 40 49 69 42 90 85 9 22 48 82 9 20 45 38 86 13 8 24 0 28 60 85 55 84 24 7 75 67 73 96 49 12 67 61 85 8 37 80 0 31 16 85 20 90 48 7 87 67 79 48 13 63 48 68 97 43 94 29 71 12 9 35 48 26 44 46 12 90 47 
96 60 54 94 65 47 58 18 11 42 8 45 52 87 94 67 78 26 62 96 2 70 66 5 17 49 8 24 84 77 32 45 22 71 65 52 58 28 47 74 94 8 31 42 19 34 84 77 43 68 15 32 81 35 77 84 64 96 27 95 76 51 46 9 56 70 5 96 45 31 0 41 94 3 57 97 0 39 89 31 18 88 42 80 40 46 86 90 12 52 41 90 88 32 65 33 7 23 85 68 
72 94 82 75 45 5 2 64 28 14 21 32 49 32 42 25 30 25 35 81 88 79 12 60 68 48 1 53 25 13 96 42 58 51 27 10 42 53 88 47 11 13 42 21 2 82 51 56 26 42 58 27 28 10 48 64 66 36 32 42 89 42 47 86 45 68 60 9 43 16 41 0 63 18 41 13 19 80 25 1 85 33 99 75 86 19 60 59 43 25 69 27 78 73 31 38 55 80 41 71 
9 94 62 23 14 45 16 77 63 22 13 52 20 33 61 56 95 26 24 20 11 38 90 89 70 6 68 77 13 80 58 20 4 72 47 53 78 72 87 65 90 85 15 80 98 82 76 5 47 26 96 89 81 84 76 55 87 58 21 76 16 87 52 51 27 79 78 36 31 85 94 63 0 58 25 56 57 23 58 40 93 52 0 1 74 82 14 26 38 75 78 3 69 65 55 75 72 45 98 62 
44 68 88 10 59 62 68 1 59 41 94 14 31 6 11 76 68 64 21 19 40 7 4 88 93 23 73 47 52 72 19 25 35 38 52 79 37 2 83 51 52 74 56 23 78 95 55 28 80 40 42 13 43 11 21 73 78 84 68 61 39 41 61 91 17 51 66 91 35 20 3 18 58 0 20 75 15 97 73 29 64 96 39 36 64 27 62 41 25 55 55 84 24 31 4 98 29 77 52 18 
93 7 88 30 0 49 85 29 55 16 44 63 17 35 48 59 16 31 94 80 33 44 71 65 95 41 70 15 33 7 47 64 1 21 23 75 38 89 9 92 9 56 98 65 91 34 7 12 66 0 21 9 44 22 79 89 11 74 98 31 44 62 83 24 86 15 41 26 89 90 57 41 25 20 0 5 59 71 97 60 0 48 27 22 61 74 78 86 23 7 91 53 12 58 73 82 94 3 25 25 
43 92 14 81 15 9 29 54 34 46 27 29 76 46 43 10 87 55 19 32 82 78 2 36 10 0 59 72 45 62 18 27 40 87 5 67 86 64 28 3 39 24 84 99 26 0 39 12 34 49 12 28 18 23 79 0 90 70 79 78 29 85 19 58 61 80 64 58 79 48 97 13 56 75 5 0 88 96 17 16 15 22 67 69 79 36 12 20 67 20 73 20 54 81 97 72 8 94 95 61 
1 0 45 78 29 58 99 6 86 1 57 36 98 13 87 73 32 26 20 44 35 34 6 19 28 43 43 77 18 48 61 91 30 66 8 75 94 54 15 14 33 43 22 47 70 16 89 45 71 45 72 86 78 50 65 93 84 95 92 61 44 22 78 13 7 83 22 43 62 7 0 19 57 15 59 88 0 83 43 57 47 34 33 92 47 36 98 88 67 42 20 46 35 16 5 94 52 96 76 42 
15 74 81 80 67 10 23 24 12 32 54 18 82 97 70 63 15 33 62 98 81 19 21 3 26 87 81 55 52 34 71 31 40 12 68 54 16 95 96 57 26 44 82 45 63 18 2 31 57 47 87 63 77 15 99 66 29 80 61 33 47 57 45 73 5 36 46 39 24 87 39 80 23 97 71 96 83 0 11 46 28 65 1 5 57 97 23 23 28 51 33 65 89 78 97 26 62 90 87 48 
70 34 31 85 74 94 13 56 70 27 18 76 68 77 88 63 86 52 89 43 37 34 46 40 82 73 31 45 34 40 98 98 23 75 63 61 6 22 13 83 28 83 97 40 0 23 70 18 81 96 68 41 3 56 57 55 65 84 55 38 47 33 65 77 58 32 86 74 37 67 89 25 58 73 97 17 43 11 0 52 89 5 39 48 45 43 54 45 14 28 89 63 47 52 84 66 34 54 21 4 
42 59 59 61 11 4 46 22 1 51 84 60 15 80 55 13 84 19 83 23 32 38 91 39 74 0 64 70 29 91 53 86 65 80 47 21 68 62 69 44 74 20 34 33 48 87 15 36 11 80 38 95 6 84 84 51 96 39 70 23 48 72 48 88 88 2 65 81 86 79 31 1 40 29 60 16 57 46 52 0 52 86 24 53 72 49 35 13 1 29 36 12 41 18 35 66 20 85 21 89 
44 90 2 84 28 95 72 38 35 54 46 41 30 72 81 2 58 97 14 2 99 71 24 17 21 89 58 25 79 99 63 14 33 95 57 90 9 53 45 17 87 42 43 79 47 1 50 63 56 68 5 40 39 21 75 86 36 7 82 49 5 53 20 28 81 25 95 24 76 48 18 85 93 64 0 15 47 28 89 52 0 6 62 80 68 70 31 17 99 17 43 19 26 77 60 52 98 85 47 84 
35 76 20 67 9 66 37 0 93 60 19 52 84 97 97 13 95 32 10 4 0 50 63 57 69 70 9 71 0 7 42 67 9 64 54 76 42 32 27 3 2 93 0 31 30 18 14 13 53 29 20 56 47 16 6 17 18 61 25 86 37 83 26 69 94 69 21 88 97 13 88 33 52 96 48 22 34 65 5 86 6 0 12 58 91 21 19 43 22 71 15 34 95 38 49 94 25 64 25 46 
24 39 21 89 18 60 56 29 40 56 64 13 74 88 40 11 91 16 64 60 83 14 60 61 63 97 77 95 30 93 95 81 45 30 78 63 45 49 40 13 24 31 96 52 93 42 3 5 35 17 28 98 17 94 89 73 79 79 60 66 46 59 83 60 16 39 18 87 56 63 42 99 0 39 27 67 33 1 39 24 62 12 0 73 26 56 60 45 83 64 99 15 7 9 5 17 31 98 70 53 
15 54 5 23 17 91 63 45 42 6 8 29 66 73 0 53 56 96 30 75 10 45 47 90 29 51 15 57 68 46 28 74 70 78 62 11 0 72 89 43 56 98 84 59 18 60 95 58 35 50 11 97 33 26 23 91 47 72 91 20 13 98 25 78 39 3 62 88 17 48 80 75 1 36 22 69 92 5 48 53 80 58 73 0 19 62 14 23 48 49 98 6 76 47 65 6 34 2 23 29 
65 99 68 61 8 12 15 99 26 77 46 13 14 53 37 39 35 52 26 82 14 98 56 36 94 66 72 17 87 41 63 12 56 35 67 3 8 66 51 29 5 40 70 19 35 96 99 31 1 58 50 30 9 84 5 85 90 25 40 15 60 31 2 71 56 40 61 91 63 68 40 86 74 64 61 79 47 57 45 72 68 91 26 19 0 49 43 91 87 3 6 86 53 54 49 99 65 52 73 95 
17 5 67 36 49 74 46 93 80 46 99 68 43 37 36 28 16 9 62 52 92 24 82 59 82 6 4 91 68 1 60 43 87 71 47 28 19 88 73 28 8 28 93 33 35 32 83 27 90 46 36 27 24 15 8 45 17 81 72 4 86 11 20 18 40 29 96 6 77 97 46 19 82 27 74 36 36 97 43 49 70 21 56 62 49 0 13 13 62 65 36 64 43 88 71 79 5 75 14 65 
7 46 95 52 76 0 44 52 67 79 15 58 0 89 24 71 51 39 51 30 89 31 93 97 79 30 93 67 31 12 32 1 42 88 45 24 2 54 68 32 50 97 69 60 3 43 21 13 33 40 86 44 74 48 97 16 2 69 74 27 76 9 56 69 66 11 11 50 12 43 86 60 14 62 78 12 98 23 54 35 31 19 60 14 43 13 0 3 63 19 84 19 61 48 9 60 25 40 72 30 
30 24 5 88 63 38 82 5 14 63 35 99 33 72 58 49 52 33 72 88 13 77 60 65 26 17 90 30 65 6 17 13 91 30 24 46 24 71 10 22 39 87 28 85 98 58 57 83 83 49 85 10 69 81 6 60 56 0 40 39 19 18 79 97 8 25 7 15 60 94 90 59 26 41 86 20 88 23 45 13 17 43 45 23 91 13 3 0 23 10 63 9 97 90 31 54 28 36 27 4 
32 3 6 98 1 62 74 32 9 54 15 71 94 81 9 13 12 24 51 32 23 42 93 80 34 85 91 3 18 37 73 46 85 61 52 61 58 70 2 64 3 38 80 29 63 61 49 92 76 1 81 22 76 4 71 12 49 48 31 9 91 0 55 20 91 68 49 44 35 29 12 43 38 25 23 67 67 28 14 1 99 22 83 48 87 62 63 23 0 98 90 62 26 99 36 46 34 7 98 3 
93 15 92 54 88 81 50 42 62 83 81 35 50 60 40 98 10 36 68 10 69 53 50 16 92 96 30 88 10 21 77 35 31 60 77 89 55 67 29 3 71 19 22 95 64 94 1 48 45 43 43 4 49 40 15 53 17 98 33 81 23 19 69 54 79 77 97 31 73 71 52 25 75 55 7 20 42 51 28 29 17 71 64 49 3 65 19 10 98 0 98 87 57 10 40 79 95 25 99 67 
34 31 78 65 93 30 62 41 3 46 23 19 27 0 65 10 33 96 33 55 37 15 53 25 73 59 57 54 71 33 56 17 76 23 56 41 1 26 72 31 40 69 51 83 9 78 90 43 18 33 47 31 51 31 87 1 36 60 14 65 91 52 98 75 24 45 30 64 80 12 41 69 78 55 91 73 20 33 89 36 43 15 99 98 6 36 84 63 90 98 0 98 51 85 32 46 80 6 2 27 
30 30 53 61 24 48 88 96 81 12 15 13 66 46 49 93 64 56 43 76 9 87 12 92 64 2 5 89 22 27 56 9 17 7 6 41 84 87 6 16 40 61 19 4 64 70 81 95 96 84 40 74 63 82 62 56 93 99 25 54 29 56 84 63 28 73 55 72 59 9 90 27 3 84 53 20 46 65 63 12 19 34 15 6 86 64 19 9 62 87 98 0 68 15 6 17 68 27 98 43 
28 64 28 41 30 9 17 34 18 73 57 79 69 71 57 6 42 4 86 88 28 44 57 32 25 94 63 37 69 32 59 40 12 36 48 3 80 27 54 94 53 36 66 47 78 97 69 14 80 42 68 78 77 32 11 52 71 63 78 36 20 62 39 5 1 43 70 13 81 35 88 78 69 24 12 54 35 89 47 41 26 95 7 76 53 43 61 97 26 57 51 68 0 0 47 95 31 50 4 54 
86 68 90 46 95 69 24 89 75 33 20 46 31 34 57 4 75 85 62 57 57 95 95 45 63 40 34 26 69 64 88 14 10 50 87 96 55 66 43 33 86 96 97 75 62 77 87 11 90 6 63 37 91 10 18 10 50 81 51 78 51 79 77 1 46 4 43 16 98 48 32 73 65 31 58 81 16 78 52 18 77 38 9 47 54 88 48 90 99 10 85 15 0 0 59 78 40 69 79 78 
44 1 80 61 59 85 99 93 15 92 46 85 9 85 85 51 73 92 92 66 48 47 69 97 84 13 8 67 60 3 38 76 64 79 39 79 28 8 75 52 40 28 18 82 1 6 82 9 68 63 4 48 73 46 75 84 20 54 89 57 76 61 89 97 47 16 1 89 49 26 65 31 55 4 73 97 5 97 84 35 60 49 5 65 49 71 9 31 36 40 32 6 47 59 0 47 32 32 4 70 
94 77 2 97 58 49 69 83 91 55 65 97 91 60 43 18 85 33 79 42 73 83 91 6 92 6 90 69 39 23 9 68 73 46 37 77 42 53 10 19 73 4 51 19 32 27 36 51 35 33 1 68 60 40 16 97 80 40 76 17 3 98 19 30 99 34 23 99 54 44 33 38 75 98 82 72 94 26 66 66 52 94 17 6 99 79 60 54 46 79 46 17 95 78 47 0 19 61 10 77 
61 19 43 22 88 72 29 53 67 0 17 25 19 30 75 32 55 78 81 15 73 57 74 65 85 21 52 14 89 9 54 39 71 14 40 36 68 69 93 18 75 59 53 99 31 58 46 35 11 43 8 29 35 77 78 73 36 88 96 19 14 59 55 15 51 89 61 6 80 46 7 55 72 29 94 8 52 62 34 20 98 25 31 34 65 5 25 28 34 95 80 68 31 40 32 19 0 53 54 31 
64 51 78 8 22 80 67 37 22 95 87 6 33 43 77 84 16 4 23 89 27 96 72 32 57 38 86 65 61 99 11 0 80 71 55 33 23 16 55 13 71 90 69 75 90 30 28 71 97 6 75 39 12 67 71 19 67 6 8 71 44 48 58 11 79 41 99 28 90 12 23 80 45 77 3 94 96 90 54 85 85 64 98 2 52 75 40 36 7 25 6 27 50 69 32 61 53 0 9 34 
20 59 32 4 92 68 93 12 20 0 12 84 79 20 94 56 27 39 7 6 38 24 4 4 14 89 52 25 1 42 42 41 17 17 48 84 69 87 78 46 67 97 50 35 12 20 33 52 64 28 46 49 55 31 38 23 5 50 51 90 43 48 11 44 87 41 94 4 81 90 85 41 98 52 25 95 76 87 21 21 47 25 70 23 73 14 72 27 98 99 2 98 4 79 4 10 54 9 0 63 
0 90 70 11 28 28 51 18 86 95 86 48 89 33 7 1 47 44 21 8 81 5 34 53 22 85 76 19 70 13 83 4 26 80 53 32 38 90 78 54 54 64 46 24 45 15 43 48 9 42 97 82 48 76 1 85 42 73 88 18 46 58 97 42 40 48 35 86 35 47 68 71 62 18 25 61 42 48 4 89 84 46 53 29 95 65 30 4 3 67 27 43 54 78 70 77 31 34 63 0 
