100
0 85 46 55 75 46 46 10 7 70 31 10 84 45 58 65 54 63 35 53 58 86 45 38 54 72 85 56 27 77 3 29 22 99 68 8 19 31 19 26 88 25 68 61 61 28 90 45 49 45 58 26 50 9 50 72 75 21 51 36 73 52 49 66 71 14 66 8 32 42 80 71 24 90 33 6 40 5 7 47 3 49 75 80 91 84 86 92 92 40 87 49 0 7 61 29 27 17 1 75 
85 0 66 63 64 67 28 63 10 41 74 95 6 66 63 57 27 40 12 58 49 76 71 60 3 64 88 71 10 69 17 26 89 75 3 18 2 61 33 25 51 29 78 40 59 2 59 85 55 60 76 8 22 57 2 69 32 54 70 45 16 0 21 20 98 10 99 96 32 73 44 21 11 15 30 19 54 70 90 37 44 67 98 34 30 10 38 71 72 86 12 26 55 34 86 8 40 28 48 58 
46 66 0 76 19 57 39 54 12 33 65 29 30 75 94 0 5 25 99 15 55 49 95 16 28 36 63 86 46 14 99 67 30 29 82 26 13 58 21 9 98 27 88 4 72 70 96 75 94 65 41 82 72 13 15 97 70 27 72 51 14 58 80 50 93 31 43 39 48 94 16 32 27 12 27 99 7 82 35 39 2 47 61 1 68 32 68 79 43 59 68 21 70 74 50 83 35 17 77 62 
55 63 76 0 16 47 92 10 93 76 43 51 23 64 22 34 30 23 87 69 8 5 79 88 11 12 75 3 46 75 87 63 19 36 33 16 5 29 67 96 68 12 62 30 83 65 22 10 72 69 29 74 69 16 4 25 19 51 83 52 1 93 4 46 91 17 78 14 46 55 53 72 15 62 15 76 78 24 75 54 85 6 5 51 20 44 7 81 64 60 5 31 10 54 16 55 24 7 17 4 
75 64 19 16 0 9 21 62 17 16 41 76 17 47 40 56 72 56 8 33 12 59 88 25 31 58 7 35 54 31 76 50 9 80 69 66 45 16 46 9 18 28 38 31 63 4 7 21 40 80 96 7 87 60 37 96 71 84 24 70 41 79 48 14 58 25 4 60 32 12 61 72 25 54 5 77 17 65 92 15 76 80 19 54 60 17 5 10 33 38 20 0 51 98 77 38 81 33 92 70 
46 67 57 47 9 0 48 29 48 6 71 49 10 7 23 35 86 24 99 22 72 96 93 15 10 86 26 5 63 3 95 32 6 97 64 44 8 30 65 57 94 98 16 80 22 60 98 35 40 29 42 24 96 81 66 71 95 29 23 57 94 58 91 30 79 51 77 73 36 91 70 82 60 28 55 56 60 92 98 19 44 90 19 4 58 82 67 11 91 78 84 67 95 36 82 19 70 27 71 90 
46 28 39 92 21 48 0 0 21 48 91 87 74 81 52 89 18 87 86 57 62 1 51 44 29 48 24 55 21 77 19 86 22 63 90 98 87 43 81 27 48 83 83 24 19 90 65 60 46 45 35 39 21 62 22 4 83 43 66 26 28 31 6 79 56 64 33 41 69 47 86 42 88 32 50 85 91 91 39 10 82 21 70 72 49 1 23 64 13 26 32 56 2 91 36 70 7 84 7 34 
10 63 54 10 62 29 0 0 47 84 2 99 31 79 37 23 9 56 60 43 25 17 13 22 94 22 13 28 38 64 67 86 56 54 43 87 63 46 98 71 73 44 15 65 60 69 64 7 10 0 61 59 27 35 91 56 41 7 40 71 49 86 34 33 63 60 3 9 67 73 44 60 24 56 30 52 63 50 29 29 59 26 36 23 16 27 26 45 11 77 17 32 86 71 27 32 14 73 68 35 
7 10 12 93 17 48 21 47 0 74 22 23 29 70 45 57 59 64 71 13 90 8 37 86 96 18 32 33 54 65 58 95 52 88 29 95 89 62 94 40 48 89 77 65 25 35 43 24 45 99 58 59 56 34 21 55 42 50 1 9 69 13 20 40 99 62 30 2 27 24 13 38 81 51 88 85 84 79 62 49 51 76 3 4 0 72 1 97 22 40 90 65 88 64 43 17 34 21 33 37 
70 41 33 76 16 6 48 84 74 0 93 53 66 75 6 90 8 23 18 63 35 84 89 28 28 67 6 8 39 95 58 84 18 76 43 45 19 78 85 25 51 17 46 96 93 98 24 83 66 25 24 76 35 52 25 2 38 25 55 19 39 49 46 28 67 46 7 33 57 27 81 49 44 20 53 18 26 40 38 31 34 84 93 43 4 1 31 56 68 39 86 52 76 84 61 61 82 42 58 54 
31 74 65 43 41 71 91 2 22 93 0 88 59 72 78 81 79 71 12 24 95 22 69 21 89 53 33 88 86 21 26 83 35 47 19 81 64 87 41 75 79 12 62 45 19 50 34 24 50 71 11 70 43 7 72 78 89 82 90 21 31 40 50 6 51 5 9 9 31 70 97 68 21 88 53 71 77 98 84 89 50 38 81 45 38 82 92 71 32 56 65 12 36 55 44 22 89 26 79 16 
10 95 29 51 76 49 87 99 23 53 88 0 90 37 81 57 68 69 60 80 63 65 46 76 55 97 29 54 75 23 12 15 71 20 24 40 76 87 92 98 64 60 60 36 4 81 50 87 94 6 27 97 42 33 50 1 91 22 82 99 84 34 18 78 86 2 98 94 78 70 19 69 8 93 47 72 80 41 37 9 79 31 31 41 57 99 19 84 79 63 50 97 84 95 52 4 81 40 33 64 
84 6 30 23 17 10 74 31 29 66 59 90 0 27 79 59 18 56 40 76 28 56 16 61 47 94 18 47 57 60 67 69 24 70 32 34 11 17 31 95 76 72 33 90 11 16 36 40 87 0 96 50 8 88 56 76 95 25 13 73 92 89 58 37 23 84 44 73 90 86 47 55 20 54 35 30 15 78 47 43 99 24 99 68 53 54 85 67 53 35 98 75 73 35 19 16 69 8 26 68 
45 66 75 64 47 7 81 79 70 75 72 37 27 0 25 25 8 70 70 72 37 95 28 6 0 86 19 1 37 63 40 58 40 62 69 82 98 62 38 99 64 99 85 36 71 74 0 5 62 37 20 96 49 44 98 14 67 23 22 60 19 89 41 20 85 24 17 25 37 46 73 48 33 90 97 79 3 95 71 2 16 28 86 46 66 9 60 8 84 88 98 14 21 29 95 76 69 17 64 2 
58 63 94 22 40 23 52 37 45 6 78 81 79 25 0 38 62 15 73 57 79 18 14 79 30 98 22 38 28 92 55 84 19 86 68 39 16 35 91 58 65 27 11 24 5 66 72 13 20 21 49 72 14 9 80 60 51 39 69 61 82 21 42 33 44 29 76 4 66 24 42 18 61 86 1 45 43 46 4 37 85 50 58 92 39 27 45 92 31 49 39 2 77 49 52 58 25 54 72 53 
65 57 0 34 56 35 89 23 57 90 81 57 59 25 38 0 69 54 30 86 95 89 67 98 5 70 44 92 68 82 79 55 47 25 1 69 32 10 20 78 18 20 34 80 56 26 81 22 13 98 19 36 70 23 7 78 86 68 39 29 98 47 24 93 47 18 11 28 19 45 4 24 11 73 64 48 67 5 43 17 5 48 47 82 9 0 37 3 18 10 0 59 18 50 11 19 4 65 18 16 
54 27 5 30 72 86 18 9 59 8 79 68 18 8 62 69 0 41 41 9 2 94 98 26 93 25 53 59 41 42 33 1 28 23 5 24 41 68 90 88 29 58 34 26 83 97 79 14 61 94 19 12 0 7 54 15 72 1 73 54 34 32 98 12 90 34 53 69 88 11 39 84 82 34 90 72 81 96 1 45 92 56 94 40 50 92 32 44 58 6 37 4 42 9 5 8 28 76 93 56 
63 40 25 23 56 24 87 56 64 23 71 69 56 70 15 54 41 0 68 36 11 19 8 96 17 83 60 53 16 7 65 58 89 35 23 87 1 35 99 51 11 30 43 20 55 22 97 16 22 63 16 77 75 82 35 44 70 78 2 37 83 12 14 32 8 44 34 54 92 86 28 11 62 6 25 60 0 13 61 72 50 45 2 56 32 54 19 11 51 66 29 32 32 38 87 92 75 26 28 73 
35 12 99 87 8 99 86 60 71 18 12 60 40 70 73 30 41 68 0 48 46 97 15 77 5 11 1 5 15 79 4 39 84 39 30 85 27 62 27 85 79 13 76 98 67 51 78 54 35 29 40 86 95 14 38 32 34 20 50 92 27 28 83 84 58 1 84 84 46 97 16 5 68 26 93 18 27 99 50 57 46 82 56 7 89 91 79 52 1 86 71 37 59 64 36 68 71 92 99 11 
53 58 15 69 33 22 57 43 13 63 24 80 76 72 57 86 9 36 48 0 56 48 22 11 39 38 35 83 12 19 41 12 46 32 44 71 83 70 17 0 18 33 72 85 24 88 74 1 82 50 99 51 96 86 26 58 34 6 52 22 26 6 34 60 66 37 72 56 60 15 95 13 59 62 59 76 13 10 65 74 84 63 16 98 46 62 59 73 56 91 1 68 98 30 78 28 89 55 49 88 
58 49 55 8 12 72 62 25 90 35 95 63 28 37 79 95 2 11 46 56 0 73 64 24 95 79 75 10 94 99 4 10 8 29 82 39 52 33 52 85 87 95 30 44 58 57 36 72 10 47 97 59 46 60 93 53 16 97 16 34 51 61 44 25 69 50 12 2 65 73 67 39 17 3 83 99 32 81 65 25 98 32 49 19 84 88 38 77 36 71 59 48 79 8 16 86 82 99 4 7 
86 76 49 5 59 96 1 17 8 84 22 65 56 95 18 89 94 19 97 48 73 0 44 95 1 61 69 21 35 17 19 43 98 61 88 63 70 35 37 78 5 99 81 32 52 0 71 69 74 55 56 52 63 56 46 37 4 63 18 35 26 71 4 53 19 3 22 61 77 35 91 25 20 59 50 60 75 98 49 5 3 75 50 40 36 52 67 23 49 19 2 15 65 85 28 42 55 83 82 77 
45 71 95 79 88 93 51 13 37 89 69 46 16 28 14 67 98 8 15 22 64 44 0 33 69 3 43 98 3 20 86 58 36 14 60 39 44 7 74 53 6 33 19 57 24 17 78 51 87 16 24 84 43 92 25 39 22 79 57 25 73 20 39 9 7 34 93 1 1 89 91 6 11 9 48 89 15 46 33 12 20 56 52 49 15 51 73 38 24 47 22 5 38 69 3 69 88 84 79 96 
38 60 16 88 25 15 44 22 86 28 21 76 61 6 79 98 26 96 77 11 24 95 33 0 85 49 30 81 84 15 3 20 84 74 57 20 29 79 94 20 73 5 22 59 33 3 34 40 14 19 63 59 77 26 80 37 13 86 98 41 37 53 13 13 52 71 59 2 42 51 68 82 53 12 44 46 8 80 23 82 83 53 61 93 65 68 33 27 82 78 44 5 92 94 76 24 99 78 19 95 
54 3 28 11 31 10 29 94 96 28 89 55 47 0 30 5 93 17 5 39 95 1 69 85 0 21 29 46 78 49 30 4 63 29 97 76 60 31 91 69 84 73 88 51 67 53 26 50 50 45 29 42 0 61 49 72 98 45 64 25 34 97 65 17 69 62 72 25 25 93 83 42 88 40 31 51 62 48 29 42 57 79 18 46 41 97 96 22 46 34 13 66 6 62 15 15 71 42 13 94 
72 64 36 12 58 86 48 22 18 67 53 97 94 86 98 70 25 83 11 38 79 61 3 49 21 0 6 68 47 29 96 75 70 61 12 53 98 6 49 91 2 67 36 24 46 71 34 18 48 93 52 77 32 22 60 54 55 25 80 92 35 55 87 8 49 39 74 86 4 24 49 73 25 8 39 4 25 53 18 90 41 45 95 77 34 80 38 98 62 69 31 14 30 49 59 26 3 81 62 76 
85 88 63 75 7 26 24 13 32 6 33 29 18 19 22 44 53 60 1 35 75 69 43 30 29 6 0 64 44 6 69 89 55 68 34 94 54 93 10 96 20 11 80 47 82 40 96 76 43 27 26 44 45 1 44 29 23 58 9 89 59 80 7 65 14 37 73 32 73 67 19 11 24 27 8 61 76 79 84 31 27 39 90 86 95 2 47 37 72 59 72 3 79 89 47 2 89 21 25 36 
56 71 86 3 35 5 55 28 33 8 88 54 47 1 38 92 59 53 5 83 10 21 98 81 46 68 64 0 11 59 67 29 98 17 38 92 54 74 22 17 47 71 96 29 62 81 82 20 9 27 40 5 15 84 52 27 30 5 94 42 20 82 30 84 29 8 79 45 34 84 73 76 45 77 65 57 74 11 96 15 20 54 8 80 55 93 21 45 96 27 94 15 21 99 45 3 45 91 34 82 
27 10 46 46 54 63 21 38 54 39 86 75 57 37 28 68 41 16 15 12 94 35 3 84 78 47 44 11 0 86 22 87 72 16 17 22 65 99 24 70 25 67 30 41 3 41 37 78 8 16 75 41 93 25 51 99 12 36 60 83 88 93 82 45 97 65 96 87 5 70 44 92 25 98 56 42 1 97 91 69 90 65 0 72 59 58 23 5 47 80 4 43 10 67 5 21 63 80 92 37 
77 69 14 75 31 3 77 64 65 95 21 23 60 63 92 82 42 7 79 19 99 17 20 15 49 29 6 59 86 0 36 8 63 45 61 46 49 35 77 1 49 21 89 75 68 19 19 12 16 61 25 50 21 6 60 16 12 68 23 18 41 15 92 72 21 8 88 59 67 81 17 93 87 25 53 61 70 2 41 86 21 8 77 57 7 61 85 79 42 9 81 99 29 32 45 97 78 65 16 55 
3 17 99 87 76 95 19 67 58 58 26 12 67 40 55 79 33 65 4 41 4 19 86 3 30 96 69 67 22 36 0 80 48 14 70 58 82 4 19 85 14 83 50 76 3 82 9 66 54 78 50 72 15 27 87 56 33 68 30 94 43 60 46 96 18 43 12 19 34 74 65 55 96 99 56 84 77 71 77 35 97 63 42 35 86 67 35 63 12 8 95 27 29 17 87 75 93 68 61 86 
29 26 67 63 50 32 86 86 95 84 83 15 69 58 84 55 1 58 39 12 10 43 58 20 4 75 89 29 87 8 80 0 88 64 67 92 41 56 46 59 53 58 43 42 4 53 88 1 18 70 30 16 92 53 11 79 26 27 63 24 90 44 63 53 27 55 49 87 90 82 85 41 79 95 18 6 67 3 60 55 52 29 14 96 31 1 45 87 65 95 78 75 27 52 40 66 12 3 43 69 
22 89 30 19 9 6 22 56 52 18 35 71 24 40 19 47 28 89 84 46 8 98 36 84 63 70 55 98 72 63 48 88 0 49 52 57 36 99 82 7 28 78 83 32 14 91 53 4 7 20 37 68 84 4 7 22 34 87 1 82 33 19 74 66 84 35 38 12 33 73 11 12 57 33 56 96 84 81 97 55 16 78 58 82 20 3 57 93 36 91 14 62 23 54 81 48 5 79 81 42 
99 75 29 36 80 97 63 54 88 76 47 20 70 62 86 25 23 35 39 32 29 61 14 74 29 61 68 17 16 45 14 64 49 0 35 77 5 31 34 55 7 7 47 63 49 30 14 48 13 22 47 30 53 73 93 36 47 53 39 8 33 65 71 13 2 79 69 97 66 52 7 62 30 69 28 19 67 14 78 49 35 8 32 71 56 83 32 72 69 28 92 37 18 56 15 95 72 28 35 80 
68 3 82 33 69 64 90 43 29 43 19 24 32 69 68 1 5 23 30 44 82 88 60 57 97 12 34 38 17 61 70 67 52 35 0 27 46 73 95 44 44 59 33 61 88 48 5 69 17 9 6 72 32 75 87 41 54 64 77 84 90 58 31 73 30 33 95 65 87 12 43 33 25 59 62 44 44 56 7 49 87 92 60 84 48 70 51 79 32 35 14 30 84 30 38 86 32 41 81 19 
8 18 26 16 66 44 98 87 95 45 81 40 34 82 39 69 24 87 85 71 39 63 39 20 76 53 94 92 22 46 58 92 57 77 27 0 34 49 41 85 71 88 2 95 38 17 48 16 25 80 16 23 70 12 97 12 80 81 56 35 67 59 53 73 21 66 50 3 13 48 10 66 98 58 49 98 56 30 88 20 42 92 49 20 30 99 51 74 20 51 55 5 41 92 30 22 81 94 21 4 
19 2 13 5 45 8 87 63 89 19 64 76 11 98 16 32 41 1 27 83 52 70 44 29 60 98 54 54 65 49 82 41 36 5 46 34 0 27 39 67 54 13 65 88 79 71 40 26 86 15 51 56 46 71 61 87 84 20 98 48 45 32 25 16 6 9 99 46 46 35 6 19 71 75 53 75 97 29 58 81 10 94 39 24 66 65 65 42 65 80 71 42 74 59 62 22 41 8 20 57 
31 61 58 29 16 30 43 46 62 78 87 87 17 62 35 10 68 35 62 70 33 35 7 79 31 6 93 74 99 35 4 56 99 31 73 49 27 0 46 68 85 84 44 46 92 76 10 31 89 15 62 63 88 25 23 6 32 45 52 69 57 43 78 52 47 85 17 97 51 12 88 63 9 58 2 95 84 89 46 47 72 82 85 27 56 56 95 76 59 73 26 3 28 30 73 48 92 96 45 68 
19 33 21 67 46 65 81 98 94 85 41 92 31 38 91 20 90 99 27 17 52 37 74 94 91 49 10 22 24 77 19 46 82 34 95 41 39 46 0 57 6 68 57 90 33 10 40 75 87 4 0 67 36 14 70 46 79 99 90 90 62 16 82 59 59 45 96 14 8 95 16 76 14 60 79 1 96 12 96 48 3 60 24 74 47 22 89 55 83 81 71 83 74 27 61 2 78 55 10 25 
26 25 9 96 9 57 27 71 40 25 75 98 95 99 58 78 88 51 85 0 85 78 53 20 69 91 96 17 70 1 85 59 7 55 44 85 67 68 57 0 58 23 3 8 74 10 46 70 22 65 39 94 74 77 61 82 87 94 19 17 36 55 61 98 53 85 31 38 54 76 77 12 0 27 84 54 47 58 75 30 4 52 31 97 47 97 3 65 7 64 92 59 17 19 1 16 43 93 60 93 
88 51 98 68 18 94 48 73 48 51 79 64 76 64 65 18 29 11 79 18 87 5 6 73 84 2 20 47 25 49 14 53 28 7 44 71 54 85 6 58 0 1 5 63 69 70 57 19 92 65 12 5 57 46 20 92 74 59 73 84 49 82 67 59 73 77 32 10 37 5 20 48 21 80 79 46 8 31 7 31 32 92 34 88 34 43 23 23 56 80 67 89 20 87 0 84 81 98 79 97 
25 29 27 12 28 98 83 44 89 17 12 60 72 99 27 20 58 30 13 33 95 99 33 5 73 67 11 71 67 21 83 58 78 7 59 88 13 84 68 23 1 0 56 57 77 83 69 56 41 91 78 55 28 45 23 87 60 5 28 51 82 2 54 5 88 71 5 61 71 17 61 98 53 47 92 33 49 37 53 95 69 35 8 29 14 40 56 89 7 70 53 3 58 66 16 42 13 76 14 45 
68 78 88 62 38 16 83 15 77 46 62 60 33 85 11 34 34 43 76 72 30 81 19 22 88 36 80 96 30 89 50 43 83 47 33 2 65 44 57 3 5 56 0 96 36 50 49 80 28 85 33 6 81 91 97 2 76 48 97 11 68 86 57 66 23 96 5 95 47 54 24 54 89 92 91 41 78 26 41 81 19 93 47 39 10 4 44 20 26 83 72 21 70 0 41 97 0 74 84 64 
61 40 4 30 31 80 24 65 65 96 45 36 90 36 24 80 26 20 98 85 44 32 57 59 51 24 47 29 41 75 76 42 32 63 61 95 88 46 90 8 63 57 96 0 29 5 26 9 27 2 43 16 24 45 73 35 22 90 36 13 45 64 23 1 63 29 60 2 75 67 75 47 84 81 83 68 22 5 57 19 93 59 22 87 67 53 50 1 88 98 70 74 17 10 47 16 86 43 10 51 
61 59 72 83 63 22 19 60 25 93 19 4 11 71 5 56 83 55 67 24 58 52 24 33 67 46 82 62 3 68 3 4 14 49 88 38 79 92 33 74 69 77 36 29 0 62 2 1 32 93 91 50 72 2 49 99 39 31 4 99 28 23 99 86 14 43 12 39 81 16 41 17 77 11 12 87 8 1 41 52 70 11 82 99 3 0 23 62 18 95 3 16 53 96 83 1 98 10 7 26 
28 2 70 65 4 60 90 69 35 98 50 81 16 74 66 26 97 22 51 88 57 0 17 3 53 71 40 81 41 19 82 53 91 30 48 17 71 76 10 10 70 83 50 5 62 0 67 58 60 86 70 73 14 2 2 37 89 97 81 47 80 39 88 55 25 46 73 48 50 71 4 45 56 49 50 6 55 60 81 43 95 95 44 56 53 1 67 54 60 18 91 21 37 94 41 74 74 93 22 10 
90 59 96 22 7 98 65 64 43 24 34 50 36 0 72 81 79 97 78 74 36 71 78 34 26 34 96 82 37 19 9 88 53 14 5 48 40 10 40 46 57 69 49 26 2 67 0 19 26 79 83 84 54 23 10 52 2 81 58 36 93 41 40 92 33 25 88 48 30 20 58 1 47 55 79 37 43 84 4 42 8 18 59 10 16 49 37 13 68 61 0 35 18 58 94 28 0 42 4 92 
45 85 75 10 21 35 60 7 24 83 24 87 40 5 13 22 14 16 54 1 72 69 51 40 50 18 76 20 78 12 66 1 4 48 69 16 26 31 75 70 19 56 80 9 1 58 19 0 4 90 65 38 29 6 40 17 8 79 38 64 74 32 98 93 17 96 36 28 19 74 79 4 57 49 29 98 93 23 3 77 46 2 13 8 3 21 45 61 45 12 33 94 96 49 88 32 83 49 20 45 
49 55 94 72 40 40 46 10 45 66 50 94 87 62 20 13 61 22 35 82 10 74 87 14 50 48 43 9 8 16 54 18 7 13 17 25 86 89 87 22 92 41 28 27 32 60 26 4 0 2 45 59 13 50 81 20 12 29 36 39 90 73 49 52 88 1 60 95 51 93 41 6 77 67 46 9 23 25 68 96 68 44 90 97 84 65 12 56 83 57 83 9 51 52 65 31 69 61 61 18 
45 60 65 69 80 29 45 0 99 25 71 6 0 37 21 98 94 63 29 50 47 55 16 19 45 93 27 27 16 61 78 70 20 22 9 80 15 15 4 65 65 91 85 2 93 86 79 90 2 0 50 84 45 56 6 75 8 50 24 6 77 99 32 54 25 96 83 34 29 26 79 62 57 33 56 87 38 34 17 13 10 11 7 2 0 57 69 86 37 45 24 14 41 87 68 20 52 36 14 57 
58 76 41 29 96 42 35 61 58 24 11 27 96 20 49 19 19 16 40 99 97 56 24 63 29 52 26 40 75 25 50 30 37 47 6 16 51 62 0 39 12 78 33 43 91 70 83 65 45 50 0 68 44 66 87 52 16 66 58 59 89 14 26 73 48 93 38 67 91 81 9 42 53 4 47 97 69 60 45 26 31 36 10 25 82 82 76 2 34 43 33 72 10 70 46 8 86 16 53 81 
26 8 82 74 7 24 39 59 59 76 70 97 50 96 72 36 12 77 86 51 59 52 84 59 42 77 44 5 41 50 72 16 68 30 72 23 56 63 67 94 5 55 6 16 50 73 84 38 59 84 68 0 97 8 43 7 33 81 76 59 99 29 2 94 99 10 33 12 69 37 75 26 48 45 37 33 76 47 62 75 88 27 53 25 80 79 42 29 82 55 8 71 92 37 21 61 75 43 23 5 
50 22 72 69 87 96 21 27 56 35 43 42 8 49 14 70 0 75 95 96 46 63 43 77 0 32 45 15 93 21 15 92 84 53 32 70 46 88 36 74 57 28 81 24 72 14 54 29 13 45 44 97 0 27 27 30 25 30 6 54 78 12 91 56 88 78 36 2 60 83 39 68 61 28 54 59 46 96 95 73 64 23 5 96 50 3 69 70 45 75 55 33 52 64 18 54 71 62 64 4 
9 57 13 16 60 81 62 35 34 52 7 33 88 44 9 23 7 82 14 86 60 56 92 26 61 22 1 84 25 6 27 53 4 73 75 12 71 25 14 77 46 45 91 45 2 2 23 6 50 56 66 8 27 0 68 98 30 69 91 96 56 82 81 52 47 56 35 92 17 9 93 2 63 79 9 56 65 91 53 88 92 91 52 33 14 60 8 6 21 47 54 62 8 16 60 1 47 21 70 45 
50 2 15 4 37 66 22 91 21 25 72 50 56 98 80 7 54 35 38 26 93 46 25 80 49 60 44 52 51 60 87 11 7 93 87 97 61 23 70 61 20 23 97 73 49 2 10 40 81 6 87 43 27 68 0 57 76 84 73 18 61 47 39 87 59 53 34 39 40 83 46 53 33 89 85 63 80 86 98 72 4 72 2 80 6 27 6 16 79 92 2 95 42 89 70 35 37 87 56 4 
72 69 97 25 96 71 4 56 55 2 78 1 76 14 60 78 15 44 32 58 53 37 39 37 72 54 29 27 99 16 56 79 22 36 41 12 87 6 46 82 92 87 2 35 99 37 52 17 20 75 52 7 30 98 57 0 25 25 0 61 73 93 28 2 82 45 9 69 40 70 39 15 64 18 48 12 43 91 15 64 20 36 75 67 83 47 7 75 58 22 19 16 97 59 81 20 67 32 21 40 
75 32 70 19 71 95 83 41 42 38 89 91 95 67 51 86 72 70 34 34 16 4 22 13 98 55 23 30 12 12 33 26 34 47 54 80 84 32 79 87 74 60 76 22 39 89 2 8 12 8 16 33 25 30 76 25 0 31 13 1 63 8 60 33 44 93 53 21 85 47 2 19 67 37 44 73 17 21 82 9 8 51 93 69 84 8 9 29 86 22 47 0 18 23 95 24 73 36 18 76 
21 54 27 51 84 29 43 7 50 25 82 22 25 23 39 68 1 78 20 6 97 63 79 86 45 25 58 5 36 68 68 27 87 53 64 81 20 45 99 94 59 5 48 90 31 97 81 79 29 50 66 81 30 69 84 25 31 0 73 55 86 68 53 74 31 74 26 62 48 79 14 2 65 39 77 74 21 72 1 4 81 2 96 76 19 68 33 50 64 78 39 4 15 63 68 35 29 47 54 92 
51 70 72 83 24 23 66 40 1 55 90 82 13 22 69 39 73 2 50 52 16 18 57 98 64 80 9 94 60 23 30 63 1 39 77 56 98 52 90 19 73 28 97 36 4 81 58 38 36 24 58 76 6 91 73 0 13 73 0 79 67 25 75 93 42 67 45 57 14 0 89 31 66 98 26 78 2 82 36 49 27 50 74 93 17 51 21 7 83 19 15 87 75 79 38 56 87 31 65 23 
36 45 51 52 70 57 26 71 9 19 21 99 73 60 61 29 54 37 92 22 34 35 25 41 25 92 89 42 83 18 94 24 82 8 84 35 48 69 90 17 84 51 11 13 99 47 36 64 39 6 59 59 54 96 18 61 1 55 79 0 17 21 90 12 77 39 72 14 53 69 65 73 89 99 68 65 0 62 48 52 29 10 44 52 55 99 25 87 28 69 91 11 80 32 51 53 35 58 72 1 
73 16 14 1 41 94 28 49 69 39 31 84 92 19 82 98 34 83 27 26 51 26 73 37 34 35 59 20 88 41 43 90 33 33 90 67 45 57 62 36 49 82 68 45 28 80 93 74 90 77 89 99 78 56 61 73 63 86 67 17 0 31 44 58 33 41 61 42 26 7 81 58 46 57 31 56 33 16 52 76 28 63 8 55 99 9 26 95 7 27 50 99 72 3 74 8 32 54 13 13 
52 0 58 93 79 58 31 86 13 49 40 34 89 89 21 47 32 12 28 6 61 71 20 53 97 55 80 82 93 15 60 44 19 65 58 59 32 43 16 55 82 2 86 64 23 39 41 32 73 99 14 29 12 82 47 93 8 68 25 21 31 0 44 9 65 90 44 35 60 44 55 17 45 1 61 67 62 73 77 44 69 84 23 8 59 77 61 5 65 4 57 78 75 20 55 1 18 64 62 23 
49 21 80 4 48 91 6 34 20 46 50 18 58 41 42 24 98 14 83 34 44 4 39 13 65 87 7 30 82 92 46 63 74 71 31 53 25 78 82 61 67 54 57 23 99 88 40 98 49 32 26 2 91 81 39 28 60 53 75 90 44 44 0 70 62 59 72 79 90 78 40 89 30 62 41 51 52 87 99 2 45 42 10 2 88 83 29 65 23 76 53 87 18 97 37 96 76 66 33 54 
66 20 50 46 14 30 79 33 40 28 6 78 37 20 33 93 12 32 84 60 25 53 9 13 17 8 65 84 45 72 96 53 66 13 73 73 16 52 59 98 59 5 66 1 86 55 92 93 52 54 73 94 56 52 87 2 33 74 93 12 58 9 70 0 43 76 6 57 2 3 97 44 35 24 22 82 1 93 93 25 65 89 20 53 39 44 64 34 62 17 49 90 52 62 85 7 64 12 30 34 
71 98 93 91 58 79 56 63 99 67 51 86 23 85 44 47 90 8 58 66 69 19 7 52 69 49 14 29 97 21 18 27 84 2 30 21 6 47 59 53 73 88 23 63 14 25 33 17 88 25 48 99 88 47 59 82 44 31 42 77 33 65 62 43 0 22 37 95 37 66 20 0 94 62 86 14 85 17 54 45 98 24 61 26 73 17 71 45 66 10 62 60 62 59 8 25 12 74 31 31 
14 10 31 17 25 51 64 60 62 46 5 2 84 24 29 18 34 44 1 37 50 3 34 71 62 39 37 8 65 8 43 55 35 79 33 66 9 85 45 85 77 71 96 29 43 46 25 96 1 96 93 10 78 56 53 45 93 74 67 39 41 90 59 76 22 0 4 15 1 72 28 81 95 69 46 9 44 20 59 53 71 80 94 86 90 69 42 14 12 80 18 63 69 90 57 56 84 6 16 8 
66 99 43 78 4 77 33 3 30 7 9 98 44 17 76 11 53 34 84 72 12 22 93 59 72 74 73 79 96 88 12 49 38 69 95 50 99 17 96 31 32 5 5 60 12 73 88 36 60 83 38 33 36 35 34 9 53 26 45 72 61 44 72 6 37 4 0 8 27 86 2 16 97 63 64 3 31 8 80 82 65 97 69 60 48 50 98 27 24 51 97 83 77 92 96 24 41 35 29 54 
8 96 39 14 60 73 41 9 2 33 9 94 73 25 4 28 69 54 84 56 2 61 1 2 25 86 32 45 87 59 19 87 12 97 65 3 46 97 14 38 10 61 95 2 39 48 48 28 95 34 67 12 2 92 39 69 21 62 57 14 42 35 79 57 95 15 8 0 99 21 67 34 50 34 16 28 46 2 61 5 93 56 53 76 23 78 8 14 58 93 4 40 83 65 49 80 71 65 29 21 
32 32 48 46 32 36 69 67 27 57 31 78 90 37 66 19 88 92 46 60 65 77 1 42 25 4 73 34 5 67 34 90 33 66 87 13 46 51 8 54 37 71 47 75 81 50 30 19 51 29 91 69 60 17 40 40 85 48 14 53 26 60 90 2 37 1 27 99 0 81 51 44 6 18 52 65 14 31 43 42 51 9 80 32 81 14 43 87 13 10 50 87 71 98 48 14 29 74 87 23 
42 73 94 55 12 91 47 73 24 27 70 70 86 46 24 45 11 86 97 15 73 35 89 51 93 24 67 84 70 81 74 82 73 52 12 48 35 12 95 76 5 17 54 67 16 71 20 74 93 26 81 37 83 9 83 70 47 79 0 69 7 44 78 3 66 72 86 21 81 0 33 4 32 98 83 8 54 38 55 63 39 54 23 52 47 12 43 1 90 22 34 45 20 50 34 6 43 37 46 96 
80 44 16 53 61 70 86 44 13 81 97 19 47 73 42 4 39 28 16 95 67 91 91 68 83 49 19 73 44 17 65 85 11 7 43 10 6 88 16 77 20 61 24 75 41 4 58 79 41 79 9 75 39 93 46 39 2 14 89 65 81 55 40 97 20 28 2 67 51 33 0 89 27 9 57 25 80 48 16 87 61 29 15 12 52 44 53 17 90 85 56 24 85 26 36 40 49 89 65 75 
71 21 32 72 72 82 42 60 38 49 68 69 55 48 18 24 84 11 5 13 39 25 6 82 42 73 11 76 92 93 55 41 12 62 33 66 19 63 76 12 48 98 54 47 17 45 1 4 6 62 42 26 68 2 53 15 19 2 31 73 58 17 89 44 0 81 16 34 44 4 89 0 68 46 33 71 86 83 44 76 29 96 52 29 19 36 28 58 55 28 56 75 61 50 94 10 11 64 25 22 
24 11 27 15 25 60 88 24 81 44 21 8 20 33 61 11 82 62 68 59 17 20 11 53 88 25 24 45 25 87 96 79 57 30 25 98 71 9 14 0 21 53 89 84 77 56 47 57 77 57 53 48 61 63 33 64 67 65 66 89 46 45 30 35 94 95 97 50 6 32 27 68 0 83 42 86 41 55 70 54 84 72 56 96 6 65 14 31 27 32 90 58 52 5 5 25 4 89 44 78 
90 15 12 62 54 28 32 56 51 20 88 93 54 90 86 73 34 6 26 62 3 59 9 12 40 8 27 77 98 25 99 95 33 69 59 58 75 58 60 27 80 47 92 81 11 49 55 49 67 33 4 45 28 79 89 18 37 39 98 99 57 1 62 24 62 69 63 34 18 98 9 46 83 0 8 82 99 86 43 93 10 4 79 65 27 55 7 28 3 88 26 28 60 46 74 50 76 75 39 35 
33 30 27 15 5 55 50 30 88 53 53 47 35 97 1 64 90 25 93 59 83 50 48 44 31 39 8 65 56 53 56 18 56 28 62 49 53 2 79 84 79 92 91 83 12 50 79 29 46 56 47 37 54 9 85 48 44 77 26 68 31 61 41 22 86 46 64 16 52 83 57 33 42 8 0 19 42 30 74 88 17 78 84 20 76 11 73 65 36 95 8 77 14 25 45 76 68 12 6 78 
6 19 99 76 77 56 85 52 85 18 71 72 30 79 45 48 72 60 18 76 99 60 89 46 51 4 61 57 42 61 84 6 96 19 44 98 75 95 1 54 46 33 41 68 87 6 37 98 9 87 97 33 59 56 63 12 73 74 78 65 56 67 51 82 14 9 3 28 65 8 25 71 86 82 19 0 49 12 2 62 92 8 48 12 37 30 42 65 54 13 8 24 37 40 9 54 64 43 94 5 
40 54 7 78 17 60 91 63 84 26 77 80 15 3 43 67 81 0 27 13 32 75 15 8 62 25 76 74 1 70 77 67 84 67 44 56 97 84 96 47 8 49 78 22 8 55 43 93 23 38 69 76 46 65 80 43 17 21 2 0 33 62 52 1 85 44 31 46 14 54 80 86 41 99 42 49 0 2 63 46 70 90 55 94 67 59 93 12 54 59 99 62 84 70 75 8 2 16 93 23 
5 70 82 24 65 92 91 50 79 40 98 41 78 95 46 5 96 13 99 10 81 98 46 80 48 53 79 11 97 2 71 3 81 14 56 30 29 89 12 58 31 37 26 5 1 60 84 23 25 34 60 47 96 91 86 91 21 72 82 62 16 73 87 93 17 20 8 2 31 38 48 83 55 86 30 12 2 0 22 36 41 51 72 35 39 73 31 51 29 28 81 43 79 93 73 97 72 96 38 36 
7 90 35 75 92 98 39 29 62 38 84 37 47 71 4 43 1 61 50 65 65 49 33 23 29 18 84 96 91 41 77 60 97 78 7 88 58 46 96 75 7 53 41 57 41 81 4 3 68 17 45 62 95 53 98 15 82 1 36 48 52 77 99 93 54 59 80 61 43 55 16 44 70 43 74 2 63 22 0 39 48 71 88 40 90 32 98 37 73 74 40 12 86 6 80 56 20 36 64 97 
47 37 39 54 15 19 10 29 49 31 89 9 43 2 37 17 45 72 57 74 25 5 12 82 42 90 31 15 69 86 35 55 55 49 49 20 81 47 48 30 31 95 81 19 52 43 42 77 96 13 26 75 73 88 72 64 9 4 49 52 76 44 2 25 45 53 82 5 42 63 87 76 54 93 88 62 46 36 39 0 30 62 28 66 10 45 47 39 77 96 89 37 91 5 78 0 60 35 57 84 
3 44 2 85 76 44 82 59 51 34 50 79 99 16 85 5 92 50 46 84 98 3 20 83 57 41 27 20 90 21 97 52 16 35 87 42 10 72 3 4 32 69 19 93 70 95 8 46 68 10 31 88 64 92 4 20 8 81 27 29 28 69 45 65 98 71 65 93 51 39 61 29 84 10 17 92 70 41 48 30 0 99 69 89 57 9 6 16 99 35 57 78 71 62 99 87 67 55 13 71 
49 67 47 6 80 90 21 26 76 84 38 31 24 28 50 48 56 45 82 63 32 75 56 53 79 45 39 54 65 8 63 29 78 8 92 92 94 82 60 52 92 35 93 59 11 95 18 2 44 11 36 27 23 91 72 36 51 2 50 10 63 84 42 89 24 80 97 56 9 54 29 96 72 4 78 8 90 51 71 62 99 0 63 86 80 53 7 42 38 90 33 19 41 0 98 22 21 46 96 35 
75 98 61 5 19 19 70 36 3 93 81 31 99 86 58 47 94 2 56 16 49 50 52 61 18 95 90 8 0 77 42 14 58 32 60 49 39 85 24 31 34 8 47 22 82 44 59 13 90 7 10 53 5 52 2 75 93 96 74 44 8 23 10 20 61 94 69 53 80 23 15 52 56 79 84 48 55 72 88 28 69 63 0 1 23 90 71 26 51 7 83 89 59 83 89 47 19 44 44 1 
80 34 1 51 54 4 72 23 4 43 45 41 68 46 92 82 40 56 7 98 19 40 49 93 46 77 86 80 72 57 35 96 82 71 84 20 24 27 74 97 88 29 39 87 99 56 10 8 97 2 25 25 96 33 80 67 69 76 93 52 55 8 2 53 26 86 60 76 32 52 12 29 96 65 20 12 94 35 40 66 89 86 1 0 64 10 19 24 44 58 79 88 80 14 7 89 76 52 2 18 
91 30 68 20 60 58 49 16 0 4 38 57 53 66 39 9 50 32 89 46 84 36 15 65 41 34 95 55 59 7 86 31 20 56 48 30 66 56 47 47 34 14 10 67 3 53 16 3 84 0 82 80 50 14 6 83 84 19 17 55 99 59 88 39 73 90 48 23 81 47 52 19 6 27 76 37 67 39 90 10 57 80 23 64 0 19 32 15 80 98 91 76 22 67 18 90 43 33 28 73 
84 10 32 44 17 82 1 27 72 1 82 99 54 9 27 0 92 54 91 62 88 52 51 68 97 80 2 93 58 61 67 1 3 83 70 99 65 56 22 97 43 40 4 53 0 1 49 21 65 57 82 79 3 60 27 47 8 68 51 99 9 77 83 44 17 69 50 78 14 12 44 36 65 55 11 30 59 73 32 45 9 53 90 10 19 0 59 29 4 14 96 14 50 19 97 43 36 43 61 40 
86 38 68 7 5 67 23 26 1 31 92 19 85 60 45 37 32 19 79 59 38 67 73 33 96 38 47 21 23 85 35 45 57 32 51 51 65 95 89 3 23 56 44 50 23 67 37 45 12 69 76 42 69 8 6 7 9 33 21 25 26 61 29 64 71 42 98 8 43 43 53 28 14 7 73 42 93 31 98 47 6 7 71 19 32 59 0 43 13 93 50 26 71 30 33 25 58 96 53 83 
92 71 79 81 10 11 64 45 97 56 71 84 67 8 92 3 44 11 52 73 77 23 38 27 22 98 37 45 5 79 63 87 93 72 79 74 42 76 55 65 23 89 20 1 62 54 13 61 56 86 2 29 70 6 16 75 29 50 7 87 95 5 65 34 45 14 27 14 87 1 17 58 31 28 65 65 12 51 37 39 16 42 26 24 15 29 43 0 11 27 55 2 14 52 9 66 62 12 77 41 
92 72 43 64 33 91 13 11 22 68 32 79 53 84 31 18 58 51 1 56 36 49 24 82 46 62 72 96 47 42 12 65 36 69 32 20 65 59 83 7 56 7 26 88 18 60 68 45 83 37 34 82 45 21 79 58 86 64 83 28 7 65 23 62 66 12 24 58 13 90 90 55 27 3 36 54 54 29 73 77 99 38 51 44 80 4 13 11 0 27 83 92 85 96 7 41 73 42 36 54 
40 86 59 60 38 78 26 77 40 39 56 63 35 88 49 10 6 66 86 91 71 19 47 78 34 69 59 27 80 9 8 95 91 28 35 51 80 73 81 64 80 70 83 98 95 18 61 12 57 45 43 55 75 47 92 22 22 78 19 69 27 4 76 17 10 80 51 93 10 22 85 28 32 88 95 13 59 28 74 96 35 90 7 58 98 14 93 27 27 0 20 22 95 44 73 84 97 22 11 79 
87 12 68 5 20 84 32 17 90 86 65 50 98 98 39 0 37 29 71 1 59 2 22 44 13 31 72 94 4 81 95 78 14 92 14 55 71 26 71 92 67 53 72 70 3 91 0 33 83 24 33 8 55 54 2 19 47 39 15 91 50 57 53 49 62 18 97 4 50 34 56 56 90 26 8 8 99 81 40 89 57 33 83 79 91 96 50 55 83 20 0 40 17 52 53 86 96 34 98 7 
49 26 21 31 0 67 56 32 65 52 12 97 75 14 2 59 4 32 37 68 48 15 5 5 66 14 3 15 43 99 27 75 62 37 30 5 42 3 83 59 89 3 21 74 16 21 35 94 9 14 72 71 33 62 95 16 0 4 87 11 99 78 87 90 60 63 83 40 87 45 24 75 58 28 77 24 62 43 12 37 78 19 89 88 76 14 26 2 92 22 40 0 32 46 38 13 5 96 14 40 
0 55 70 10 51 95 2 86 88 76 36 84 73 21 77 18 42 32 59 98 79 65 38 92 6 30 79 21 10 29 29 27 23 18 84 41 74 28 74 17 20 58 70 17 53 37 18 96 51 41 10 92 52 8 42 97 18 15 75 80 72 75 18 52 62 69 77 83 71 20 85 61 52 60 14 37 84 79 86 91 71 41 59 80 22 50 71 14 85 95 17 32 0 65 19 76 92 31 8 56 
7 34 74 54 98 36 91 71 64 84 55 95 35 29 49 50 9 38 64 30 8 85 69 94 62 49 89 99 67 32 17 52 54 56 30 92 59 30 27 19 87 66 0 10 96 94 58 49 52 87 70 37 64 16 89 59 23 63 79 32 3 20 97 62 59 90 92 65 98 50 26 50 5 46 25 40 70 93 6 5 62 0 83 14 67 19 30 52 96 44 52 46 65 0 48 65 91 95 83 91 
61 86 50 16 77 82 36 27 43 61 44 52 19 95 52 11 5 87 36 78 16 28 3 76 15 59 47 45 5 45 87 40 81 15 38 30 62 73 61 1 0 16 41 47 83 41 94 88 65 68 46 21 18 60 70 81 95 68 38 51 74 55 37 85 8 57 96 49 48 34 36 94 5 74 45 9 75 73 80 78 99 98 89 7 18 97 33 9 7 73 53 38 19 48 0 13 14 51 65 2 
29 8 83 55 38 19 70 32 17 61 22 4 16 76 58 19 8 92 68 28 86 42 69 24 15 26 2 3 21 97 75 66 48 95 86 22 22 48 2 16 84 42 97 16 1 74 28 32 31 20 8 61 54 1 35 20 24 35 56 53 8 1 96 7 25 56 24 80 14 6 40 10 25 50 76 54 8 97 56 0 87 22 47 89 90 43 25 66 41 84 86 13 76 65 13 0 8 55 48 44 
27 40 35 24 81 70 7 14 34 82 89 81 69 69 25 4 28 75 71 89 82 55 88 99 71 3 89 45 63 78 93 12 5 72 32 81 41 92 78 43 81 13 0 86 98 74 0 83 69 52 86 75 71 47 37 67 73 29 87 35 32 18 76 64 12 84 41 71 29 43 49 11 4 76 68 64 2 72 20 60 67 21 19 76 43 36 58 62 73 97 96 5 92 91 14 8 0 17 2 37 
17 28 17 7 33 27 84 73 21 42 26 40 8 17 54 65 76 26 92 55 99 83 84 78 42 81 21 91 80 65 68 3 79 28 41 94 8 96 55 93 98 76 74 43 10 93 42 49 61 36 16 43 62 21 87 32 36 47 31 58 54 64 66 12 74 6 35 65 74 37 89 64 89 75 12 43 16 96 36 35 55 46 44 52 33 43 96 12 42 22 34 96 31 95 51 55 17 0 43 23 
1 48 77 17 92 71 7 68 33 58 79 33 26 64 72 18 93 28 99 49 4 82 79 19 13 62 25 34 92 16 61 43 81 35 81 21 20 45 10 60 79 14 84 10 7 22 4 20 61 14 53 23 64 70 56 21 18 54 65 72 13 62 33 30 31 16 29 29 87 46 65 25 44 39 6 94 93 38 64 57 13 96 44 2 28 61 53 77 36 11 98 14 8 83 65 48 2 43 0 61 
75 58 62 4 70 90 34 35 37 54 16 64 68 2 53 16 56 73 11 88 7 77 96 95 94 76 36 82 37 55 86 69 42 80 19 4 57 68 25 93 97 45 64 51 26 10 92 45 18 57 81 5 4 45 4 40 76 92 23 1 13 23 54 34 31 8 54 21 23 96 75 22 78 35 78 5 23 36 97 84 71 35 1 18 73 40 83 41 54 79 7 40 56 91 2 44 37 23 61 0 
0 11 37 63 82 61 50 30 63 11 78 70 8 72 51 45 89 86 39 95 49 84 8 16 25 76 3 0 61 82 38 48 32 57 59 76 90 53 23 85 70 30 10 88 69 92 26 71 16 95 42 80 9 20 1 49 3 12 37 10 22 60 62 53 92 53 99 20 67 22 80 79 1 61 71 78 85 37 66 74 14 88 32 1 31 33 76 60 90 87 72 40 90 73 48 93 79 38 9 44 
11 0 36 57 27 71 35 23 13 79 24 81 32 20 91 99 60 94 5 17 25 29 85 79 43 28 42 62 28 64 5 15 99 24 60 37 47 93 95 38 68 2 22 90 34 73 21 91 34 13 37 47 58 96 26 22 83 63 36 37 72 70 22 86 74 71 71 0 80 32 86 62 72 36 44 85 61 91 19 94 66 33 40 20 24 78 27 93 91 8 56 64 57 63 83 92 95 90 99 99 
37 36 0 90 79 57 54 30 31 26 53 42 16 0 44 68 78 35 42 46 43 6 11 29 5 11 45 65 69 85 41 37 68 47 19 74 16 67 7 10 2 54 72 33 38 8 41 92 61 72 78 10 10 45 2 48 77 8 69 9 9 80 59 2 38 84 18 2 57 80 52 54 44 64 52 12 62 14 15 76 46 2 75 43 51 31 46 40 29 5 14 68 6 47 59 3 32 78 11 77 
63 57 90 0 56 97 64 11 56 96 7 63 91 53 23 60 61 30 7 30 1 75 57 25 64 38 31 44 98 74 22 16 17 14 52 32 59 5 26 87 1 36 21 22 62 84 55 33 75 68 23 69 54 34 22 63 34 16 89 62 50 29 75 69 92 88 92 84 61 47 85 39 11 25 19 73 53 91 3 49 83 25 36 81 75 79 47 66 67 11 93 47 20 59 40 85 33 85 30 41 
82 27 79 56 0 54 43 53 94 71 14 5 81 5 62 68 31 6 56 94 96 67 56 19 97 1 42 57 30 57 35 88 10 62 39 42 3 93 48 24 35 91 35 86 34 97 4 84 25 19 82 69 70 65 37 78 80 56 34 99 47 13 62 14 45 23 5 71 64 11 13 56 68 36 71 96 75 67 22 60 6 8 87 24 10 89 35 82 97 37 58 20 68 31 86 56 78 75 19 56 
61 71 57 97 54 0 12 59 3 15 50 70 35 10 15 59 41 78 12 21 44 82 70 15 83 25 5 42 35 33 52 70 39 30 1 30 3 18 78 60 50 29 22 15 1 14 42 60 30 33 62 23 23 45 71 18 21 84 43 74 56 75 61 33 38 4 44 64 84 9 25 25 93 81 66 42 82 9 59 0 0 93 26 19 42 33 85 94 52 1 92 80 54 42 54 49 23 15 48 82 
50 35 54 64 43 12 0 61 93 17 59 36 14 48 96 94 9 97 19 78 37 14 86 88 35 80 14 68 99 19 60 87 29 9 99 45 76 97 17 92 49 88 75 76 13 71 56 80 72 22 29 31 26 12 57 78 96 27 2 79 39 18 53 79 15 88 76 62 79 64 23 49 11 46 6 70 50 89 72 97 5 25 95 31 68 62 25 60 22 74 93 30 65 49 27 93 94 25 80 75 
30 23 30 11 53 59 61 0 80 45 96 34 31 59 55 98 35 7 10 1 13 5 87 86 23 9 47 45 87 28 53 78 5 66 16 1 73 57 81 2 35 57 90 45 34 18 70 0 71 68 72 65 72 26 55 11 8 67 98 75 29 6 20 50 78 64 39 92 85 66 62 63 71 23 32 81 78 25 60 5 40 13 36 8 20 29 39 68 0 40 37 92 61 96 63 42 67 92 64 21 
63 13 31 56 94 3 93 80 0 1 81 40 16 90 65 89 69 73 20 40 20 11 86 38 53 45 1 40 99 99 51 86 86 99 6 49 81 96 50 32 1 72 70 57 37 93 75 30 99 34 67 40 36 38 32 46 52 57 68 10 67 99 76 73 94 50 7 54 37 12 87 23 80 30 10 17 89 6 83 46 59 48 3 21 83 48 93 19 82 35 23 17 40 74 95 9 81 53 80 48 
11 79 26 96 71 15 17 45 1 0 27 92 89 59 37 77 66 50 82 20 21 46 33 24 34 27 71 30 48 74 94 0 12 82 26 31 36 84 76 25 86 57 65 15 79 89 32 65 70 53 75 89 5 55 91 2 45 95 39 81 76 18 3 4 55 36 8 80 41 29 98 2 1 66 20 41 16 29 16 95 34 57 11 96 61 27 39 5 19 19 28 33 95 95 16 46 41 52 29 15 
78 24 53 7 14 50 59 96 81 27 0 46 21 37 88 80 63 6 79 40 77 79 39 15 12 84 37 7 52 22 33 30 30 44 88 86 81 66 93 84 10 17 49 96 90 79 43 82 74 56 47 52 54 4 22 80 56 40 1 39 24 85 34 48 10 1 12 62 13 18 36 58 38 73 83 1 61 12 94 84 67 9 58 22 90 90 49 68 95 46 23 82 8 52 45 96 79 94 0 57 
70 81 42 63 5 70 36 34 40 92 46 0 3 25 20 80 2 81 11 19 5 77 0 98 4 55 95 83 42 62 49 30 29 87 76 5 7 54 42 91 53 22 12 48 59 20 85 10 15 74 22 85 47 92 59 93 74 82 40 61 7 13 35 75 68 36 59 80 52 34 4 22 33 56 13 16 90 19 85 30 64 55 55 40 65 93 1 54 26 1 92 72 37 95 73 55 81 6 71 23 
8 32 16 91 81 35 14 31 16 89 21 3 0 45 75 49 72 84 56 18 83 15 0 80 17 1 66 13 62 22 18 39 63 72 2 61 26 59 19 40 6 80 79 34 56 14 32 91 80 91 71 63 15 63 29 34 83 90 6 2 58 88 90 76 60 7 96 96 93 58 82 78 14 23 91 22 6 74 15 82 83 88 30 37 25 84 16 64 96 9 11 5 9 84 85 41 69 93 79 90 
72 20 0 53 5 10 48 59 90 59 37 25 45 0 67 44 64 62 21 31 91 80 84 26 18 64 1 35 62 60 57 76 37 45 54 60 71 66 22 53 59 5 69 60 69 20 48 84 6 38 26 2 83 72 84 86 2 17 25 19 15 8 45 5 43 45 55 8 98 93 82 75 13 70 42 71 9 36 53 63 31 16 47 74 84 54 65 28 57 14 94 57 98 28 74 35 49 12 23 58 
51 91 44 23 62 15 96 55 65 37 88 20 75 67 0 64 65 76 19 59 35 31 68 16 61 47 51 87 15 42 52 73 78 6 6 85 22 56 28 94 92 89 38 72 59 51 37 68 9 41 44 51 83 90 94 43 13 46 9 17 61 21 81 46 73 72 83 62 32 52 57 34 76 29 65 41 78 67 76 25 79 87 37 8 92 88 28 24 42 77 75 31 92 8 76 55 27 33 27 69 
45 99 68 60 68 59 94 98 89 77 80 80 49 44 64 0 73 87 71 71 48 14 94 64 69 34 45 65 19 10 67 83 2 57 99 74 33 71 61 9 43 57 72 73 86 63 61 96 36 18 14 25 66 6 14 35 29 47 2 20 1 67 47 93 28 11 11 94 74 45 43 56 9 3 96 17 25 18 11 2 48 24 27 40 39 31 56 69 83 21 68 57 50 81 21 8 33 34 12 45 
89 60 78 61 31 41 9 35 69 66 63 2 72 64 65 73 0 44 23 61 58 15 76 70 29 40 5 53 33 75 35 28 48 12 47 64 48 96 51 31 89 16 61 64 62 44 83 17 33 88 37 6 94 39 98 43 21 7 50 40 8 2 34 20 1 23 65 31 16 61 50 72 99 77 23 23 83 50 8 14 56 65 30 90 99 19 28 27 80 45 25 69 5 24 82 82 69 84 91 49 
86 94 35 30 6 78 97 7 73 50 6 81 84 62 76 87 44 0 97 56 66 67 4 59 71 87 22 10 34 66 20 40 6 0 39 0 84 27 56 41 4 16 87 15 4 12 85 99 72 7 75 84 50 15 90 78 17 41 91 21 21 77 85 86 77 74 47 51 98 70 77 90 8 14 31 24 62 24 39 36 28 93 51 83 82 5 57 87 82 7 1 65 18 37 32 85 4 68 4 12 
39 5 42 7 56 12 19 10 20 82 79 11 56 21 19 71 23 97 0 99 91 45 88 28 8 56 48 39 63 9 24 73 69 22 27 34 55 73 85 9 72 35 63 10 51 1 32 96 37 26 35 89 24 39 31 7 62 64 3 12 33 46 52 38 93 35 62 77 91 47 89 0 29 28 76 35 99 19 87 84 23 68 11 92 98 20 0 43 41 81 13 46 67 27 39 92 61 33 49 96 
95 17 46 30 94 21 78 1 40 20 40 19 18 31 59 71 61 56 99 0 57 20 10 0 89 4 45 33 23 62 8 97 44 11 92 13 88 25 6 24 94 67 40 55 48 49 78 45 93 75 88 44 45 73 5 50 45 2 89 60 66 58 77 64 2 9 68 16 67 81 4 73 47 2 70 46 88 83 36 61 89 41 47 4 59 40 4 36 21 10 33 65 59 95 52 14 90 0 74 89 
49 25 43 1 96 44 37 13 20 21 77 5 83 91 35 48 58 66 91 57 0 83 12 39 88 77 97 13 39 73 43 40 75 28 93 87 69 40 28 71 79 29 19 68 0 70 31 23 10 53 38 10 44 36 92 44 40 80 85 71 64 19 31 97 19 71 38 72 1 16 19 32 27 86 87 14 20 78 88 93 14 19 6 14 58 6 68 28 29 68 48 83 33 41 59 91 50 43 18 90 
84 29 6 75 67 82 14 5 11 46 79 77 15 80 31 14 15 67 45 20 83 0 93 50 44 5 81 8 80 17 68 11 46 17 77 23 64 85 98 52 42 61 31 14 21 86 12 48 55 53 24 78 14 48 15 63 46 22 67 66 2 99 84 58 6 47 21 31 12 44 0 72 60 63 30 63 29 62 3 46 1 26 41 5 30 57 9 97 92 98 49 52 72 95 45 15 68 28 39 60 
8 85 11 57 56 70 86 87 86 33 39 0 0 84 68 94 76 4 88 10 12 93 0 99 57 73 1 40 67 83 71 32 22 8 88 24 73 3 6 22 52 23 17 41 68 20 2 22 61 19 67 22 36 36 1 70 15 36 3 47 46 49 77 36 61 22 72 44 62 34 28 3 19 88 46 7 95 27 61 17 1 68 88 79 36 8 68 47 76 28 90 0 46 66 2 76 13 21 41 8 
16 79 29 25 19 15 88 86 38 24 15 98 80 26 16 64 70 59 28 0 39 50 99 0 82 98 45 56 38 83 9 51 14 59 95 20 67 23 85 98 59 76 32 88 61 80 90 78 28 69 57 76 81 10 66 57 99 23 62 98 73 12 3 56 26 68 63 52 69 98 64 59 9 12 24 72 69 75 77 68 0 48 66 22 6 9 53 30 26 14 93 21 44 30 92 36 25 87 0 61 
25 43 5 64 97 83 35 23 53 34 12 4 17 18 61 69 29 71 8 89 88 44 57 82 0 75 90 69 98 54 3 28 8 86 44 83 8 90 81 37 87 55 71 4 29 20 77 23 92 17 97 34 98 29 60 3 72 25 49 20 28 99 73 85 97 60 68 35 98 52 51 80 25 4 21 59 54 39 71 63 77 49 30 54 35 13 57 62 99 70 89 77 53 24 44 31 9 89 72 97 
76 28 11 38 1 25 80 9 45 27 84 55 1 64 47 34 40 87 56 4 77 5 73 98 75 0 75 60 95 98 77 99 30 82 83 25 83 45 0 67 90 97 70 44 21 83 79 6 96 88 81 12 31 19 75 90 11 55 73 89 48 44 26 17 24 79 70 64 61 34 3 0 35 37 59 1 62 98 44 30 45 52 37 15 98 90 53 2 45 40 2 30 59 8 94 7 89 51 23 79 
3 42 45 31 42 5 14 47 1 71 37 95 66 1 51 45 5 22 48 45 97 81 1 45 90 75 0 11 71 44 15 7 62 63 85 81 63 85 22 86 1 62 53 23 71 29 54 98 26 91 24 38 0 80 62 38 30 85 31 10 20 22 36 30 22 32 80 6 48 90 99 30 47 51 79 52 78 35 23 73 47 7 41 61 52 77 47 79 50 46 53 13 61 77 89 8 59 64 16 52 
0 62 65 44 57 42 68 45 40 30 7 83 13 35 87 65 53 10 39 33 13 8 40 56 69 60 11 0 24 59 64 56 10 16 38 61 85 76 97 39 31 8 79 41 63 48 52 38 87 14 86 74 43 47 49 54 44 81 99 27 17 74 13 97 97 59 37 45 30 79 58 29 32 63 10 63 43 57 1 68 58 26 80 68 36 33 51 87 63 83 97 79 45 56 21 64 70 64 74 73 
61 28 69 98 30 35 99 87 99 48 52 42 62 62 15 19 33 34 63 23 39 80 67 38 98 95 71 24 0 65 2 86 19 82 54 35 8 71 15 11 78 79 63 64 9 82 65 51 72 93 82 5 97 98 31 54 69 33 51 42 59 43 82 95 90 77 99 64 40 68 95 50 75 41 26 33 93 52 5 23 44 61 11 92 20 39 21 86 31 17 44 8 48 35 30 62 85 9 47 62 
82 64 85 74 57 33 19 28 99 74 22 62 22 60 42 10 75 66 9 62 73 17 83 83 54 98 44 59 65 0 88 2 64 74 72 51 55 31 46 70 19 51 63 83 35 53 61 71 87 71 70 2 1 86 91 24 25 86 23 44 63 95 81 18 2 28 71 29 86 10 36 21 80 76 42 94 73 73 95 94 11 59 60 31 27 7 70 44 8 55 75 58 27 22 76 36 62 74 79 26 
38 5 41 22 35 52 60 53 51 94 33 49 18 57 52 67 35 20 24 8 43 68 71 9 3 77 15 64 2 88 0 74 79 82 86 15 59 61 46 35 71 65 56 96 80 5 95 25 81 22 76 99 38 4 56 74 88 65 82 45 17 55 12 65 68 16 6 98 31 99 35 69 47 53 79 42 79 83 21 53 14 50 34 57 34 11 28 57 9 48 21 63 64 18 85 80 55 99 49 30 
48 15 37 16 88 70 87 78 86 0 30 30 39 76 73 83 28 40 73 97 40 11 32 51 28 99 7 56 86 2 74 0 28 86 57 68 37 56 58 46 24 61 44 12 12 71 91 20 53 1 30 48 6 24 87 28 22 44 38 46 44 72 13 39 19 97 50 7 18 63 39 4 68 37 35 56 15 56 88 84 23 34 78 47 32 32 37 63 82 14 62 85 81 85 3 86 46 37 1 59 
32 99 68 17 10 39 29 5 86 12 30 29 63 37 78 2 48 6 69 44 75 46 22 14 8 30 62 10 19 64 79 28 0 9 69 95 17 97 92 74 30 5 84 53 96 80 2 0 13 1 48 30 7 22 29 65 75 36 22 30 34 12 71 39 37 16 56 93 10 84 41 70 65 56 27 26 31 8 35 68 44 63 88 81 10 28 80 86 36 17 15 27 89 57 92 73 67 67 30 56 
57 24 47 14 62 30 9 66 99 82 44 87 72 45 6 57 12 0 22 11 28 17 8 59 86 82 63 16 82 74 82 86 9 0 36 38 29 33 85 18 35 60 17 38 56 41 76 52 24 0 56 57 30 74 65 86 59 38 58 27 66 93 73 54 2 30 41 81 46 71 25 88 94 15 66 24 91 72 73 21 51 90 48 6 29 17 5 22 91 74 5 94 62 17 96 95 89 5 49 11 
59 60 19 52 39 1 99 16 6 26 88 76 2 54 6 99 47 39 27 92 93 77 88 95 44 83 85 38 54 72 86 57 69 36 0 52 66 65 59 79 50 77 86 37 90 8 59 40 97 77 92 12 33 73 46 84 28 47 10 41 98 88 82 13 94 41 37 1 37 64 74 52 81 44 94 35 55 68 61 21 87 15 97 11 4 76 41 84 47 77 6 87 41 79 70 79 48 19 31 59 
76 37 74 32 42 30 45 1 49 31 86 5 61 60 85 74 64 0 34 13 87 23 24 20 83 25 81 61 35 51 15 68 95 38 52 0 40 17 47 27 78 13 95 4 84 75 64 83 98 29 91 75 89 14 34 2 56 21 11 54 52 0 11 97 65 20 77 62 37 79 41 43 21 21 40 8 75 14 72 6 74 6 38 72 36 85 19 47 83 62 38 30 83 39 48 88 1 57 97 83 
90 47 16 59 3 3 76 73 81 36 81 7 26 71 22 33 48 84 55 88 69 64 73 67 8 83 63 85 8 55 59 37 17 29 66 40 0 80 89 49 77 55 44 33 8 80 65 85 54 28 92 95 91 20 5 75 3 26 56 72 71 85 56 72 44 65 47 87 97 83 58 88 39 76 0 82 20 21 6 35 58 96 96 73 55 78 45 46 30 38 85 36 23 49 75 26 14 54 23 31 
53 93 67 5 93 18 97 57 96 84 66 54 59 66 56 71 96 27 73 25 40 85 3 23 90 45 85 76 71 31 61 56 97 33 65 17 80 0 17 15 55 13 8 16 47 81 35 25 37 52 10 91 93 97 71 14 62 79 53 89 18 70 90 72 12 73 25 3 21 88 67 3 53 64 80 53 23 3 44 42 61 29 37 52 17 40 41 22 32 16 20 3 85 35 51 98 15 53 17 24 
23 95 7 26 48 78 17 81 50 76 93 42 19 22 28 61 51 56 85 6 28 98 6 85 81 0 22 97 15 46 46 58 92 85 59 47 89 17 0 12 10 89 52 56 40 78 25 24 63 10 10 96 86 18 88 61 86 38 96 71 22 77 53 24 56 18 13 97 33 53 68 84 68 60 51 77 98 31 49 94 12 91 31 75 96 10 72 25 54 1 32 93 94 45 10 70 24 28 69 80 
85 38 10 87 24 60 92 2 32 25 84 91 40 53 94 9 31 41 9 24 71 52 22 98 37 67 86 39 11 70 35 46 74 18 79 27 49 15 12 0 45 88 19 97 66 57 57 10 11 46 83 51 38 1 12 58 54 32 66 22 8 22 90 78 69 60 32 12 23 16 50 7 31 83 81 14 60 15 29 30 16 21 38 33 19 92 62 53 49 13 93 40 88 55 76 77 23 35 41 7 
70 68 2 1 35 50 49 35 1 86 10 53 6 59 92 43 89 4 72 94 79 42 52 59 87 90 1 31 78 19 71 24 30 35 50 78 77 55 10 45 0 67 30 31 73 55 86 51 22 19 99 74 2 54 79 18 25 51 17 78 85 86 69 97 77 42 96 91 63 14 27 50 40 50 31 86 55 3 65 43 45 8 97 69 73 93 33 85 14 75 8 96 4 53 85 22 81 9 2 28 
30 2 54 36 91 29 88 57 72 57 17 22 80 5 89 57 16 16 35 67 29 61 23 76 55 97 62 8 79 51 65 61 5 60 77 13 55 13 89 88 67 0 22 66 69 2 84 66 86 27 21 62 15 82 74 42 98 55 97 75 4 83 78 79 55 76 47 13 97 51 43 9 80 69 5 4 28 55 44 24 84 76 26 26 98 79 24 32 44 63 81 83 61 44 39 15 31 49 90 38 
10 22 72 21 35 22 75 90 70 65 49 12 79 69 38 72 61 87 63 40 19 31 17 32 71 70 53 79 63 63 56 44 84 17 86 95 44 8 52 19 30 22 0 89 83 59 63 24 64 64 99 91 82 5 43 86 14 50 2 62 54 3 74 37 7 76 61 34 16 25 25 71 33 19 83 65 58 84 74 75 17 20 13 51 16 82 43 75 88 75 87 92 86 50 83 20 47 44 51 22 
88 90 33 22 86 15 76 45 57 15 96 48 34 60 72 73 64 15 10 55 68 14 41 88 4 44 23 41 64 83 96 12 53 38 37 4 33 16 56 97 31 66 89 0 12 28 46 86 57 25 6 84 92 29 9 48 13 53 5 32 41 49 88 82 82 57 49 99 93 86 14 75 26 14 48 30 95 14 24 99 25 3 8 55 68 45 46 90 47 40 13 16 56 1 14 46 63 10 1 90 
69 34 38 62 34 1 13 34 37 79 90 59 56 69 59 86 62 4 51 48 0 21 68 61 29 21 71 63 9 35 80 12 96 56 90 84 8 47 40 66 73 69 83 12 0 16 67 99 81 47 91 49 95 89 43 98 91 95 15 79 87 54 19 71 20 8 4 14 47 49 22 95 81 46 41 97 59 41 27 63 71 21 34 18 24 17 0 76 16 99 80 22 64 54 13 19 28 92 50 9 
92 73 8 84 97 14 71 18 93 89 79 20 14 20 51 63 44 12 1 49 70 86 20 80 20 83 29 48 82 53 5 71 80 41 8 75 80 81 78 57 55 2 59 28 16 0 15 63 59 0 23 27 83 5 34 54 75 64 11 35 9 5 8 58 77 33 44 64 28 38 79 22 50 67 4 81 82 68 81 37 80 61 78 54 5 87 77 83 23 67 31 81 27 50 53 27 69 9 41 3 
26 21 41 55 4 42 56 70 75 32 43 85 32 48 37 61 83 85 32 78 31 12 2 90 77 79 54 52 65 61 95 91 2 76 59 64 65 35 25 57 86 84 63 46 67 15 0 43 77 74 47 68 30 53 64 43 61 65 95 93 95 59 69 99 56 63 3 74 92 86 67 60 73 49 0 13 22 44 98 9 7 12 74 17 82 81 84 9 52 27 45 59 41 28 58 12 77 37 36 84 
71 91 92 33 84 60 80 0 30 65 82 10 91 84 68 96 17 99 96 45 23 48 22 78 23 6 98 38 51 71 25 20 0 52 40 83 85 25 24 10 51 66 24 86 99 63 43 0 50 90 22 65 31 44 37 31 45 92 84 85 99 1 83 93 42 59 69 2 79 76 45 47 28 95 23 95 23 2 65 43 95 49 32 56 72 16 36 74 85 87 30 7 34 62 61 40 97 96 13 16 
16 34 61 75 25 30 72 71 99 70 74 15 80 6 9 36 33 72 37 93 10 55 61 28 92 96 26 87 72 87 81 53 13 24 97 98 54 37 63 11 22 86 64 57 81 59 77 50 0 42 57 62 3 34 45 98 67 33 5 68 16 76 2 88 47 7 40 0 2 83 60 46 92 68 11 64 76 30 20 5 28 52 35 63 62 0 29 74 49 31 20 8 21 64 9 87 61 9 28 13 
95 13 72 68 19 33 22 68 34 53 56 74 91 38 41 18 88 7 26 75 53 53 19 69 17 88 91 14 93 71 22 1 1 0 77 29 28 52 10 46 19 27 64 25 47 0 74 90 42 0 72 89 51 85 0 82 45 45 96 67 7 20 91 34 4 80 47 84 59 71 77 59 82 24 65 98 5 78 8 71 53 51 26 22 9 68 90 60 61 89 86 76 17 35 35 29 11 1 26 67 
42 37 78 23 82 62 29 72 67 75 47 22 71 26 44 14 37 75 35 88 38 24 67 57 97 81 24 86 82 70 76 30 48 56 92 91 92 10 10 83 99 21 99 6 91 23 47 22 57 72 0 38 56 63 12 89 15 97 40 92 52 72 69 99 73 43 23 14 19 61 72 14 24 73 64 92 38 29 27 91 73 46 77 48 38 57 38 17 97 22 43 58 36 31 14 38 33 54 25 42 
80 47 10 69 69 23 31 65 40 89 52 85 63 2 51 25 6 84 89 44 10 78 22 76 34 12 38 74 5 2 99 48 30 57 12 75 95 91 96 51 74 62 91 84 49 27 68 65 62 89 38 0 14 54 88 93 9 33 84 29 34 65 49 34 94 46 52 47 41 47 23 26 56 76 57 27 33 66 4 81 7 49 28 16 72 76 71 17 41 41 17 97 31 93 8 17 64 78 57 87 
9 58 10 54 70 23 26 72 36 5 54 47 15 83 83 66 94 50 24 45 44 14 36 81 98 31 0 43 97 1 38 6 7 30 33 89 91 93 86 38 2 15 82 92 95 83 30 31 3 51 56 14 0 46 22 74 27 70 62 31 74 54 51 46 64 38 84 46 54 68 99 72 2 41 56 36 26 15 28 35 87 92 49 51 58 58 63 39 99 41 83 46 69 69 64 2 79 75 61 79 
20 96 45 34 65 45 12 26 38 55 4 92 63 72 90 6 39 15 39 73 36 48 36 10 29 19 80 47 98 86 4 24 22 74 73 14 20 97 18 1 54 82 5 29 89 5 53 44 34 85 63 54 46 0 95 40 72 89 67 25 94 26 60 47 11 81 76 55 28 21 24 37 57 33 42 98 63 75 17 4 47 0 67 18 74 42 60 19 57 10 20 23 94 85 4 65 66 97 29 78 
1 26 2 22 37 71 57 55 32 91 22 59 29 84 94 14 98 90 31 5 92 15 1 66 60 75 62 49 31 91 56 87 29 65 46 34 5 71 88 12 79 74 43 9 43 34 64 37 45 0 12 88 22 95 0 61 34 72 41 14 32 40 43 52 33 43 77 34 66 80 39 11 99 22 67 66 64 31 91 91 63 22 38 52 4 67 12 48 54 54 72 56 61 4 45 37 79 93 75 43 
49 22 48 63 78 18 78 11 46 2 80 93 34 86 43 35 43 78 7 50 44 63 70 57 3 90 38 54 54 24 74 28 65 86 84 2 75 14 61 58 18 42 86 48 98 54 43 31 98 82 89 93 74 40 61 0 40 38 65 97 40 32 96 90 37 53 0 98 17 17 78 87 74 1 89 9 6 14 73 73 96 30 64 87 0 72 92 28 66 81 83 45 82 16 20 0 77 57 43 54 
3 83 77 34 80 21 96 8 52 45 56 74 83 2 13 29 21 17 62 45 40 46 15 99 72 11 30 44 69 25 88 22 75 59 28 56 3 62 86 54 25 98 14 13 91 75 61 45 67 45 15 9 27 72 34 40 0 53 45 40 0 93 59 3 39 41 27 68 32 91 5 8 8 13 37 92 98 6 8 26 96 12 95 77 60 93 9 34 45 92 40 23 44 37 64 46 65 77 19 90 
12 63 8 16 56 84 27 67 57 95 40 82 90 17 46 47 7 41 64 2 80 22 36 23 25 55 85 81 33 86 65 44 36 38 47 21 26 79 38 32 51 55 50 53 95 64 65 92 33 45 97 33 70 89 72 38 53 0 21 91 60 21 79 5 29 5 70 21 42 33 91 2 21 13 40 18 17 53 15 18 98 30 81 36 28 15 6 66 13 51 16 60 4 77 33 67 5 94 1 56 
37 36 69 89 34 43 2 98 68 39 1 40 6 25 9 2 50 91 3 89 85 67 3 62 49 73 31 99 51 23 82 38 22 58 10 11 56 53 96 66 17 97 2 5 15 11 95 84 5 96 40 84 62 67 41 65 45 21 0 87 96 53 79 60 56 86 49 46 35 62 49 73 79 71 48 32 19 47 38 11 14 98 51 22 36 3 41 56 38 6 86 89 23 74 16 12 35 7 97 5 
10 37 9 62 99 74 79 75 10 81 39 61 2 19 17 20 40 21 12 60 71 66 47 98 20 89 10 27 42 44 45 46 30 27 41 54 72 89 71 22 78 75 62 32 79 35 93 85 68 67 92 29 31 25 14 97 40 91 87 0 98 49 96 17 71 71 44 3 58 35 77 45 70 59 35 46 31 70 78 88 8 12 29 24 45 60 70 7 16 98 67 87 62 91 55 25 56 33 54 40 
22 72 9 50 47 56 39 29 67 76 24 7 58 15 61 1 8 21 33 66 64 2 46 73 28 48 20 17 59 63 17 44 34 66 98 52 71 18 22 8 85 4 54 41 87 9 95 99 16 7 52 34 74 94 32 40 0 60 96 98 0 95 23 41 64 32 77 24 85 37 54 53 94 56 85 16 75 29 15 38 3 40 35 40 34 69 75 80 95 18 45 97 17 64 40 44 35 28 89 62 
60 70 80 29 13 75 18 6 99 18 85 13 88 8 21 67 2 77 46 58 19 99 49 12 99 44 22 74 43 95 55 72 12 93 88 0 85 70 77 22 86 83 3 49 54 5 59 1 76 20 72 65 54 26 40 32 93 21 53 49 95 0 23 20 76 30 36 30 95 5 98 23 80 9 52 84 19 58 78 64 73 71 96 0 43 1 65 74 48 54 62 89 0 37 49 74 29 59 61 63 
62 22 59 75 62 61 53 20 76 3 34 35 90 45 81 47 34 85 52 77 31 84 77 3 73 26 36 13 82 81 12 13 71 73 82 11 56 90 53 90 69 78 74 88 19 8 69 83 2 91 69 49 51 60 43 96 59 79 79 96 23 23 0 76 86 65 44 62 33 43 52 86 65 76 40 42 34 79 98 59 93 31 24 14 25 21 23 49 91 1 28 7 11 49 82 51 55 11 4 34 
53 86 2 69 14 33 79 50 73 4 48 75 76 5 46 93 20 86 38 64 97 58 36 56 85 17 30 97 95 18 65 39 39 54 13 97 72 72 24 78 97 79 37 82 71 58 99 93 88 34 99 34 46 47 52 90 3 5 60 17 41 20 76 0 45 94 55 86 26 74 85 92 56 7 0 0 54 90 35 18 86 97 31 10 62 88 15 63 27 42 10 15 57 93 18 55 2 82 4 41 
92 74 38 92 45 38 15 78 94 55 10 68 60 43 73 28 1 77 93 2 19 6 61 26 97 24 22 97 90 2 68 19 37 2 94 65 44 12 56 69 77 55 7 82 20 77 56 42 47 4 73 94 64 11 33 37 39 29 56 71 64 76 86 45 0 62 7 0 65 92 95 59 55 51 77 8 39 36 79 32 81 60 63 97 52 14 46 5 35 8 93 36 38 86 38 61 46 33 72 50 
53 71 84 88 23 4 88 64 50 36 1 36 7 45 72 11 23 74 35 9 71 47 22 68 60 79 32 59 77 28 16 97 16 30 41 20 65 73 18 60 42 76 76 57 8 33 63 59 7 80 43 46 38 81 43 53 41 5 86 71 32 30 65 94 62 0 99 48 32 77 45 71 81 72 15 45 16 48 18 25 12 99 90 85 1 76 22 78 21 60 6 69 78 78 1 97 42 91 85 57 
99 71 18 92 5 44 76 39 7 8 12 59 96 55 83 11 65 47 62 68 38 21 72 63 68 70 80 37 99 71 6 50 56 41 37 77 47 25 13 32 96 47 61 49 4 44 3 69 40 47 23 52 84 76 77 0 27 70 49 44 77 36 44 55 7 99 0 32 8 18 35 42 53 87 5 7 15 43 2 15 32 66 75 74 19 54 28 67 52 15 95 69 41 93 37 55 84 43 51 44 
20 0 2 84 71 64 62 92 54 80 62 80 96 8 62 94 31 51 77 16 72 31 44 52 35 64 6 45 64 29 98 7 93 81 1 62 87 3 97 12 91 13 34 99 14 64 74 2 0 84 14 47 46 55 34 98 68 21 46 3 24 30 62 86 0 48 32 0 3 51 22 42 73 38 58 9 38 99 0 31 43 75 77 35 23 60 4 37 65 76 94 99 7 65 50 61 6 38 7 33 
67 80 57 61 64 84 79 85 37 41 13 52 93 98 32 74 16 98 91 67 1 12 62 69 98 61 48 30 40 86 31 18 10 46 37 37 97 21 33 23 63 97 16 93 47 28 92 79 2 59 19 41 54 28 66 17 32 42 35 58 85 95 33 26 65 32 8 3 0 18 0 6 40 83 82 60 30 40 75 72 84 93 86 98 92 97 51 43 61 99 98 25 39 95 95 47 45 98 98 68 
22 32 80 47 11 9 64 66 12 29 18 34 58 93 52 45 61 70 47 81 16 44 34 98 52 34 90 79 68 10 99 63 84 71 64 79 83 88 53 16 14 51 25 86 49 38 86 76 83 71 61 47 68 21 80 17 91 33 62 35 37 5 43 74 92 77 18 51 18 0 21 1 89 5 59 81 39 60 12 4 67 50 75 63 62 80 89 93 94 46 74 6 67 93 42 69 24 86 24 96 
80 86 52 85 13 25 23 62 87 98 36 4 82 82 57 43 50 77 89 4 19 0 28 64 51 3 99 58 95 36 35 39 41 25 74 41 58 67 68 50 27 43 25 14 22 79 67 45 60 77 72 23 99 24 39 78 5 91 49 77 54 98 52 85 95 45 35 22 0 21 0 43 81 66 16 49 96 80 95 83 68 31 3 17 26 50 36 31 1 18 31 80 18 47 16 58 99 79 22 23 
79 62 54 39 56 25 49 63 23 2 58 22 78 75 34 56 72 90 0 73 32 72 3 59 80 0 30 29 50 21 69 4 70 88 52 43 88 3 84 7 50 9 71 75 95 22 60 47 46 59 14 26 72 37 11 87 8 2 73 45 53 23 86 92 59 71 42 42 6 1 43 0 93 77 48 58 41 76 6 62 7 78 72 32 34 52 35 0 31 19 42 28 83 48 35 35 10 72 19 10 
1 72 44 11 68 93 11 71 80 1 38 33 14 13 76 9 99 8 29 47 27 60 19 9 25 35 47 32 75 80 47 68 65 94 81 21 39 53 68 31 40 80 33 26 81 50 73 28 92 82 24 56 2 57 99 74 8 21 79 70 94 80 65 56 55 81 53 73 40 89 81 93 0 48 53 84 35 45 99 1 47 27 69 4 19 76 65 13 2 27 70 96 74 63 11 30 45 94 47 89 
61 36 64 25 36 81 46 23 30 66 73 56 23 70 29 3 77 14 28 2 86 63 88 12 4 37 51 63 41 76 53 37 56 15 44 21 76 64 60 83 50 69 19 14 46 67 49 95 68 24 73 76 41 33 22 1 13 13 71 59 56 9 76 7 51 72 87 38 83 5 66 77 48 0 92 13 79 36 83 91 77 74 29 15 15 83 67 10 45 46 19 88 3 55 35 44 71 76 8 8 
71 44 52 19 71 66 6 32 10 20 83 13 91 42 65 96 23 31 76 70 87 30 46 24 21 59 79 10 26 42 79 35 27 66 94 40 0 80 51 81 31 5 83 48 41 4 0 23 11 65 64 57 56 42 67 89 37 40 48 35 85 52 40 0 77 15 5 58 82 59 16 48 53 92 0 67 6 92 22 6 58 89 41 8 98 5 26 80 24 10 47 13 30 90 47 16 15 23 76 71 
78 85 12 73 96 42 70 81 17 41 1 16 22 71 41 17 23 24 35 46 14 63 7 72 59 1 52 63 33 94 42 56 26 24 35 8 82 53 77 14 86 4 65 30 97 81 13 95 64 98 92 27 36 98 66 9 92 18 32 46 16 84 42 0 8 45 7 9 60 81 49 58 84 13 67 0 4 64 23 61 51 84 8 73 96 74 18 83 4 60 41 75 63 39 13 2 47 61 47 4 
85 61 62 53 75 82 50 78 89 16 61 90 6 9 78 25 83 62 99 88 20 29 95 69 54 62 78 43 93 73 79 15 31 91 55 75 20 23 98 60 55 28 58 95 59 82 22 23 76 5 38 33 26 63 64 6 98 17 19 31 75 19 34 54 39 16 15 38 30 39 96 41 35 79 6 4 0 63 14 48 91 1 54 77 19 55 71 24 51 83 13 83 95 39 89 87 58 81 50 56 
37 91 14 91 67 9 89 25 6 29 12 19 74 36 67 18 50 24 19 83 78 62 27 75 39 98 35 57 52 73 83 56 8 72 68 14 21 3 31 15 3 55 84 14 41 68 44 2 30 78 29 66 15 75 31 14 6 53 47 70 29 58 79 90 36 48 43 99 40 60 80 76 45 36 92 64 63 0 32 34 70 41 28 55 72 31 87 72 44 16 30 16 83 71 79 39 60 24 65 85 
66 19 15 3 22 59 72 60 83 16 94 85 15 53 76 11 8 39 87 36 88 3 61 77 71 44 23 1 5 95 21 88 35 73 61 72 6 44 49 29 65 44 74 24 27 81 98 65 20 8 27 4 28 17 91 73 8 15 38 78 15 78 98 35 79 18 2 0 75 12 95 6 99 83 22 23 14 32 0 58 21 43 98 37 50 69 0 0 36 51 76 70 97 36 19 94 14 70 96 78 
74 94 76 49 60 0 97 5 46 95 84 30 82 63 25 2 14 36 84 61 93 46 17 68 63 30 73 68 23 94 53 84 68 21 21 6 35 42 94 30 43 24 75 99 63 37 9 43 5 71 91 81 35 4 91 73 26 18 11 88 38 64 59 18 32 25 15 31 72 4 83 62 1 91 6 61 48 34 58 0 7 33 37 1 18 4 24 83 32 90 73 97 90 91 70 5 66 46 13 76 
14 66 46 83 6 0 5 40 59 34 67 64 83 31 79 48 56 28 23 89 14 1 1 0 77 45 47 58 44 11 14 23 44 51 87 74 58 61 12 16 45 84 17 25 71 80 7 95 28 53 73 7 87 47 63 96 96 98 14 8 3 73 93 86 81 12 32 43 84 67 68 7 47 77 58 51 91 70 21 7 0 95 86 85 6 93 71 22 17 6 91 19 77 76 3 32 18 96 89 99 
88 33 2 25 8 93 25 13 48 57 9 55 88 16 87 24 65 93 68 41 19 26 68 48 49 52 7 26 61 59 50 34 63 90 15 6 96 29 91 21 8 76 20 3 21 61 12 49 52 51 46 49 92 0 22 30 12 30 98 12 40 71 31 97 60 99 66 75 93 50 31 78 27 74 89 84 1 41 43 33 95 0 16 25 3 41 55 64 87 54 12 70 61 26 70 49 99 53 94 2 
32 40 75 36 87 26 95 36 3 11 58 55 30 47 37 27 30 51 11 47 6 41 88 66 30 37 41 80 11 60 34 78 88 48 97 38 96 37 31 38 97 26 13 8 34 78 74 32 35 26 77 28 49 67 38 64 95 81 51 29 35 96 24 31 63 90 75 77 86 75 3 72 69 29 41 8 54 28 98 37 86 16 0 67 18 75 13 33 91 96 90 43 27 20 9 38 97 72 41 0 
1 20 43 81 24 19 31 8 21 96 22 40 37 74 8 40 90 83 92 4 14 5 79 22 54 15 61 68 92 31 57 47 81 6 11 72 73 52 75 33 69 26 51 55 18 54 17 56 63 22 48 16 51 18 52 87 77 36 22 24 40 0 14 10 97 85 74 35 98 63 17 32 4 15 8 73 77 55 37 1 85 25 67 0 57 13 0 55 91 50 21 7 52 51 12 75 82 96 50 61 
31 24 51 75 10 42 68 20 83 61 90 65 25 84 92 39 99 82 98 59 58 30 36 6 35 98 52 36 20 27 34 32 10 29 4 36 55 17 96 19 73 98 16 68 24 5 82 72 62 9 38 72 58 74 4 0 60 28 36 45 34 43 25 62 52 1 19 23 92 62 26 34 19 15 98 96 19 72 50 18 6 3 18 57 0 61 33 90 58 19 7 60 41 74 82 9 23 32 56 65 
33 78 31 79 89 33 62 29 48 27 90 93 84 54 88 31 19 5 20 40 6 57 8 9 13 90 77 33 39 7 11 32 28 17 76 85 78 40 10 92 93 79 82 45 17 87 81 16 0 68 57 76 58 42 67 72 93 15 3 60 69 1 21 88 14 76 54 60 97 80 50 52 76 83 5 74 55 31 69 4 93 41 75 13 61 0 40 5 38 9 42 77 4 45 13 99 74 0 69 94 
76 27 46 47 35 85 25 39 93 39 49 1 16 65 28 56 28 57 0 4 68 9 68 53 57 53 47 51 21 70 28 37 80 5 41 19 45 41 72 62 33 24 43 46 0 77 84 36 29 90 38 71 63 60 12 92 9 6 41 70 75 65 23 15 46 22 28 4 51 89 36 35 65 67 26 18 71 87 0 24 71 55 13 0 33 40 0 23 42 82 71 14 97 97 22 63 14 19 34 40 
60 93 40 66 82 94 60 68 19 5 68 54 64 28 24 69 27 87 43 36 28 97 47 30 62 2 79 87 86 44 57 63 86 22 84 47 46 22 25 53 85 32 75 90 76 83 9 74 74 60 17 17 39 19 48 28 34 66 56 7 80 74 49 63 5 78 67 37 43 93 31 0 13 10 80 83 24 72 0 83 22 64 33 55 90 5 23 0 42 99 60 75 10 17 43 10 88 78 37 87 
90 91 29 67 97 52 22 0 82 19 95 26 96 57 42 83 80 82 41 21 29 92 76 26 99 45 50 63 31 8 9 82 36 91 47 83 30 32 54 49 14 44 88 47 16 23 52 85 49 61 97 41 99 57 54 66 45 13 38 16 95 48 91 27 35 21 52 65 61 94 1 31 2 45 24 4 51 44 36 32 17 87 91 91 58 38 42 42 0 94 62 25 78 43 36 68 69 58 66 71 
87 8 5 11 37 1 74 40 35 19 46 1 9 14 77 21 45 7 81 10 68 98 28 14 70 40 46 83 17 55 48 14 17 74 77 62 38 16 1 13 75 63 75 40 99 67 27 87 31 89 22 41 41 10 54 81 92 51 6 98 18 54 1 42 8 60 15 76 99 46 18 19 27 46 10 60 83 16 51 90 6 54 96 50 19 9 82 99 94 0 50 77 24 37 7 89 45 49 2 72 
72 56 14 93 58 92 93 37 23 28 23 92 11 94 75 68 25 1 13 33 48 49 90 93 89 2 53 97 44 75 21 62 15 5 6 38 85 20 32 93 8 81 87 13 80 31 45 30 20 86 43 17 83 20 72 83 40 16 86 67 45 62 28 10 93 6 95 94 98 74 31 42 70 19 47 41 13 30 76 73 91 12 90 21 7 42 71 60 62 50 0 22 89 59 86 75 58 77 43 14 
40 64 68 47 20 80 30 92 17 33 82 72 5 57 31 57 69 65 46 65 83 52 0 21 77 30 13 79 8 58 63 85 27 94 87 30 36 3 93 40 96 83 92 16 22 81 59 7 8 76 58 97 46 23 56 45 23 60 89 87 97 89 7 15 36 69 69 99 25 6 80 28 96 88 13 75 83 16 70 97 19 70 43 7 60 77 14 75 25 77 22 0 32 34 35 11 88 95 46 67 
90 57 6 20 68 54 65 61 40 95 8 37 9 98 92 50 5 18 67 59 33 72 46 44 53 59 61 45 48 27 64 81 89 62 41 83 23 85 94 88 4 61 86 56 64 27 41 34 21 17 36 31 69 94 61 82 44 4 23 62 17 0 11 57 38 78 41 7 39 67 18 83 74 3 30 63 95 83 97 90 77 61 27 52 41 4 97 10 78 24 89 32 0 90 2 26 76 69 75 10 
73 63 47 59 31 42 49 96 74 95 52 95 84 28 8 81 24 37 27 95 41 95 66 30 24 8 77 56 35 22 18 85 57 17 79 39 49 35 45 55 53 44 50 1 54 50 28 62 64 35 31 93 69 85 4 16 37 77 74 91 64 37 49 93 86 78 93 65 95 93 47 48 63 55 90 39 39 71 36 91 76 26 20 51 74 45 97 17 43 37 59 34 90 0 37 8 19 25 59 91 
48 83 59 40 86 54 27 63 95 16 45 73 85 74 76 21 82 32 39 52 59 45 2 92 44 94 89 21 30 76 85 3 92 96 70 48 75 51 10 76 85 39 83 14 13 53 58 61 9 35 14 8 64 4 45 20 64 33 16 55 40 49 82 18 38 1 37 50 95 42 16 35 11 35 47 13 89 79 19 70 3 70 9 12 82 13 22 43 36 7 86 35 2 37 0 7 54 70 63 91 
93 92 3 85 56 49 93 42 9 46 96 55 41 35 55 8 82 85 92 14 91 15 76 36 31 7 8 64 62 36 80 86 73 95 79 88 26 98 70 77 22 15 20 46 19 27 12 40 87 29 38 17 2 65 37 0 46 67 12 25 44 74 51 55 61 97 55 61 47 69 58 35 30 44 16 2 87 39 94 5 32 49 38 75 9 99 63 10 68 89 75 11 26 8 7 0 17 79 59 21 
79 95 32 33 78 23 94 67 81 41 79 81 69 49 27 33 69 4 61 90 50 68 13 25 9 89 59 70 85 62 55 46 67 89 48 1 14 15 24 23 81 31 47 63 28 69 77 97 61 11 33 64 79 66 79 77 65 5 35 56 35 29 55 2 46 42 84 6 45 24 99 10 45 71 15 47 58 60 14 66 18 99 97 82 23 74 14 88 69 45 58 88 76 19 54 17 0 3 81 66 
38 90 78 85 75 15 25 92 53 52 94 6 93 12 33 34 84 68 33 0 43 28 21 87 89 51 64 64 9 74 99 37 67 5 19 57 54 53 28 35 9 49 44 10 92 9 37 96 9 1 54 78 75 97 93 57 77 94 7 33 28 59 11 82 33 91 43 38 98 86 79 72 94 76 23 61 81 24 70 46 96 53 72 96 32 0 19 78 58 49 77 95 69 25 70 79 3 0 3 10 
9 99 11 30 19 48 80 64 80 29 0 71 79 23 27 12 91 4 49 74 18 39 41 0 72 23 16 74 47 79 49 1 30 49 31 97 23 17 69 41 2 90 51 1 50 41 36 13 28 26 25 57 61 29 75 43 19 1 97 54 89 61 4 4 72 85 51 7 98 24 22 19 47 8 76 47 50 65 96 13 89 94 41 50 56 69 34 37 66 2 43 46 75 59 63 59 81 3 0 8 
44 99 77 41 56 82 75 21 48 15 57 23 90 58 69 45 49 12 96 89 90 60 8 61 97 79 52 73 62 26 30 59 56 11 59 83 31 24 80 7 28 38 22 90 9 3 84 16 13 67 42 87 79 78 43 54 90 56 5 40 62 63 34 41 50 57 44 33 68 96 23 10 89 8 71 4 56 85 78 76 99 2 0 61 65 94 40 87 71 72 14 67 10 91 91 21 66 10 8 0 
