80
0 59 48 53 0 96 49 85 87 85 49 51 22 26 1 31 96 63 71 49 71 86 89 7 89 78 24 36 97 15 52 12 4 33 67 26 84 68 64 31 66 87 77 47 26 22 99 54 59 43 36 28 43 5 94 80 99 64 45 57 15 74 88 60 78 95 51 16 29 71 38 44 5 5 93 95 28 38 52 92 
59 0 72 98 21 54 93 75 7 19 43 56 66 5 3 55 98 93 0 1 72 50 32 90 67 15 85 9 41 42 12 9 61 99 37 38 52 24 97 17 93 88 75 83 53 83 6 87 71 13 91 74 83 0 59 19 44 31 28 71 64 40 16 13 2 11 47 58 11 92 39 96 50 95 79 48 4 24 80 16 
48 72 0 51 87 40 61 86 93 46 69 37 46 90 82 31 14 80 49 30 54 8 45 42 88 38 39 93 8 90 72 37 50 71 77 8 87 77 18 22 24 1 52 19 83 31 13 89 76 1 23 45 51 13 70 11 62 14 83 21 4 88 38 77 5 47 61 85 40 76 95 73 36 33 47 8 96 56 48 64 
53 98 51 0 59 64 17 21 53 1 58 65 23 25 79 54 95 33 81 99 81 31 68 40 7 6 35 67 10 95 23 22 38 71 32 51 87 6 21 44 60 43 58 71 43 61 73 77 70 18 36 48 11 15 39 71 88 93 10 52 63 71 46 74 70 8 98 13 93 51 93 9 7 77 47 15 89 29 49 52 
0 21 87 59 0 14 86 5 90 85 35 82 29 6 74 73 21 40 0 80 79 48 71 16 32 22 80 47 49 60 39 99 98 79 33 79 5 59 22 87 73 98 8 21 46 62 21 12 47 77 6 24 9 16 24 15 32 75 19 91 3 49 14 88 79 37 43 21 69 10 3 22 42 41 46 69 70 69 1 83 
96 54 40 64 14 0 0 46 26 17 94 71 59 88 66 39 44 60 78 66 10 37 25 73 57 45 26 63 27 27 94 77 65 81 5 43 33 52 99 15 33 29 17 95 85 90 55 60 79 69 25 57 6 40 44 28 51 39 49 5 50 59 21 87 64 85 46 5 8 3 38 91 19 64 72 78 35 13 45 98 
49 93 61 17 86 0 0 12 73 67 38 6 81 90 70 98 69 42 92 22 81 37 41 12 92 61 3 39 33 36 31 54 0 25 10 81 94 65 86 23 51 87 90 43 25 72 0 48 33 61 56 30 90 48 71 71 48 15 80 34 33 27 1 3 58 51 85 96 37 19 96 79 75 77 72 82 50 92 69 23 
85 75 86 21 5 46 12 0 69 84 63 97 66 84 76 65 39 78 71 26 76 39 57 99 2 77 12 27 84 83 49 92 39 61 77 79 73 28 90 95 2 1 6 95 18 10 55 89 60 85 67 22 14 66 55 63 29 93 38 14 27 80 48 36 61 82 47 88 66 72 77 73 95 2 35 55 19 85 2 14 
87 7 93 53 90 26 73 69 0 7 34 24 64 28 51 24 48 66 22 87 75 26 46 28 33 17 11 26 61 88 38 64 61 85 10 39 35 47 86 27 27 76 88 94 67 0 82 40 94 15 38 59 55 14 90 51 1 48 4 80 46 50 31 22 29 30 80 84 45 67 43 56 19 58 81 44 92 24 72 51 
85 19 46 1 85 17 67 84 7 0 91 68 92 0 87 17 3 80 69 98 89 59 70 8 23 66 17 3 31 11 14 81 16 58 71 65 9 83 46 75 30 9 57 45 57 68 27 45 9 80 67 71 36 14 27 78 50 74 24 40 31 7 39 86 89 16 16 84 20 94 70 91 95 60 93 36 63 74 90 50 
49 43 69 58 35 94 38 63 34 91 0 9 11 80 15 83 16 51 69 95 25 69 14 71 92 10 1 58 49 78 82 42 7 58 71 16 7 3 63 23 1 41 31 19 64 25 44 24 42 11 69 0 63 62 79 58 73 43 65 88 7 32 34 11 29 19 30 93 42 52 94 1 85 18 14 82 79 43 11 77 
51 56 37 65 82 71 6 97 24 68 9 0 80 63 83 5 32 57 78 45 4 82 95 85 60 68 81 46 54 14 27 84 51 91 37 46 47 51 59 50 76 12 91 18 34 76 48 41 65 27 82 2 28 49 57 28 94 14 9 8 13 70 64 73 8 10 98 54 31 15 56 19 83 82 64 21 72 44 52 66 
22 66 46 23 29 59 81 66 64 92 11 80 0 43 55 75 4 89 98 5 63 96 71 33 70 15 3 66 23 70 96 4 35 14 4 6 38 74 87 40 34 40 71 12 69 80 0 80 80 52 32 76 16 68 85 69 50 65 26 42 97 49 24 6 59 85 79 2 17 80 50 72 90 74 14 65 20 95 74 1 
26 5 90 25 6 88 90 84 28 0 80 63 43 0 27 64 41 75 92 11 54 64 70 60 40 97 69 85 89 39 9 62 46 2 51 57 47 59 64 88 23 71 84 6 78 35 72 17 16 40 77 77 2 96 16 31 65 9 50 46 87 18 84 43 12 8 26 16 15 98 0 88 31 1 7 96 64 5 54 5 
1 3 82 79 74 66 70 76 51 87 15 83 55 27 0 68 47 92 91 61 36 26 1 5 9 33 73 50 46 85 54 67 99 70 89 33 41 57 7 20 13 84 55 33 93 51 30 20 41 73 32 44 2 51 42 70 53 3 30 36 27 13 20 35 5 81 73 40 70 52 39 69 20 87 27 28 79 90 89 50 
31 55 31 54 73 39 98 65 24 17 83 5 75 64 68 0 20 51 63 1 99 3 55 11 49 8 86 27 47 90 58 31 75 86 6 31 93 87 17 42 16 47 35 21 72 39 1 16 94 59 33 64 11 37 32 59 21 93 52 71 77 82 97 57 95 10 75 47 4 53 10 35 66 15 26 5 6 49 15 14 
96 98 14 95 21 44 69 39 48 3 16 32 4 41 47 20 0 87 64 41 9 13 90 28 74 3 34 42 67 70 81 82 91 62 72 73 82 28 5 45 67 70 75 58 42 13 95 83 34 99 17 43 82 91 13 38 83 51 82 70 89 11 53 13 3 42 64 23 98 44 82 20 24 96 56 61 10 61 77 96 
63 93 80 33 40 60 42 78 66 80 51 57 89 75 92 51 87 0 57 21 49 17 53 44 54 46 29 78 21 66 25 59 85 57 17 27 19 59 45 83 97 89 21 66 79 92 75 90 51 43 28 30 78 53 56 71 6 54 14 35 35 17 18 94 88 7 38 75 3 47 30 93 38 24 83 34 59 20 1 68 
71 0 49 81 0 78 92 71 22 69 69 78 98 92 91 63 64 57 0 94 27 93 49 6 8 18 99 3 75 50 3 40 50 17 32 86 28 99 64 52 29 87 44 72 74 91 26 89 15 44 74 66 52 61 2 20 63 10 52 40 14 80 76 83 60 29 26 86 37 78 42 52 31 14 49 59 13 49 89 31 
49 1 30 99 80 66 22 26 87 98 95 45 5 11 61 1 41 21 94 0 83 9 27 9 7 91 80 11 37 69 19 3 19 86 81 12 23 24 48 41 93 36 74 6 15 88 33 54 11 16 23 12 31 49 47 19 77 77 58 51 15 42 40 56 84 5 63 52 72 43 42 77 26 62 87 39 79 97 88 80 
71 72 54 81 79 10 81 76 75 89 25 4 63 54 36 99 9 49 27 83 0 89 11 74 91 79 9 66 46 87 5 96 2 27 67 44 75 36 94 47 10 97 69 78 92 68 7 32 96 48 55 8 57 52 76 84 5 80 75 76 93 97 40 45 60 31 26 81 56 39 53 67 76 25 62 12 83 81 64 23 
86 50 8 31 48 37 37 39 26 59 69 82 96 64 26 3 13 17 93 9 89 0 28 54 28 61 48 1 47 79 92 65 61 35 25 67 47 99 47 11 19 78 50 48 84 59 54 24 47 28 39 95 71 36 5 85 96 75 10 66 60 68 15 62 38 77 27 57 12 90 32 15 75 18 66 77 67 95 1 70 
89 32 45 68 71 25 41 57 46 70 14 95 71 70 1 55 90 53 49 27 11 28 0 11 90 12 41 71 69 56 83 58 22 47 10 26 1 25 63 74 47 56 92 23 89 90 43 92 62 57 99 98 72 72 1 58 17 80 95 89 33 7 49 87 93 20 64 66 85 39 67 64 86 55 43 8 9 43 39 93 
7 90 42 40 16 73 12 99 28 8 71 85 33 60 5 11 28 44 6 9 74 54 11 0 6 92 30 46 83 8 32 22 22 66 14 49 21 23 54 94 7 48 71 57 6 65 46 66 88 22 2 33 50 31 81 13 44 51 30 5 7 71 92 67 5 61 85 22 13 98 91 0 7 17 89 38 69 28 32 25 
89 67 88 7 32 57 92 2 33 23 92 60 70 40 9 49 74 54 8 7 91 28 90 6 0 73 82 91 21 38 96 82 72 23 44 33 59 10 54 22 28 94 56 75 81 13 43 92 20 70 50 24 11 97 95 12 51 4 78 67 73 56 8 61 27 68 65 4 87 9 50 46 19 94 13 92 17 70 3 93 
78 15 38 6 22 45 61 77 17 66 10 68 15 97 33 8 3 46 18 91 79 61 12 92 73 0 50 92 34 77 80 60 87 98 35 77 64 73 11 69 44 1 48 27 61 82 84 8 33 88 47 75 85 53 8 44 85 23 15 99 63 57 92 15 72 32 28 83 44 65 60 8 38 99 64 49 15 62 16 39 
24 85 39 35 80 26 3 12 11 17 1 81 3 69 73 86 34 29 99 80 9 48 41 30 82 50 0 4 34 39 37 41 40 38 69 27 59 79 92 20 70 67 99 19 71 26 39 50 73 55 16 36 9 38 28 93 47 87 23 47 44 61 95 66 40 74 41 19 17 55 29 68 66 83 28 20 10 26 74 65 
36 9 93 67 47 63 39 27 26 3 58 46 66 85 50 27 42 78 3 11 66 1 71 46 91 92 4 0 32 11 71 59 84 0 7 29 11 3 68 51 55 56 43 72 68 84 46 41 17 71 91 39 27 68 57 9 34 47 37 55 23 94 96 22 61 56 35 78 0 34 25 24 72 15 57 71 34 4 75 85 
97 41 8 10 49 27 33 84 61 31 49 54 23 89 46 47 67 21 75 37 46 47 69 83 21 34 34 32 0 58 25 50 87 54 57 58 6 92 10 36 13 40 1 95 84 89 5 75 5 54 41 88 30 7 4 71 44 97 82 31 59 23 71 36 2 84 38 1 66 77 43 67 46 38 13 66 24 65 27 31 
15 42 90 95 60 27 36 83 88 11 78 14 70 39 85 90 70 66 50 69 87 79 56 8 38 77 39 11 58 0 28 85 79 32 78 89 85 68 82 18 81 84 96 91 63 58 86 80 64 5 77 30 63 94 47 8 92 54 23 75 11 0 98 94 19 6 47 73 25 43 51 34 33 70 18 79 65 93 83 9 
52 12 72 23 39 94 31 49 38 14 82 27 96 9 54 58 81 25 3 19 5 92 83 32 96 80 37 71 25 28 0 34 31 70 5 86 14 57 77 65 83 68 18 41 39 45 29 5 34 79 4 11 54 35 50 50 78 88 79 85 38 65 25 56 33 62 96 82 5 31 11 37 4 45 47 60 1 5 95 86 
12 9 37 22 99 77 54 92 64 81 42 84 4 62 67 31 82 59 40 3 96 65 58 22 82 60 41 59 50 85 34 0 3 22 86 63 76 1 19 21 27 34 77 30 35 87 38 70 96 0 14 44 92 35 18 74 16 6 74 69 77 93 69 95 65 56 60 43 93 78 52 11 25 60 96 60 68 38 2 62 
4 61 50 38 98 65 0 39 61 16 7 51 35 46 99 75 91 85 50 19 2 61 22 22 72 87 40 84 87 79 31 3 0 8 97 88 15 78 13 22 25 63 6 56 38 79 56 6 67 97 85 81 44 13 27 3 17 26 82 57 49 62 4 74 97 33 60 89 90 17 3 54 29 17 88 25 77 26 40 44 
33 99 71 71 79 81 25 61 85 58 58 91 14 2 70 86 62 57 17 86 27 35 47 66 23 98 38 0 54 32 70 22 8 0 31 86 20 91 6 18 29 22 69 49 9 71 14 35 31 72 0 76 58 85 19 61 10 54 48 77 11 39 33 73 70 43 64 66 35 86 87 86 18 16 73 48 81 28 69 69 
67 37 77 32 33 5 10 77 10 71 71 37 4 51 89 6 72 17 32 81 67 25 10 14 44 35 69 7 57 78 5 86 97 31 0 60 20 32 84 59 35 51 13 93 98 21 48 87 18 11 19 66 48 48 3 81 97 83 56 27 74 52 22 66 88 24 86 49 25 29 3 95 38 7 52 0 51 85 60 79 
26 38 8 51 79 43 81 79 39 65 16 46 6 57 33 31 73 27 86 12 44 67 26 49 33 77 27 29 58 89 86 63 88 86 60 0 22 42 64 34 5 70 47 18 81 93 63 65 63 52 16 1 64 13 19 11 55 72 99 10 18 44 59 16 94 79 97 4 99 72 20 18 60 6 94 22 7 32 68 70 
84 52 87 87 5 33 94 73 35 9 7 47 38 47 41 93 82 19 28 23 75 47 1 21 59 64 59 11 6 85 14 76 15 20 20 22 0 50 64 75 64 95 91 0 53 86 1 33 40 0 78 41 58 95 75 61 42 65 46 73 26 25 58 24 28 88 30 74 82 43 94 62 1 4 60 40 23 2 5 16 
68 24 77 6 59 52 65 28 47 83 3 51 74 59 57 87 28 59 99 24 36 99 25 23 10 73 79 3 92 68 57 1 78 91 32 42 50 0 36 57 77 19 23 96 66 11 58 40 3 54 44 51 89 73 65 64 15 73 68 49 2 58 3 18 70 40 75 41 73 29 28 58 30 38 5 8 65 57 54 14 
64 97 18 21 22 99 86 90 86 46 63 59 87 64 7 17 5 45 64 48 94 47 63 54 54 11 92 68 10 82 77 19 13 6 84 64 64 36 0 72 18 43 31 16 23 13 59 23 86 34 3 63 76 59 96 21 66 67 31 96 10 64 83 35 96 14 77 22 25 42 96 94 97 20 72 82 42 66 17 72 
31 17 22 44 87 15 23 95 27 75 23 50 40 88 20 42 45 83 52 41 47 11 74 94 22 69 20 51 36 18 65 21 22 18 59 34 75 57 72 0 40 56 52 43 57 2 63 48 43 89 82 15 58 91 82 9 14 71 67 51 36 97 92 73 7 33 63 33 1 78 34 83 2 19 13 1 88 5 61 7 
66 93 24 60 73 33 51 2 27 30 1 76 34 23 13 16 67 97 29 93 10 19 47 7 28 44 70 55 13 81 83 27 25 29 35 5 64 77 18 40 0 63 22 7 29 89 96 36 79 95 34 43 18 58 7 84 85 26 0 34 67 70 72 72 70 1 90 33 81 98 0 88 4 98 39 4 41 32 12 8 
87 88 1 43 98 29 87 1 76 9 41 12 40 71 84 47 70 89 87 36 97 78 56 48 94 1 67 56 40 84 68 34 63 22 51 70 95 19 43 56 63 0 50 7 42 66 62 73 10 46 46 2 51 4 29 38 52 68 8 20 77 25 71 33 0 45 37 74 31 97 47 68 65 11 56 93 35 27 69 43 
77 75 52 58 8 17 90 6 88 57 31 91 71 84 55 35 75 21 44 74 69 50 92 71 56 48 99 43 1 96 18 77 6 69 13 47 91 23 31 52 22 50 0 68 75 47 90 87 75 15 13 41 3 84 55 76 99 67 34 78 26 35 45 42 76 14 91 65 53 6 29 6 21 28 85 5 10 95 99 32 
47 83 19 71 21 95 43 95 94 45 19 18 12 6 33 21 58 66 72 6 78 48 23 57 75 27 19 72 95 91 41 30 56 49 93 18 0 96 16 43 7 7 68 0 39 70 50 4 45 16 46 42 22 75 55 95 80 76 76 51 40 28 62 5 10 11 37 39 9 72 95 49 89 37 73 42 55 35 40 15 
26 53 83 43 46 85 25 18 67 57 64 34 69 78 93 72 42 79 74 15 92 84 89 6 81 61 71 68 84 63 39 35 38 9 98 81 53 66 23 57 29 42 75 39 0 47 7 79 19 13 77 12 70 98 32 55 69 78 31 28 10 36 6 12 38 97 46 40 27 1 91 57 94 41 73 67 82 16 91 86 
22 83 31 61 62 90 72 10 0 68 25 76 80 35 51 39 13 92 91 88 68 59 90 65 13 82 26 84 89 58 45 87 79 71 21 93 86 11 13 2 89 66 47 70 47 0 69 98 45 94 63 5 78 17 39 26 73 22 67 16 88 58 18 33 68 50 25 91 92 10 44 47 42 12 87 96 63 46 7 55 
99 6 13 73 21 55 0 55 82 27 44 48 0 72 30 1 95 75 26 33 7 54 43 46 43 84 39 46 5 86 29 38 56 14 48 63 1 58 59 63 96 62 90 50 7 69 0 79 16 61 58 53 84 1 60 63 82 39 55 32 29 66 73 47 80 50 80 85 28 51 17 3 44 72 65 60 13 99 76 88 
54 87 89 77 12 60 48 89 40 45 24 41 80 17 20 16 83 90 89 54 32 24 92 66 92 8 50 41 75 80 5 70 6 35 87 65 33 40 23 48 36 73 87 4 79 98 79 0 94 93 95 51 57 32 11 72 48 12 27 98 49 11 87 85 92 16 14 1 62 57 87 67 88 28 79 78 0 14 95 28 
59 71 76 70 47 79 33 60 94 9 42 65 80 16 41 94 34 51 15 11 96 47 62 88 20 33 73 17 5 64 34 96 67 31 18 63 40 3 86 43 79 10 75 45 19 45 16 94 0 11 7 71 71 86 3 38 87 35 76 40 35 16 44 32 55 74 35 98 32 19 82 62 51 91 70 10 54 94 24 9 
43 13 1 18 77 69 61 85 15 80 11 27 52 40 73 59 99 43 44 16 48 28 57 22 70 88 55 71 54 5 79 0 97 72 11 52 0 54 34 89 95 46 15 16 13 94 61 93 11 0 32 11 50 36 41 64 87 59 17 86 44 70 4 27 34 54 15 29 4 55 60 89 29 24 73 85 47 97 58 80 
36 91 23 36 6 25 56 67 38 67 69 82 32 77 32 33 17 28 74 23 55 39 99 2 50 47 16 91 41 77 4 14 85 0 19 16 78 44 3 82 34 46 13 46 77 63 58 95 7 32 0 10 92 11 5 18 84 92 80 14 14 42 83 5 84 29 70 94 31 41 82 29 37 43 99 22 99 81 45 22 
28 74 45 48 24 57 30 22 59 71 0 2 76 77 44 64 43 30 66 12 8 95 98 33 24 75 36 39 88 30 11 44 81 76 66 1 41 51 63 15 43 2 41 42 12 5 53 51 71 11 10 0 46 99 0 23 3 32 73 52 32 64 49 19 98 14 82 92 73 14 29 75 77 58 41 96 59 44 98 87 
43 83 51 11 9 6 90 14 55 36 63 28 16 2 2 11 82 78 52 31 57 71 72 50 11 85 9 27 30 63 54 92 44 58 48 64 58 89 76 58 18 51 3 22 70 78 84 57 71 50 92 46 0 14 45 8 69 71 71 72 49 72 16 89 59 60 35 32 11 69 99 98 21 82 76 58 78 67 2 2 
5 0 13 15 16 40 48 66 14 14 62 49 68 96 51 37 91 53 61 49 52 36 72 31 97 53 38 68 7 94 35 35 13 85 48 13 95 73 59 91 58 4 84 75 98 17 1 32 86 36 11 99 14 0 37 80 50 98 80 87 69 70 55 1 52 29 20 31 71 81 90 63 30 19 86 68 31 80 37 91 
94 59 70 39 24 44 71 55 90 27 79 57 85 16 42 32 13 56 2 47 76 5 1 81 95 8 28 57 4 47 50 18 27 19 3 19 75 65 96 82 7 29 55 55 32 39 60 11 3 41 5 0 45 37 0 19 8 29 55 85 0 64 75 82 79 75 65 29 43 4 42 35 63 21 64 23 65 96 22 16 
80 19 11 71 15 28 71 63 51 78 58 28 69 31 70 59 38 71 20 19 84 85 58 13 12 44 93 9 71 8 50 74 3 61 81 11 61 64 21 9 84 38 76 95 55 26 63 72 38 64 18 23 8 80 19 0 63 64 72 76 35 76 87 34 93 0 12 42 58 12 12 94 36 58 4 68 69 83 24 85 
99 44 62 88 32 51 48 29 1 50 73 94 50 65 53 21 83 6 63 77 5 96 17 44 51 85 47 34 44 92 78 16 17 10 97 55 42 15 66 14 85 52 99 80 69 73 82 48 87 87 84 3 69 50 8 63 0 48 12 13 80 66 0 47 29 29 33 47 54 39 76 96 43 57 12 33 68 36 62 91 
64 31 14 93 75 39 15 93 48 74 43 14 65 9 3 93 51 54 10 77 80 75 80 51 4 23 87 47 97 54 88 6 26 54 83 72 65 73 67 71 26 68 67 76 78 22 39 12 35 59 92 32 71 98 29 64 48 0 35 93 85 48 57 73 19 21 78 58 9 23 29 6 7 25 62 34 95 45 92 16 
45 28 83 10 19 49 80 38 4 24 65 9 26 50 30 52 82 14 52 58 75 10 95 30 78 15 23 37 82 23 79 74 82 48 56 99 46 68 31 67 0 8 34 76 31 67 55 27 76 17 80 73 71 80 55 72 12 35 0 17 5 83 7 11 30 77 43 50 49 54 12 27 37 13 66 80 91 69 64 87 
57 71 21 52 91 5 34 14 80 40 88 8 42 46 36 71 70 35 40 51 76 66 89 5 67 99 47 55 31 75 85 69 57 77 27 10 73 49 96 51 34 20 78 51 28 16 32 98 40 86 14 52 72 87 85 76 13 93 17 0 36 3 92 49 87 21 51 35 1 40 88 17 91 62 86 66 44 20 11 42 
15 64 4 63 3 50 33 27 46 31 7 13 97 87 27 77 89 35 14 15 93 60 33 7 73 63 44 23 59 11 38 77 49 11 74 18 26 2 10 36 67 77 26 40 10 88 29 49 35 44 14 32 49 69 0 35 80 85 5 36 0 32 58 17 93 48 83 70 94 53 94 15 55 39 65 21 85 59 48 70 
74 40 88 71 49 59 27 80 50 7 32 70 49 18 13 82 11 17 80 42 97 68 7 71 56 57 61 94 23 0 65 93 62 39 52 44 25 58 64 97 70 25 35 28 36 58 66 11 16 70 42 64 72 70 64 76 66 48 83 3 32 0 56 33 47 16 43 52 58 23 90 31 39 2 30 42 12 48 6 64 
88 16 38 46 14 21 1 48 31 39 34 64 24 84 20 97 53 18 76 40 40 15 49 92 8 92 95 96 71 98 25 69 4 33 22 59 58 3 83 92 72 71 45 62 6 18 73 87 44 4 83 49 16 55 75 87 0 57 7 92 58 56 0 0 37 66 99 62 96 46 76 42 48 97 3 34 4 82 36 48 
60 13 77 74 88 87 3 36 22 86 11 73 6 43 35 57 13 94 83 56 45 62 87 67 61 15 66 22 36 94 56 95 74 73 66 16 24 18 35 73 72 33 42 5 12 33 47 85 32 27 5 19 89 1 82 34 47 73 11 49 17 33 0 0 80 32 51 57 98 99 43 72 2 50 32 37 94 73 31 8 
78 2 5 70 79 64 58 61 29 89 29 8 59 12 5 95 3 88 60 84 60 38 93 5 27 72 40 61 2 19 33 65 97 70 88 94 28 70 96 7 70 0 76 10 38 68 80 92 55 34 84 98 59 52 79 93 29 19 30 87 93 47 37 80 0 39 44 67 54 91 33 45 93 86 27 19 97 30 37 64 
95 11 47 8 37 85 51 82 30 16 19 10 85 8 81 10 42 7 29 5 31 77 20 61 68 32 74 56 84 6 62 56 33 43 24 79 88 40 14 33 1 45 14 11 97 50 50 16 74 54 29 14 60 29 75 0 29 21 77 21 48 16 66 32 39 0 31 38 53 39 59 77 46 46 87 0 77 40 14 4 
51 47 61 98 43 46 85 47 80 16 30 98 79 26 73 75 64 38 26 63 26 27 64 85 65 28 41 35 38 47 96 60 60 64 86 97 30 75 77 63 90 37 91 37 46 25 80 14 35 15 70 82 35 20 65 12 33 78 43 51 83 43 99 51 44 31 0 2 50 20 50 69 63 11 2 18 45 71 50 17 
16 58 85 13 21 5 96 88 84 84 93 54 2 16 40 47 23 75 86 52 81 57 66 22 4 83 19 78 1 73 82 43 89 66 49 4 74 41 22 33 33 74 65 39 40 91 85 1 98 29 94 92 32 31 29 42 47 58 50 35 70 52 62 57 67 38 2 0 25 19 19 92 61 56 38 11 28 10 73 90 
29 11 40 93 69 8 37 66 45 20 42 31 17 15 70 4 98 3 37 72 56 12 85 13 87 44 17 0 66 25 5 93 90 35 25 99 82 73 25 1 81 31 53 9 27 92 28 62 32 4 31 73 11 71 43 58 54 9 49 1 94 58 96 98 54 53 50 25 0 84 44 59 43 4 89 62 99 42 41 34 
71 92 76 51 10 3 19 72 67 94 52 15 80 98 52 53 44 47 78 43 39 90 39 98 9 65 55 34 77 43 31 78 17 86 29 72 43 29 42 78 98 97 6 72 1 10 51 57 19 55 41 14 69 81 4 12 39 23 54 40 53 23 46 99 91 39 20 19 84 0 16 51 83 46 52 43 98 90 51 26 
38 39 95 93 3 38 96 77 43 70 94 56 50 0 39 10 82 30 42 42 53 32 67 91 50 60 29 25 43 51 11 52 3 87 3 20 94 28 96 34 0 47 29 95 91 44 17 87 82 60 82 29 99 90 42 12 76 29 12 88 94 90 76 43 33 59 50 19 44 16 0 94 45 1 85 73 80 40 13 12 
44 96 73 9 22 91 79 73 56 91 1 19 72 88 69 35 20 93 52 77 67 15 64 0 46 8 68 24 67 34 37 11 54 86 95 18 62 58 94 83 88 68 6 49 57 47 3 67 62 89 29 75 98 63 35 94 96 6 27 17 15 31 42 72 45 77 69 92 59 51 94 0 15 47 6 16 15 73 57 17 
5 50 36 7 42 19 75 95 19 95 85 83 90 31 20 66 24 38 31 26 76 75 86 7 19 38 66 72 46 33 4 25 29 18 38 60 1 30 97 2 4 65 21 89 94 42 44 88 51 29 37 77 21 30 63 36 43 7 37 91 55 39 48 2 93 46 63 61 43 83 45 15 0 62 48 31 54 10 69 60 
5 95 33 77 41 64 77 2 58 60 18 82 74 1 87 15 96 24 14 62 25 18 55 17 94 99 83 15 38 70 45 60 17 16 7 6 4 38 20 19 98 11 28 37 41 12 72 28 91 24 43 58 82 19 21 58 57 25 13 62 39 2 97 50 86 46 11 56 4 46 1 47 62 0 54 86 48 32 72 57 
93 79 47 47 46 72 72 35 81 93 14 64 14 7 27 26 56 83 49 87 62 66 43 89 13 64 28 57 13 18 47 96 88 73 52 94 60 5 72 13 39 56 85 73 73 87 65 79 70 73 99 41 76 86 64 4 12 62 66 86 65 30 3 32 27 87 2 38 89 52 85 6 48 54 0 80 33 61 98 78 
95 48 8 15 69 78 82 55 44 36 82 21 65 96 28 5 61 34 59 39 12 77 8 38 92 49 20 71 66 79 60 60 25 48 0 22 40 8 82 1 4 93 5 42 67 96 60 78 10 85 22 96 58 68 23 68 33 34 80 66 21 42 34 37 19 0 18 11 62 43 73 16 31 86 80 0 49 38 54 76 
28 4 96 89 70 35 50 19 92 63 79 72 20 64 79 6 10 59 13 79 83 67 9 69 17 15 10 34 24 65 1 68 77 81 51 7 23 65 42 88 41 35 10 55 82 63 13 0 54 47 99 59 78 31 65 69 68 95 91 44 85 12 4 94 97 77 45 28 99 98 80 15 54 48 33 49 0 17 29 64 
38 24 56 29 69 13 92 85 24 74 43 44 95 5 90 49 61 20 49 97 81 95 43 28 70 62 26 4 65 93 5 38 26 28 85 32 2 57 66 5 32 27 95 35 16 46 99 14 94 97 81 44 67 80 96 83 36 45 69 20 59 48 82 73 30 40 71 10 42 90 40 73 10 32 61 38 17 0 58 64 
52 80 48 49 1 45 69 2 72 90 11 52 74 54 89 15 77 1 89 88 64 1 39 32 3 16 74 75 27 83 95 2 40 69 60 68 5 54 17 61 12 69 99 40 91 7 76 95 24 58 45 98 2 37 22 24 62 92 64 11 48 6 36 31 37 14 50 73 41 51 13 57 69 72 98 54 29 58 0 27 
92 16 64 52 83 98 23 14 51 50 77 66 1 5 50 14 96 68 31 80 23 70 93 25 93 39 65 85 31 9 86 62 44 69 79 70 16 14 72 7 8 43 32 15 86 55 88 28 9 80 22 87 2 91 16 85 91 16 87 42 70 64 48 8 64 4 17 90 34 26 12 17 60 57 78 76 64 64 27 0 
0 70 35 73 2 96 10 54 44 88 26 1 53 80 63 87 40 56 56 92 50 1 20 9 73 27 96 88 40 98 0 8 34 35 41 33 26 3 90 64 2 87 45 53 71 62 16 9 50 0 78 55 4 79 44 46 58 54 99 50 62 5 20 18 39 30 99 67 45 84 69 35 39 40 63 97 3 17 1 35 
70 0 9 23 44 21 44 60 63 72 72 74 72 1 76 35 14 80 82 74 87 43 62 85 29 52 55 68 67 30 50 30 85 94 67 57 21 91 54 24 39 26 11 71 11 76 23 55 80 28 73 37 45 71 1 56 10 82 89 57 7 21 21 29 79 5 82 1 29 3 56 53 77 9 91 92 32 50 72 93 
35 9 0 11 79 68 83 79 72 0 78 49 25 58 1 97 70 7 23 54 12 6 40 14 54 51 92 6 39 65 57 1 97 83 70 59 35 12 90 24 93 23 39 17 73 42 53 5 81 31 15 56 66 31 74 83 15 3 88 36 30 30 1 36 6 16 30 56 34 36 80 39 27 66 93 43 46 36 65 94 
73 23 11 0 74 81 5 27 97 98 80 37 62 29 90 95 22 1 18 41 49 91 70 65 93 84 31 24 50 4 77 47 60 27 24 57 46 76 70 0 74 60 23 15 46 1 30 40 18 51 47 76 29 70 5 1 54 69 40 13 55 78 32 84 2 90 71 79 16 59 40 42 92 57 45 42 61 58 75 53 
2 44 79 74 0 1 56 67 33 38 49 34 22 52 72 95 49 82 15 29 62 93 58 66 13 69 43 53 42 30 8 9 52 80 28 93 19 70 3 72 27 25 55 70 34 64 32 92 99 9 73 11 3 19 19 12 47 35 23 78 58 79 86 4 79 70 10 59 8 89 96 28 43 21 69 6 81 80 93 63 
96 21 68 81 1 0 97 13 92 20 1 55 93 15 91 46 65 96 25 82 4 81 14 79 62 12 42 49 99 92 76 94 77 69 96 52 6 70 15 39 5 11 78 66 96 23 9 83 75 35 45 1 14 42 8 46 68 61 42 47 26 71 90 56 1 39 81 57 74 60 66 85 47 19 67 62 10 41 40 70 
10 44 83 5 56 97 0 7 44 7 64 49 38 9 98 58 28 4 49 49 61 54 5 39 82 93 61 95 24 89 41 46 63 22 89 11 39 59 42 4 86 28 72 21 86 62 41 12 36 8 31 83 61 65 20 60 11 90 44 37 69 45 83 57 92 78 71 86 60 67 33 39 56 41 87 63 92 21 42 86 
54 60 79 27 67 13 7 0 4 97 15 88 48 14 52 88 17 1 25 72 47 6 82 74 92 57 21 2 97 12 45 9 83 85 10 37 81 10 23 83 60 41 5 67 52 26 43 94 36 63 48 65 44 90 3 88 68 95 39 78 98 43 96 82 30 86 24 46 55 53 31 5 20 53 55 60 92 61 89 95 
44 63 72 97 33 92 44 4 0 33 42 24 14 11 98 35 91 38 54 57 93 32 69 4 88 68 37 79 70 19 83 79 12 0 43 68 28 2 57 86 72 21 69 50 48 28 73 89 63 7 86 11 76 0 19 1 29 53 47 31 93 52 42 12 45 18 66 59 71 85 1 31 98 98 96 54 37 36 79 39 
88 72 0 98 38 20 7 97 33 0 20 54 36 46 72 27 62 13 15 45 42 14 74 57 12 81 11 1 98 31 12 72 99 98 91 53 66 37 49 63 47 15 27 32 46 88 79 11 74 62 29 32 15 82 89 8 38 65 21 48 59 7 35 52 98 13 87 66 33 39 67 48 8 93 70 82 94 13 31 57 
26 72 78 80 49 1 64 15 42 20 0 91 88 75 53 30 4 2 42 22 26 48 61 37 35 7 52 27 14 31 45 62 98 66 5 17 91 29 99 86 4 36 26 29 51 21 68 98 82 4 68 86 76 84 23 25 31 41 76 13 27 97 9 81 44 88 23 39 94 17 51 98 65 51 74 81 22 38 12 95 
1 74 49 37 34 55 49 88 24 54 91 0 7 23 67 64 51 47 80 6 41 21 71 44 42 25 61 7 7 15 60 86 71 5 42 63 7 73 67 58 27 51 54 89 40 89 53 13 95 16 88 38 89 97 11 46 58 71 78 30 31 51 59 87 41 93 0 15 55 59 21 47 65 39 87 30 35 36 53 20 
53 72 25 62 22 93 38 48 14 36 88 7 0 65 63 26 29 87 19 17 60 60 18 18 39 19 46 87 3 44 21 59 94 0 80 27 75 50 9 14 36 76 81 0 43 2 86 61 21 95 41 26 47 43 57 72 58 25 79 42 25 81 29 94 29 87 48 75 81 53 2 66 64 91 9 20 85 95 58 89 
80 1 58 29 52 15 9 14 11 46 75 23 65 0 35 80 95 17 73 38 30 14 99 8 71 84 53 34 90 2 62 71 2 92 63 59 57 70 21 84 36 57 35 31 15 44 10 47 44 63 42 65 77 62 50 94 11 28 23 75 41 92 8 93 29 35 8 41 87 36 49 46 15 3 55 76 6 25 26 24 
63 76 1 90 72 91 98 52 98 72 53 67 63 35 0 4 97 75 62 80 10 96 77 18 91 60 42 69 61 50 28 14 89 6 20 61 89 58 56 10 47 62 44 58 19 65 10 63 41 16 71 80 76 65 27 62 76 30 19 98 82 14 92 47 12 39 70 47 1 90 5 54 7 60 80 55 3 78 87 86 
87 35 97 95 95 46 58 88 35 27 30 64 26 80 4 0 23 23 92 57 38 75 19 48 96 0 75 55 76 33 0 29 59 64 56 27 30 27 48 94 91 93 83 54 67 97 47 13 87 88 86 43 0 13 92 70 41 3 67 59 92 86 67 48 69 5 96 4 98 11 92 10 90 35 14 42 92 8 39 57 
40 14 70 22 49 65 28 17 91 62 4 51 29 95 97 23 0 16 47 39 89 32 28 35 98 11 29 72 20 93 12 70 97 42 35 68 15 47 10 85 13 84 6 45 12 37 61 60 95 77 62 95 29 86 71 69 88 32 21 23 77 26 1 26 38 23 83 86 24 85 12 45 41 16 57 26 99 0 63 30 
56 80 7 1 82 96 4 1 38 13 2 47 87 17 75 23 16 0 51 96 55 74 88 26 78 40 11 56 98 98 28 34 63 24 75 0 51 18 93 64 41 33 60 55 74 7 56 11 11 2 1 74 51 32 98 86 97 29 13 91 4 75 31 26 2 59 45 8 81 68 48 62 74 98 93 69 77 51 28 18 
56 82 23 18 15 25 49 25 54 15 42 80 19 73 62 92 47 51 0 40 40 4 97 24 29 9 16 53 89 51 28 98 41 82 66 95 48 74 20 30 77 32 62 74 55 44 34 65 14 83 81 77 2 86 39 3 33 32 15 39 33 53 47 41 75 46 45 10 43 84 63 81 91 26 55 67 38 65 56 72 
92 74 54 41 29 82 49 72 57 45 22 6 17 38 80 57 39 96 40 0 51 74 86 15 67 50 60 80 5 43 37 63 31 44 10 69 89 21 93 70 48 42 88 23 83 75 30 28 43 84 77 34 37 36 41 94 56 33 9 38 22 63 90 59 82 18 77 60 34 13 34 22 54 87 16 38 22 56 14 89 
50 87 12 49 62 4 61 47 93 42 26 41 60 30 10 38 89 55 40 51 0 42 9 59 10 27 13 46 7 83 86 4 34 95 65 53 9 99 47 77 18 19 11 13 9 93 27 5 42 89 96 41 24 22 84 90 2 11 12 57 56 38 96 81 71 63 74 14 89 45 50 36 97 62 24 6 37 85 34 98 
1 43 6 91 93 81 54 6 32 14 48 21 60 14 96 75 32 74 4 74 42 0 16 91 56 82 22 15 62 33 32 22 29 0 53 85 0 0 33 11 79 67 64 76 41 0 41 83 83 64 10 14 34 25 7 24 9 82 26 4 58 28 50 84 99 70 10 48 15 78 36 78 38 90 80 41 34 37 82 42 
20 62 40 70 58 14 5 82 69 74 61 71 18 99 77 19 28 88 97 86 9 16 0 46 81 62 54 1 2 64 54 14 86 4 35 61 81 53 17 43 6 41 41 26 14 76 1 32 92 33 30 85 1 21 30 10 42 45 62 90 10 76 44 25 68 44 88 7 96 12 45 46 48 69 72 82 29 56 71 72 
9 85 14 65 66 79 39 74 4 57 37 44 18 8 18 48 35 26 24 15 59 91 46 0 94 0 93 95 61 70 23 4 50 74 3 2 53 10 88 66 40 29 34 68 67 95 32 45 67 11 87 31 74 70 22 95 79 2 18 47 17 70 61 65 25 16 43 31 87 19 86 13 80 46 57 91 58 55 35 68 
73 29 54 93 13 62 82 92 88 12 35 42 39 71 91 96 98 78 29 67 10 56 81 94 0 99 47 35 56 6 76 53 52 58 93 24 11 75 81 9 0 10 30 64 71 80 96 56 22 43 29 88 85 13 14 4 95 33 26 43 71 56 67 84 34 97 33 37 25 33 35 11 12 72 45 77 70 52 75 68 
27 52 51 84 69 12 93 57 68 81 7 25 19 84 60 0 11 40 9 50 27 82 62 0 99 0 7 15 88 18 10 88 65 65 96 10 99 10 78 84 4 25 95 84 21 37 52 72 3 61 63 56 72 5 64 14 83 73 80 89 65 33 64 61 81 35 81 90 38 33 43 38 82 30 16 12 63 17 96 48 
96 55 92 31 43 42 61 21 37 11 52 61 46 53 42 75 29 11 16 60 13 22 54 93 47 7 0 94 8 53 15 86 38 14 77 73 18 8 80 76 69 23 69 79 35 74 95 57 12 97 10 87 42 29 3 35 28 73 96 87 90 53 32 14 61 13 15 9 19 85 94 59 10 34 37 91 45 29 81 3 
88 68 6 24 53 49 95 2 79 1 27 7 87 34 69 55 72 56 53 80 46 15 1 95 35 15 94 0 65 0 90 73 16 8 79 62 13 21 14 30 6 56 66 70 82 42 89 86 15 64 52 80 44 82 32 75 90 38 56 58 2 88 48 37 68 34 39 88 96 44 69 42 46 32 87 42 38 21 15 24 
40 67 39 50 42 99 24 97 70 98 14 7 3 90 61 76 20 98 89 5 7 62 2 61 56 88 8 65 0 79 84 1 79 27 27 12 8 98 53 33 87 37 17 37 86 0 55 8 37 51 69 86 41 2 55 92 84 97 11 19 2 47 54 27 76 97 88 20 47 0 58 10 61 49 5 3 89 8 34 2 
98 30 65 4 30 92 89 12 19 31 31 15 44 2 50 33 93 98 51 43 83 33 64 70 6 18 53 0 79 0 76 34 28 62 90 57 91 24 61 60 51 33 5 41 89 98 41 63 48 91 91 59 96 36 71 54 14 14 86 80 56 31 93 3 35 66 72 2 65 34 52 10 3 70 37 95 34 41 53 45 
0 50 57 77 8 76 41 45 83 12 45 60 21 62 28 0 12 28 28 37 86 32 54 23 76 10 15 90 84 76 0 91 30 91 69 49 68 2 18 14 13 91 36 23 69 3 98 46 44 39 78 80 65 39 22 31 60 17 62 97 97 68 78 66 30 23 57 3 19 37 8 17 0 80 80 31 75 16 51 7 
8 30 1 47 9 94 46 9 79 72 62 86 59 71 14 29 70 34 98 63 4 22 14 4 53 88 86 73 1 34 91 0 29 17 18 0 35 50 1 94 89 17 85 27 53 51 17 64 80 82 9 90 45 61 11 28 93 41 81 66 72 14 53 44 27 27 32 13 50 76 58 25 88 75 2 7 39 26 18 57 
34 85 97 60 52 77 63 83 12 99 98 71 94 2 89 59 97 63 41 31 34 29 86 50 52 65 38 16 79 28 30 29 0 0 15 5 76 33 76 84 75 8 43 44 80 82 31 89 69 72 97 79 16 55 58 38 45 70 81 64 43 26 75 24 47 92 45 36 20 11 2 64 0 34 19 55 78 27 21 38 
35 94 83 27 80 69 22 85 0 98 66 5 0 92 6 64 42 24 82 44 95 0 4 74 58 65 14 8 27 62 91 17 0 0 75 23 71 95 8 15 26 74 18 44 52 15 55 32 98 74 32 54 74 22 33 86 34 63 93 32 89 37 94 94 29 93 67 67 60 48 47 80 74 35 81 91 60 9 41 97 
41 67 70 24 28 96 89 10 43 91 5 42 80 63 20 56 35 75 66 10 65 53 35 3 93 96 77 79 27 90 69 18 15 75 0 86 80 16 55 7 73 31 75 60 0 19 56 36 80 97 29 81 54 7 13 78 66 84 60 51 91 60 87 86 63 23 93 68 0 97 10 30 9 68 49 55 57 68 20 34 
33 57 59 57 93 52 11 37 68 53 17 63 27 59 61 27 68 0 95 69 53 85 61 2 24 10 73 62 12 57 49 0 5 23 86 0 88 8 13 98 68 74 39 99 19 39 95 50 82 84 25 88 63 40 17 91 84 46 9 52 76 13 84 59 3 49 51 27 41 20 42 57 90 74 40 25 77 54 96 81 
26 21 35 46 19 6 39 81 28 66 91 7 75 57 89 30 15 51 48 89 9 0 81 53 11 99 18 13 8 91 68 35 76 71 80 88 0 9 48 41 88 8 50 80 3 41 15 59 13 27 41 45 15 29 19 34 43 66 59 78 2 19 15 62 24 10 68 80 53 0 66 36 32 5 3 49 14 72 75 53 
3 91 12 76 70 70 59 10 2 37 29 73 50 70 58 27 47 18 74 21 99 0 53 10 75 10 8 21 98 24 2 50 33 95 16 8 9 0 23 52 96 84 88 25 46 74 80 70 73 36 49 4 68 57 61 33 60 0 79 42 24 9 54 5 22 1 36 54 64 97 79 34 90 46 32 0 39 26 98 40 
90 54 90 70 3 15 42 23 57 49 99 67 9 21 56 48 10 93 20 93 47 33 17 88 81 78 80 14 53 61 18 1 76 8 55 13 48 23 0 54 54 32 78 93 29 20 10 34 87 73 79 78 33 17 20 53 48 1 21 99 83 71 58 24 35 94 64 41 35 96 47 69 31 33 98 49 77 99 27 30 
64 24 24 0 72 39 4 83 86 63 86 58 14 84 10 94 85 64 30 70 77 11 43 66 9 84 76 30 33 60 14 94 84 15 7 98 41 52 54 0 31 34 39 15 76 87 94 69 90 97 22 79 10 46 4 3 71 88 74 28 63 29 67 95 99 38 61 33 24 64 19 13 85 92 63 58 31 44 4 88 
2 39 93 74 27 5 86 60 72 47 4 27 36 36 47 91 13 41 77 48 18 79 6 40 0 4 69 6 87 51 13 89 75 26 73 68 88 96 54 31 0 32 35 98 68 42 68 79 3 37 5 24 12 77 7 0 67 42 5 67 35 94 75 83 21 98 78 78 36 57 98 29 60 85 39 68 57 57 62 12 
87 26 23 60 25 11 28 41 21 15 36 51 76 57 62 93 84 33 32 42 19 67 41 29 10 25 23 56 37 33 91 17 8 74 31 74 8 84 32 34 32 0 43 51 4 39 2 30 92 22 16 74 34 41 77 22 42 21 93 14 9 13 67 11 18 70 49 60 85 94 65 21 58 27 27 85 27 99 31 82 
45 11 39 23 55 78 72 5 69 27 26 54 81 35 44 83 6 60 62 88 11 64 41 34 30 95 69 66 17 5 36 85 43 18 75 39 50 88 78 39 35 43 0 55 61 64 20 25 94 21 72 86 79 65 80 6 20 46 58 28 70 85 50 98 28 44 1 15 74 75 1 69 60 93 18 92 19 37 30 90 
53 71 17 15 70 66 21 67 50 32 29 89 0 31 58 54 45 55 74 23 13 76 26 68 64 84 79 70 37 41 23 27 44 44 60 99 80 25 93 15 98 51 55 0 4 27 77 21 22 90 57 96 35 56 22 65 92 29 17 55 0 48 34 62 3 0 53 23 12 12 17 96 67 75 11 35 58 30 3 33 
71 11 73 46 34 96 86 52 48 46 51 40 43 15 19 67 12 74 55 83 9 41 14 67 71 21 35 82 86 89 69 53 80 52 0 19 3 46 29 76 68 4 61 4 0 45 54 55 6 53 50 28 29 72 27 54 62 69 46 59 30 49 11 90 17 67 97 55 78 97 42 72 18 70 89 15 1 76 11 70 
62 76 42 1 64 23 62 26 28 88 21 89 2 44 65 97 37 7 44 75 93 0 76 95 80 37 74 42 0 98 3 51 82 15 19 39 41 74 20 87 42 39 64 27 45 0 93 63 19 98 68 84 96 88 35 38 62 94 38 47 59 51 19 45 45 18 32 69 36 52 75 47 44 27 94 43 92 96 4 97 
16 23 53 30 32 9 41 43 73 79 68 53 86 10 10 47 61 56 34 30 27 41 1 32 96 52 95 89 55 41 98 17 31 55 56 95 15 80 10 94 68 2 20 77 54 93 0 53 33 56 0 86 95 94 18 59 81 19 48 78 13 18 26 10 60 55 63 3 25 72 41 13 27 19 24 7 11 54 90 94 
9 55 5 40 92 83 12 94 89 11 98 13 61 47 63 13 60 11 65 28 5 83 32 45 56 72 57 86 8 63 46 64 89 32 36 50 59 70 34 69 79 30 25 21 55 63 53 0 86 99 41 99 42 61 82 20 84 19 7 69 34 92 77 42 9 9 50 47 9 28 55 8 25 37 94 6 60 31 12 90 
50 80 81 18 99 75 36 36 63 74 82 95 21 44 41 87 95 11 14 43 42 83 92 67 22 3 12 15 37 48 44 80 69 98 80 82 13 73 87 90 3 92 94 22 6 19 33 86 0 18 16 90 9 80 70 45 8 29 54 69 7 69 68 27 52 13 27 24 7 27 42 39 72 80 66 10 74 33 21 76 
0 28 31 51 9 35 8 63 7 62 4 16 95 63 16 88 77 2 83 84 89 64 33 11 43 61 97 64 51 91 39 82 72 74 97 84 27 36 73 97 37 22 21 90 53 98 56 99 18 0 78 71 50 98 76 54 27 98 58 59 59 46 21 2 11 47 98 60 2 3 48 92 59 13 89 66 75 35 22 95 
78 73 15 47 73 45 31 48 86 29 68 88 41 42 71 86 62 1 81 77 96 10 30 87 29 63 10 52 69 91 78 9 97 32 29 25 41 49 79 22 5 16 72 57 50 68 0 41 16 78 0 27 5 74 5 27 11 34 64 6 63 58 37 52 80 69 63 47 33 21 52 92 23 18 40 36 81 72 17 6 
55 37 56 76 11 1 83 65 11 32 86 38 26 65 80 43 95 74 77 34 41 14 85 31 88 56 87 80 86 59 80 90 79 54 81 88 45 4 78 79 24 74 86 96 28 84 86 99 90 71 27 0 31 71 34 81 44 70 52 57 98 69 93 15 14 80 56 70 31 42 59 65 72 9 79 68 40 91 28 62 
4 45 66 29 3 14 61 44 76 15 76 89 47 77 76 0 29 51 2 37 24 34 1 74 85 72 42 44 41 96 65 45 16 74 54 63 15 68 33 10 12 34 79 35 29 96 95 42 9 50 5 31 0 70 75 44 22 62 74 42 8 9 91 12 82 74 22 79 99 19 17 62 77 43 37 0 68 97 97 53 
79 71 31 70 19 42 65 90 0 82 84 97 43 62 65 13 86 32 86 36 22 25 21 70 13 5 29 82 2 36 39 61 55 22 7 40 29 57 17 46 77 41 65 56 72 88 94 61 80 98 74 71 70 0 13 54 51 44 45 51 76 34 76 92 43 14 72 6 77 99 73 65 99 31 41 65 51 21 76 51 
44 1 74 5 19 8 20 3 19 89 23 11 57 50 27 92 71 98 39 41 84 7 30 22 14 64 3 32 55 71 22 11 58 33 13 17 19 61 20 4 7 77 80 22 27 35 18 82 70 76 5 34 75 13 0 24 46 4 91 5 60 16 8 78 70 99 30 84 85 4 6 59 19 67 57 83 39 50 52 58 
46 56 83 1 12 46 60 88 1 8 25 46 72 94 62 70 69 86 3 94 90 24 10 95 4 14 35 75 92 54 31 28 38 86 78 91 34 33 53 3 0 22 6 65 54 38 59 20 45 54 27 81 44 54 24 0 54 19 36 84 52 69 9 21 34 75 35 82 61 60 19 59 4 94 25 4 58 70 33 10 
58 10 15 54 47 68 11 68 29 38 31 58 58 11 76 41 88 97 33 56 2 9 42 79 95 83 28 90 84 14 60 93 45 34 66 84 43 60 48 71 67 42 20 92 62 62 81 84 8 27 11 44 22 51 46 54 0 68 84 65 74 61 31 0 37 68 96 9 71 79 39 60 23 89 65 14 35 21 70 53 
54 82 3 69 35 61 90 95 53 65 41 71 25 28 30 3 32 29 32 33 11 82 45 2 33 73 73 38 97 14 17 41 70 63 84 46 66 0 1 88 42 21 46 29 69 94 19 19 29 98 34 70 62 44 4 19 68 0 38 19 44 43 15 8 42 11 44 5 5 24 17 40 20 97 67 0 94 37 69 79 
99 89 88 40 23 42 44 39 47 21 76 78 79 23 19 67 21 13 15 9 12 26 62 18 26 80 96 56 11 86 62 81 81 93 60 9 59 79 21 74 5 93 58 17 46 38 48 7 54 58 64 52 74 45 91 36 84 38 0 13 0 68 87 39 41 56 42 83 15 64 25 96 5 96 16 73 1 9 67 42 
50 57 36 13 78 47 37 78 31 48 13 30 42 75 98 59 23 91 39 38 57 4 90 47 43 89 87 58 19 80 97 66 64 32 51 52 78 42 99 28 67 14 28 55 59 47 78 69 69 59 6 57 42 51 5 84 65 19 13 0 70 70 84 25 49 59 53 57 6 56 24 36 91 47 73 18 25 1 16 17 
62 7 30 55 58 26 69 98 93 59 27 31 25 41 82 92 77 4 33 22 56 58 10 17 71 65 90 2 2 56 97 72 43 89 91 76 2 24 83 63 35 9 70 0 30 59 13 34 7 59 63 98 8 76 60 52 74 44 0 70 0 99 59 89 96 68 34 54 33 56 84 29 97 94 56 22 78 99 29 80 
5 21 30 78 79 71 45 43 52 7 97 51 81 92 14 86 26 75 53 63 38 28 76 70 56 33 53 88 47 31 68 14 26 37 60 13 19 9 71 29 94 13 85 48 49 51 18 92 69 46 58 69 9 34 16 69 61 43 68 70 99 0 35 73 23 81 82 83 47 41 34 50 26 25 54 31 86 22 19 13 
20 21 1 32 86 90 83 96 42 35 9 59 29 8 92 67 1 31 47 90 96 50 44 61 67 64 32 48 54 93 78 53 75 94 87 84 15 54 58 67 75 67 50 34 11 19 26 77 68 21 37 93 91 76 8 9 31 15 87 84 59 35 0 43 96 86 16 46 51 42 11 43 43 40 83 31 62 72 82 11 
18 29 36 84 4 56 57 82 12 52 81 87 94 93 47 48 26 26 41 59 81 84 25 65 84 61 14 37 27 3 66 44 24 94 86 59 62 5 24 95 83 11 98 62 90 45 10 42 27 2 52 15 12 92 78 21 0 8 39 25 89 73 43 0 77 47 95 87 85 47 88 98 84 76 39 45 90 69 27 20 
39 79 6 2 79 1 92 30 45 98 44 41 29 29 12 69 38 2 75 82 71 99 68 25 34 81 61 68 76 35 30 27 47 29 63 3 24 22 35 99 21 18 28 3 17 45 60 9 52 11 80 14 82 43 70 34 37 42 41 49 96 23 96 77 0 1 79 3 21 70 77 35 62 91 97 43 3 80 46 22 
30 5 16 90 70 39 78 86 18 13 88 93 87 35 39 5 23 59 46 18 63 70 44 16 97 35 13 34 97 66 23 27 92 93 23 49 10 1 94 38 98 70 44 0 67 18 55 9 13 47 69 80 74 14 99 75 68 11 56 59 68 81 86 47 1 0 22 26 80 60 7 69 22 28 75 20 52 67 90 12 
99 82 30 71 10 81 71 24 66 87 23 0 48 8 70 96 83 45 45 77 74 10 88 43 33 81 15 39 88 72 57 32 45 67 93 51 68 36 64 61 78 49 1 53 97 32 63 50 27 98 63 56 22 72 30 35 96 44 42 53 34 82 16 95 79 22 0 18 88 42 37 15 3 39 52 2 98 73 72 47 
67 1 56 79 59 57 86 46 59 66 39 15 75 41 47 4 86 8 10 60 14 48 7 31 37 90 9 88 20 2 3 13 36 67 68 27 80 54 41 33 78 60 15 23 55 69 3 47 24 60 47 70 79 6 84 82 9 5 83 57 54 83 46 87 3 26 18 0 82 20 81 61 82 50 49 24 47 83 75 53 
45 29 34 16 8 74 60 55 71 33 94 55 81 87 1 98 24 81 43 34 89 15 96 87 25 38 19 96 47 65 19 50 20 60 0 41 53 64 35 24 36 85 74 12 78 36 25 9 7 2 33 31 99 77 85 61 71 5 15 6 33 47 51 85 21 80 88 82 0 1 96 74 96 74 82 38 43 90 47 99 
84 3 36 59 89 60 67 53 85 39 17 59 53 36 90 11 85 68 84 13 45 78 12 19 33 33 85 44 0 34 37 76 11 48 97 20 0 97 96 64 57 94 75 12 97 52 72 28 27 3 21 42 19 99 4 60 79 24 64 56 56 41 42 47 70 60 42 20 1 0 50 16 9 38 77 92 62 38 77 81 
69 56 80 40 96 66 33 31 1 67 51 21 2 49 5 92 12 48 63 34 50 36 45 86 35 43 94 69 58 52 8 58 2 47 10 42 66 79 47 19 98 65 1 17 42 75 41 55 42 48 52 59 17 73 6 19 39 17 25 24 84 34 11 88 77 7 37 81 96 50 0 52 41 93 23 24 94 28 9 34 
35 53 39 42 28 85 39 5 31 48 98 47 66 46 54 10 45 62 81 22 36 78 46 13 11 38 59 42 10 10 17 25 64 80 30 57 36 34 69 13 29 21 69 96 72 47 13 8 39 92 92 65 62 65 59 59 60 40 96 36 29 50 43 98 35 69 15 61 74 16 52 0 34 37 36 3 68 57 0 48 
39 77 27 92 43 47 56 20 98 8 65 65 64 15 7 90 41 74 91 54 97 38 48 80 12 82 10 46 61 3 0 88 0 74 9 90 32 90 31 85 60 58 60 67 18 44 27 25 72 59 23 72 77 99 19 4 23 20 5 91 97 26 43 84 62 22 3 82 96 9 41 34 0 93 59 62 39 99 46 9 
40 9 66 57 21 19 41 53 98 93 51 39 91 3 60 35 16 98 26 87 62 90 69 46 72 30 34 32 49 70 80 75 34 35 68 74 5 46 33 92 85 27 93 75 70 27 19 37 80 13 18 9 43 31 67 94 89 97 96 47 94 25 40 76 91 28 39 50 74 38 93 37 93 0 17 7 17 53 10 75 
63 91 93 45 69 67 87 55 96 70 74 87 9 55 80 14 57 93 55 16 24 80 72 57 45 16 37 87 5 37 80 2 19 81 49 40 3 32 98 63 39 27 18 11 89 94 24 94 66 89 40 79 37 41 57 25 65 67 16 73 56 54 83 39 97 75 52 49 82 77 23 36 59 17 0 94 27 23 50 55 
97 92 43 42 6 62 63 60 54 82 81 30 20 76 55 42 26 69 67 38 6 41 82 91 77 12 91 42 3 95 31 7 55 91 55 25 49 0 49 58 68 85 92 35 15 43 7 6 10 66 36 68 0 65 83 4 14 0 73 18 22 31 31 45 43 20 2 24 38 92 24 3 62 7 94 0 33 17 7 74 
3 32 46 61 81 10 92 92 37 94 22 35 85 6 3 92 99 77 38 22 37 34 29 58 70 63 45 38 89 34 75 39 78 60 57 77 14 39 77 31 57 27 19 58 1 92 11 60 74 75 81 40 68 51 39 58 35 94 1 25 78 86 62 90 3 52 98 47 43 62 94 68 39 17 27 33 0 20 7 93 
17 50 36 58 80 41 21 61 36 13 38 36 95 25 78 8 0 51 65 56 85 37 56 55 52 17 29 21 8 41 16 26 27 9 68 54 72 26 99 44 57 99 37 30 76 96 54 31 33 35 72 91 97 21 50 70 21 37 9 1 99 22 72 69 80 67 73 83 90 38 28 57 99 53 23 17 20 0 50 93 
1 72 65 75 93 40 42 89 79 31 12 53 58 26 87 39 63 28 56 14 34 82 71 35 75 96 81 15 34 53 51 18 21 41 20 96 75 98 27 4 62 31 30 3 11 4 90 12 21 22 17 28 97 76 52 33 70 69 67 16 29 19 82 27 46 90 72 75 47 77 9 0 46 10 50 7 7 50 0 17 
35 93 94 53 63 70 86 95 39 57 95 20 89 24 86 57 30 18 72 89 98 42 72 68 68 48 3 24 2 45 7 57 38 97 34 81 53 40 30 88 12 82 90 33 70 97 94 90 76 95 6 62 53 51 58 10 53 79 42 17 80 13 11 20 22 12 47 53 99 81 34 48 9 75 55 74 93 93 17 0 
