80
0 80 9 90 21 71 95 64 24 19 30 2 38 7 81 38 33 65 13 58 32 88 19 70 72 11 87 12 36 24 3 61 21 90 37 83 64 91 43 97 72 96 26 75 7 9 90 74 9 53 82 25 70 40 95 98 28 45 46 91 21 44 5 59 13 60 22 38 81 14 97 59 70 69 64 67 86 62 42 42 
80 0 9 9 6 95 8 9 29 72 28 86 11 32 37 46 40 35 88 99 39 53 87 81 31 57 4 73 13 83 42 78 0 31 63 7 88 79 79 56 53 42 38 11 15 37 57 0 91 43 74 16 19 97 55 2 35 70 46 78 78 83 70 89 0 33 51 19 39 58 88 4 73 69 5 97 33 97 0 97 
9 9 0 81 84 40 29 36 17 14 6 19 74 40 6 66 48 95 66 63 54 21 35 24 73 35 39 77 29 31 21 37 48 39 52 96 99 46 37 97 28 88 26 69 74 11 79 63 34 14 5 23 31 80 24 21 67 55 34 79 36 60 17 92 44 62 7 14 87 95 65 63 92 16 99 4 26 19 31 77 
90 9 81 0 34 79 90 87 35 88 3 54 67 19 55 55 97 3 24 11 86 81 51 49 1 99 70 35 82 60 82 75 34 28 84 99 33 77 80 93 89 34 22 37 10 80 65 78 57 55 76 67 36 36 15 58 57 53 32 12 26 80 13 87 40 77 33 49 82 8 14 33 47 2 29 53 25 93 70 42 
21 6 84 34 0 71 3 96 30 99 3 21 78 64 65 87 73 76 55 33 10 60 41 7 91 47 20 79 10 34 57 69 23 48 79 50 14 13 4 24 49 45 23 85 12 21 64 91 21 25 55 46 33 47 73 79 74 90 54 0 7 5 11 3 38 3 70 36 51 61 90 79 6 11 49 58 2 38 86 4 
71 95 40 79 71 0 56 63 64 96 84 27 59 89 4 27 99 94 30 76 30 45 85 76 33 4 47 97 72 53 97 51 45 58 57 27 44 23 39 89 43 84 37 4 96 53 91 63 8 5 6 13 22 86 50 94 29 83 43 63 45 77 31 80 14 74 34 56 20 57 6 96 81 20 62 74 75 34 62 23 
95 8 29 90 3 56 0 84 8 68 13 15 90 36 36 4 74 93 65 51 25 41 30 42 53 26 50 11 68 68 20 40 43 2 54 23 78 98 91 12 59 77 5 83 51 32 67 11 79 86 60 11 32 31 55 18 48 27 66 75 27 76 31 75 65 16 34 69 41 2 13 58 26 93 42 29 14 10 15 83 
64 9 36 87 96 63 84 0 39 97 42 40 27 55 42 49 46 5 91 12 0 41 48 27 89 16 95 8 76 17 79 73 67 75 32 89 23 69 82 1 55 40 28 44 62 9 25 33 97 59 90 23 13 57 48 57 80 67 57 42 48 48 76 12 41 96 96 84 35 4 79 31 26 69 94 51 68 23 52 32 
24 29 17 35 30 64 8 39 0 53 61 11 57 38 75 45 43 68 29 56 39 14 23 74 15 16 80 81 73 22 4 60 85 43 86 3 55 84 59 93 53 75 6 63 10 55 21 25 60 12 30 18 81 59 53 74 84 62 39 24 32 41 13 56 21 73 4 20 40 6 96 12 67 34 90 56 57 80 84 10 
19 72 14 88 99 96 68 97 53 0 89 36 64 55 6 50 82 13 36 21 50 32 37 36 23 48 96 27 1 78 92 35 44 30 78 39 86 35 5 77 21 0 52 37 6 15 85 54 65 83 10 8 47 30 44 60 75 76 41 81 33 65 10 19 70 91 25 21 1 79 4 63 13 42 17 20 45 65 46 51 
30 28 6 3 3 84 13 42 61 89 0 62 44 31 17 29 9 11 79 88 96 2 44 27 91 76 56 49 92 4 3 16 37 58 46 87 70 42 40 22 56 82 69 13 17 61 24 80 92 7 75 76 95 49 82 20 78 34 47 34 19 74 20 95 44 59 38 88 28 26 70 78 91 26 87 55 46 67 22 34 
2 86 19 54 21 27 15 40 11 36 62 0 9 74 78 39 79 93 85 34 88 71 17 87 75 27 95 57 7 6 12 83 85 64 83 82 74 11 2 2 78 84 12 6 20 90 82 12 74 45 30 85 36 13 31 56 57 2 10 82 77 59 29 40 97 22 9 54 59 51 69 59 59 63 51 17 77 96 19 74 
38 11 74 67 78 59 90 27 57 64 44 9 0 39 10 4 13 71 62 37 17 91 2 72 25 54 22 98 99 23 32 36 46 89 31 35 31 74 52 23 49 5 6 80 45 32 56 70 87 47 11 17 44 8 20 33 82 32 23 29 19 52 98 98 62 94 19 27 1 33 1 19 2 36 37 47 40 81 94 68 
7 32 40 19 64 89 36 55 38 55 31 74 39 0 63 1 70 18 97 3 63 51 24 70 87 87 30 83 10 48 96 69 7 41 41 75 31 42 60 3 57 35 45 67 89 35 5 34 6 50 1 0 97 72 46 73 95 41 95 79 13 68 62 70 57 55 3 5 62 10 75 3 69 62 65 64 91 10 96 93 
81 37 6 55 65 4 36 42 75 6 17 78 10 63 0 29 70 99 96 29 12 4 28 10 18 95 89 7 21 37 0 24 64 11 36 86 23 30 8 83 20 16 85 77 52 13 99 39 74 15 22 20 66 3 73 66 72 49 42 90 30 72 72 44 7 16 16 1 9 10 61 20 52 90 8 25 90 24 55 93 
38 46 66 55 87 27 4 49 45 50 29 39 4 1 29 0 75 8 77 69 20 0 66 79 54 74 51 85 61 74 26 44 79 91 25 45 4 63 58 27 63 83 52 77 57 26 80 79 63 70 33 99 50 40 78 19 51 85 65 25 51 89 68 49 80 81 53 62 93 91 17 5 12 30 80 24 66 95 7 88 
33 40 48 97 73 99 74 46 43 82 9 79 13 70 70 75 0 55 55 38 34 42 94 38 13 24 60 29 65 43 96 7 40 97 57 94 72 36 61 65 24 6 73 98 62 79 72 45 39 46 5 22 71 75 99 37 28 15 9 14 80 98 36 87 90 45 36 56 70 64 22 77 28 66 25 54 84 25 38 1 
65 35 95 3 76 94 93 5 68 13 11 93 71 18 99 8 55 0 80 47 97 10 16 20 0 39 37 99 25 64 88 81 17 24 55 90 66 78 4 67 61 45 99 38 2 4 74 73 66 65 97 13 50 53 40 99 80 36 2 42 87 95 54 39 32 74 49 81 15 51 12 78 42 24 51 32 11 0 61 25 
13 88 66 24 55 30 65 91 29 36 79 85 62 97 96 77 55 80 0 21 64 69 77 78 28 36 1 53 10 27 64 35 28 26 18 9 66 67 0 20 69 53 5 7 89 62 56 85 30 6 50 99 84 54 49 71 35 53 89 6 10 29 97 68 46 54 29 7 24 52 23 63 14 8 66 81 3 24 33 9 
58 99 63 11 33 76 51 12 56 21 88 34 37 3 29 69 38 47 21 0 56 72 95 20 11 86 41 39 10 49 81 94 14 8 4 57 60 24 74 35 47 85 53 48 31 51 40 74 9 36 8 7 32 62 11 18 47 65 90 84 1 29 43 48 34 34 41 54 34 28 11 17 36 37 59 76 65 6 59 49 
32 39 54 86 10 30 25 0 39 50 96 88 17 63 12 20 34 97 64 56 0 49 25 2 51 43 43 88 42 31 13 31 19 48 64 5 46 51 6 10 27 26 38 10 76 55 61 12 13 4 93 89 76 96 14 50 48 90 49 67 49 1 45 87 56 82 21 16 60 23 63 62 73 79 91 88 97 86 94 88 
88 53 21 81 60 45 41 41 14 32 2 71 91 51 4 0 42 10 69 72 49 0 80 23 26 56 14 83 20 23 28 84 28 15 17 15 65 12 50 27 69 68 56 82 22 99 70 77 77 94 22 87 60 43 80 64 19 71 11 73 25 32 66 9 31 9 18 61 27 79 2 86 25 85 41 86 79 66 21 55 
19 87 35 51 41 85 30 48 23 37 44 17 2 24 28 66 94 16 77 95 25 80 0 45 11 59 47 85 78 14 60 6 70 87 63 35 90 98 79 66 74 89 63 72 45 78 25 91 27 25 74 93 27 9 80 73 78 74 19 6 34 79 74 46 75 74 30 52 91 40 90 75 5 22 98 89 18 25 79 16 
70 81 24 49 7 76 42 27 74 36 27 87 72 70 10 79 38 20 78 20 2 23 45 0 37 86 6 2 81 93 60 36 34 40 0 42 61 69 90 10 96 12 35 47 46 15 12 94 89 92 62 10 99 47 95 62 79 53 84 5 39 75 46 21 88 69 31 82 3 99 72 13 27 8 59 55 72 19 56 56 
72 31 73 1 91 33 53 89 15 23 91 75 25 87 18 54 13 0 28 11 51 26 11 37 0 38 49 60 74 47 23 2 10 95 81 90 99 4 69 97 55 17 21 90 88 13 23 36 24 12 99 5 75 68 18 13 85 91 36 70 77 79 37 62 56 97 30 21 87 54 7 37 19 67 72 84 78 18 98 81 
11 57 35 99 47 4 26 16 16 48 76 27 54 87 95 74 24 39 36 86 43 56 59 86 38 0 76 33 29 87 15 53 88 90 52 12 17 63 37 26 94 44 1 56 76 0 78 1 33 4 37 37 0 30 59 53 28 46 62 53 90 82 6 82 86 76 48 55 35 82 62 12 88 66 90 79 88 2 71 80 
87 4 39 70 20 47 50 95 80 96 56 95 22 30 89 51 60 37 1 41 43 14 47 6 49 76 0 26 77 79 63 0 45 2 36 52 5 20 40 72 84 42 29 68 86 40 51 20 22 64 28 2 81 90 56 86 58 72 89 23 12 72 86 41 65 30 99 72 33 71 83 8 32 53 98 96 48 17 51 59 
12 73 77 35 79 97 11 8 81 27 49 57 98 83 7 85 29 99 53 39 88 83 85 2 60 33 26 0 23 20 57 42 37 90 29 21 5 33 27 53 51 53 28 1 70 65 51 96 20 55 30 82 23 95 45 86 71 44 95 24 89 23 83 39 84 32 26 59 76 58 40 48 8 49 69 87 34 45 74 49 
36 13 29 82 10 72 68 76 73 1 92 7 99 10 21 61 65 25 10 10 42 20 78 81 74 29 77 23 0 78 84 27 37 71 54 48 77 43 25 85 97 58 35 86 37 46 9 98 90 36 52 94 72 68 69 78 64 26 40 3 90 47 95 9 12 45 82 81 76 1 57 75 63 12 97 48 94 72 81 9 
24 83 31 60 34 53 68 17 22 78 4 6 23 48 37 74 43 64 27 49 31 23 14 93 47 87 79 20 78 0 63 34 21 79 72 57 71 54 2 11 28 73 7 4 80 41 8 76 88 96 3 38 92 85 56 46 62 32 62 15 50 77 48 84 15 57 80 25 42 40 34 61 78 2 68 48 81 6 78 73 
3 42 21 82 57 97 20 79 4 92 3 12 32 96 0 26 96 88 64 81 13 28 60 60 23 15 63 57 84 63 0 63 29 82 3 80 64 72 21 34 75 50 45 92 61 42 51 96 97 78 75 63 22 12 53 36 47 71 39 32 94 7 14 21 21 10 87 37 26 28 18 27 33 94 49 13 71 68 20 28 
61 78 37 75 69 51 40 73 60 35 16 83 36 69 24 44 7 81 35 94 31 84 6 36 2 53 0 42 27 34 63 0 98 11 53 68 48 3 10 25 71 47 14 2 69 94 87 81 22 62 62 80 38 73 38 48 6 65 59 46 61 47 97 26 15 83 52 68 89 68 17 99 12 99 81 7 87 87 83 77 
21 0 48 34 23 45 43 67 85 44 37 85 46 7 64 79 40 17 28 14 19 28 70 34 10 88 45 37 37 21 29 98 0 27 0 94 49 13 44 35 33 87 31 40 26 18 37 26 43 69 1 88 49 43 70 13 54 42 46 39 13 62 63 38 3 17 20 48 0 67 88 56 77 35 66 32 55 82 90 37 
90 31 39 28 48 58 2 75 43 30 58 64 89 41 11 91 97 24 26 8 48 15 87 40 95 90 2 90 71 79 82 11 27 0 12 66 65 67 97 52 15 76 25 49 80 70 34 75 15 68 61 30 22 11 35 41 50 73 1 36 76 49 76 95 48 64 54 37 74 73 23 73 33 17 5 54 16 42 61 34 
37 63 52 84 79 57 54 32 86 78 46 83 31 41 36 25 57 55 18 4 64 17 63 0 81 52 36 29 54 72 3 53 0 12 0 81 62 17 60 32 20 13 90 14 48 48 66 71 39 17 63 94 51 60 57 86 66 38 88 98 86 74 28 65 26 32 23 44 64 27 53 22 74 35 29 37 93 21 26 23 
83 7 96 99 50 27 23 89 3 39 87 82 35 75 86 45 94 90 9 57 5 15 35 42 90 12 52 21 48 57 80 68 94 66 81 0 46 46 18 17 23 64 5 71 0 80 78 73 0 12 68 40 46 24 4 57 97 84 23 5 91 56 93 17 15 47 92 83 6 50 8 7 25 24 21 47 98 17 84 88 
64 88 99 33 14 44 78 23 55 86 70 74 31 31 23 4 72 66 66 60 46 65 90 61 99 17 5 5 77 71 64 48 49 65 62 46 0 93 52 68 39 56 5 39 99 12 4 4 96 45 57 33 55 17 13 30 47 37 11 48 27 91 31 10 47 23 29 58 96 7 28 12 23 20 60 25 64 9 28 42 
91 79 46 77 13 23 98 69 84 35 42 11 74 42 30 63 36 78 67 24 51 12 98 69 4 63 20 33 43 54 72 3 13 67 17 46 93 0 51 75 56 34 25 47 56 13 69 50 68 54 33 84 21 45 15 90 87 9 89 19 71 35 22 13 42 31 29 44 98 66 31 59 46 3 1 97 14 22 2 13 
43 79 37 80 4 39 91 82 59 5 40 2 52 60 8 58 61 4 0 74 6 50 79 90 69 37 40 27 25 2 21 10 44 97 60 18 52 51 0 91 47 88 77 92 77 69 47 94 90 34 85 87 39 13 73 28 70 36 86 71 52 58 33 33 99 39 49 6 30 62 23 52 65 5 28 69 7 46 55 49 
97 56 97 93 24 89 12 1 93 77 22 2 23 3 83 27 65 67 20 35 10 27 66 10 97 26 72 53 85 11 34 25 35 52 32 17 68 75 91 0 73 11 13 11 59 51 86 59 72 4 16 21 3 60 8 12 99 3 43 47 46 85 34 17 67 40 4 74 39 58 69 43 98 7 29 61 74 61 18 7 
72 53 28 89 49 43 59 55 53 21 56 78 49 57 20 63 24 61 69 47 27 69 74 96 55 94 84 51 97 28 75 71 33 15 20 23 39 56 47 73 0 21 33 56 61 20 75 47 26 31 14 90 50 61 92 77 74 99 43 70 47 12 75 38 84 47 43 89 18 4 31 66 73 80 36 13 50 38 61 57 
96 42 88 34 45 84 77 40 75 0 82 84 5 35 16 83 6 45 53 85 26 68 89 12 17 44 42 53 58 73 50 47 87 76 13 64 56 34 88 11 21 0 17 17 54 11 41 86 40 40 45 59 82 81 77 19 10 30 3 20 49 43 48 24 83 8 13 8 27 66 59 7 1 62 18 43 44 14 33 3 
26 38 26 22 23 37 5 28 6 52 69 12 6 45 85 52 73 99 5 53 38 56 63 35 21 1 29 28 35 7 45 14 31 25 90 5 5 25 77 13 33 17 0 32 16 68 46 74 67 14 90 16 45 86 49 15 9 89 70 29 26 87 73 19 61 66 31 83 98 71 16 18 18 97 52 64 0 65 7 25 
75 11 69 37 85 4 83 44 63 37 13 6 80 67 77 77 98 38 7 48 10 82 72 47 90 56 68 1 86 4 92 2 40 49 14 71 39 47 92 11 56 17 32 0 62 45 2 25 35 18 73 42 10 79 16 1 99 5 22 59 17 83 94 71 74 52 4 6 96 43 4 93 93 21 72 14 40 84 26 92 
7 15 74 10 12 96 51 62 10 6 17 20 45 89 52 57 62 2 89 31 76 22 45 46 88 76 86 70 37 80 61 69 26 80 48 0 99 56 77 59 61 54 16 62 0 20 30 69 79 67 6 75 35 51 30 77 50 10 85 19 76 51 81 96 45 71 59 8 55 59 22 69 34 56 4 66 36 39 97 26 
9 37 11 80 21 53 32 9 55 15 61 90 32 35 13 26 79 4 62 51 55 99 78 15 13 0 40 65 46 41 42 94 18 70 48 80 12 13 69 51 20 11 68 45 20 0 46 20 13 6 73 60 35 66 63 71 26 91 98 58 90 84 40 91 31 87 4 64 15 82 67 85 69 69 39 76 36 13 35 19 
90 57 79 65 64 91 67 25 21 85 24 82 56 5 99 80 72 74 56 40 61 70 25 12 23 78 51 51 9 8 51 87 37 34 66 78 4 69 47 86 75 41 46 2 30 46 0 85 29 3 34 9 41 15 56 68 33 59 48 48 87 19 56 17 0 11 73 92 25 10 97 26 99 79 52 57 27 46 8 53 
74 0 63 78 91 63 11 33 25 54 80 12 70 34 39 79 45 73 85 74 12 77 91 94 36 1 20 96 98 76 96 81 26 75 71 73 4 50 94 59 47 86 74 25 69 20 85 0 70 42 12 34 45 20 54 77 60 44 69 93 71 48 9 64 66 69 57 0 34 24 51 96 26 70 19 61 75 76 3 38 
9 91 34 57 21 8 79 97 60 65 92 74 87 6 74 63 39 66 30 9 13 77 27 89 24 33 22 20 90 88 97 22 43 15 39 0 96 68 90 72 26 40 67 35 79 13 29 70 0 14 60 12 26 77 88 6 47 82 85 73 69 82 8 87 81 86 28 53 6 22 49 99 67 2 38 65 89 79 15 57 
53 43 14 55 25 5 86 59 12 83 7 45 47 50 15 70 46 65 6 36 4 94 25 92 12 4 64 55 36 96 78 62 69 68 17 12 45 54 34 4 31 40 14 18 67 6 3 42 14 0 83 4 23 42 22 99 79 41 64 74 73 38 44 65 67 91 8 62 89 9 13 70 40 45 13 40 28 70 13 50 
82 74 5 76 55 6 60 90 30 10 75 30 11 1 22 33 5 97 50 8 93 22 74 62 99 37 28 30 52 3 75 62 1 61 63 68 57 33 85 16 14 45 90 73 6 73 34 12 60 83 0 68 37 24 55 16 87 91 99 16 46 99 61 81 66 7 6 72 43 39 69 73 71 91 74 65 70 52 71 90 
25 16 23 67 46 13 11 23 18 8 76 85 17 0 20 99 22 13 99 7 89 87 93 10 5 37 2 82 94 38 63 80 88 30 94 40 33 84 87 21 90 59 16 42 75 60 9 34 12 4 68 0 41 47 15 0 13 76 89 80 74 75 98 64 49 7 52 50 80 85 92 86 74 28 96 20 38 48 5 58 
70 19 31 36 33 22 32 13 81 47 95 36 44 97 66 50 71 50 84 32 76 60 27 99 75 0 81 23 72 92 22 38 49 22 51 46 55 21 39 3 50 82 45 10 35 35 41 45 26 23 37 41 0 22 8 83 43 87 0 35 14 47 81 43 4 31 45 87 47 8 85 70 26 25 85 8 32 56 41 65 
40 97 80 36 47 86 31 57 59 30 49 13 8 72 3 40 75 53 54 62 96 43 9 47 68 30 90 95 68 85 12 73 43 11 60 24 17 45 13 60 61 81 86 79 51 66 15 20 77 42 24 47 22 0 87 30 29 1 37 88 24 62 6 20 80 95 33 81 2 29 25 12 83 93 82 19 74 78 16 54 
95 55 24 15 73 50 55 48 53 44 82 31 20 46 73 78 99 40 49 11 14 80 80 95 18 59 56 45 69 56 53 38 70 35 57 4 13 15 73 8 92 77 49 16 30 63 56 54 88 22 55 15 8 87 0 31 13 15 59 21 97 97 55 66 93 27 98 58 34 26 17 93 69 53 92 32 73 29 3 7 
98 2 21 58 79 94 18 57 74 60 20 56 33 73 66 19 37 99 71 18 50 64 73 62 13 53 86 86 78 46 36 48 13 41 86 57 30 90 28 12 77 19 15 1 77 71 68 77 6 99 16 0 83 30 31 0 92 27 32 38 41 39 68 96 72 65 49 58 78 42 54 56 55 90 3 24 47 19 82 87 
28 35 67 57 74 29 48 80 84 75 78 57 82 95 72 51 28 80 35 47 48 19 78 79 85 28 58 71 64 62 47 6 54 50 66 97 47 87 70 99 74 10 9 99 50 26 33 60 47 79 87 13 43 29 13 92 0 47 80 18 10 27 87 91 60 12 52 62 88 64 38 19 72 77 76 40 11 25 81 19 
45 70 55 53 90 83 27 67 62 76 34 2 32 41 49 85 15 36 53 65 90 71 74 53 91 46 72 44 26 32 71 65 42 73 38 84 37 9 36 3 99 30 89 5 10 91 59 44 82 41 91 76 87 1 15 27 47 0 43 19 20 14 82 0 56 52 50 18 84 5 26 46 42 29 2 87 66 55 32 70 
46 46 34 32 54 43 66 57 39 41 47 10 23 95 42 65 9 2 89 90 49 11 19 84 36 62 89 95 40 62 39 59 46 1 88 23 11 89 86 43 43 3 70 22 85 98 48 69 85 64 99 89 0 37 59 32 80 43 0 72 79 19 42 65 73 72 71 68 42 86 76 71 85 40 89 34 77 82 76 61 
91 78 79 12 0 63 75 42 24 81 34 82 29 79 90 25 14 42 6 84 67 73 6 5 70 53 23 24 3 15 32 46 39 36 98 5 48 19 71 47 70 20 29 59 19 58 48 93 73 74 16 80 35 88 21 38 18 19 72 0 80 23 89 60 57 85 84 17 52 67 25 54 97 35 4 59 82 8 21 11 
21 78 36 26 7 45 27 48 32 33 19 77 19 13 30 51 80 87 10 1 49 25 34 39 77 90 12 89 90 50 94 61 13 76 86 91 27 71 52 46 47 49 26 17 76 90 87 71 69 73 46 74 14 24 97 41 10 20 79 80 0 77 89 77 4 29 9 20 67 52 96 41 21 57 44 30 56 5 70 78 
44 83 60 80 5 77 76 48 41 65 74 59 52 68 72 89 98 95 29 29 1 32 79 75 79 82 72 23 47 77 7 47 62 49 74 56 91 35 58 85 12 43 87 83 51 84 19 48 82 38 99 75 47 62 97 39 27 14 19 23 77 0 31 8 42 90 91 62 95 72 20 54 76 27 62 31 95 96 1 18 
5 70 17 13 11 31 31 76 13 10 20 29 98 62 72 68 36 54 97 43 45 66 74 46 37 6 86 83 95 48 14 97 63 76 28 93 31 22 33 34 75 48 73 94 81 40 56 9 8 44 61 98 81 6 55 68 87 82 42 89 89 31 0 7 92 75 64 28 48 42 57 26 60 29 90 6 44 2 52 96 
59 89 92 87 3 80 75 12 56 19 95 40 98 70 44 49 87 39 68 48 87 9 46 21 62 82 41 39 9 84 21 26 38 95 65 17 10 13 33 17 38 24 19 71 96 91 17 64 87 65 81 64 43 20 66 96 91 0 65 60 77 8 7 0 79 54 36 7 73 46 67 63 89 55 68 15 9 7 90 4 
13 0 44 40 38 14 65 41 21 70 44 97 62 57 7 80 90 32 46 34 56 31 75 88 56 86 65 84 12 15 21 15 3 48 26 15 47 42 99 67 84 83 61 74 45 31 0 66 81 67 66 49 4 80 93 72 60 56 73 57 4 42 92 79 0 64 21 12 57 74 6 73 40 71 7 43 91 98 25 12 
60 33 62 77 3 74 16 96 73 91 59 22 94 55 16 81 45 74 54 34 82 9 74 69 97 76 30 32 45 57 10 83 17 64 32 47 23 31 39 40 47 8 66 52 71 87 11 69 86 91 7 7 31 95 27 65 12 52 72 85 29 90 75 54 64 0 61 28 16 23 55 33 14 79 9 40 4 56 35 30 
22 51 7 33 70 34 34 96 4 25 38 9 19 3 16 53 36 49 29 41 21 18 30 31 30 48 99 26 82 80 87 52 20 54 23 92 29 29 49 4 43 13 31 4 59 4 73 57 28 8 6 52 45 33 98 49 52 50 71 84 9 91 64 36 21 61 0 98 19 47 37 14 54 93 18 73 76 22 22 74 
38 19 14 49 36 56 69 84 20 21 88 54 27 5 1 62 56 81 7 54 16 61 52 82 21 55 72 59 81 25 37 68 48 37 44 83 58 44 6 74 89 8 83 6 8 64 92 0 53 62 72 50 87 81 58 58 62 18 68 17 20 62 28 7 12 28 98 0 97 13 93 68 37 6 48 82 78 83 34 21 
81 39 87 82 51 20 41 35 40 1 28 59 1 62 9 93 70 15 24 34 60 27 91 3 87 35 33 76 76 42 26 89 0 74 64 6 96 98 30 39 18 27 98 96 55 15 25 34 6 89 43 80 47 2 34 78 88 84 42 52 67 95 48 73 57 16 19 97 0 9 90 9 76 86 96 52 98 93 1 60 
14 58 95 8 61 57 2 4 6 79 26 51 33 10 10 91 64 51 52 28 23 79 40 99 54 82 71 58 1 40 28 68 67 73 27 50 7 66 62 58 4 66 71 43 59 82 10 24 22 9 39 85 8 29 26 42 64 5 86 67 52 72 42 46 74 23 47 13 9 0 71 97 98 13 28 67 20 12 90 40 
97 88 65 14 90 6 13 79 96 4 70 69 1 75 61 17 22 12 23 11 63 2 90 72 7 62 83 40 57 34 18 17 88 23 53 8 28 31 23 69 31 59 16 4 22 67 97 51 49 13 69 92 85 25 17 54 38 26 76 25 96 20 57 67 6 55 37 93 90 71 0 41 47 80 39 62 31 22 47 88 
59 4 63 33 79 96 58 31 12 63 78 59 19 3 20 5 77 78 63 17 62 86 75 13 37 12 8 48 75 61 27 99 56 73 22 7 12 59 52 43 66 7 18 93 69 85 26 96 99 70 73 86 70 12 93 56 19 46 71 54 41 54 26 63 73 33 14 68 9 97 41 0 27 6 57 73 21 70 83 7 
70 73 92 47 6 81 26 26 67 13 91 59 2 69 52 12 28 42 14 36 73 25 5 27 19 88 32 8 63 78 33 12 77 33 74 25 23 46 65 98 73 1 18 93 34 69 99 26 67 40 71 74 26 83 69 55 72 42 85 97 21 76 60 89 40 14 54 37 76 98 47 27 0 16 73 32 49 50 20 6 
69 69 16 2 11 20 93 69 34 42 26 63 36 62 90 30 66 24 8 37 79 85 22 8 67 66 53 49 12 2 94 99 35 17 35 24 20 3 5 7 80 62 97 21 56 69 79 70 2 45 91 28 25 93 53 90 77 29 40 35 57 27 29 55 71 79 93 6 86 13 80 6 16 0 96 49 44 48 75 46 
64 5 99 29 49 62 42 94 90 17 87 51 37 65 8 80 25 51 66 59 91 41 98 59 72 90 98 69 97 68 49 81 66 5 29 21 60 1 28 29 36 18 52 72 4 39 52 19 38 13 74 96 85 82 92 3 76 2 89 4 44 62 90 68 7 9 18 48 96 28 39 57 73 96 0 1 4 34 70 33 
67 97 4 53 58 74 29 51 56 20 55 17 47 64 25 24 54 32 81 76 88 86 89 55 84 79 96 87 48 48 13 7 32 54 37 47 25 97 69 61 13 43 64 14 66 76 57 61 65 40 65 20 8 19 32 24 40 87 34 59 30 31 6 15 43 40 73 82 52 67 62 73 32 49 1 0 77 5 84 83 
86 33 26 25 2 75 14 68 57 45 46 77 40 91 90 66 84 11 3 65 97 79 18 72 78 88 48 34 94 81 71 87 55 16 93 98 64 14 7 74 50 44 0 40 36 36 27 75 89 28 70 38 32 74 73 47 11 66 77 82 56 95 44 9 91 4 76 78 98 20 31 21 49 44 4 77 0 15 39 4 
62 97 19 93 38 34 10 23 80 65 67 96 81 10 24 95 25 0 24 6 86 66 25 19 18 2 17 45 72 6 68 87 82 42 21 17 9 22 46 61 38 14 65 84 39 13 46 76 79 70 52 48 56 78 29 19 25 55 82 8 5 96 2 7 98 56 22 83 93 12 22 70 50 48 34 5 15 0 34 0 
42 0 31 70 86 62 15 52 84 46 22 19 94 96 55 7 38 61 33 59 94 21 79 56 98 71 51 74 81 78 20 83 90 61 26 84 28 2 55 18 61 33 7 26 97 35 8 3 15 13 71 5 41 16 3 82 81 32 76 21 70 1 52 90 25 35 22 34 1 90 47 83 20 75 70 84 39 34 0 42 
42 97 77 42 4 23 83 32 10 51 34 74 68 93 93 88 1 25 9 49 88 55 16 56 81 80 59 49 9 73 28 77 37 34 23 88 42 13 49 7 57 3 25 92 26 19 53 38 57 50 90 58 65 54 7 87 19 70 61 11 78 18 96 4 12 30 74 21 60 40 88 7 6 46 33 83 4 0 42 0 
0 12 14 19 36 80 79 95 35 79 80 79 64 57 74 60 68 46 44 81 37 68 52 17 74 31 34 31 74 42 52 62 55 48 13 63 74 45 58 2 12 90 24 76 98 64 70 3 36 63 56 64 74 20 50 32 70 39 58 70 61 46 57 1 44 69 16 68 59 43 47 26 49 7 46 52 24 38 4 64 
12 0 83 26 28 68 32 68 44 53 73 12 29 54 47 48 38 67 81 16 40 40 75 21 0 89 42 31 29 38 8 11 52 3 21 21 10 96 60 91 49 19 85 84 6 73 0 18 13 14 78 91 32 61 40 88 82 31 24 3 45 56 58 22 40 74 11 85 50 84 91 43 16 15 90 43 21 60 84 79 
14 83 0 48 30 83 16 58 14 16 83 32 74 13 71 5 27 72 5 35 93 40 43 23 18 98 65 6 84 20 54 82 27 41 64 49 81 3 89 12 76 48 68 70 26 83 29 25 45 65 31 78 43 31 41 42 40 57 49 60 36 73 34 98 88 14 5 47 63 47 77 30 38 90 8 53 60 11 27 53 
19 26 48 0 6 44 10 18 96 33 93 27 15 75 45 55 70 42 62 15 81 7 92 38 95 67 83 28 46 80 16 87 77 18 53 48 93 35 12 13 67 18 34 42 49 41 0 5 19 63 48 43 11 29 1 87 3 18 97 96 63 95 7 38 85 74 15 73 94 74 98 27 70 55 1 71 16 45 60 41 
36 28 30 6 0 10 91 49 9 52 93 69 98 12 40 34 34 75 94 69 90 56 33 4 55 56 90 25 76 65 70 89 45 94 13 77 56 74 99 68 25 19 37 2 71 0 40 15 12 49 19 61 91 68 39 92 51 94 56 51 28 89 13 25 31 13 53 72 59 96 47 97 39 19 18 11 74 10 70 62 
80 68 83 44 10 0 42 35 80 51 46 30 13 22 17 70 37 99 33 31 15 7 76 3 32 94 39 58 49 8 99 65 92 19 87 63 43 26 44 77 74 43 79 42 19 54 81 13 72 16 84 13 21 91 65 49 0 0 87 65 37 82 77 86 83 35 94 25 27 61 95 26 5 13 60 70 85 12 54 76 
79 32 16 10 91 42 0 25 53 42 34 73 3 19 15 64 52 41 37 55 46 87 16 15 44 28 40 45 84 28 84 40 40 37 54 90 91 61 53 36 51 40 38 75 17 36 14 72 83 48 37 5 10 67 3 57 21 19 49 91 93 47 51 31 50 6 29 74 78 64 50 1 70 86 53 88 37 18 83 66 
95 68 58 18 49 35 25 0 94 13 45 56 25 76 56 64 48 83 35 55 86 0 2 62 29 46 56 8 4 71 21 82 90 33 99 87 49 97 79 89 78 86 98 84 15 93 31 16 0 4 31 7 80 46 66 62 25 85 8 54 55 94 69 77 44 64 44 37 35 88 43 10 29 46 77 99 8 64 61 11 
35 44 14 96 9 80 53 94 0 77 56 24 75 7 75 22 55 97 22 67 33 88 10 20 76 13 74 87 60 96 62 22 59 65 56 74 31 97 1 24 9 72 80 67 77 9 32 72 66 83 48 20 42 23 7 7 30 59 22 23 25 10 28 88 56 82 18 73 43 96 77 80 38 88 63 81 74 43 56 0 
79 53 16 33 52 51 42 13 77 0 31 45 62 36 34 8 3 3 97 71 63 53 73 66 68 29 44 82 77 28 1 67 28 83 86 57 25 56 49 18 58 54 22 76 65 78 84 66 79 28 7 98 72 2 65 8 0 84 61 23 50 80 48 51 94 54 6 39 87 86 76 34 9 73 56 20 33 25 96 84 
80 73 83 93 93 46 34 45 56 31 0 87 64 35 50 71 13 56 65 37 30 31 74 55 75 49 67 95 30 96 22 13 30 12 95 85 36 36 66 86 68 28 95 43 29 66 54 84 58 95 31 15 7 2 79 29 7 92 58 4 97 70 50 28 77 43 83 81 67 95 13 56 99 82 63 90 21 89 86 1 
79 12 32 27 69 30 73 56 24 45 87 0 6 50 45 8 31 93 19 90 87 7 73 46 51 65 88 39 98 25 82 11 20 60 76 3 5 82 58 45 17 12 97 86 7 81 45 28 11 19 30 95 82 27 66 82 39 21 25 46 42 10 12 50 88 44 90 81 67 32 98 47 17 8 72 32 10 77 56 50 
64 29 74 15 98 13 3 25 75 62 64 6 0 92 5 45 60 90 60 44 45 3 92 77 34 42 28 40 38 7 36 41 14 33 21 48 1 27 37 55 53 10 18 74 16 37 58 54 20 26 80 51 37 81 31 6 32 36 34 24 39 13 74 58 97 98 4 0 25 93 48 35 41 4 64 40 39 71 89 11 
57 54 13 75 12 22 19 76 7 36 35 50 92 0 69 28 26 67 68 69 11 80 37 44 0 30 77 72 95 4 80 36 73 99 34 51 94 86 46 98 68 44 64 27 70 28 55 47 94 3 51 86 67 91 81 17 8 95 70 68 12 26 29 65 38 16 65 1 58 12 39 6 53 61 44 70 34 80 15 2 
74 47 71 45 40 17 15 56 75 34 50 45 5 69 0 6 14 58 55 43 89 72 94 50 8 63 61 74 22 15 16 17 96 81 67 63 89 85 8 22 23 71 14 8 85 5 34 24 28 44 99 16 18 28 74 29 64 85 82 84 80 73 23 76 35 12 33 45 20 46 5 19 46 66 33 42 1 30 72 31 
60 48 5 55 34 70 64 64 22 8 71 8 45 28 6 0 45 10 13 20 78 17 86 40 85 12 69 71 80 15 63 81 26 96 3 43 82 29 90 49 16 57 34 64 76 94 50 18 28 84 0 87 12 53 54 86 76 2 3 28 24 75 87 60 16 41 15 43 38 99 7 82 43 72 70 40 1 97 87 46 
68 38 27 70 34 37 52 48 55 3 13 31 60 26 14 45 0 84 50 94 29 93 88 30 63 77 88 55 96 62 27 21 64 39 65 92 43 5 61 16 25 35 44 0 52 42 94 6 44 12 88 59 54 25 14 20 57 2 24 29 39 25 31 17 77 9 12 35 76 57 0 69 40 36 19 85 22 93 93 34 
46 67 72 42 75 99 41 83 97 3 56 93 90 67 58 10 84 0 83 22 54 56 8 86 91 1 48 61 12 77 16 80 38 71 42 57 48 81 1 29 74 66 3 62 64 66 78 54 87 68 88 17 45 56 76 71 38 7 25 9 34 67 41 62 25 57 30 97 58 19 44 13 92 44 91 38 40 3 64 35 
44 81 5 62 94 33 37 35 22 97 65 19 60 68 55 13 50 83 0 75 36 48 0 92 14 51 42 85 50 79 38 0 36 83 11 99 12 10 31 74 82 12 4 36 40 70 29 99 28 3 58 9 15 3 38 76 66 65 53 1 81 79 53 7 3 4 91 80 44 55 29 51 76 51 87 98 14 88 8 41 
81 16 35 15 69 31 55 55 67 71 37 90 44 69 43 20 94 22 75 0 13 7 89 17 4 82 60 13 87 8 83 85 9 6 77 82 43 7 93 33 11 99 67 20 50 76 48 36 43 16 10 48 96 23 65 25 72 24 74 60 96 68 91 69 73 87 88 63 8 64 59 62 41 47 83 1 73 44 62 42 
37 40 93 81 90 15 46 86 33 63 30 87 45 11 89 78 29 54 36 13 0 6 76 50 94 35 64 57 54 58 59 56 75 7 20 52 98 37 15 78 42 84 2 64 38 32 18 47 80 53 89 94 15 29 9 4 12 45 53 52 11 88 48 50 48 81 96 18 35 39 24 63 91 8 7 24 30 73 85 33 
68 40 40 7 56 7 87 0 88 53 31 7 3 80 72 17 93 56 48 7 6 0 48 68 53 8 38 85 55 82 65 32 0 48 46 10 96 87 23 0 82 39 11 74 6 80 97 95 67 32 98 42 69 58 79 54 59 39 78 77 59 1 12 11 20 6 29 2 21 62 72 49 53 3 21 74 14 67 85 17 
52 75 43 92 33 76 16 2 10 73 74 73 92 37 94 86 88 8 0 89 76 48 0 57 92 60 93 9 40 85 5 49 52 81 88 98 94 56 70 95 44 76 58 51 39 74 3 77 96 62 7 53 57 61 98 78 8 46 97 28 34 73 54 42 80 2 33 38 81 95 40 32 34 14 56 57 57 66 28 36 
17 21 23 38 4 3 15 62 20 66 55 46 77 44 50 40 30 86 92 17 50 68 57 0 0 52 40 73 80 86 95 21 71 52 69 3 24 26 73 49 43 3 92 38 89 19 44 64 6 98 99 36 98 92 35 70 46 24 26 47 91 75 5 73 37 42 44 12 51 92 33 39 54 65 69 18 11 3 54 31 
74 0 18 95 55 32 44 29 76 68 75 51 34 0 8 85 63 91 14 4 94 53 92 0 0 28 57 66 90 74 54 57 26 97 99 37 93 94 76 45 91 59 6 32 87 72 89 62 65 95 96 28 32 29 73 56 55 4 96 57 14 50 85 47 76 77 13 4 48 29 88 99 29 37 62 60 78 79 55 73 
31 89 98 67 56 94 28 46 13 29 49 65 42 30 63 12 77 1 51 82 35 8 60 52 28 0 26 21 58 74 4 43 60 9 11 63 17 13 55 35 29 92 33 59 7 44 68 53 5 57 70 64 69 48 59 83 71 92 98 98 99 30 0 55 84 24 56 19 44 3 76 91 65 71 58 29 85 90 21 67 
34 42 65 83 90 39 40 56 74 44 67 88 28 77 61 69 88 48 42 60 64 38 93 40 57 26 0 37 93 85 8 99 22 4 13 59 61 18 31 76 29 79 54 59 84 96 1 72 49 90 15 9 54 59 25 49 67 55 73 83 33 82 46 15 47 33 43 43 35 93 41 0 7 18 82 92 12 75 98 81 
31 31 6 28 25 58 45 8 87 82 95 39 40 72 74 71 55 61 85 13 57 85 9 73 66 21 37 0 34 77 18 3 82 70 68 91 17 63 83 81 51 38 11 85 72 37 69 12 30 27 90 73 13 96 47 69 14 87 46 84 26 68 97 20 37 0 10 53 82 20 86 84 93 0 35 31 17 52 61 88 
74 29 84 46 76 49 84 4 60 77 30 98 38 95 22 80 96 12 50 87 54 55 40 80 90 58 93 34 0 89 27 38 94 69 75 21 35 30 96 18 80 14 62 91 30 26 57 62 26 51 49 0 37 30 36 20 62 44 80 40 94 89 65 39 97 8 84 53 58 66 47 86 46 63 89 82 60 15 41 28 
42 38 20 80 65 8 28 71 96 28 96 25 7 4 15 15 62 77 79 8 58 82 85 86 74 74 85 77 89 0 22 26 37 85 0 74 86 55 19 59 17 82 51 27 66 46 40 6 75 68 82 93 86 17 46 91 73 13 99 11 76 3 85 34 86 69 49 64 1 71 63 36 11 87 35 28 51 69 64 99 
52 8 54 16 70 99 84 21 62 1 22 82 36 80 16 63 27 16 38 83 59 65 5 95 54 4 8 18 27 22 0 42 99 47 15 56 32 34 39 65 80 88 90 39 60 81 64 12 97 90 97 36 47 43 10 44 46 6 57 11 98 64 76 29 60 37 58 74 9 8 34 13 30 53 47 0 6 20 82 50 
62 11 82 87 89 65 40 82 22 67 13 11 41 36 17 81 21 80 0 85 56 32 49 21 57 43 99 3 38 26 42 0 34 84 47 18 84 49 85 15 23 89 99 74 16 50 41 30 36 13 9 75 91 93 2 54 22 71 26 65 50 55 63 28 42 90 47 82 38 56 93 37 60 48 27 82 36 77 47 31 
55 52 27 77 45 92 40 90 59 28 30 20 14 73 96 26 64 38 36 9 75 0 52 71 26 60 22 82 94 37 99 34 0 38 91 68 14 48 90 62 9 16 74 74 97 66 10 14 76 3 0 20 52 52 99 22 36 75 96 85 10 96 27 37 19 57 58 37 52 28 96 51 15 79 3 87 44 60 3 97 
48 3 41 18 94 19 37 33 65 83 12 60 33 99 81 96 39 71 83 6 7 48 81 52 97 9 4 70 69 85 47 84 38 0 2 87 8 5 89 85 33 31 5 67 63 7 17 40 63 34 69 74 36 48 64 31 33 43 66 61 78 25 19 19 74 19 29 81 90 76 69 25 71 48 3 26 91 61 86 63 
13 21 64 53 13 87 54 99 56 86 95 76 21 34 67 3 65 42 11 77 20 46 88 69 99 11 13 68 75 0 15 47 91 2 0 10 72 85 62 73 65 87 24 85 2 55 84 91 90 75 94 92 7 26 62 22 22 44 66 44 70 67 9 17 95 87 41 81 29 13 7 47 72 37 49 45 10 85 8 46 
63 21 49 48 77 63 90 87 74 57 85 3 48 51 63 43 92 57 99 82 52 10 98 3 37 63 59 91 21 74 56 18 68 87 10 0 31 66 89 29 61 76 84 97 57 8 97 76 34 22 95 34 77 89 11 41 53 56 16 39 33 61 30 53 45 47 48 75 53 90 67 68 1 21 24 24 87 80 8 84 
74 10 81 93 56 43 91 49 31 25 36 5 1 94 89 82 43 48 12 43 98 96 94 24 93 17 61 17 35 86 32 84 14 8 72 31 0 58 94 78 2 22 50 77 47 40 52 64 96 94 2 74 58 77 81 75 93 61 6 62 46 95 60 91 18 8 35 83 24 73 80 70 29 54 22 47 51 97 15 88 
45 96 3 35 74 26 61 97 97 56 36 82 27 86 85 29 5 81 10 7 37 87 56 26 94 13 18 63 30 55 34 49 48 5 85 66 58 0 4 38 10 17 83 98 65 48 16 40 11 80 0 51 88 60 44 82 94 40 23 90 6 93 5 49 40 70 15 0 68 71 55 37 27 88 86 16 0 22 85 86 
58 60 89 12 99 44 53 79 1 49 66 58 37 46 8 90 61 1 31 93 15 23 70 73 76 55 31 83 96 19 39 85 90 89 62 89 94 4 0 61 76 45 43 2 42 57 6 91 90 35 89 28 97 73 43 38 19 57 62 76 14 36 85 91 4 30 37 36 64 44 18 20 67 91 52 33 95 30 34 88 
2 91 12 13 68 77 36 89 24 18 86 45 55 98 22 49 16 29 74 33 78 0 95 49 45 35 76 81 18 59 65 15 62 85 73 29 78 38 61 0 63 80 90 23 70 67 75 31 44 29 69 84 11 10 76 3 37 99 92 37 36 39 56 98 31 54 70 15 2 75 22 28 88 66 21 6 53 54 19 80 
12 49 76 67 25 74 51 78 9 58 68 17 53 68 23 16 25 74 82 11 42 82 44 43 91 29 29 51 80 17 80 23 9 33 65 61 2 10 76 63 0 15 57 79 34 17 65 25 6 45 74 65 21 62 51 55 71 28 87 68 78 66 46 73 57 70 56 11 37 41 23 99 74 38 17 55 16 0 97 81 
90 19 48 18 19 43 40 86 72 54 28 12 10 44 71 57 35 66 12 99 84 39 76 3 59 92 79 38 14 82 88 89 16 31 87 76 22 17 45 80 15 0 80 61 52 30 49 30 81 41 21 57 69 60 50 24 23 28 28 91 41 87 40 29 34 13 20 60 20 73 12 99 42 6 18 86 13 91 68 52 
24 85 68 34 37 79 38 98 80 22 95 97 18 64 14 34 44 3 4 67 2 11 58 92 6 33 54 11 62 51 90 99 74 5 24 84 50 83 43 90 57 80 0 4 12 25 5 64 53 5 91 69 30 91 27 48 66 93 5 19 54 2 46 65 81 86 36 95 75 70 3 63 55 44 78 59 68 95 22 26 
76 84 70 42 2 42 75 84 67 76 43 86 74 27 8 64 0 62 36 20 64 74 51 38 32 59 59 85 91 27 39 74 74 67 85 97 77 98 2 23 79 61 4 0 12 93 89 53 6 53 81 69 94 41 36 47 78 15 98 21 43 43 57 37 62 27 35 67 82 38 92 89 49 64 13 81 51 76 14 12 
98 6 26 49 71 19 17 15 77 65 29 7 16 70 85 76 52 64 40 50 38 6 39 89 87 7 84 72 30 66 60 16 97 63 2 57 47 65 42 70 34 52 12 12 0 4 11 21 30 90 43 25 38 6 80 40 82 96 72 32 69 72 48 46 6 29 69 30 80 88 72 88 72 17 89 71 5 95 14 83 
64 73 83 41 0 54 36 93 9 78 66 81 37 28 5 94 42 66 70 76 32 80 74 19 72 44 96 37 26 46 81 50 66 7 55 8 40 48 57 67 17 30 25 93 4 0 94 39 84 4 15 77 36 7 11 93 77 96 49 26 49 56 15 1 46 69 25 29 34 86 59 35 94 72 13 7 10 74 27 76 
70 0 29 0 40 81 14 31 32 84 54 45 58 55 34 50 94 78 29 48 18 97 3 44 89 68 1 69 57 40 64 41 10 17 84 97 52 16 6 75 65 49 5 89 11 94 0 3 38 40 90 53 21 46 68 78 49 18 68 28 31 37 18 15 21 94 79 63 93 82 23 17 27 86 61 59 30 44 75 43 
3 18 25 5 15 13 72 16 72 66 84 28 54 47 24 18 6 54 99 36 47 95 77 64 62 53 72 12 62 6 12 30 14 40 91 76 64 40 91 31 25 30 64 53 21 39 3 0 0 74 64 55 9 30 94 43 40 3 32 53 33 30 2 83 61 15 22 19 96 89 8 32 26 13 19 41 2 91 97 42 
36 13 45 19 12 72 83 0 66 79 58 11 20 94 28 28 44 87 28 43 80 67 96 6 65 5 49 30 26 75 97 36 76 63 90 34 96 11 90 44 6 81 53 6 30 84 38 0 0 52 54 6 52 59 95 5 41 82 67 78 99 57 74 34 78 89 28 42 1 31 44 10 13 12 76 83 5 66 9 92 
63 14 65 63 49 16 48 4 83 28 95 19 26 3 44 84 12 68 3 16 53 32 62 98 95 57 90 27 51 68 90 13 3 34 75 22 94 80 35 29 45 41 5 53 90 4 40 74 52 0 81 72 62 5 68 81 78 25 25 29 0 68 55 15 10 29 40 13 25 71 37 86 70 91 32 12 78 87 49 81 
56 78 31 48 19 84 37 31 48 7 31 30 80 51 99 0 88 88 58 10 89 98 7 99 96 70 15 90 49 82 97 9 0 69 94 95 2 0 89 69 74 21 91 81 43 15 90 64 54 81 0 88 43 40 44 27 95 13 23 48 67 12 81 83 12 66 19 60 64 57 21 29 6 60 22 34 16 63 12 38 
64 91 78 43 61 13 5 7 20 98 15 95 51 86 16 87 59 17 9 48 94 42 53 36 28 64 9 73 0 93 36 75 20 74 92 34 74 51 28 84 65 57 69 69 25 77 53 55 6 72 88 0 49 4 48 49 70 50 10 50 47 19 18 49 3 61 91 43 97 45 25 88 96 35 42 88 12 87 52 40 
74 32 43 11 91 21 10 80 42 72 7 82 37 67 18 12 54 45 15 96 15 69 57 98 32 69 54 13 37 86 47 91 52 36 7 77 58 88 97 11 21 69 30 94 38 36 21 9 52 62 43 49 0 54 19 56 20 36 80 87 23 72 89 16 4 7 8 54 53 66 70 88 19 81 44 77 39 49 44 96 
20 61 31 29 68 91 67 46 23 2 2 27 81 91 28 53 25 56 3 23 29 58 61 92 29 48 59 96 30 17 43 93 52 48 26 89 77 60 73 10 62 60 91 41 6 7 46 30 59 5 40 4 54 0 69 27 84 19 98 16 60 54 64 37 70 68 87 33 78 38 3 28 20 42 29 7 64 68 58 79 
50 40 41 1 39 65 3 66 7 65 79 66 31 81 74 54 14 76 38 65 9 79 98 35 73 59 25 47 36 46 10 2 99 64 62 11 81 44 43 76 51 50 27 36 80 11 68 94 95 68 44 48 19 69 0 78 48 74 93 83 75 7 6 2 54 92 54 17 91 97 22 86 90 67 34 71 99 31 54 2 
32 88 42 87 92 49 57 62 7 8 29 82 6 17 29 86 20 71 76 25 4 54 78 70 56 83 49 69 20 91 44 54 22 31 22 41 75 82 38 3 55 24 48 47 40 93 78 43 5 81 27 49 56 27 78 0 93 62 12 10 89 97 40 67 75 15 46 87 2 44 26 63 97 84 15 80 59 6 22 27 
70 82 40 3 51 0 21 25 30 0 7 39 32 8 64 76 57 38 66 72 12 59 8 46 55 71 67 14 62 73 46 22 36 33 22 53 93 94 19 37 71 23 66 78 82 77 49 40 41 78 95 70 20 84 48 93 0 98 84 13 30 4 69 82 82 81 3 69 77 27 30 92 95 63 57 80 20 54 24 76 
39 31 57 18 94 0 19 85 59 84 92 21 36 95 85 2 2 7 65 24 45 39 46 24 4 92 55 87 44 13 6 71 75 43 44 56 61 40 57 99 28 28 93 15 96 96 18 3 82 25 13 50 36 19 74 62 98 0 48 64 94 11 52 2 99 94 71 22 24 56 86 57 5 27 94 93 88 0 45 51 
58 24 49 97 56 87 49 8 22 61 58 25 34 70 82 3 24 25 53 74 53 78 97 26 96 98 73 46 80 99 57 26 96 66 66 16 6 23 62 92 87 28 5 98 72 49 68 32 67 25 23 10 80 98 93 12 84 48 0 13 62 27 84 85 67 97 9 0 55 60 68 62 17 89 84 34 7 53 4 96 
70 3 60 96 51 65 91 54 23 23 4 46 24 68 84 28 29 9 1 60 52 77 28 47 57 98 83 84 40 11 11 65 85 61 44 39 62 90 76 37 68 91 19 21 32 26 28 53 78 29 48 50 87 16 83 10 13 64 13 0 16 60 47 36 45 25 50 30 22 86 73 10 82 91 91 26 4 44 55 50 
61 45 36 63 28 37 93 55 25 50 97 42 39 12 80 24 39 34 81 96 11 59 34 91 14 99 33 26 94 76 98 50 10 78 70 33 46 6 14 36 78 41 54 43 69 49 31 33 99 0 67 47 23 60 75 89 30 94 62 16 0 91 47 27 35 70 0 24 93 66 35 23 13 44 57 31 5 82 58 98 
46 56 73 95 89 82 47 94 10 80 70 10 13 26 73 75 25 67 79 68 88 1 73 75 50 30 82 68 89 3 64 55 96 25 67 61 95 93 36 39 66 87 2 43 72 56 37 30 57 68 12 19 72 54 7 97 4 11 27 60 91 0 64 8 33 42 46 22 29 73 22 31 80 38 34 38 6 85 75 70 
57 58 34 7 13 77 51 69 28 48 50 12 74 29 23 87 31 41 53 91 48 12 54 5 85 0 46 97 65 85 76 63 27 19 9 30 60 5 85 56 46 40 46 57 48 15 18 2 74 55 81 18 89 64 6 40 69 52 84 47 47 64 0 45 22 99 62 66 62 23 88 45 31 83 3 63 74 37 63 7 
1 22 98 38 25 86 31 77 88 51 28 50 58 65 76 60 17 62 7 69 50 11 42 73 47 55 15 20 39 34 29 28 37 19 17 53 91 49 91 98 73 29 65 37 46 1 15 83 34 15 83 49 16 37 2 67 82 2 85 36 27 8 45 0 18 4 14 56 26 37 73 85 20 31 65 69 92 82 36 90 
44 40 88 85 31 83 50 44 56 94 77 88 97 38 35 16 77 25 3 73 48 20 80 37 76 84 47 37 97 86 60 42 19 74 95 45 18 40 4 31 57 34 81 62 6 46 21 61 78 10 12 3 4 70 54 75 82 99 67 45 35 33 22 18 0 89 67 38 41 15 79 33 78 53 54 28 89 56 30 12 
69 74 14 74 13 35 6 64 82 54 43 44 98 16 12 41 9 57 4 87 81 6 2 42 77 24 33 0 8 69 37 90 57 19 87 47 8 70 30 54 70 13 86 27 29 69 94 15 89 29 66 61 7 68 92 15 81 94 97 25 70 42 99 4 89 0 2 90 99 39 29 5 35 97 94 75 47 4 73 97 
16 11 5 15 53 94 29 44 18 6 83 90 4 65 33 15 12 30 91 88 96 29 33 44 13 56 43 10 84 49 58 47 58 29 41 48 35 15 37 70 56 20 36 35 69 25 79 22 28 40 19 91 8 87 54 46 3 71 9 50 0 46 62 14 67 2 0 55 43 30 49 41 70 87 74 8 30 20 76 78 
68 85 47 73 72 25 74 37 73 39 81 81 0 1 45 43 35 97 80 63 18 2 38 12 4 19 43 53 53 64 74 82 37 81 81 75 83 0 36 15 11 60 95 67 30 29 63 19 42 13 60 43 54 33 17 87 69 22 0 30 24 22 66 56 38 90 55 0 41 58 97 42 88 70 19 81 29 44 47 92 
59 50 63 94 59 27 78 35 43 87 67 67 25 58 20 38 76 58 44 8 35 21 81 51 48 44 35 82 58 1 9 38 52 90 29 53 24 68 64 2 37 20 75 82 80 34 93 96 1 25 64 97 53 78 91 2 77 24 55 22 93 29 62 26 41 99 43 41 0 84 74 98 6 38 61 6 20 66 57 25 
43 84 47 74 96 61 64 88 96 86 95 32 93 12 46 99 57 19 55 64 39 62 95 92 29 3 93 20 66 71 8 56 28 76 13 90 73 71 44 75 41 73 70 38 88 86 82 89 31 71 57 45 66 38 97 44 27 56 60 86 66 73 23 37 15 39 30 58 84 0 84 45 33 23 32 17 83 67 22 53 
47 91 77 98 47 95 50 43 77 76 13 98 48 39 5 7 0 44 29 59 24 72 40 33 88 76 41 86 47 63 34 93 96 69 7 67 80 55 18 22 23 12 3 92 72 59 23 8 44 37 21 25 70 3 22 26 30 86 68 73 35 22 88 73 79 29 49 97 74 84 0 1 81 17 17 42 9 73 85 32 
26 43 30 27 97 26 1 10 80 34 56 47 35 6 19 82 69 13 51 62 63 49 32 39 99 91 0 84 86 36 13 37 51 25 47 68 70 37 20 28 99 99 63 89 88 35 17 32 10 86 29 88 88 28 86 63 92 57 62 10 23 31 45 85 33 5 41 42 98 45 1 0 6 53 43 39 36 79 54 16 
49 16 38 70 39 5 70 29 38 9 99 17 41 53 46 43 40 92 76 41 91 53 34 54 29 65 7 93 46 11 30 60 15 71 72 1 29 27 67 88 74 42 55 49 72 94 27 26 13 70 6 96 19 20 90 97 95 5 17 82 13 80 31 20 78 35 70 88 6 33 81 6 0 42 56 93 86 7 35 31 
7 15 90 55 19 13 86 46 88 73 82 8 4 61 66 72 36 44 51 47 8 3 14 65 37 71 18 0 63 87 53 48 79 48 37 21 54 88 91 66 38 6 44 64 17 72 86 13 12 91 60 35 81 42 67 84 63 27 89 91 44 38 83 31 53 97 87 70 38 23 17 53 42 0 77 79 19 5 87 59 
46 90 8 1 18 60 53 77 63 56 63 72 64 44 33 70 19 91 87 83 7 21 56 69 62 58 82 35 89 35 47 27 3 3 49 24 22 86 52 21 17 18 78 13 89 13 61 19 76 32 22 42 44 29 34 15 57 94 84 91 57 34 3 65 54 94 74 19 61 32 17 43 56 77 0 17 7 41 62 79 
52 43 53 71 11 70 88 99 81 20 90 32 40 70 42 40 85 38 98 1 24 74 57 18 60 29 92 31 82 28 0 82 87 26 45 24 47 16 33 6 55 86 59 81 71 7 59 41 83 12 34 88 77 7 71 80 80 93 34 26 31 38 63 69 28 75 8 81 6 17 42 39 93 79 17 0 53 72 13 38 
24 21 60 16 74 85 37 8 74 33 21 10 39 34 1 1 22 40 14 73 30 14 57 11 78 85 12 17 60 51 6 36 44 91 10 87 51 0 95 53 16 13 68 51 5 10 30 2 5 78 16 12 39 64 99 59 20 88 7 4 5 6 74 92 89 47 30 29 20 83 9 36 86 19 7 53 0 45 53 39 
38 60 11 45 10 12 18 64 43 25 89 77 71 80 30 97 93 3 88 44 73 67 66 3 79 90 75 52 15 69 20 77 60 61 85 80 97 22 30 54 0 91 95 76 95 74 44 91 66 87 63 87 49 68 31 6 54 0 53 44 82 85 37 82 56 4 20 44 66 67 73 79 7 5 41 72 45 0 10 24 
4 84 27 60 70 54 83 61 56 96 86 56 89 15 72 87 93 64 8 62 85 85 28 54 55 21 98 61 41 64 82 47 3 86 8 8 15 85 34 19 97 68 22 14 14 27 75 97 9 49 12 52 44 58 54 22 24 45 4 55 58 75 63 36 30 73 76 47 57 22 85 54 35 87 62 13 53 10 0 11 
64 79 53 41 62 76 66 11 0 84 1 50 11 2 31 46 34 35 41 42 33 17 36 31 73 67 81 88 28 99 50 31 97 63 46 84 88 86 88 80 81 52 26 12 83 76 43 42 92 81 38 40 96 79 2 27 76 51 96 50 98 70 7 90 12 97 78 92 25 53 32 16 31 59 79 38 39 24 11 0 
