100
0 23 19 91 13 39 55 42 12 60 50 99 22 46 60 99 74 20 20 91 78 15 80 43 25 66 74 39 2 83 35 2 25 92 42 46 91 98 69 41 77 92 66 62 46 13 24 39 25 57 53 94 84 35 68 3 2 20 10 38 85 77 3 5 86 60 45 33 60 59 49 59 78 95 37 25 13 8 85 49 31 10 55 96 21 61 19 60 49 7 47 36 40 70 0 87 54 1 33 41 
23 0 33 22 62 4 50 64 89 17 10 61 97 10 42 21 18 48 84 96 56 99 38 33 63 76 60 3 4 58 35 97 45 91 36 56 44 88 89 20 29 9 95 85 29 82 52 66 51 66 16 44 46 99 92 95 65 1 52 39 10 13 97 35 14 29 68 29 11 44 76 72 10 18 48 36 86 64 53 79 87 20 71 37 56 62 20 8 8 94 72 38 30 60 30 88 97 53 47 87 
19 33 0 95 26 98 51 9 93 3 36 93 12 72 41 10 86 69 40 14 6 45 6 37 47 72 80 75 59 6 96 85 64 48 3 9 64 3 66 49 73 76 91 55 74 98 70 58 77 72 57 60 5 9 78 19 18 17 54 29 70 56 18 88 77 84 70 69 75 7 12 76 30 43 87 87 63 11 91 1 76 35 83 10 28 31 12 0 69 85 56 93 93 90 69 51 90 43 98 33 
91 22 95 0 89 92 64 91 80 62 29 14 7 53 24 20 80 67 85 88 40 47 70 7 31 92 64 19 11 75 12 98 28 77 93 14 90 92 62 53 34 90 36 60 90 10 3 93 96 90 74 95 82 20 97 95 73 85 21 54 44 5 25 24 48 18 74 51 50 78 56 61 71 92 38 29 79 87 44 71 70 1 47 86 77 0 21 5 53 28 16 47 99 85 15 2 38 93 99 79 
13 62 26 89 0 6 27 82 55 19 55 24 71 74 92 27 60 91 60 32 46 78 30 44 5 92 10 79 95 79 22 11 39 18 99 96 45 90 77 54 31 60 45 39 33 59 91 8 37 47 96 2 40 85 65 75 90 87 92 44 8 62 3 38 78 27 52 68 43 69 10 15 60 76 75 24 27 89 52 76 14 90 79 98 7 87 20 18 11 8 20 72 96 96 66 37 40 81 71 56 
39 4 98 92 6 0 27 85 86 26 45 77 15 74 60 51 32 78 82 55 36 41 80 91 71 18 71 98 11 69 33 14 15 47 55 34 86 63 43 69 37 39 35 49 5 73 59 82 67 91 43 96 83 50 8 85 47 36 69 71 31 89 81 84 20 14 72 36 95 28 43 95 63 72 75 80 92 76 58 42 23 15 61 89 81 2 82 25 14 12 25 77 21 8 57 28 3 1 29 41 
55 50 51 64 27 27 0 86 85 22 19 20 49 94 97 93 72 96 67 74 17 40 81 42 24 24 81 79 72 54 58 1 23 63 12 93 18 96 50 69 58 0 98 75 19 51 49 7 97 51 50 19 12 35 5 94 6 71 18 78 16 61 75 38 77 64 79 31 42 72 34 39 38 69 37 74 64 95 60 65 94 32 19 80 29 31 9 58 40 90 79 21 69 17 83 64 87 42 29 66 
42 64 9 91 82 85 86 0 98 70 80 16 18 99 5 66 58 11 27 44 26 73 39 98 62 20 81 44 76 56 28 18 38 19 17 32 54 30 10 11 4 87 48 37 70 8 16 74 26 73 91 28 66 24 92 95 62 16 81 60 78 89 33 83 82 26 88 50 22 74 96 87 0 34 21 90 65 57 54 7 70 35 37 90 31 14 20 69 4 42 80 12 71 31 51 1 80 39 97 4 
12 89 93 80 55 86 85 98 0 67 2 67 75 33 47 21 50 98 27 35 85 45 79 40 74 86 10 31 67 32 52 3 61 67 55 80 87 36 36 64 27 82 52 62 5 73 90 51 18 62 13 15 26 81 57 9 16 42 61 66 44 41 83 41 49 41 94 55 88 32 56 29 32 70 89 54 34 99 20 51 91 29 68 46 79 59 46 52 25 34 21 77 11 68 87 93 50 92 22 65 
60 17 3 62 19 26 22 70 67 0 80 48 17 19 54 83 65 55 54 80 47 35 11 17 76 86 15 4 34 28 80 13 75 60 37 80 38 75 12 55 36 94 44 96 25 59 14 72 18 1 97 39 39 24 33 92 50 7 15 62 6 34 3 86 16 13 16 93 15 26 30 41 62 54 51 32 62 97 34 6 19 32 46 58 77 35 20 52 68 79 46 55 61 94 42 95 68 43 34 1 
50 10 36 29 55 45 19 80 2 80 0 27 51 44 76 28 70 20 87 38 12 83 38 61 76 35 16 16 90 59 78 23 94 65 40 30 49 38 78 55 40 69 43 39 17 59 90 6 35 28 64 17 73 26 93 57 63 2 19 37 54 85 26 90 96 33 19 10 2 29 52 23 22 61 66 37 4 75 22 67 15 68 49 10 44 5 23 7 31 91 46 2 59 54 69 67 59 70 38 61 
99 61 93 14 24 77 20 16 67 48 27 0 21 98 88 61 50 6 62 54 25 69 38 3 18 17 93 81 87 17 41 45 80 1 19 28 39 16 73 90 84 12 15 89 71 24 5 26 85 96 55 89 67 60 3 72 7 4 20 14 55 14 50 4 80 72 14 42 69 72 12 72 32 1 92 26 99 54 86 29 27 22 21 36 74 77 23 66 52 56 15 41 39 57 9 20 99 70 30 71 
22 97 12 7 71 15 49 18 75 17 51 21 0 2 85 63 18 81 68 71 70 88 9 99 63 37 90 46 47 80 27 40 34 11 82 64 4 58 28 17 55 26 84 26 68 92 63 96 11 78 92 59 60 39 36 10 42 59 36 90 26 2 83 4 50 11 99 3 40 84 95 22 64 70 40 89 87 92 97 69 47 55 83 81 78 43 63 55 65 12 1 75 99 32 27 71 70 65 86 95 
46 10 72 53 74 74 94 99 33 19 44 98 2 0 81 24 95 26 79 89 29 2 68 61 4 44 31 7 90 36 47 16 42 50 54 43 47 38 15 94 74 52 37 45 10 20 32 90 85 94 11 45 75 8 13 88 97 11 26 23 72 22 86 47 40 1 63 77 45 49 87 17 12 56 68 83 20 53 14 52 28 19 70 22 2 72 48 51 24 64 0 61 30 66 89 21 44 32 2 96 
60 42 41 24 92 60 97 5 47 54 76 88 85 81 0 2 45 97 45 4 80 87 99 29 90 43 11 25 7 64 99 77 1 99 54 53 49 94 71 59 90 41 76 62 48 13 21 92 38 92 3 35 21 80 69 66 31 3 45 36 4 86 26 7 14 76 94 50 59 24 61 12 86 37 24 38 19 32 91 89 8 55 22 31 50 41 58 54 92 38 71 89 94 36 66 75 52 16 86 25 
99 21 10 20 27 51 93 66 21 83 28 61 63 24 2 0 72 89 60 62 95 56 15 96 83 20 11 84 49 51 65 92 32 94 50 37 96 94 19 61 93 27 84 39 53 45 45 28 23 98 92 19 16 62 87 5 62 71 52 9 44 5 14 47 67 24 16 42 57 73 21 12 21 26 3 28 61 92 69 76 2 6 44 82 87 53 84 66 61 78 18 97 48 74 24 27 6 6 52 42 
74 18 86 80 60 32 72 58 50 65 70 50 18 95 45 72 0 11 79 60 51 21 79 62 71 66 32 91 93 88 42 68 41 62 85 16 93 44 79 29 33 60 34 95 81 76 66 26 78 16 6 55 23 52 79 49 10 35 28 95 4 48 38 95 51 16 69 83 98 74 43 12 12 79 58 98 79 31 29 9 15 48 3 24 98 51 61 85 95 76 6 34 52 77 29 51 72 12 43 12 
20 48 69 67 91 78 96 11 98 55 20 6 81 26 97 89 11 0 31 55 94 40 78 67 45 15 21 85 1 57 89 67 25 84 38 58 7 0 7 64 70 70 58 53 63 89 25 73 41 43 79 50 64 33 74 8 19 58 69 93 82 63 68 69 9 94 17 53 4 26 32 22 69 95 48 5 42 37 27 68 15 83 67 46 61 94 27 48 98 20 80 53 14 7 30 18 91 3 66 94 
20 84 40 85 60 82 67 27 27 54 87 62 68 79 45 60 79 31 0 58 28 64 53 0 84 29 65 8 1 55 72 20 38 90 1 39 98 81 72 30 86 46 96 25 9 0 97 49 74 48 56 92 45 95 72 41 82 17 50 12 79 12 62 89 25 79 71 28 42 81 57 12 85 97 51 32 24 50 2 50 21 59 29 83 0 60 55 72 94 58 1 21 84 8 56 0 49 40 26 98 
91 96 14 88 32 55 74 44 35 80 38 54 71 89 4 62 60 55 58 0 14 73 11 85 12 50 33 82 59 88 82 14 53 90 37 58 72 48 90 22 65 63 24 24 35 64 46 23 6 81 85 76 48 27 75 19 20 14 2 51 97 16 0 17 51 37 77 49 62 81 7 38 38 95 19 33 2 77 54 47 28 82 91 13 76 22 59 11 35 72 12 5 87 26 47 93 14 72 2 43 
78 56 6 40 46 36 17 26 85 47 12 25 70 29 80 95 51 94 28 14 0 58 97 42 38 3 33 31 45 53 13 28 37 5 93 39 79 43 68 26 61 24 75 77 98 75 99 3 71 36 79 51 52 9 98 23 45 24 47 8 69 76 43 9 6 39 3 50 53 15 29 20 46 62 77 96 14 13 80 85 0 51 20 76 71 77 22 89 28 56 80 78 68 18 55 27 24 4 33 6 
15 99 45 47 78 41 40 73 45 35 83 69 88 2 87 56 21 40 64 73 58 0 12 14 66 8 4 17 24 80 7 30 95 48 22 22 45 97 46 85 83 34 46 50 38 76 16 73 12 46 86 89 99 35 85 47 15 68 58 60 19 66 31 37 18 59 98 92 54 37 87 39 64 3 19 86 90 20 40 92 12 57 3 25 6 85 96 96 23 10 56 37 47 87 5 42 77 42 8 86 
80 38 6 70 30 80 81 39 79 11 38 38 9 68 99 15 79 78 53 11 97 12 0 15 70 73 88 17 33 8 1 35 1 58 66 49 65 73 33 99 57 88 9 71 79 0 20 50 53 29 62 5 95 35 19 55 55 92 37 46 97 80 26 9 94 59 42 85 58 0 58 39 94 68 63 76 84 11 66 56 0 8 15 16 66 17 18 55 95 37 44 84 69 0 19 77 85 97 79 53 
43 33 37 7 44 91 42 98 40 17 61 3 99 61 29 96 62 67 0 85 42 14 15 0 22 42 21 44 50 52 38 42 75 37 69 64 77 2 70 73 60 12 24 23 22 72 16 62 42 78 14 29 95 94 89 84 19 62 39 11 16 65 43 52 62 89 46 60 45 79 60 89 34 16 24 27 20 39 79 96 83 3 63 34 6 91 0 56 29 23 5 42 64 26 96 98 21 95 63 49 
25 63 47 31 5 71 24 62 74 76 76 18 63 4 90 83 71 45 84 12 38 66 70 22 0 45 40 42 48 22 55 36 35 60 42 82 17 82 92 10 61 1 55 78 60 64 43 54 11 44 7 89 97 62 97 51 74 35 88 58 87 62 57 51 87 24 69 29 28 62 8 35 84 33 41 28 17 9 97 27 50 48 86 49 76 63 60 7 95 83 73 3 68 60 27 41 32 13 18 30 
66 76 72 92 92 18 24 20 86 86 35 17 37 44 43 20 66 15 29 50 3 8 73 42 45 0 39 34 64 26 58 38 25 58 11 47 61 79 49 63 88 96 61 88 95 67 18 23 63 80 10 6 59 13 75 7 31 2 51 50 56 16 32 96 49 69 51 92 7 23 92 82 68 45 32 71 67 63 8 35 46 38 33 12 97 66 70 46 81 43 70 53 11 39 55 88 80 29 90 3 
74 60 80 64 10 71 81 81 10 15 16 93 90 31 11 11 32 21 65 33 33 4 88 21 40 39 0 2 35 10 28 99 57 81 8 55 65 10 56 60 99 40 13 23 77 15 68 54 82 13 67 69 99 59 90 55 65 56 5 68 17 20 48 7 87 35 94 31 73 99 35 5 66 80 32 56 61 4 20 81 42 92 73 54 50 25 77 64 44 77 17 77 80 37 60 47 23 55 53 35 
39 3 75 19 79 98 79 44 31 4 16 81 46 7 25 84 91 85 8 82 31 17 17 44 42 34 2 0 75 83 20 71 51 53 42 6 2 17 43 17 27 59 42 2 70 95 20 32 24 16 64 5 75 78 74 43 0 61 16 55 9 30 65 9 55 68 94 92 76 13 82 79 61 55 46 20 12 99 86 41 56 26 63 18 81 0 81 65 67 85 83 92 10 90 12 5 30 30 73 28 
2 4 59 11 95 11 72 76 67 34 90 87 47 90 7 49 93 1 1 59 45 24 33 50 48 64 35 75 0 49 11 85 93 49 55 73 67 1 50 68 3 46 30 42 39 11 15 28 99 92 87 76 92 36 58 26 53 10 64 97 5 81 83 25 82 29 9 34 25 58 64 29 36 46 90 69 56 40 21 8 13 16 18 83 74 95 24 60 22 59 46 54 34 69 59 20 33 37 58 28 
83 58 6 75 79 69 54 56 32 28 59 17 80 36 64 51 88 57 55 88 53 80 8 52 22 26 10 83 49 0 12 89 46 68 85 67 51 63 55 38 19 6 59 26 9 77 76 73 98 42 51 36 64 1 62 70 30 11 63 79 50 96 46 23 83 47 54 80 59 67 47 90 41 10 58 27 67 22 7 99 65 0 91 38 29 13 56 40 94 31 93 87 52 56 20 28 68 9 5 29 
35 35 96 12 22 33 58 28 52 80 78 41 27 47 99 65 42 89 72 82 13 7 1 38 55 58 28 20 11 12 0 20 28 20 94 26 58 86 89 28 38 56 21 51 9 32 71 40 46 2 51 45 70 54 30 71 52 59 44 57 77 99 67 90 36 6 74 2 20 51 38 81 82 85 12 53 5 82 41 56 98 12 7 69 55 29 82 83 84 74 98 85 41 32 70 4 39 93 14 43 
2 97 85 98 11 14 1 18 3 13 23 45 40 16 77 92 68 67 20 14 28 30 35 42 36 38 99 71 85 89 20 0 90 12 96 64 58 58 91 73 15 27 49 55 51 68 44 0 99 94 64 44 35 39 69 68 35 36 31 99 0 35 69 65 31 91 24 94 1 5 45 7 35 85 49 44 25 81 21 80 0 24 54 12 69 12 17 0 93 16 46 78 55 27 25 60 20 21 51 84 
25 45 64 28 39 15 23 38 61 75 94 80 34 42 1 32 41 25 38 53 37 95 1 75 35 25 57 51 93 46 28 90 0 48 69 56 45 47 12 89 20 64 30 0 93 45 0 87 55 77 29 69 40 22 25 58 54 7 50 4 41 37 86 78 55 98 21 43 3 11 84 79 12 49 52 1 86 31 93 98 63 37 51 57 52 95 52 32 57 68 76 22 48 14 16 39 50 22 19 62 
92 91 48 77 18 47 63 19 67 60 65 1 11 50 99 94 62 84 90 90 5 48 58 37 60 58 81 53 49 68 20 12 48 0 31 29 56 50 69 66 95 2 35 80 48 0 74 29 39 42 89 27 25 75 52 21 43 80 21 46 17 58 90 60 66 61 25 79 3 67 10 67 70 13 51 68 83 25 88 39 32 9 56 22 72 28 49 82 11 22 79 41 50 4 11 60 34 54 20 97 
42 36 3 93 99 55 12 17 55 37 40 19 82 54 54 50 85 38 1 37 93 22 66 69 42 11 8 42 55 85 94 96 69 31 0 7 87 93 28 48 67 1 12 98 37 57 90 95 45 83 26 86 67 19 50 18 17 3 37 1 76 15 71 68 98 98 13 54 61 49 0 38 9 99 72 60 66 13 78 16 99 41 27 74 85 39 66 25 23 9 32 7 85 85 57 21 94 98 30 46 
46 56 9 14 96 34 93 32 80 80 30 28 64 43 53 37 16 58 39 58 39 22 49 64 82 47 55 6 73 67 26 64 56 29 7 0 45 46 85 72 62 72 95 97 46 93 92 48 41 66 25 33 23 51 55 17 73 41 66 9 11 71 52 88 38 78 8 43 55 84 56 5 54 22 98 87 60 85 46 15 26 93 2 87 34 99 32 61 83 64 44 16 32 77 37 63 37 55 6 20 
91 44 64 90 45 86 18 54 87 38 49 39 4 47 49 96 93 7 98 72 79 45 65 77 17 61 65 2 67 51 58 58 45 56 87 45 0 32 51 75 72 51 53 13 9 95 10 57 74 81 58 64 69 24 52 82 21 92 6 71 46 59 95 20 61 61 98 78 89 18 20 39 61 10 35 70 79 41 87 87 4 38 14 99 20 81 14 84 83 73 95 89 45 83 77 92 93 72 50 52 
98 88 3 92 90 63 96 30 36 75 38 16 58 38 94 94 44 0 81 48 43 97 73 2 82 79 10 17 1 63 86 58 47 50 93 46 32 0 62 19 50 1 85 84 56 80 8 2 21 42 92 80 10 94 79 2 59 86 76 18 62 85 32 7 62 23 94 28 63 18 32 90 20 9 4 79 95 78 93 1 15 93 3 53 50 84 12 13 72 21 9 84 33 14 42 62 81 82 65 80 
69 89 66 62 77 43 50 10 36 12 78 73 28 15 71 19 79 7 72 90 68 46 33 70 92 49 56 43 50 55 89 91 12 69 28 85 51 62 0 52 46 11 76 90 70 18 38 76 50 56 60 67 39 48 64 66 65 79 13 65 46 97 59 31 21 71 68 21 62 12 94 35 0 63 8 1 55 52 69 79 81 73 22 34 59 24 22 1 7 81 8 87 58 29 90 69 17 14 5 46 
41 20 49 53 54 69 69 11 64 55 55 90 17 94 59 61 29 64 30 22 26 85 99 73 10 63 60 17 68 38 28 73 89 66 48 72 75 19 52 0 24 63 2 94 15 49 93 47 23 45 11 59 92 50 30 52 64 24 74 70 49 24 52 47 20 31 77 96 60 41 7 43 59 88 43 14 59 13 48 87 82 78 81 37 96 99 44 58 81 81 53 97 79 33 0 60 6 55 72 44 
77 29 73 34 31 37 58 4 27 36 40 84 55 74 90 93 33 70 86 65 61 83 57 60 61 88 99 27 3 19 38 15 20 95 67 62 72 50 46 24 0 86 60 39 1 83 14 51 72 83 19 5 31 70 56 58 32 55 62 32 98 0 46 76 59 40 54 73 69 57 55 77 25 13 2 4 84 13 12 23 54 2 58 59 17 43 89 39 82 18 63 87 76 99 15 98 75 85 83 8 
92 9 76 90 60 39 0 87 82 94 69 12 26 52 41 27 60 70 46 63 24 34 88 12 1 96 40 59 46 6 56 27 64 2 1 72 51 1 11 63 86 0 57 95 24 39 76 2 98 52 96 90 43 18 99 25 76 44 66 12 90 47 38 56 43 32 27 12 24 26 22 38 41 79 99 79 1 35 0 83 63 8 27 86 92 23 78 57 30 16 22 99 47 14 18 62 1 66 91 21 
66 95 91 36 45 35 98 48 52 44 43 15 84 37 76 84 34 58 96 24 75 46 9 24 55 61 13 42 30 59 21 49 30 35 12 95 53 85 76 2 60 57 0 45 38 51 31 9 68 59 85 87 71 82 25 21 81 71 44 32 6 21 54 99 9 51 57 92 65 45 47 95 92 84 3 96 12 11 86 89 2 47 63 33 77 20 35 15 65 47 73 29 0 91 91 98 74 77 52 24 
62 85 55 60 39 49 75 37 62 96 39 89 26 45 62 39 95 53 25 24 77 50 71 23 78 88 23 2 42 26 51 55 0 80 98 97 13 84 90 94 39 95 45 0 45 30 22 56 55 4 73 75 81 64 58 67 67 71 27 76 11 22 96 95 70 96 52 2 58 96 93 73 78 57 55 3 23 89 51 55 27 12 55 19 0 65 38 64 99 80 3 68 78 65 18 47 11 85 82 21 
46 29 74 90 33 5 19 70 5 25 17 71 68 10 48 53 81 63 9 35 98 38 79 22 60 95 77 70 39 9 9 51 93 48 37 46 9 56 70 15 1 24 38 45 0 98 76 75 49 86 63 96 83 24 89 57 49 14 78 72 27 94 38 8 90 0 90 93 31 30 62 42 18 35 60 54 14 82 45 52 8 77 38 93 84 24 21 40 41 45 72 91 51 54 70 51 2 18 71 94 
13 82 98 10 59 73 51 8 73 59 59 24 92 20 13 45 76 89 0 64 75 76 0 72 64 67 15 95 11 77 32 68 45 0 57 93 95 80 18 49 83 39 51 30 98 0 22 57 97 11 14 74 5 8 96 96 59 90 35 2 50 16 88 87 16 5 88 98 75 67 85 94 85 16 24 53 20 29 35 73 13 42 56 94 84 40 18 46 22 13 51 20 91 60 55 0 18 12 66 23 
24 52 70 3 91 59 49 16 90 14 90 5 63 32 21 45 66 25 97 46 99 16 20 16 43 18 68 20 15 76 71 44 0 74 90 92 10 8 38 93 14 76 31 22 76 22 0 35 23 93 5 43 21 32 30 58 75 91 42 88 50 21 49 26 61 85 69 85 47 19 40 30 75 16 16 66 52 3 14 26 20 23 81 65 37 32 38 33 33 87 17 55 34 55 36 82 53 35 57 58 
39 66 58 93 8 82 7 74 51 72 6 26 96 90 92 28 26 73 49 23 3 73 50 62 54 23 54 32 28 73 40 0 87 29 95 48 57 2 76 47 51 2 9 56 75 57 35 0 14 3 29 76 36 73 94 29 75 31 96 76 61 64 80 80 27 98 32 34 10 86 9 84 84 59 73 14 86 37 87 19 29 52 89 90 14 28 80 68 98 85 70 63 82 78 9 90 72 81 52 20 
25 51 77 96 37 67 97 26 18 18 35 85 11 85 38 23 78 41 74 6 71 12 53 42 11 63 82 24 99 98 46 99 55 39 45 41 74 21 50 23 72 98 68 55 49 97 23 14 0 72 49 55 95 42 2 62 95 92 73 28 97 61 25 62 53 22 7 40 75 42 58 24 49 10 57 73 37 68 99 43 63 64 86 25 60 64 5 61 1 78 78 77 76 99 11 36 36 28 85 64 
57 66 72 90 47 91 51 73 62 1 28 96 78 94 92 98 16 43 48 81 36 46 29 78 44 80 13 16 92 42 2 94 77 42 83 66 81 42 56 45 83 52 59 4 86 11 93 3 72 0 43 16 69 24 98 79 56 77 46 84 82 45 40 85 35 84 0 51 72 50 22 35 67 78 28 64 2 47 14 78 1 59 27 55 91 50 49 95 16 94 88 41 48 69 57 29 15 55 70 11 
53 16 57 74 96 43 50 91 13 97 64 55 92 11 3 92 6 79 56 85 79 86 62 14 7 10 67 64 87 51 51 64 29 89 26 25 58 92 60 11 19 96 85 73 63 14 5 29 49 43 0 15 97 5 25 7 23 98 45 59 70 65 52 17 56 35 26 76 42 11 49 74 76 40 74 33 15 1 31 51 59 2 6 72 92 73 58 53 21 95 67 25 0 49 59 98 52 11 56 16 
94 44 60 95 2 96 19 28 15 39 17 89 59 45 35 19 55 50 92 76 51 89 5 29 89 6 69 5 76 36 45 44 69 27 86 33 64 80 67 59 5 90 87 75 96 74 43 76 55 16 15 0 71 38 15 78 76 45 51 26 81 10 67 70 39 13 58 94 5 49 61 95 15 18 98 91 7 13 85 88 18 44 86 93 83 84 47 81 58 33 77 59 29 11 74 48 29 3 73 81 
84 46 5 82 40 83 12 66 26 39 73 67 60 75 21 16 23 64 45 48 52 99 95 95 97 59 99 75 92 64 70 35 40 25 67 23 69 10 39 92 31 43 71 81 83 5 21 36 95 69 97 71 0 67 27 96 69 95 61 54 31 46 78 62 92 44 56 51 31 8 53 35 80 78 96 59 35 64 16 72 53 64 35 6 69 9 49 45 91 38 60 11 68 64 32 62 30 46 73 72 
35 99 9 20 85 50 35 24 81 24 26 60 39 8 80 62 52 33 95 27 9 35 35 94 62 13 59 78 36 1 54 39 22 75 19 51 24 94 48 50 70 18 82 64 24 8 32 73 42 24 5 38 67 0 49 3 36 34 41 99 98 11 83 64 12 28 15 15 92 58 33 28 95 80 70 57 32 33 52 79 69 13 12 10 20 59 8 8 2 68 23 23 47 97 74 78 32 61 3 52 
68 92 78 97 65 8 5 92 57 33 93 3 36 13 69 87 79 74 72 75 98 85 19 89 97 75 90 74 58 62 30 69 25 52 50 55 52 79 64 30 56 99 25 58 89 96 30 94 2 98 25 15 27 49 0 19 77 85 22 86 82 13 6 47 21 34 36 5 57 64 77 30 16 97 65 3 97 43 42 85 46 22 65 53 9 58 64 78 78 15 21 55 76 81 15 13 60 20 78 33 
3 95 19 95 75 85 94 95 9 92 57 72 10 88 66 5 49 8 41 19 23 47 55 84 51 7 55 43 26 70 71 68 58 21 18 17 82 2 66 52 58 25 21 67 57 96 58 29 62 79 7 78 96 3 19 0 72 87 86 63 1 69 78 82 85 46 73 8 48 38 95 84 88 27 53 24 60 64 3 12 5 77 44 12 32 16 11 1 6 5 30 1 84 26 38 2 86 34 87 58 
2 65 18 73 90 47 6 62 16 50 63 7 42 97 31 62 10 19 82 20 45 15 55 19 74 31 65 0 53 30 52 35 54 43 17 73 21 59 65 64 32 76 81 67 49 59 75 75 95 56 23 76 69 36 77 72 0 93 96 90 58 95 24 55 37 68 25 16 6 25 98 61 74 70 5 86 31 38 62 65 46 90 76 89 15 46 0 53 91 17 57 37 43 7 66 72 13 72 41 46 
20 1 17 85 87 36 71 16 42 7 2 4 59 11 3 71 35 58 17 14 24 68 92 62 35 2 56 61 10 11 59 36 7 80 3 41 92 86 79 24 55 44 71 71 14 90 91 31 92 77 98 45 95 34 85 87 93 0 70 58 48 10 60 42 60 29 55 74 76 41 82 60 86 2 8 68 28 54 67 95 71 26 4 58 89 42 32 28 85 73 32 42 63 5 73 32 38 42 94 15 
10 52 54 21 92 69 18 81 61 15 19 20 36 26 45 52 28 69 50 2 47 58 37 39 88 51 5 16 64 63 44 31 50 21 37 66 6 76 13 74 62 66 44 27 78 35 42 96 73 46 45 51 61 41 22 86 96 70 0 99 63 82 37 35 28 3 7 41 74 61 49 22 51 46 83 77 77 90 57 43 95 49 55 76 47 36 6 28 22 57 60 32 95 3 56 88 62 86 99 98 
38 39 29 54 44 71 78 60 66 62 37 14 90 23 36 9 95 93 12 51 8 60 46 11 58 50 68 55 97 79 57 99 4 46 1 9 71 18 65 70 32 12 32 76 72 2 88 76 28 84 59 26 54 99 86 63 90 58 99 0 38 31 6 25 30 19 8 2 97 86 33 9 62 30 86 40 62 6 22 21 0 63 93 99 68 63 1 31 66 82 51 45 56 34 56 80 7 90 71 31 
85 10 70 44 8 31 16 78 44 6 54 55 26 72 4 44 4 82 79 97 69 19 97 16 87 56 17 9 5 50 77 0 41 17 76 11 46 62 46 49 98 90 6 11 27 50 50 61 97 82 70 81 31 98 82 1 58 48 63 38 0 82 36 61 2 84 14 82 24 74 1 12 92 75 24 60 37 76 30 20 87 81 4 56 18 95 68 16 59 10 65 57 43 95 5 44 43 47 11 52 
77 13 56 5 62 89 61 89 41 34 85 14 2 22 86 5 48 63 12 16 76 66 80 65 62 16 20 30 81 96 99 35 37 58 15 71 59 85 97 24 0 47 21 22 94 16 21 64 61 45 65 10 46 11 13 69 95 10 82 31 82 0 91 94 66 72 14 48 44 92 10 39 2 57 51 64 60 60 38 91 91 58 26 49 95 66 72 88 63 75 51 20 37 98 71 96 76 66 83 80 
3 97 18 25 3 81 75 33 83 3 26 50 83 86 26 14 38 68 62 0 43 31 26 43 57 32 48 65 83 46 67 69 86 90 71 52 95 32 59 52 46 38 54 96 38 88 49 80 25 40 52 67 78 83 6 78 24 60 37 6 36 91 0 40 30 56 48 89 32 10 30 37 50 22 15 34 6 42 54 62 81 4 99 64 41 96 43 96 97 99 97 55 83 67 1 88 30 54 67 11 
5 35 88 24 38 84 38 83 41 86 90 4 4 47 7 47 95 69 89 17 9 37 9 52 51 96 7 9 25 23 90 65 78 60 68 88 20 7 31 47 76 56 99 95 8 87 26 80 62 85 17 70 62 64 47 82 55 42 35 25 61 94 40 0 40 2 43 97 32 1 62 96 74 3 62 46 55 64 87 16 36 10 13 80 94 57 12 41 75 5 20 61 35 66 38 62 28 2 57 47 
86 14 77 48 78 20 77 82 49 16 96 80 50 40 14 67 51 9 25 51 6 18 94 62 87 49 87 55 82 83 36 31 55 66 98 38 61 62 21 20 59 43 9 70 90 16 61 27 53 35 56 39 92 12 21 85 37 60 28 30 2 66 30 40 0 92 54 40 4 75 84 84 33 60 79 84 85 11 36 18 57 74 8 15 86 37 59 77 11 2 81 18 68 15 25 98 15 14 72 61 
60 29 84 18 27 14 64 26 41 13 33 72 11 1 76 24 16 94 79 37 39 59 59 89 24 69 35 68 29 47 6 91 98 61 98 78 61 23 71 31 40 32 51 96 0 5 85 98 22 84 35 13 44 28 34 46 68 29 3 19 84 72 56 2 92 0 12 30 76 22 50 17 50 48 50 78 99 61 23 21 59 64 43 79 70 40 95 28 9 19 68 57 76 42 70 31 27 55 40 9 
45 68 70 74 52 72 79 88 94 16 19 14 99 63 94 16 69 17 71 77 3 98 42 46 69 51 94 94 9 54 74 24 21 25 13 8 98 94 68 77 54 27 57 52 90 88 69 32 7 0 26 58 56 15 36 73 25 55 7 8 14 14 48 43 54 12 0 83 44 34 72 11 96 40 35 40 1 2 72 14 65 14 5 16 11 52 69 68 44 2 3 14 43 52 24 36 99 82 81 64 
33 29 69 51 68 36 31 50 55 93 10 42 3 77 50 42 83 53 28 49 50 92 85 60 29 92 31 92 34 80 2 94 43 79 54 43 78 28 21 96 73 12 92 2 93 98 85 34 40 51 76 94 51 15 5 8 16 74 41 2 82 48 89 97 40 30 83 0 65 58 85 67 65 81 47 89 54 73 33 15 7 22 43 31 98 40 19 99 53 26 45 58 62 68 95 19 82 55 22 39 
60 11 75 50 43 95 42 22 88 15 2 69 40 45 59 57 98 4 42 62 53 54 58 45 28 7 73 76 25 59 20 1 3 3 61 55 89 63 62 60 69 24 65 58 31 75 47 10 75 72 42 5 31 92 57 48 6 76 74 97 24 44 32 32 4 76 44 65 0 1 82 20 73 1 17 90 0 39 68 53 14 30 9 56 18 65 42 75 35 15 93 27 85 0 65 55 6 55 1 34 
59 44 7 78 69 28 72 74 32 26 29 72 84 49 24 73 74 26 81 81 15 37 0 79 62 23 99 13 58 67 51 5 11 67 49 84 18 18 12 41 57 26 45 96 30 67 19 86 42 50 11 49 8 58 64 38 25 41 61 86 74 92 10 1 75 22 34 58 1 0 35 51 21 9 37 49 30 90 63 72 24 9 61 97 58 53 48 65 34 65 0 36 38 59 39 43 95 42 81 33 
49 76 12 56 10 43 34 96 56 30 52 12 95 87 61 21 43 32 57 7 29 87 58 60 8 92 35 82 64 47 38 45 84 10 0 56 20 32 94 7 55 22 47 93 62 85 40 9 58 22 49 61 53 33 77 95 98 82 49 33 1 10 30 62 84 50 72 85 82 35 0 10 18 20 59 78 27 46 3 26 83 70 41 21 1 14 18 22 4 25 93 88 85 76 48 38 24 69 6 73 
59 72 76 61 15 95 39 87 29 41 23 72 22 17 12 12 12 22 12 38 20 39 39 89 35 82 5 79 29 90 81 7 79 67 38 5 39 90 35 43 77 38 95 73 42 94 30 84 24 35 74 95 35 28 30 84 61 60 22 9 12 39 37 96 84 17 11 67 20 51 10 0 54 92 70 72 64 40 87 81 61 57 13 39 61 48 16 73 19 43 7 44 81 9 53 53 40 41 75 19 
78 10 30 71 60 63 38 0 32 62 22 32 64 12 86 21 12 69 85 38 46 64 94 34 84 68 66 61 36 41 82 35 12 70 9 54 61 20 0 59 25 41 92 78 18 85 75 84 49 67 76 15 80 95 16 88 74 86 51 62 92 2 50 74 33 50 96 65 73 21 18 54 0 32 39 26 58 36 71 60 53 30 12 27 64 91 24 81 69 44 17 30 88 75 82 78 28 44 1 76 
95 18 43 92 76 72 69 34 70 54 61 1 70 56 37 26 79 95 97 95 62 3 68 16 33 45 80 55 46 10 85 85 49 13 99 22 10 9 63 88 13 79 84 57 35 16 16 59 10 78 40 18 78 80 97 27 70 2 46 30 75 57 22 3 60 48 40 81 1 9 20 92 32 0 2 83 11 19 93 32 0 87 8 53 8 87 93 33 37 15 27 81 58 86 35 22 53 44 9 1 
37 48 87 38 75 75 37 21 89 51 66 92 40 68 24 3 58 48 51 19 77 19 63 24 41 32 32 46 90 58 12 49 52 51 72 98 35 4 8 43 2 99 3 55 60 24 16 73 57 28 74 98 96 70 65 53 5 8 83 86 24 51 15 62 79 50 35 47 17 37 59 70 39 2 0 65 5 41 7 60 55 74 97 30 50 74 14 10 29 60 83 57 26 85 22 37 91 8 28 88 
25 36 87 29 24 80 74 90 54 32 37 26 89 83 38 28 98 5 32 33 96 86 76 27 28 71 56 20 69 27 53 44 1 68 60 87 70 79 1 14 4 79 96 3 54 53 66 14 73 64 33 91 59 57 3 24 86 68 77 40 60 64 34 46 84 78 40 89 90 49 78 72 26 83 65 0 67 64 39 81 95 4 61 56 68 92 74 59 18 51 12 46 40 57 77 27 64 87 44 42 
13 86 63 79 27 92 64 65 34 62 4 99 87 20 19 61 79 42 24 2 14 90 84 20 17 67 61 12 56 67 5 25 86 83 66 60 79 95 55 59 84 1 12 23 14 20 52 86 37 2 15 7 35 32 97 60 31 28 77 62 37 60 6 55 85 99 1 54 0 30 27 64 58 11 5 67 0 95 18 48 45 73 25 45 90 89 98 65 67 9 53 38 73 19 53 68 97 66 39 47 
8 64 11 87 89 76 95 57 99 97 75 54 92 53 32 92 31 37 50 77 13 20 11 39 9 63 4 99 40 22 82 81 31 25 13 85 41 78 52 13 13 35 11 89 82 29 3 37 68 47 1 13 64 33 43 64 38 54 90 6 76 60 42 64 11 61 2 73 39 90 46 40 36 19 41 64 95 0 5 71 59 46 63 13 30 94 13 93 35 38 9 3 46 73 93 47 18 24 15 66 
85 53 91 44 52 58 60 54 20 34 22 86 97 14 91 69 29 27 2 54 80 40 66 79 97 8 20 86 21 7 41 21 93 88 78 46 87 93 69 48 12 0 86 51 45 35 14 87 99 14 31 85 16 52 42 3 62 67 57 22 30 38 54 87 36 23 72 33 68 63 3 87 71 93 7 39 18 5 0 55 74 37 65 16 87 3 47 6 28 9 7 47 54 39 72 88 7 57 34 99 
49 79 1 71 76 42 65 7 51 6 67 29 69 52 89 76 9 68 50 47 85 92 56 96 27 35 81 41 8 99 56 80 98 39 16 15 87 1 79 87 23 83 89 55 52 73 26 19 43 78 51 88 72 79 85 12 65 95 43 21 20 91 62 16 18 21 14 15 53 72 26 81 60 32 60 81 48 71 55 0 14 73 15 73 17 51 60 84 38 50 79 62 45 39 41 78 95 28 44 93 
31 87 76 70 14 23 94 70 91 19 15 27 47 28 8 2 15 15 21 28 0 12 0 83 50 46 42 56 13 65 98 0 63 32 99 26 4 15 81 82 54 63 2 27 8 13 20 29 63 1 59 18 53 69 46 5 46 71 95 0 87 91 81 36 57 59 65 7 14 24 83 61 53 0 55 95 45 59 74 14 0 3 31 18 66 62 12 32 17 86 52 87 50 8 9 77 26 36 58 65 
10 20 35 1 90 15 32 35 29 32 68 22 55 19 55 6 48 83 59 82 51 57 8 3 48 38 92 26 16 0 12 24 37 9 41 93 38 93 73 78 2 8 47 12 77 42 23 52 64 59 2 44 64 13 22 77 90 26 49 63 81 58 4 10 74 64 14 22 30 9 70 57 30 87 74 4 73 46 37 73 3 0 35 0 10 53 19 84 68 50 2 70 35 27 19 12 14 56 77 95 
55 71 83 47 79 61 19 37 68 46 49 21 83 70 22 44 3 67 29 91 20 3 15 63 86 33 73 63 18 91 7 54 51 56 27 2 14 3 22 81 58 27 63 55 38 56 81 89 86 27 6 86 35 12 65 44 76 4 55 93 4 26 99 13 8 43 5 43 9 61 41 13 12 8 97 61 25 63 65 15 31 35 0 16 48 77 2 18 50 87 90 84 44 98 85 67 31 51 88 27 
96 37 10 86 98 89 80 90 46 58 10 36 81 22 31 82 24 46 83 13 76 25 16 34 49 12 54 18 83 38 69 12 57 22 74 87 99 53 34 37 59 86 33 19 93 94 65 90 25 55 72 93 6 10 53 12 89 58 76 99 56 49 64 80 15 79 16 31 56 97 21 39 27 53 30 56 45 13 16 73 18 0 16 0 43 29 53 34 45 75 27 25 3 78 66 63 14 36 99 83 
21 56 28 77 7 81 29 31 79 77 44 74 78 2 50 87 98 61 0 76 71 6 66 6 76 97 50 81 74 29 55 69 52 72 85 34 20 50 59 96 17 92 77 0 84 84 37 14 60 91 92 83 69 20 9 32 15 89 47 68 18 95 41 94 86 70 11 98 18 58 1 61 64 8 50 68 90 30 87 17 66 10 48 43 0 61 15 95 89 55 75 64 18 0 66 42 8 40 28 26 
61 62 31 0 87 2 31 14 59 35 5 77 43 72 41 53 51 94 60 22 77 85 17 91 63 66 25 0 95 13 29 12 95 28 39 99 81 84 24 99 43 23 20 65 24 40 32 28 64 50 73 84 9 59 58 16 46 42 36 63 95 66 96 57 37 40 52 40 65 53 14 48 91 87 74 92 89 94 3 51 62 53 77 29 61 0 33 23 37 43 27 98 67 30 97 38 64 81 31 97 
19 20 12 21 20 82 9 20 46 20 23 23 63 48 58 84 61 27 55 59 22 96 18 0 60 70 77 81 24 56 82 17 52 49 66 32 14 12 22 44 89 78 35 38 21 18 38 80 5 49 58 47 49 8 64 11 0 32 6 1 68 72 43 12 59 95 69 19 42 48 18 16 24 93 14 74 98 13 47 60 12 19 2 53 15 33 0 76 78 80 4 90 37 10 87 47 43 81 84 26 
60 8 0 5 18 25 58 69 52 52 7 66 55 51 54 66 85 48 72 11 89 96 55 56 7 46 64 65 60 40 83 0 32 82 25 61 84 13 1 58 39 57 15 64 40 46 33 68 61 95 53 81 45 8 78 1 53 28 28 31 16 88 96 41 77 28 68 99 75 65 22 73 81 33 10 59 65 93 6 84 32 84 18 34 95 23 76 0 54 78 35 31 57 16 45 50 75 58 16 13 
49 8 69 53 11 14 40 4 25 68 31 52 65 24 92 61 95 98 94 35 28 23 95 29 95 81 44 67 22 94 84 93 57 11 23 83 83 72 7 81 82 30 65 99 41 22 33 98 1 16 21 58 91 2 78 6 91 85 22 66 59 63 97 75 11 9 44 53 35 34 4 19 69 37 29 18 67 35 28 38 17 68 50 45 89 37 78 54 0 84 6 81 15 64 21 10 8 51 92 19 
7 94 85 28 8 12 90 42 34 79 91 56 12 64 38 78 76 20 58 72 56 10 37 23 83 43 77 85 59 31 74 16 68 22 9 64 73 21 81 81 18 16 47 80 45 13 87 85 78 94 95 33 38 68 15 5 17 73 57 82 10 75 99 5 2 19 2 26 15 65 25 43 44 15 60 51 9 38 9 50 86 50 87 75 55 43 80 78 84 0 31 95 14 61 14 6 60 38 56 97 
47 72 56 16 20 25 79 80 21 46 46 15 1 0 71 18 6 80 1 12 80 56 44 5 73 70 17 83 46 93 98 46 76 79 32 44 95 9 8 53 63 22 73 3 72 51 17 70 78 88 67 77 60 23 21 30 57 32 60 51 65 51 97 20 81 68 3 45 93 0 93 7 17 27 83 12 53 9 7 79 52 2 90 27 75 27 4 35 6 31 0 5 69 5 30 0 18 57 49 40 
36 38 93 47 72 77 21 12 77 55 2 41 75 61 89 97 34 53 21 5 78 37 84 42 3 53 77 92 54 87 85 78 22 41 7 16 89 84 87 97 87 99 29 68 91 20 55 63 77 41 25 59 11 23 55 1 37 42 32 45 57 20 55 61 18 57 14 58 27 36 88 44 30 81 57 46 38 3 47 62 87 70 84 25 64 98 90 31 81 95 5 0 17 49 71 97 11 49 37 63 
40 30 93 99 96 21 69 71 11 61 59 39 99 30 94 48 52 14 84 87 68 47 69 64 68 11 80 10 34 52 41 55 48 50 85 32 45 33 58 79 76 47 0 78 51 91 34 82 76 48 0 29 68 47 76 84 43 63 95 56 43 37 83 35 68 76 43 62 85 38 85 81 88 58 26 40 73 46 54 45 50 35 44 3 18 67 37 57 15 14 69 17 0 95 74 26 16 21 27 2 
70 60 90 85 96 8 17 31 68 94 54 57 32 66 36 74 77 7 8 26 18 87 0 26 60 39 37 90 69 56 32 27 14 4 85 77 83 14 29 33 99 14 91 65 54 60 55 78 99 69 49 11 64 97 81 26 7 5 3 34 95 98 67 66 15 42 52 68 0 59 76 9 75 86 85 57 19 73 39 39 8 27 98 78 0 30 10 16 64 61 5 49 95 0 54 5 5 37 23 83 
0 30 69 15 66 57 83 51 87 42 69 9 27 89 66 24 29 30 56 47 55 5 19 96 27 55 60 12 59 20 70 25 16 11 57 37 77 42 90 0 15 18 91 18 70 55 36 9 11 57 59 74 32 74 15 38 66 73 56 56 5 71 1 38 25 70 24 95 65 39 48 53 82 35 22 77 53 93 72 41 9 19 85 66 66 97 87 45 21 14 30 71 74 54 0 79 29 44 8 1 
87 88 51 2 37 28 64 1 93 95 67 20 71 21 75 27 51 18 0 93 27 42 77 98 41 88 47 5 20 28 4 60 39 60 21 63 92 62 69 60 98 62 98 47 51 0 82 90 36 29 98 48 62 78 13 2 72 32 88 80 44 96 88 62 98 31 36 19 55 43 38 53 78 22 37 27 68 47 88 78 77 12 67 63 42 38 47 50 10 6 0 97 26 5 79 0 30 47 53 46 
54 97 90 38 40 3 87 80 50 68 59 99 70 44 52 6 72 91 49 14 24 77 85 21 32 80 23 30 33 68 39 20 50 34 94 37 93 81 17 6 75 1 74 11 2 18 53 72 36 15 52 29 30 32 60 86 13 38 62 7 43 76 30 28 15 27 99 82 6 95 24 40 28 53 91 64 97 18 7 95 26 14 31 14 8 64 43 75 8 60 18 11 16 5 29 30 0 37 86 45 
1 53 43 93 81 1 42 39 92 43 70 70 65 32 16 6 12 3 40 72 4 42 97 95 13 29 55 30 37 9 93 21 22 54 98 55 72 82 14 55 85 66 77 85 18 12 35 81 28 55 11 3 46 61 20 34 72 42 86 90 47 66 54 2 14 55 82 55 55 42 69 41 44 44 8 87 66 24 57 28 36 56 51 36 40 81 81 58 51 38 57 49 21 37 44 47 37 0 40 44 
33 47 98 99 71 29 29 97 22 34 38 30 86 2 86 52 43 66 26 2 33 8 79 63 18 90 53 73 58 5 14 51 19 20 30 6 50 65 5 72 83 91 52 82 71 66 57 52 85 70 56 73 73 3 78 87 41 94 99 71 11 83 67 57 72 40 81 22 1 81 6 75 1 9 28 44 39 15 34 44 58 77 88 99 28 31 84 16 92 56 49 37 27 23 8 53 86 40 0 82 
41 87 33 79 56 41 66 4 65 1 61 71 95 96 25 42 12 94 98 43 6 86 53 49 30 3 35 28 28 29 43 84 62 97 46 20 52 80 46 44 8 21 24 21 94 23 58 20 64 11 16 81 72 52 33 58 46 15 98 31 52 80 11 47 61 9 64 39 34 33 73 19 76 1 88 42 47 66 99 93 65 95 27 83 26 97 26 13 19 97 40 63 2 83 1 46 45 44 82 0 
0 66 89 21 98 62 49 57 53 0 79 53 66 54 7 4 53 64 40 19 30 18 94 96 65 74 6 45 13 58 54 88 61 90 26 35 45 92 52 63 95 13 43 4 62 4 62 44 42 63 21 93 3 64 91 34 90 68 95 91 97 10 49 40 64 95 34 82 70 19 35 76 98 12 80 4 78 86 81 91 36 66 43 63 18 47 48 19 11 75 83 16 67 43 4 78 29 90 73 3 
66 0 1 44 77 86 91 30 63 10 69 67 5 55 8 75 79 87 61 32 10 61 74 52 51 84 77 14 25 20 12 33 50 6 85 14 42 20 11 1 80 23 92 88 11 15 29 30 74 81 8 39 31 6 86 37 61 82 29 4 15 0 69 69 40 70 30 0 82 23 88 12 71 91 15 21 50 50 77 60 61 94 57 36 14 6 9 90 23 68 66 41 4 40 55 79 83 34 91 29 
89 1 0 12 81 26 25 25 61 2 81 32 8 23 31 28 71 83 37 59 94 15 31 16 49 60 73 93 64 60 67 55 79 11 79 86 91 65 38 5 33 90 18 87 32 5 94 19 71 24 11 5 79 61 32 19 55 59 30 21 24 74 86 78 32 66 82 78 12 54 26 63 30 62 30 64 74 20 41 90 6 37 0 32 67 73 63 56 20 21 84 71 24 65 55 9 99 98 55 28 
21 44 12 0 78 38 49 50 67 18 62 24 15 16 14 73 45 68 74 30 61 88 50 95 44 78 7 67 0 3 31 5 37 74 61 21 86 13 17 80 18 31 40 70 5 78 94 63 10 90 11 52 98 9 10 1 23 59 21 79 50 45 76 5 49 57 37 92 13 93 88 66 62 4 79 92 36 10 91 78 89 65 52 45 47 79 49 5 81 9 3 66 63 25 91 10 21 30 35 4 
98 77 81 78 0 37 3 81 60 21 41 14 63 43 8 50 46 11 16 90 45 69 75 64 72 98 24 54 38 80 21 74 29 80 55 48 44 77 29 3 45 79 8 63 30 47 88 12 69 29 29 27 11 19 3 64 69 22 25 19 1 0 35 83 89 68 86 33 70 31 76 37 66 45 48 41 26 92 90 50 3 1 93 20 73 88 5 65 60 56 73 53 6 16 41 43 85 13 38 60 
62 86 26 38 37 0 19 6 50 17 9 43 28 69 72 27 0 11 85 41 72 92 63 53 36 92 22 74 30 31 48 18 11 60 1 30 0 86 36 24 56 45 28 95 63 17 40 74 58 73 38 70 85 35 27 89 32 69 80 58 38 62 54 51 1 62 88 3 44 44 55 76 39 68 40 46 1 65 33 45 36 49 11 56 49 24 2 75 94 1 87 87 34 75 76 63 70 10 79 89 
49 91 25 49 3 19 0 33 47 24 42 52 31 6 42 65 24 2 19 6 60 2 91 52 97 82 94 26 68 26 24 40 74 85 49 94 13 69 51 10 67 78 76 5 52 55 77 5 89 45 7 30 5 98 65 71 92 90 78 50 7 43 4 77 51 80 49 13 45 2 53 48 25 62 28 65 92 25 82 96 32 81 26 54 86 23 6 17 83 46 48 74 2 44 36 5 9 22 78 59 
57 30 25 50 81 6 33 0 22 39 23 86 57 87 15 25 63 56 13 11 33 35 41 97 78 96 41 89 28 34 59 30 80 45 0 86 75 42 21 74 3 90 35 47 62 19 89 5 36 79 68 63 54 18 94 77 63 28 66 78 19 69 96 85 84 24 47 98 29 27 76 45 76 86 95 27 79 58 31 67 79 59 78 44 95 69 87 25 62 53 7 25 84 87 93 43 51 22 80 62 
53 63 61 67 60 50 47 22 0 19 80 33 63 63 51 99 94 74 27 6 17 43 41 57 28 21 83 27 40 22 38 0 0 37 34 98 31 53 30 21 24 5 7 74 72 36 22 45 62 36 46 0 30 87 63 33 74 23 60 16 13 48 15 89 81 45 9 52 45 52 38 36 55 80 3 1 42 48 96 65 3 70 9 30 36 10 9 93 15 61 96 94 92 79 64 91 89 70 32 54 
0 10 2 18 21 17 24 39 19 0 40 14 69 78 51 34 89 13 73 12 26 39 90 32 10 62 54 5 19 59 99 52 21 75 5 2 20 5 93 76 89 54 95 29 88 35 70 83 1 65 93 35 54 79 38 98 41 50 33 21 99 81 98 77 81 11 58 86 51 9 46 0 54 31 0 13 86 99 32 97 9 37 31 28 22 73 97 4 36 83 71 67 12 4 17 70 17 17 79 60 
79 69 81 62 41 9 42 23 80 40 0 69 8 77 66 38 93 18 17 27 70 96 23 33 67 33 61 58 58 64 6 11 71 45 6 32 51 22 28 67 89 62 40 24 78 52 91 36 66 76 7 92 38 50 14 86 73 15 68 52 21 5 12 22 27 17 35 82 32 19 64 0 64 53 49 80 67 97 76 18 2 50 9 16 56 82 26 82 88 58 44 42 25 73 90 69 62 72 32 75 
53 67 32 24 14 43 52 86 33 14 69 0 37 74 50 36 36 24 14 44 84 73 25 41 97 6 86 7 27 16 48 30 60 39 21 12 56 10 26 6 37 86 75 27 91 10 14 82 77 67 54 95 60 36 88 63 43 60 56 64 77 89 76 18 52 44 97 72 0 62 69 52 90 19 49 44 44 50 79 65 36 25 46 51 18 10 65 12 72 86 24 2 64 52 54 47 53 60 72 40 
66 5 8 15 63 28 31 57 63 69 8 37 0 60 75 3 5 49 96 60 68 46 53 94 69 98 64 62 33 44 42 76 17 92 79 96 37 24 77 47 15 69 31 84 42 78 57 30 37 52 47 62 77 83 60 24 28 8 32 81 22 3 32 34 8 5 88 1 19 47 48 0 30 8 42 13 2 0 74 1 26 26 6 0 24 7 78 92 16 59 96 58 17 8 48 78 57 93 85 20 
54 55 23 16 43 69 6 87 63 78 77 74 60 0 90 7 2 27 92 6 33 21 64 18 6 82 33 61 97 69 50 60 18 46 27 31 51 15 40 26 91 23 48 11 56 83 73 39 19 85 19 19 12 23 74 84 20 56 51 16 79 76 63 75 75 39 25 47 6 78 35 42 23 70 35 91 88 31 35 5 88 8 53 47 70 20 1 7 13 51 54 56 27 87 43 80 24 51 16 18 
7 8 31 14 8 72 42 15 51 51 66 50 75 90 0 98 40 70 12 13 42 35 44 50 33 87 95 16 43 25 51 88 26 37 43 24 72 50 61 11 10 46 77 36 47 9 44 86 57 70 89 31 3 1 63 85 24 58 84 6 6 8 64 16 67 55 31 83 20 96 13 53 29 81 34 72 66 1 33 62 4 99 32 66 74 62 94 94 21 25 34 10 67 68 41 66 30 35 86 7 
4 75 28 73 50 27 65 25 99 34 38 36 3 7 98 0 88 26 64 47 4 75 3 43 21 86 79 21 32 76 21 95 47 71 64 79 63 37 56 65 82 44 24 10 98 89 94 36 73 12 53 29 27 6 35 93 61 42 29 79 3 5 68 54 49 98 92 88 69 27 57 77 35 94 62 25 16 86 20 41 93 9 7 89 19 97 87 35 55 2 42 87 20 63 97 14 98 51 59 70 
53 79 71 45 46 0 24 63 94 89 93 36 5 2 40 88 0 16 2 17 86 16 49 92 56 23 5 78 76 40 4 42 12 21 45 56 91 43 63 2 99 31 18 11 20 70 39 0 16 73 62 23 47 37 72 37 41 37 8 38 44 61 10 23 36 48 21 75 59 70 49 53 18 15 96 87 71 87 25 19 75 37 1 82 61 66 15 56 41 25 81 98 15 20 77 73 78 55 56 33 
64 87 83 68 11 11 2 56 74 13 18 24 49 27 70 26 16 0 8 42 31 75 17 87 97 59 63 43 23 6 39 98 8 60 29 88 22 79 67 16 69 23 65 74 71 81 31 14 12 20 98 56 58 95 16 24 78 11 44 38 91 56 25 5 81 72 85 19 94 63 89 86 78 54 95 59 80 32 9 20 99 6 37 7 23 82 6 97 34 71 54 76 66 45 9 73 95 76 23 69 
40 61 37 74 16 85 19 13 27 73 17 14 96 92 12 64 2 8 0 34 54 16 82 92 24 94 58 51 22 72 39 2 87 18 15 47 54 30 13 11 70 86 79 7 86 84 35 87 30 88 0 56 34 87 92 43 95 78 47 71 3 22 13 83 25 97 49 16 42 21 80 73 12 77 14 44 92 20 51 92 42 94 86 51 9 49 49 1 93 8 97 69 22 8 43 48 87 31 51 6 
19 32 59 30 90 41 6 11 6 12 27 44 60 6 13 47 17 42 34 0 59 53 12 18 49 48 11 83 30 65 26 6 19 94 86 27 10 75 70 37 82 4 62 51 90 67 53 33 42 62 98 40 28 15 92 50 97 73 78 51 47 61 95 37 92 17 14 97 17 47 26 83 62 9 68 16 53 0 93 57 29 28 60 0 91 99 15 72 7 87 67 50 43 26 17 54 67 19 33 36 
30 10 94 61 45 72 60 33 17 26 70 84 68 33 42 4 86 31 54 59 0 25 27 38 7 90 30 75 53 81 11 12 4 85 39 33 30 0 79 82 77 81 15 23 92 3 89 42 3 22 56 9 76 4 19 8 95 44 95 34 46 99 86 15 38 48 71 40 62 91 40 1 50 84 82 0 48 53 1 57 44 98 52 52 19 45 37 28 50 39 54 28 94 88 85 76 54 3 72 1 
18 61 15 88 69 92 2 35 43 39 96 73 46 21 35 75 16 75 16 53 25 0 12 15 39 1 36 41 80 89 27 16 58 61 57 33 21 71 15 36 41 30 61 18 25 5 1 9 5 21 18 49 63 15 76 43 15 75 84 37 8 74 74 13 27 44 16 59 84 61 61 67 57 3 87 69 28 70 52 60 96 53 69 85 60 53 43 56 90 48 36 92 5 12 60 85 87 3 13 63 
94 74 31 50 75 63 91 41 41 90 23 25 53 64 44 3 49 17 82 12 27 12 0 59 88 31 24 79 75 28 87 80 52 79 35 11 45 78 60 33 16 55 42 21 66 73 21 69 9 6 12 34 56 24 47 2 43 11 21 25 33 71 97 52 23 36 62 73 23 79 73 45 56 9 74 74 38 87 70 47 51 14 74 56 49 34 13 32 51 60 68 91 20 89 36 98 73 62 33 89 
96 52 16 95 64 53 52 97 57 32 33 41 94 18 50 43 92 87 92 18 38 15 59 0 88 34 29 66 15 78 56 91 76 79 80 87 16 80 41 1 64 84 80 88 72 4 83 23 54 5 72 1 49 35 78 81 98 75 16 71 89 10 84 97 45 79 60 59 95 23 94 75 7 38 81 7 77 29 62 41 93 81 54 57 99 87 7 74 25 57 5 52 42 15 47 78 42 95 71 54 
65 51 49 44 72 36 97 78 28 10 67 97 69 6 33 21 56 97 24 49 7 39 88 88 0 35 58 69 16 27 64 53 18 92 42 72 95 65 14 26 98 14 41 8 70 4 12 18 64 38 76 51 76 48 69 21 87 99 50 39 94 59 37 78 93 26 65 63 28 95 85 6 64 89 9 66 34 23 43 81 46 28 17 93 17 69 99 69 85 19 99 35 18 99 87 72 33 92 4 85 
74 84 60 78 98 92 82 96 21 62 33 6 98 82 87 86 23 59 94 48 90 1 31 34 35 0 7 63 18 86 99 0 52 73 25 9 68 51 27 55 89 28 43 42 10 4 21 30 61 37 59 2 95 19 67 27 2 98 53 24 31 30 32 17 37 91 35 67 3 40 8 90 31 76 7 33 87 79 92 55 74 3 99 62 76 15 43 34 37 0 23 74 41 83 53 10 96 67 71 61 
6 77 73 7 24 22 94 41 83 54 61 86 64 33 95 79 5 63 58 11 30 36 24 29 58 7 0 75 29 11 50 14 44 72 50 0 39 47 4 25 25 24 4 98 34 84 1 32 30 79 18 70 56 0 89 66 79 43 33 27 96 59 46 47 34 4 93 86 65 39 12 1 60 70 31 25 81 91 53 97 79 12 8 66 45 1 79 81 63 33 29 97 21 63 69 88 8 30 32 71 
45 14 93 67 54 74 26 89 27 5 58 7 62 61 16 21 78 43 51 83 75 41 79 66 69 63 75 0 24 78 52 70 49 63 81 78 27 25 96 37 9 53 30 88 75 2 44 32 88 13 29 43 86 86 12 16 20 29 89 87 27 47 37 6 44 68 46 73 37 23 54 80 68 72 28 12 73 5 31 75 98 25 54 2 58 54 83 21 28 50 47 49 15 75 91 84 65 33 23 55 
13 25 64 0 38 30 68 28 40 19 58 27 33 97 43 32 76 23 22 30 53 80 75 15 16 18 29 24 0 85 67 12 46 68 74 7 48 42 93 97 93 45 56 62 48 77 80 58 18 3 92 72 60 40 71 53 33 60 96 81 60 67 36 4 89 36 92 48 99 64 76 87 87 31 6 29 48 69 53 53 11 48 42 78 26 2 79 77 70 1 18 12 56 48 61 20 18 99 51 97 
58 20 60 3 80 31 26 34 22 59 64 16 44 69 25 76 40 6 72 65 81 89 28 78 27 86 11 78 85 0 20 5 80 49 48 89 65 56 26 26 67 18 41 97 49 98 16 98 46 25 64 29 71 20 43 11 60 68 88 40 3 30 8 34 18 89 14 68 27 52 35 74 99 55 75 89 6 36 48 76 78 54 24 33 88 65 45 48 46 3 28 11 23 94 77 79 8 61 72 2 
54 12 67 31 21 48 24 59 38 99 6 48 42 50 51 21 4 39 39 26 11 27 87 56 64 99 50 52 67 20 0 65 92 13 25 5 63 31 12 11 92 55 89 80 79 9 46 82 17 87 78 87 73 9 79 40 1 45 51 15 85 88 9 37 17 80 63 24 25 68 68 26 49 34 96 90 47 6 37 46 54 37 15 84 71 55 65 29 62 32 52 88 87 46 26 20 2 92 60 80 
88 33 55 5 74 18 40 30 0 52 11 30 76 60 88 95 42 98 2 6 12 16 80 91 53 0 14 70 12 5 65 0 14 89 9 19 38 13 45 29 12 42 21 54 94 55 74 54 61 90 71 8 48 9 92 40 43 94 48 88 77 31 10 70 70 90 65 74 44 75 5 20 51 43 36 28 37 59 23 55 60 75 96 63 49 38 98 5 85 67 61 24 40 89 9 35 7 57 18 55 
61 50 79 37 29 11 74 80 0 21 71 60 17 18 26 47 12 8 87 19 4 58 52 76 18 52 44 49 46 80 92 14 0 2 65 30 99 67 10 5 76 24 32 21 5 28 55 2 51 43 52 74 2 92 97 22 29 36 14 43 6 38 81 92 38 93 8 12 63 60 2 76 77 51 28 21 91 32 57 87 34 26 75 49 49 57 22 63 50 0 46 96 48 20 54 20 17 62 37 19 
90 6 11 74 80 60 85 45 37 75 45 39 92 46 37 71 21 60 18 94 85 61 79 79 92 73 72 63 68 49 13 89 2 0 77 55 15 34 1 43 47 86 39 90 89 5 70 41 39 90 72 4 9 86 56 77 30 93 70 30 94 27 77 57 48 58 1 80 95 29 42 70 22 26 11 11 85 80 91 10 74 47 32 97 55 54 0 88 76 65 2 28 65 63 18 57 60 5 82 28 
26 85 79 61 55 1 49 0 34 5 6 21 79 27 43 64 45 29 15 86 39 57 35 80 42 25 50 81 74 48 25 9 65 77 0 28 76 88 70 72 63 56 77 57 85 91 43 36 3 37 94 54 83 35 22 67 55 78 22 37 70 89 88 66 77 29 72 24 5 28 64 51 70 34 42 24 27 40 81 44 88 26 19 23 11 2 56 94 6 53 79 33 12 74 85 70 28 22 48 32 
35 14 86 21 48 30 94 86 98 2 32 12 96 31 24 79 56 88 47 27 33 33 11 87 72 9 0 78 7 89 5 19 30 55 28 0 53 78 86 33 31 24 16 71 72 44 97 69 87 23 63 55 38 34 40 11 28 41 59 2 53 41 7 74 15 44 32 15 49 94 55 37 50 46 31 98 85 31 27 31 89 17 93 43 69 80 52 57 84 53 55 19 59 36 39 39 5 73 24 94 
45 42 91 86 44 0 13 75 31 20 51 56 37 51 72 63 91 22 54 10 30 21 45 16 95 68 39 27 48 65 63 38 99 15 76 53 0 37 82 3 31 42 5 69 75 56 95 9 6 96 94 1 61 39 83 71 16 83 39 86 25 31 41 94 52 48 90 45 63 93 52 37 60 23 27 94 27 0 90 10 42 71 60 62 41 23 70 5 97 7 98 75 27 20 36 76 13 22 86 18 
92 20 65 13 77 86 69 42 53 5 22 10 24 15 50 37 43 79 30 75 0 71 78 80 65 51 47 25 42 56 31 13 67 34 88 78 37 0 98 91 76 90 36 32 57 14 24 27 58 42 45 78 60 2 22 11 45 33 79 45 73 79 31 89 5 36 55 19 14 36 96 46 31 24 45 49 10 22 14 67 19 88 27 51 34 38 6 37 59 22 62 97 6 29 77 33 78 11 97 45 
52 11 38 17 29 36 51 21 30 93 28 26 77 40 61 56 63 67 13 70 79 15 60 41 14 27 4 96 93 26 12 45 10 1 70 86 82 98 0 61 48 82 13 75 14 20 52 87 23 78 85 89 7 80 11 11 25 40 73 22 33 2 99 99 70 40 33 47 23 82 55 73 68 73 49 94 63 18 98 14 47 71 52 46 18 14 92 93 13 91 80 64 3 7 11 35 54 10 9 81 
63 1 5 80 3 24 10 74 21 76 67 6 47 26 11 65 2 16 11 37 82 36 33 1 26 55 25 37 97 26 11 29 5 43 72 33 3 91 61 0 13 97 10 42 38 68 78 62 90 31 81 23 90 94 83 42 73 0 92 11 21 74 51 45 54 15 23 85 53 56 31 55 67 39 66 53 2 87 5 30 77 6 50 85 34 61 68 46 44 56 33 42 1 34 53 86 96 17 5 56 
95 80 33 18 45 56 67 3 24 89 89 37 15 91 10 82 99 69 70 82 77 41 16 64 98 89 25 9 93 67 92 12 76 47 63 31 31 76 48 13 0 29 67 40 16 2 74 16 83 30 42 59 38 77 55 83 55 95 83 64 41 64 31 40 69 19 68 31 97 58 54 89 5 1 68 4 0 43 7 6 53 94 92 27 60 12 48 3 81 7 15 90 99 74 2 62 74 70 21 93 
13 23 90 31 79 45 78 90 5 54 62 86 69 23 46 44 31 23 86 4 81 30 55 84 14 28 24 53 45 18 55 42 24 86 56 24 42 90 82 97 29 0 64 15 21 79 88 89 25 9 42 75 97 75 59 6 36 97 21 77 9 94 75 34 85 59 70 65 86 65 87 18 88 20 76 80 88 81 44 42 49 92 86 40 51 68 70 39 20 4 27 57 7 11 82 84 85 66 2 45 
43 92 18 40 8 28 76 35 7 95 40 75 31 48 77 24 18 65 79 62 15 61 42 80 41 43 4 30 56 41 89 21 32 39 77 16 5 36 13 10 67 64 0 42 16 14 71 66 21 4 57 11 77 66 17 60 68 36 85 91 4 87 28 79 20 7 52 18 67 92 60 43 51 7 76 81 69 23 17 72 28 33 30 64 30 29 94 83 11 25 28 75 64 98 83 59 80 79 2 49 
4 88 87 70 63 95 5 47 74 29 24 27 84 11 36 10 11 74 7 51 23 18 21 88 8 42 98 88 62 97 80 54 21 90 57 71 69 32 75 42 40 15 42 0 9 70 45 29 1 20 74 49 30 94 47 81 41 10 2 39 19 4 36 10 17 72 32 99 46 25 35 70 13 98 53 35 84 31 69 31 30 54 48 29 90 43 12 44 3 58 62 76 24 86 47 51 34 98 43 4 
62 11 32 5 30 63 52 62 72 88 78 91 42 56 47 98 20 71 86 90 92 25 66 72 70 10 34 75 48 49 79 94 5 89 85 72 75 57 14 38 16 21 16 9 0 67 15 41 36 54 90 71 41 63 28 68 14 97 79 59 36 91 23 39 12 57 48 94 13 44 71 90 69 20 89 82 50 14 0 53 52 15 53 27 24 50 68 89 6 57 15 63 61 21 55 15 64 32 17 30 
4 15 5 78 47 17 55 19 36 35 52 10 78 83 9 89 70 81 84 67 3 5 73 4 4 4 84 2 77 98 9 55 28 5 91 44 56 14 20 68 2 79 14 70 67 0 31 76 15 29 51 9 35 28 4 5 61 47 61 4 55 30 71 78 38 96 9 29 98 40 26 36 52 60 68 64 4 58 94 43 31 98 46 71 30 6 63 40 26 56 56 8 1 71 0 33 21 71 55 96 
62 29 94 94 88 40 77 89 22 70 91 14 57 73 44 94 39 31 35 53 89 1 21 83 12 21 1 44 80 16 46 74 55 70 43 97 95 24 52 78 74 88 71 45 15 31 0 93 29 21 8 1 92 39 85 31 92 91 19 43 1 41 64 1 57 98 77 68 32 30 4 93 22 60 72 29 4 97 95 13 14 62 79 50 90 68 76 54 10 57 82 35 71 50 86 37 37 20 73 4 
44 30 19 63 12 74 5 5 45 83 36 82 30 39 86 36 0 14 87 33 42 9 69 23 18 30 32 32 58 98 82 54 2 41 36 69 9 27 87 62 16 89 66 29 41 76 93 0 39 90 53 90 73 47 73 36 83 35 34 30 85 58 95 54 9 54 24 59 79 35 64 56 47 83 29 82 34 13 83 60 88 98 18 97 99 62 38 21 81 94 54 51 35 96 20 70 1 93 37 13 
42 74 71 10 69 58 89 36 62 1 66 77 37 19 57 73 16 12 30 42 3 5 9 54 64 61 30 88 18 46 17 61 51 39 3 87 6 58 23 90 83 25 21 1 36 15 29 39 0 31 26 62 66 97 21 84 52 32 0 30 66 62 31 33 88 81 64 29 48 69 3 97 42 25 0 17 99 6 74 68 46 43 4 1 7 25 5 78 28 96 5 26 47 47 31 84 71 67 69 48 
63 81 24 90 29 73 45 79 36 65 76 67 52 85 70 12 73 20 88 62 22 21 6 5 38 37 79 13 3 25 87 90 43 90 37 23 96 42 78 31 30 9 4 20 54 29 21 90 31 0 24 34 35 56 75 95 48 69 79 16 28 72 64 0 14 87 8 35 19 86 92 43 95 92 51 22 29 95 45 21 41 87 34 98 93 80 20 52 84 48 95 47 58 74 79 90 92 87 26 59 
21 8 11 11 29 38 7 68 46 93 7 54 47 19 89 53 62 98 0 98 56 18 12 72 76 59 18 29 92 64 78 71 52 72 94 63 94 45 85 81 42 42 57 74 90 51 8 53 26 24 0 16 3 9 16 54 22 28 41 0 76 85 46 16 33 29 79 75 11 23 40 63 25 86 12 80 78 25 90 75 79 89 70 37 83 51 9 82 57 20 30 97 56 91 18 67 76 64 79 92 
93 39 5 52 27 70 30 63 0 35 92 95 62 19 31 29 23 56 56 40 9 49 34 1 51 2 70 43 72 29 87 8 74 4 54 55 1 78 89 23 59 75 11 49 71 9 1 90 62 34 16 0 80 15 3 20 80 15 90 73 71 2 70 36 78 5 78 21 37 89 35 5 3 96 56 58 77 6 27 27 96 37 83 88 33 76 21 42 8 76 76 30 33 11 13 36 82 99 11 28 
3 31 79 98 11 85 5 54 30 54 38 60 77 12 3 27 47 58 34 28 76 63 56 49 76 95 56 86 60 71 73 48 2 9 83 38 61 60 7 90 38 97 77 30 41 35 92 73 66 35 3 80 0 99 63 27 93 64 14 78 67 37 66 5 8 59 21 8 88 45 29 30 20 89 42 88 99 49 68 42 76 41 80 48 43 17 75 26 81 19 76 36 63 28 57 82 72 2 62 11 
64 6 61 9 19 35 98 18 87 79 50 36 83 23 1 6 37 95 87 15 4 15 24 35 48 19 0 86 40 20 9 9 92 86 35 34 39 2 80 94 77 75 66 94 63 28 39 47 97 56 9 15 99 0 48 33 35 63 21 54 23 34 19 84 26 4 63 34 53 41 13 26 44 21 70 54 16 56 26 26 48 19 81 59 65 31 37 27 40 63 81 37 40 64 3 54 41 0 69 58 
91 86 32 10 3 27 65 94 63 38 14 88 60 74 63 35 72 16 92 92 19 76 47 78 69 67 89 12 71 43 79 92 97 56 22 40 83 22 11 83 55 59 17 47 28 4 85 73 21 75 16 3 63 48 0 43 57 12 32 77 88 27 38 86 66 5 60 69 47 31 93 44 23 12 17 43 47 15 16 82 93 5 6 38 96 30 30 85 43 62 48 58 63 53 32 24 96 10 37 46 
34 37 19 1 64 89 71 77 33 98 86 63 24 84 85 93 37 24 43 50 8 43 2 81 21 27 66 16 53 11 40 40 22 77 67 11 71 11 11 42 83 6 60 81 68 5 31 36 84 95 54 20 27 33 43 0 13 45 25 17 64 9 5 41 89 23 48 61 86 92 11 42 94 43 67 99 47 75 95 57 31 39 43 28 1 64 52 76 90 57 20 10 77 28 39 91 19 95 2 90 
90 61 55 23 69 32 92 63 74 41 73 43 28 20 24 61 41 78 95 97 95 15 43 98 87 2 79 20 33 60 1 43 29 30 55 28 16 45 25 73 55 36 68 41 14 61 92 83 52 48 22 80 93 35 57 13 0 69 65 59 30 34 63 4 48 33 41 61 96 64 79 89 36 77 9 92 98 0 75 23 19 58 50 19 6 52 46 68 86 95 38 43 44 37 22 58 31 12 66 5 
68 82 59 59 22 69 90 28 23 50 15 60 8 56 58 42 37 11 78 73 44 75 11 75 99 98 43 29 60 68 45 94 36 93 78 41 83 33 40 0 95 97 36 10 97 47 91 35 32 69 28 15 64 63 12 45 69 0 26 88 33 56 82 21 45 2 33 50 45 9 66 65 7 95 54 33 18 24 73 3 49 75 62 60 7 62 94 62 39 15 58 38 99 45 28 21 20 39 5 1 
95 29 30 21 25 80 78 66 60 33 68 56 32 51 84 29 8 44 47 78 95 84 21 16 50 53 33 89 96 88 51 48 14 70 22 59 39 79 73 92 83 21 85 2 79 61 19 34 0 79 41 90 14 21 32 25 65 26 0 38 47 77 47 82 96 27 42 99 50 6 62 67 61 27 7 92 92 53 52 55 85 77 76 41 61 6 85 48 24 26 47 22 57 6 72 88 86 68 64 98 
91 4 21 79 19 58 50 78 16 21 52 64 81 16 6 79 38 38 71 51 34 37 25 71 39 24 27 87 81 40 15 88 43 30 37 2 86 45 22 11 64 77 91 39 59 4 43 30 30 16 0 73 78 54 77 17 59 88 38 0 17 28 52 76 26 33 49 16 71 39 58 91 34 27 86 28 75 91 81 30 67 92 96 83 30 36 67 9 48 6 15 37 35 29 45 19 77 39 69 45 
97 15 24 50 1 38 7 19 13 99 21 77 22 79 6 3 44 91 3 47 46 8 33 89 94 31 96 27 60 3 85 77 6 94 70 53 25 73 33 21 41 9 4 19 36 55 1 85 66 28 76 71 67 23 88 64 30 33 47 17 0 3 77 50 24 90 24 28 56 87 79 29 52 84 79 12 46 33 65 38 59 99 11 50 61 11 36 18 96 70 65 61 63 37 87 87 57 2 69 85 
10 0 74 45 0 62 43 69 48 81 5 89 3 76 8 5 61 56 22 61 99 74 71 10 59 30 59 47 67 30 88 31 38 27 89 41 31 79 2 74 64 94 87 4 91 30 41 58 62 72 85 2 37 34 27 9 34 56 77 28 3 0 61 66 4 53 43 41 40 7 3 55 84 74 66 65 77 75 54 0 39 89 59 91 40 16 64 21 66 34 53 90 53 38 1 95 69 49 24 37 
49 69 86 76 35 54 4 96 15 98 12 76 32 63 64 68 10 25 13 95 86 74 97 84 37 32 46 37 36 8 9 10 81 77 88 7 41 31 99 51 31 75 28 36 23 71 64 95 31 64 46 70 66 19 38 5 63 82 47 52 77 61 0 16 60 10 63 68 26 70 70 82 0 36 46 88 2 71 42 78 90 58 87 56 94 10 11 33 79 69 62 65 49 59 60 68 70 5 7 97 
40 69 78 5 83 51 77 85 89 77 22 18 34 75 16 54 23 5 83 37 15 13 52 97 78 17 47 6 4 34 37 70 92 57 66 74 94 89 99 45 40 34 79 10 39 78 1 54 33 0 16 36 5 84 86 41 4 21 82 76 50 66 16 0 83 16 47 35 54 0 12 26 6 93 0 65 60 68 27 36 81 47 8 71 68 15 91 73 34 68 96 34 95 56 44 22 92 94 16 35 
64 40 32 49 89 1 51 84 81 81 27 52 8 75 67 49 36 81 25 92 38 27 23 45 93 37 34 44 89 18 17 70 38 48 77 15 52 5 70 54 69 85 20 17 12 38 57 9 88 14 33 78 8 26 66 89 48 45 96 26 24 4 60 83 0 77 97 89 82 34 21 58 17 57 88 30 61 72 78 23 41 84 76 61 82 78 27 58 82 22 28 59 7 62 51 5 71 84 15 89 
95 70 66 57 68 62 80 24 45 11 17 44 5 39 55 98 48 72 97 17 48 44 36 79 26 91 4 68 36 89 80 90 93 58 29 44 48 36 40 15 19 59 7 72 57 96 98 54 81 87 29 5 59 4 5 23 33 2 27 33 90 53 10 16 77 0 81 41 34 57 40 77 30 34 60 61 8 21 35 14 76 90 84 66 16 97 81 32 46 83 93 95 60 21 66 2 20 5 66 87 
34 30 82 37 86 88 49 47 9 58 35 97 88 25 31 92 21 85 49 14 71 16 62 60 65 35 93 46 92 14 63 65 8 1 72 32 90 55 33 23 68 70 52 32 48 9 77 24 64 8 79 78 21 63 60 48 41 33 42 49 24 43 63 47 97 81 0 91 78 14 86 82 88 97 61 70 16 26 29 86 39 60 0 50 80 18 43 22 49 90 27 84 69 37 57 95 40 58 17 68 
82 0 78 92 33 3 13 98 52 86 82 72 1 47 83 88 75 19 16 97 40 59 73 59 63 67 86 73 48 68 24 74 12 80 24 15 45 19 47 85 31 65 18 99 94 29 68 59 29 35 75 21 8 34 69 61 61 50 99 16 28 41 68 35 89 41 91 0 45 84 65 7 31 88 0 70 53 88 35 71 3 42 60 54 60 51 79 94 78 97 40 72 32 19 18 56 15 4 21 68 
70 82 12 13 70 44 45 29 45 51 32 0 19 6 20 69 59 94 42 17 62 84 23 95 28 3 65 37 99 27 25 44 63 95 5 49 63 14 23 53 97 86 67 46 13 98 32 79 48 19 11 37 88 53 47 86 96 45 50 71 56 40 26 54 82 34 78 45 0 68 76 51 70 34 89 12 53 45 39 89 21 32 3 27 50 28 3 87 83 87 4 65 19 40 39 79 55 86 80 97 
19 23 54 93 31 44 2 27 52 9 19 62 47 78 96 27 70 63 21 47 91 61 79 23 95 40 39 23 64 52 68 75 60 29 28 94 93 36 82 56 58 65 92 25 44 40 30 35 69 86 23 89 45 41 31 92 64 9 6 39 87 7 70 0 34 57 14 84 68 0 29 71 10 69 86 58 58 18 79 0 56 63 73 23 44 44 76 13 95 9 4 34 17 59 98 78 86 73 38 21 
35 88 26 88 76 55 53 76 38 46 64 69 48 35 13 57 49 89 80 26 40 61 73 94 85 8 12 54 76 35 68 5 2 42 64 55 52 96 55 31 54 87 60 35 71 26 4 64 3 92 40 35 29 13 93 11 79 66 62 58 79 3 70 12 21 40 86 65 76 29 0 38 42 89 22 27 13 21 39 65 83 49 67 79 0 76 85 59 39 82 51 14 59 62 6 58 54 72 83 41 
76 12 63 66 37 76 48 45 36 0 0 52 0 42 53 77 53 86 73 83 1 67 45 75 6 90 1 80 87 74 26 20 76 70 51 37 37 46 73 55 89 18 43 70 90 36 93 56 97 43 63 5 30 26 44 42 89 65 67 91 29 55 82 26 58 77 82 7 51 71 38 0 52 64 61 22 40 92 43 39 45 64 34 85 78 76 67 45 67 85 67 62 98 73 33 71 88 1 41 95 
98 71 30 62 66 39 25 76 55 54 64 90 30 23 29 35 18 78 12 62 50 57 56 7 64 31 60 68 87 99 49 51 77 22 70 50 60 31 68 67 5 88 51 13 69 52 22 47 42 95 25 3 20 44 23 94 36 7 61 34 52 84 0 6 17 30 88 31 70 10 42 52 0 96 51 8 6 1 81 10 66 36 1 41 48 17 10 14 25 37 85 64 74 18 43 17 58 79 42 86 
12 91 62 4 45 68 62 86 80 31 53 19 8 70 81 94 15 54 77 9 84 3 9 38 89 76 70 72 31 55 34 43 51 26 34 46 23 24 73 39 1 20 7 98 20 60 60 83 25 92 86 96 89 21 12 43 77 95 27 27 84 74 36 93 57 34 97 88 34 69 89 64 96 0 18 96 69 51 87 51 37 17 63 80 16 26 77 6 58 71 57 76 61 42 86 11 15 76 26 51 
80 15 30 79 48 40 28 95 3 0 49 49 42 35 34 62 96 95 14 68 82 87 74 81 9 7 31 28 6 75 96 36 28 11 42 31 27 45 49 66 68 76 76 53 89 68 72 29 0 51 12 56 42 70 17 67 9 54 7 86 79 66 46 0 88 60 61 0 89 86 22 61 51 18 0 29 60 69 12 54 24 19 49 97 32 66 67 62 80 88 42 34 84 68 60 80 58 89 9 17 
4 21 64 92 41 46 65 27 1 13 80 44 13 91 72 25 87 59 44 16 0 69 74 7 66 33 25 12 29 89 90 28 21 11 24 98 94 49 94 53 4 80 81 35 82 64 29 82 17 22 80 58 88 54 43 99 92 33 92 28 12 65 88 65 30 61 70 70 12 58 27 22 8 96 29 0 0 70 16 41 52 34 67 54 16 34 99 44 95 72 58 93 18 71 0 14 38 50 70 63 
78 50 74 36 26 1 92 79 42 86 67 44 2 88 66 16 71 80 92 53 48 28 38 77 34 87 81 73 48 6 47 37 91 85 27 85 27 10 63 2 0 88 69 84 50 4 4 34 99 29 78 77 99 16 47 47 98 18 92 75 46 77 2 60 61 8 16 53 53 58 13 40 6 69 60 0 0 50 3 60 58 6 7 79 63 90 5 57 11 51 54 36 39 52 26 93 34 70 74 66 
86 50 20 10 92 65 25 58 48 99 97 50 0 31 1 86 87 32 20 0 53 70 87 29 23 79 91 5 69 36 6 59 32 80 40 31 0 22 18 87 43 81 23 31 14 58 97 13 6 95 25 6 49 56 15 75 0 24 53 91 33 75 71 68 72 21 26 88 45 18 21 92 1 51 69 70 50 0 37 29 23 67 72 18 86 26 70 82 31 74 81 67 62 53 21 56 70 79 54 76 
81 77 41 91 90 33 82 31 96 32 76 79 74 35 33 20 25 9 51 93 1 52 70 62 43 92 53 31 53 48 37 23 57 91 81 27 90 14 98 5 7 44 17 69 0 94 95 83 74 45 90 27 68 26 16 95 75 73 52 81 65 54 42 27 78 35 29 35 39 79 39 43 81 87 12 16 3 37 0 69 9 27 52 18 45 67 37 72 49 23 26 0 53 46 55 40 83 35 86 84 
91 60 90 78 50 45 96 67 65 97 18 65 1 5 62 41 19 20 92 57 57 60 47 41 81 55 97 75 53 76 46 55 87 10 44 31 10 67 14 30 6 42 72 31 53 43 13 60 68 21 75 27 42 26 82 57 23 3 55 30 38 0 78 36 23 14 86 71 89 0 65 39 10 51 54 41 60 29 69 0 38 77 11 57 92 98 94 58 54 26 70 50 29 62 19 23 21 85 8 23 
36 61 6 89 3 36 32 79 3 9 2 36 26 88 4 93 75 99 42 29 44 96 51 93 46 74 79 98 11 78 54 60 34 74 88 89 42 19 47 77 53 49 28 30 52 31 14 88 46 41 79 96 76 48 93 31 19 49 85 67 59 39 90 81 41 76 39 3 21 56 83 45 66 37 24 52 58 23 9 38 0 94 83 21 23 37 5 18 23 2 87 31 90 44 55 40 9 17 36 90 
66 94 37 65 1 49 81 59 70 37 50 25 26 8 99 9 37 6 94 28 98 53 14 81 28 3 12 25 48 54 37 75 26 47 26 17 71 88 71 6 94 92 33 54 15 98 62 98 43 87 89 37 41 19 5 39 58 75 77 92 99 89 58 47 84 90 60 42 32 63 49 64 36 17 19 34 6 67 27 77 94 0 92 39 99 92 62 7 56 52 50 64 31 11 95 53 73 18 87 74 
43 57 0 52 93 11 26 78 9 31 9 46 6 53 32 7 1 37 86 60 52 69 74 54 17 99 8 54 42 24 15 96 75 32 19 93 60 27 52 50 92 86 30 48 53 46 79 18 4 34 70 83 80 81 6 43 50 62 76 96 11 59 87 8 76 84 0 60 3 73 67 34 1 63 49 67 7 72 52 11 83 92 0 3 5 92 55 5 21 38 71 46 63 38 46 37 38 22 80 62 
63 36 32 45 20 56 54 44 30 28 16 51 0 47 66 89 82 7 51 0 52 85 56 57 93 62 66 2 78 33 84 63 49 97 23 43 62 51 46 85 27 40 64 29 27 71 50 97 1 98 37 88 48 59 38 28 19 60 41 83 50 91 56 71 61 66 50 54 27 23 79 85 41 80 97 54 79 18 18 57 21 39 3 0 17 69 8 69 11 98 55 83 3 83 30 51 33 77 6 44 
18 14 67 47 73 49 86 95 36 22 56 18 24 70 74 19 61 23 9 91 19 60 49 99 17 76 45 58 26 88 71 49 49 55 11 69 41 34 18 34 60 51 30 90 24 30 90 99 7 93 83 33 43 65 96 1 6 7 61 30 61 40 94 68 82 16 80 60 50 44 0 78 48 16 32 16 63 86 45 92 23 99 5 17 0 37 19 49 87 8 15 21 77 22 45 35 5 7 39 41 
47 6 73 79 88 24 23 69 10 73 82 10 7 20 62 97 66 82 49 99 45 53 34 87 69 15 1 54 2 65 55 38 57 54 2 80 23 38 14 61 12 68 29 43 50 6 68 62 25 80 51 76 17 31 30 64 52 62 6 36 11 16 10 15 78 97 18 51 28 44 76 76 17 26 66 34 90 26 67 98 37 92 92 69 37 0 23 62 82 65 44 14 43 32 68 21 89 17 89 34 
48 9 63 49 5 2 6 87 9 97 26 65 78 1 94 87 15 6 49 15 37 43 13 7 99 43 79 83 79 45 65 98 22 0 56 52 70 6 92 68 48 70 94 12 68 63 76 38 5 20 9 21 75 37 30 52 46 94 85 67 36 64 11 91 27 81 43 79 3 76 85 67 10 77 67 99 5 70 37 94 5 62 55 8 19 23 0 93 5 42 0 15 51 16 29 6 97 18 90 40 
19 90 56 5 65 75 17 25 93 4 82 12 92 7 94 35 56 97 1 72 28 56 32 74 69 34 81 21 77 48 29 5 63 88 94 57 5 37 93 46 3 39 83 44 89 40 54 21 78 52 82 42 26 27 85 76 68 62 48 9 18 21 33 73 58 32 22 94 87 13 59 45 14 6 62 44 57 82 72 58 18 7 5 69 49 62 93 0 69 47 83 46 89 31 95 62 94 32 13 9 
11 23 20 81 60 94 83 62 15 36 88 72 16 13 21 55 41 34 93 7 50 90 51 25 85 37 63 28 70 46 62 85 50 76 6 84 97 59 13 44 81 20 11 3 6 26 10 81 28 84 57 8 81 40 43 90 86 39 24 48 96 66 79 34 82 46 49 78 83 95 39 67 25 58 80 95 11 31 49 54 23 56 21 11 87 82 5 69 0 83 15 84 88 66 88 95 19 28 27 36 
75 68 21 9 56 1 46 53 61 83 58 86 59 51 25 2 25 71 8 87 39 48 60 57 19 0 33 50 1 3 32 67 0 65 53 53 7 22 91 56 7 4 25 58 57 56 57 94 96 48 20 76 19 63 62 57 95 15 26 6 70 34 69 68 22 83 90 97 87 9 82 85 37 71 88 72 51 74 23 26 2 52 38 98 8 65 42 47 83 0 73 30 65 23 56 60 40 76 77 97 
83 66 84 3 73 87 48 7 96 71 44 24 96 54 34 42 81 54 97 67 54 36 68 5 99 23 29 47 18 28 52 61 46 2 79 55 98 62 80 33 15 27 28 62 15 56 82 54 5 95 30 76 76 81 48 20 38 58 47 15 65 53 62 96 28 93 27 40 4 4 51 67 85 57 42 58 54 81 26 70 87 50 71 55 15 44 0 83 15 73 0 88 14 70 63 48 76 86 9 38 
16 41 71 66 53 87 74 25 94 67 42 2 58 56 10 87 98 76 69 50 28 92 91 52 35 74 97 49 12 11 88 24 96 28 33 19 75 97 64 42 90 57 75 76 63 8 35 51 26 47 97 30 36 37 58 10 43 38 22 37 61 90 65 34 59 95 84 72 65 34 14 62 64 76 34 93 36 67 0 50 31 64 46 83 21 14 15 46 84 30 88 0 86 39 6 48 77 55 42 68 
67 4 24 63 6 34 2 84 92 12 25 64 17 27 67 20 15 66 22 43 94 5 20 42 18 41 21 15 56 23 87 40 48 65 12 59 27 6 3 1 99 7 64 24 61 1 71 35 47 58 56 33 63 40 63 77 44 99 57 35 63 53 49 95 7 60 69 32 19 17 59 98 74 61 84 18 39 62 53 29 90 31 63 3 77 43 51 89 88 65 14 86 0 96 29 40 63 16 19 31 
43 40 65 25 16 75 44 87 79 4 73 52 8 87 68 63 20 45 8 26 88 12 89 15 99 83 63 75 48 94 46 89 20 63 74 36 20 29 7 34 74 11 98 86 21 71 50 96 47 74 91 11 28 64 53 28 37 45 6 29 37 38 59 56 62 21 37 19 40 59 62 73 18 42 68 71 52 53 46 62 44 11 38 83 22 32 16 31 66 23 70 39 96 0 93 96 29 81 23 87 
4 55 55 91 41 76 36 93 64 17 90 54 48 43 41 97 77 9 43 17 85 60 36 47 87 53 69 91 61 77 26 9 54 18 85 39 36 77 11 53 2 82 83 47 55 0 86 20 31 79 18 13 57 3 32 39 22 28 72 45 87 1 60 44 51 66 57 18 39 98 6 33 43 86 60 0 26 21 55 19 55 95 46 30 45 68 29 95 88 56 63 6 29 93 0 78 80 96 91 36 
78 79 9 10 43 63 5 43 91 70 69 47 78 80 66 14 73 73 48 54 76 85 98 78 72 10 88 84 20 79 20 35 20 57 70 39 76 33 35 86 62 84 59 51 15 33 37 70 84 90 67 36 82 54 24 91 58 21 88 19 87 95 68 22 5 2 95 56 79 78 58 71 17 11 80 14 93 56 40 23 40 53 37 51 35 21 6 62 95 60 48 48 40 96 78 0 39 96 59 44 
29 83 99 21 85 70 9 51 89 17 62 53 57 24 30 98 78 95 87 67 54 87 73 42 33 96 8 65 18 8 2 7 17 60 28 5 13 78 54 96 74 85 80 34 64 21 37 1 71 92 76 82 72 41 96 19 31 20 86 77 57 69 70 92 71 20 40 15 55 86 54 88 58 15 58 38 34 70 83 21 9 73 38 33 5 89 97 94 19 40 76 77 63 29 80 39 0 65 40 95 
90 34 98 30 13 10 22 22 70 17 72 60 93 51 35 51 55 76 31 19 3 3 62 95 92 67 30 33 99 61 92 57 62 5 22 73 22 11 10 17 70 66 79 98 32 71 20 93 67 87 64 99 2 0 10 95 12 39 68 39 2 49 5 94 84 5 58 4 86 73 72 1 79 76 89 50 70 79 35 85 17 18 22 77 7 17 18 32 28 76 86 55 16 81 96 96 65 0 63 15 
73 91 55 35 38 79 78 80 32 79 32 72 85 16 86 59 56 23 51 33 72 13 33 71 4 71 32 23 51 72 60 18 37 82 48 24 86 97 9 5 21 2 2 43 17 55 73 37 69 26 79 11 62 69 37 2 66 5 64 69 69 24 7 16 15 66 17 21 80 38 83 41 42 26 9 70 74 54 86 8 36 87 80 6 39 89 90 13 27 77 9 42 19 23 91 59 40 63 0 59 
3 29 28 4 60 89 59 62 54 60 75 40 20 18 7 70 33 69 6 36 1 63 89 54 85 61 71 55 97 2 80 55 19 28 32 94 18 45 81 56 93 45 49 4 30 96 4 13 48 59 92 28 11 58 46 90 5 1 98 45 85 37 97 35 89 87 68 68 97 21 41 95 86 51 17 63 66 76 84 23 90 74 62 44 41 34 40 9 36 97 38 68 31 87 36 44 95 15 59 0 
