100
0 57 20 60 71 8 89 45 49 41 40 26 82 76 29 0 33 86 56 87 24 30 7 77 72 13 78 72 54 10 51 13 98 45 28 61 6 28 56 85 8 17 93 38 78 47 83 27 53 84 89 0 61 0 50 2 40 48 18 68 94 8 39 72 16 11 71 21 9 91 74 10 35 75 85 36 75 19 26 90 85 86 71 76 35 19 73 83 93 76 86 4 98 96 53 59 59 91 93 85 
57 0 88 27 20 12 31 58 14 15 70 69 12 30 55 77 24 55 81 96 34 33 3 95 9 20 92 78 66 23 21 51 5 86 83 60 13 52 71 89 8 52 35 41 38 27 67 3 25 6 89 3 67 91 79 43 20 65 38 64 67 26 35 48 54 4 47 55 42 56 9 58 17 61 6 44 80 20 96 42 71 97 92 67 58 3 77 28 61 66 99 25 55 69 9 92 91 99 60 14 
20 88 0 51 24 7 72 17 61 20 1 58 11 97 5 52 27 2 45 46 48 74 42 50 17 43 94 47 3 95 77 63 60 55 80 1 47 71 99 85 93 29 21 85 64 10 67 44 35 54 33 3 87 98 50 2 0 45 88 41 36 25 82 39 96 8 74 64 96 14 86 97 32 94 49 56 41 98 89 41 11 71 40 29 20 13 23 95 25 55 0 22 32 18 26 4 51 16 64 4 
60 27 51 0 83 79 47 15 67 91 77 17 90 21 70 21 76 94 28 69 32 45 44 85 61 91 62 88 46 16 94 93 20 16 67 66 7 29 10 4 76 7 98 52 33 24 9 15 38 62 90 75 6 76 99 43 43 52 52 0 92 54 23 4 16 31 53 75 31 43 45 20 95 31 26 21 51 33 89 26 83 80 91 8 13 66 56 41 46 52 70 46 75 25 52 85 66 38 71 68 
71 20 24 83 0 20 6 84 29 63 88 61 82 40 1 17 37 61 76 26 52 30 96 34 0 64 93 71 20 82 21 9 76 24 16 37 12 56 79 7 61 36 25 81 29 71 14 97 27 27 99 89 90 73 71 14 94 85 56 16 43 96 12 26 27 8 22 91 18 9 43 0 63 50 8 10 17 33 64 87 35 85 39 9 77 99 98 25 1 28 58 63 92 96 57 0 38 36 11 59 
8 12 7 79 20 0 71 74 65 87 36 29 8 6 19 33 9 10 36 63 2 49 24 88 49 3 2 34 46 94 58 49 50 86 12 89 71 95 10 93 44 63 87 84 59 89 54 49 91 32 22 62 51 18 5 16 96 64 10 88 9 45 80 57 15 57 5 0 41 24 38 61 78 48 60 82 73 65 90 92 88 31 25 82 5 63 93 53 20 35 22 20 24 61 49 0 88 34 56 52 
89 31 72 47 6 71 0 72 95 77 20 56 58 13 11 3 13 82 40 51 40 77 25 78 82 88 14 36 67 73 27 62 95 89 16 66 83 89 36 45 56 51 52 37 44 48 8 3 46 26 34 46 93 4 8 64 8 8 55 81 71 3 57 20 67 95 18 90 35 17 31 58 16 94 78 52 44 15 38 82 71 38 25 48 36 81 53 81 44 74 97 15 91 57 13 23 71 85 27 89 
45 58 17 15 84 74 72 0 5 74 58 63 20 70 51 17 64 35 50 90 85 95 29 89 0 19 28 42 95 5 66 8 23 96 38 35 15 61 43 75 50 80 90 9 36 49 75 40 34 48 92 93 68 74 1 47 75 46 61 78 70 42 21 54 78 7 24 67 69 36 42 8 86 13 0 28 64 58 0 59 80 53 68 81 4 32 34 45 73 30 73 96 16 76 9 39 57 55 45 54 
49 14 61 67 29 65 95 5 0 52 77 48 14 40 70 5 35 6 23 71 21 55 50 72 61 1 94 61 73 66 50 38 98 7 90 36 69 91 51 30 51 3 15 15 62 31 33 55 86 57 76 4 3 49 44 5 88 47 19 88 71 51 61 56 38 22 3 96 11 18 85 51 38 32 61 33 52 46 39 2 88 65 53 50 20 72 39 43 65 7 90 87 51 88 11 88 11 2 26 1 
41 15 20 91 63 87 77 74 52 0 32 67 48 75 53 17 58 31 34 63 22 56 22 97 27 63 87 98 35 42 40 86 72 49 10 67 52 24 34 44 80 68 4 79 46 28 43 92 8 89 43 80 67 95 23 23 58 21 7 23 62 69 68 36 61 81 68 34 51 68 76 60 45 73 15 50 40 17 10 27 32 82 82 85 31 70 41 31 17 74 66 64 84 96 67 97 83 73 43 74 
40 70 1 77 88 36 20 58 77 32 0 5 17 57 77 15 98 88 68 99 87 89 61 58 26 87 44 88 37 68 96 85 94 16 91 84 92 9 18 65 77 0 97 95 81 86 98 22 81 30 8 21 67 30 95 34 39 45 91 88 40 63 95 64 68 63 68 75 34 60 88 77 72 95 71 26 40 25 91 72 48 59 60 94 2 95 2 22 84 27 88 20 55 48 91 23 73 76 19 30 
26 69 58 17 61 29 56 63 48 67 5 0 35 68 95 93 14 33 43 44 13 0 12 89 25 41 91 29 22 39 51 74 18 62 14 77 6 15 15 37 9 80 69 13 70 4 99 71 61 43 29 10 31 60 19 38 83 38 29 32 55 88 42 68 86 37 24 29 31 24 91 95 73 13 97 71 77 10 69 7 52 93 43 12 15 12 24 49 63 48 92 8 72 78 10 35 83 43 96 19 
82 12 11 90 82 8 58 20 14 48 17 35 0 77 64 37 8 28 4 30 16 94 1 77 99 68 49 38 18 2 46 51 93 47 6 65 3 32 61 21 86 30 92 58 19 7 31 72 83 16 35 0 7 71 15 84 34 33 72 31 15 7 36 18 96 27 1 19 1 9 70 72 22 4 58 94 98 64 9 96 19 51 42 96 48 24 81 37 22 92 45 58 54 64 53 38 20 78 1 83 
76 30 97 21 40 6 13 70 40 75 57 68 77 0 72 66 19 85 16 25 88 40 98 9 82 8 91 95 5 37 76 53 79 38 21 32 21 33 97 64 55 36 79 4 29 11 71 60 9 49 85 97 42 89 28 79 19 73 10 25 35 67 69 43 85 5 53 75 43 99 22 84 25 15 16 68 83 42 20 56 59 27 40 0 94 42 9 79 3 76 32 56 11 58 98 7 25 68 69 25 
29 55 5 70 1 19 11 51 70 53 77 95 64 72 0 41 56 90 99 79 15 18 56 92 37 28 66 94 57 73 0 58 17 0 27 88 61 17 28 43 48 35 50 99 60 21 57 26 27 76 13 71 16 59 19 46 55 4 78 0 53 21 87 37 90 33 37 68 82 64 91 20 40 77 24 43 3 97 8 39 19 12 65 22 84 85 80 72 48 89 35 10 21 96 87 66 94 21 54 39 
0 77 52 21 17 33 3 17 5 17 15 93 37 66 41 0 29 42 31 13 64 12 25 91 9 70 63 78 26 33 53 36 15 37 14 90 71 91 63 8 8 63 33 95 46 89 70 83 40 29 96 47 29 28 64 38 46 92 36 21 61 86 35 64 40 80 61 95 71 28 24 81 18 71 55 81 20 17 49 3 71 53 27 42 26 34 77 52 85 28 8 7 82 1 35 48 37 16 89 11 
33 24 27 76 37 9 13 64 35 58 98 14 8 19 56 29 0 56 97 41 65 51 14 25 31 81 29 30 67 84 85 90 46 73 95 38 72 21 35 2 68 20 63 85 12 6 51 34 53 85 1 14 42 56 28 63 16 17 24 32 92 68 82 90 83 2 28 62 41 44 67 11 6 89 73 21 45 4 82 64 94 42 25 6 6 94 1 28 71 37 17 68 85 17 80 7 89 5 25 92 
86 55 2 94 61 10 82 35 6 31 88 33 28 85 90 42 56 0 82 74 49 41 5 56 65 30 95 7 15 12 64 39 76 58 36 26 24 44 84 21 9 85 78 61 9 31 60 38 80 79 62 97 62 16 3 89 24 61 65 73 12 56 54 67 42 27 86 19 85 56 47 28 31 65 22 27 39 47 56 20 46 17 25 45 49 98 40 33 1 69 30 28 2 96 92 79 83 69 34 31 
56 81 45 28 76 36 40 50 23 34 68 43 4 16 99 31 97 82 0 97 51 11 49 35 86 40 17 19 68 78 40 1 76 65 48 66 21 2 58 9 71 33 62 53 32 5 1 13 72 64 73 0 23 93 69 15 9 68 36 8 83 44 86 9 74 48 69 77 21 9 61 31 9 94 78 93 41 98 56 12 77 78 94 8 52 29 16 96 15 65 38 98 56 95 41 24 97 34 79 80 
87 96 46 69 26 63 51 90 71 63 99 44 30 25 79 13 41 74 97 0 86 66 9 23 93 19 20 60 34 82 74 46 75 56 95 40 80 69 65 84 15 57 63 90 15 90 66 29 66 30 44 33 26 40 75 51 79 51 56 98 90 6 89 4 32 16 1 8 47 4 11 25 92 7 66 64 90 17 40 39 20 77 11 22 53 99 72 48 1 98 11 94 85 81 2 44 93 13 15 69 
24 34 48 32 52 2 40 85 21 22 87 13 16 88 15 64 65 49 51 86 0 90 98 26 58 80 21 60 84 58 12 42 38 35 34 92 26 89 66 16 44 95 77 12 89 54 92 28 62 3 24 24 96 32 78 8 13 96 98 74 86 79 95 29 4 87 5 16 9 92 68 28 76 66 85 50 87 53 28 87 63 29 26 1 48 63 90 25 13 58 94 21 21 73 28 38 86 77 99 66 
30 33 74 45 30 49 77 95 55 56 89 0 94 40 18 12 51 41 11 66 90 0 9 15 45 77 9 18 12 71 78 67 54 0 96 34 57 6 88 69 88 46 72 55 79 88 41 60 83 28 11 7 12 8 23 64 28 50 5 70 59 81 90 75 3 56 16 37 15 38 87 74 16 26 97 13 72 35 38 60 61 98 28 65 3 24 28 8 84 52 37 68 39 95 98 61 92 73 34 92 
7 3 42 44 96 24 25 29 50 22 61 12 1 98 56 25 14 5 49 9 98 9 0 3 27 88 66 5 27 99 94 50 89 22 11 0 51 23 49 59 22 31 57 61 96 56 27 18 61 2 83 22 46 38 73 13 23 11 58 78 84 58 74 33 89 40 41 61 34 82 78 32 63 77 78 49 90 53 62 7 4 4 32 34 45 87 60 91 70 57 45 51 60 29 39 33 85 58 55 36 
77 95 50 85 34 88 78 89 72 97 58 89 77 9 92 91 25 56 35 23 26 15 3 0 46 49 61 18 40 64 79 35 98 21 56 4 39 49 18 27 48 31 36 49 82 55 97 58 36 28 91 71 67 19 63 50 63 49 48 38 7 3 61 7 2 85 74 41 44 94 36 51 57 26 58 78 82 11 45 8 28 96 11 78 82 55 93 2 2 96 23 37 59 90 56 91 1 9 72 80 
72 9 17 61 0 49 82 0 61 27 26 25 99 82 37 9 31 65 86 93 58 45 27 46 0 94 69 45 20 74 59 56 95 40 43 46 93 64 72 12 80 55 73 39 1 27 21 32 97 53 61 32 5 81 89 41 30 19 59 37 48 41 96 67 2 56 66 85 73 35 67 96 30 26 40 80 26 19 68 30 20 37 28 93 66 98 49 97 35 86 83 17 58 39 36 47 74 72 58 95 
13 20 43 91 64 3 88 19 1 63 87 41 68 8 28 70 81 30 40 19 80 77 88 49 94 0 70 63 76 77 45 32 35 96 71 54 95 57 2 83 67 92 53 18 36 41 41 59 94 35 50 20 96 34 28 17 42 69 44 84 99 94 84 6 33 72 39 79 67 63 55 80 41 75 57 17 32 11 37 50 4 36 91 77 75 3 5 23 75 74 52 32 6 72 37 16 43 19 83 25 
78 92 94 62 93 2 14 28 94 87 44 91 49 91 66 63 29 95 17 20 21 9 66 61 69 70 0 8 33 84 73 7 80 1 26 37 24 10 1 65 72 17 24 22 24 25 44 57 2 80 85 45 92 61 30 2 79 63 43 27 16 93 42 46 95 8 39 3 7 63 85 48 41 54 20 0 76 90 68 5 21 27 25 36 31 65 45 37 49 9 82 26 60 87 25 37 14 10 73 19 
72 78 47 88 71 34 36 42 61 98 88 29 38 95 94 78 30 7 19 60 60 18 5 18 45 63 8 0 52 66 0 61 53 82 17 32 41 68 47 47 96 3 50 93 71 12 33 55 94 92 42 29 79 40 24 82 60 46 95 54 61 71 85 14 22 80 74 87 37 78 84 4 3 6 19 36 30 82 57 2 32 25 1 7 76 89 76 72 60 69 74 15 29 53 85 55 85 5 88 85 
54 66 3 46 20 46 67 95 73 35 37 22 18 5 57 26 67 15 68 34 84 12 27 40 20 76 33 52 0 99 98 65 79 26 71 97 82 21 31 51 14 73 59 58 99 85 11 55 79 6 60 78 58 99 46 13 6 27 99 81 92 15 55 86 86 35 25 94 61 37 85 57 62 10 32 14 29 93 33 77 23 20 74 15 12 67 13 39 88 72 8 48 50 68 21 2 37 32 73 65 
10 23 95 16 82 94 73 5 66 42 68 39 2 37 73 33 84 12 78 82 58 71 99 64 74 77 84 66 99 0 33 12 81 76 20 92 50 68 51 47 48 48 18 50 57 10 5 30 79 86 29 22 87 90 50 35 74 51 83 53 68 60 7 41 38 86 34 91 43 25 81 84 38 94 34 49 91 58 67 63 50 92 29 15 42 21 47 92 44 87 64 78 64 30 95 97 61 97 91 47 
51 21 77 94 21 58 27 66 50 40 96 51 46 76 0 53 85 64 40 74 12 78 94 79 59 45 73 0 98 33 0 26 0 13 57 15 30 69 46 88 64 33 9 21 9 79 26 35 21 35 2 84 22 96 23 89 4 62 1 63 65 51 23 83 47 89 91 28 69 23 70 54 58 99 44 2 82 34 17 31 81 63 73 19 4 89 99 55 9 14 76 7 6 8 37 84 28 2 82 6 
13 51 63 93 9 49 62 8 38 86 85 74 51 53 58 36 90 39 1 46 42 67 50 35 56 32 7 61 65 12 26 0 12 66 74 87 30 71 13 18 14 82 57 32 70 60 20 98 37 51 62 93 95 83 19 40 83 19 21 66 85 4 61 56 0 60 21 92 69 23 65 84 19 83 16 56 79 14 67 38 50 60 22 59 41 53 63 20 60 74 23 77 17 96 82 2 10 69 91 38 
98 5 60 20 76 50 95 23 98 72 94 18 93 79 17 15 46 76 76 75 38 54 89 98 95 35 80 53 79 81 0 12 0 41 20 77 38 25 90 86 24 69 75 32 67 10 52 5 68 11 16 16 43 17 95 42 44 75 76 48 12 95 40 74 20 8 57 58 82 32 76 30 11 45 69 75 29 42 19 91 1 22 72 36 42 26 19 40 70 81 99 47 46 58 75 91 15 11 96 13 
45 86 55 16 24 86 89 96 7 49 16 62 47 38 0 37 73 58 65 56 35 0 22 21 40 96 1 82 26 76 13 66 41 0 20 84 26 92 68 13 34 69 19 83 15 88 59 4 9 76 17 77 99 74 28 37 72 96 7 83 31 18 32 8 48 66 59 92 80 95 68 61 21 11 19 70 36 99 84 25 85 16 57 9 55 24 63 81 78 14 3 28 27 56 29 34 20 72 54 78 
28 83 80 67 16 12 16 38 90 10 91 14 6 21 27 14 95 36 48 95 34 96 11 56 43 71 26 17 71 20 57 74 20 20 0 12 9 22 9 66 97 1 60 92 75 89 82 83 93 70 3 36 25 89 3 19 52 49 35 19 30 91 66 50 32 80 98 14 70 25 38 20 69 47 67 1 44 31 68 52 44 80 56 38 74 11 53 52 15 20 19 1 95 24 87 58 48 56 1 97 
61 60 1 66 37 89 66 35 36 67 84 77 65 32 88 90 38 26 66 40 92 34 0 4 46 54 37 32 97 92 15 87 77 84 12 0 13 75 71 56 51 59 65 5 90 63 26 36 12 19 62 38 21 28 46 54 1 1 94 96 13 5 7 30 98 47 34 17 42 61 42 58 4 70 68 94 8 74 82 5 10 25 94 57 11 91 90 67 6 71 38 41 82 67 42 11 39 58 11 34 
6 13 47 7 12 71 83 15 69 52 92 6 3 21 61 71 72 24 21 80 26 57 51 39 93 95 24 41 82 50 30 30 38 26 9 13 0 22 85 43 86 5 48 10 39 25 12 26 57 67 31 16 97 41 77 30 51 79 48 78 96 69 85 25 24 98 79 46 57 65 28 73 65 58 12 49 54 74 81 42 25 77 84 68 73 50 77 5 60 55 13 10 73 12 69 9 88 29 15 81 
28 52 71 29 56 95 89 61 91 24 9 15 32 33 17 91 21 44 2 69 89 6 23 49 64 57 10 68 21 68 69 71 25 92 22 75 22 0 35 2 38 55 29 23 50 51 67 3 77 32 7 15 99 24 17 77 49 79 74 80 69 27 79 6 88 60 30 42 52 44 61 30 85 23 96 68 47 18 24 71 78 47 56 46 57 74 87 41 72 45 92 47 74 26 32 63 20 39 81 1 
56 71 99 10 79 10 36 43 51 34 18 15 61 97 28 63 35 84 58 65 66 88 49 18 72 2 1 47 31 51 46 13 90 68 9 71 85 35 0 58 44 26 43 0 39 39 6 29 43 17 69 99 68 95 70 81 93 11 86 93 3 99 85 23 63 24 15 1 91 55 37 93 24 99 47 82 55 92 61 44 16 47 36 60 94 34 37 56 6 99 30 35 76 38 45 19 97 94 72 11 
85 89 85 4 7 93 45 75 30 44 65 37 21 64 43 8 2 21 9 84 16 69 59 27 12 83 65 47 51 47 88 18 86 13 66 56 43 2 58 0 27 59 71 60 76 46 18 85 66 39 61 54 25 93 48 34 48 79 95 53 75 81 77 28 40 18 86 92 94 6 43 12 85 5 7 64 49 77 42 52 0 15 39 74 13 2 29 47 75 79 76 81 15 52 20 5 9 29 91 56 
8 8 93 76 61 44 56 50 51 80 77 9 86 55 48 8 68 9 71 15 44 88 22 48 80 67 72 96 14 48 64 14 24 34 97 51 86 38 44 27 0 1 97 89 46 51 41 10 84 92 92 51 24 64 86 94 95 69 63 78 72 9 64 1 5 83 22 18 86 44 98 6 15 96 6 57 78 22 60 43 7 12 75 65 96 82 11 83 84 95 61 85 29 57 84 33 87 41 37 71 
17 52 29 7 36 63 51 80 3 68 0 80 30 36 35 63 20 85 33 57 95 46 31 31 55 92 17 3 73 48 33 82 69 69 1 59 5 55 26 59 1 0 73 86 1 57 35 84 53 72 52 81 11 4 75 79 49 97 90 81 32 45 15 93 92 15 92 91 49 99 34 16 22 22 51 15 15 41 54 88 89 56 3 68 87 34 69 16 29 75 35 91 17 74 16 20 80 20 82 97 
93 35 21 98 25 87 52 90 15 4 97 69 92 79 50 33 63 78 62 63 77 72 57 36 73 53 24 50 59 18 9 57 75 19 60 65 48 29 43 71 97 73 0 34 11 25 20 80 59 29 56 89 39 65 58 37 68 17 46 77 21 11 73 42 80 75 27 23 82 18 19 68 47 92 83 59 47 78 78 1 50 98 87 63 51 51 35 29 79 92 70 34 93 25 53 97 76 56 90 73 
38 41 85 52 81 84 37 9 15 79 95 13 58 4 99 95 85 61 53 90 12 55 61 49 39 18 22 93 58 50 21 32 32 83 92 5 10 23 0 60 89 86 34 0 91 85 81 58 25 28 4 32 2 40 61 39 92 71 92 8 38 43 37 83 8 44 89 41 59 10 13 30 79 43 39 2 41 80 31 16 95 24 94 18 15 74 78 46 94 20 23 99 25 49 46 64 39 30 24 97 
78 38 64 33 29 59 44 36 62 46 81 70 19 29 60 46 12 9 32 15 89 79 96 82 1 36 24 71 99 57 9 70 67 15 75 90 39 50 39 76 46 1 11 91 0 22 22 75 33 10 47 73 61 95 4 85 28 38 90 12 11 26 73 17 12 61 65 50 73 84 27 73 93 15 79 69 41 43 29 56 76 73 14 88 35 53 41 84 25 57 16 9 82 80 55 42 67 9 1 11 
47 27 10 24 71 89 48 49 31 28 86 4 7 11 21 89 6 31 5 90 54 88 56 55 27 41 25 12 85 10 79 60 10 88 89 63 25 51 39 46 51 57 25 85 22 0 5 34 20 97 50 66 55 15 69 61 16 53 56 12 12 55 31 82 82 42 41 38 54 24 94 11 54 49 80 67 79 19 68 24 15 82 37 87 50 14 62 61 5 33 85 7 29 83 86 56 43 56 19 47 
83 67 67 9 14 54 8 75 33 43 98 99 31 71 57 70 51 60 1 66 92 41 27 97 21 41 44 33 11 5 26 20 52 59 82 26 12 67 6 18 41 35 20 81 22 5 0 81 2 37 7 72 83 43 65 93 62 57 25 99 43 88 91 32 5 15 6 74 22 23 59 4 75 56 40 94 63 76 21 84 90 38 52 1 91 40 31 73 77 7 33 24 97 84 28 66 16 60 63 55 
27 3 44 15 97 49 3 40 55 92 22 71 72 60 26 83 34 38 13 29 28 60 18 58 32 59 57 55 55 30 35 98 5 4 83 36 26 3 29 85 10 84 80 58 75 34 81 0 39 39 74 45 55 95 93 67 41 9 37 10 35 12 39 33 57 66 4 50 21 71 83 55 8 76 16 88 57 31 39 59 23 28 10 38 68 99 55 99 9 9 76 93 72 26 25 0 79 3 89 85 
53 25 35 38 27 91 46 34 86 8 81 61 83 9 27 40 53 80 72 66 62 83 61 36 97 94 2 94 79 79 21 37 68 9 93 12 57 77 43 66 84 53 59 25 33 20 2 39 0 71 87 79 67 80 94 36 11 8 17 92 69 90 26 15 90 16 56 48 72 20 61 33 25 64 52 11 63 81 13 45 74 18 39 36 55 78 13 14 90 20 65 10 43 17 36 68 50 17 57 14 
84 6 54 62 27 32 26 48 57 89 30 43 16 49 76 29 85 79 64 30 3 28 2 28 53 35 80 92 6 86 35 51 11 76 70 19 67 32 17 39 92 72 29 28 10 97 37 39 71 0 24 81 4 74 21 93 66 93 46 69 84 11 48 71 27 90 34 79 28 46 61 1 26 73 80 29 77 15 99 75 38 78 17 25 56 70 13 86 28 3 99 75 2 59 35 51 81 19 27 59 
89 89 33 90 99 22 34 92 76 43 8 29 35 85 13 96 1 62 73 44 24 11 83 91 61 50 85 42 60 29 2 62 16 17 3 62 31 7 69 61 92 52 56 4 47 50 7 74 87 24 0 83 95 90 98 44 72 85 44 60 76 55 97 26 36 82 66 29 14 26 86 41 77 7 87 69 42 99 49 20 19 83 13 5 68 41 39 98 43 18 59 58 45 88 14 46 29 53 27 95 
0 3 3 75 89 62 46 93 4 80 21 10 0 97 71 47 14 97 0 33 24 7 22 71 32 20 45 29 78 22 84 93 16 77 36 38 16 15 99 54 51 81 89 32 73 66 72 45 79 81 83 0 85 34 16 98 70 86 21 89 51 86 38 73 3 56 24 58 67 0 23 76 88 80 62 38 30 31 64 86 19 8 80 1 16 78 40 24 12 60 45 12 35 66 77 97 87 57 85 1 
61 67 87 6 90 51 93 68 3 67 67 31 7 42 16 29 42 62 23 26 96 12 46 67 5 96 92 79 58 87 22 95 43 99 25 21 97 99 68 25 24 11 39 2 61 55 83 55 67 4 95 85 0 64 97 82 62 27 69 90 44 24 91 29 45 29 19 1 97 26 12 24 14 17 24 92 12 97 48 89 90 56 53 81 44 53 3 34 85 13 30 71 98 78 59 62 53 76 51 94 
0 91 98 76 73 18 4 74 49 95 30 60 71 89 59 28 56 16 93 40 32 8 38 19 81 34 61 40 99 90 96 83 17 74 89 28 41 24 95 93 64 4 65 40 95 15 43 95 80 74 90 34 64 0 17 43 96 91 22 36 2 19 23 88 33 68 33 12 51 85 96 12 44 86 34 94 7 89 7 81 6 12 16 46 18 41 59 98 42 54 72 4 76 41 52 92 98 64 91 30 
50 79 50 99 71 5 8 1 44 23 95 19 15 28 19 64 28 3 69 75 78 23 73 63 89 28 30 24 46 50 23 19 95 28 3 46 77 17 70 48 86 75 58 61 4 69 65 93 94 21 98 16 97 17 0 5 97 76 6 27 11 24 22 55 27 67 41 77 34 36 4 18 8 57 89 92 3 58 72 81 49 79 79 46 40 60 28 81 40 84 25 0 22 34 94 38 32 16 90 17 
2 43 2 43 14 16 64 47 5 23 34 38 84 79 46 38 63 89 15 51 8 64 13 50 41 17 2 82 13 35 89 40 42 37 19 54 30 77 81 34 94 79 37 39 85 61 93 67 36 93 44 98 82 43 5 0 12 68 69 81 15 6 28 85 19 90 97 40 86 63 73 92 4 31 73 52 25 99 86 25 59 83 82 24 43 22 36 17 18 56 7 66 99 43 40 20 70 13 49 29 
40 20 0 43 94 96 8 75 88 58 39 83 34 19 55 46 16 24 9 79 13 28 23 63 30 42 79 60 6 74 4 83 44 72 52 1 51 49 93 48 95 49 68 92 28 16 62 41 11 66 72 70 62 96 97 12 0 31 68 11 87 72 45 2 1 6 40 45 54 32 98 14 82 94 38 32 90 27 3 52 93 49 62 89 85 1 17 23 62 59 37 59 24 91 31 88 94 55 46 59 
48 65 45 52 85 64 8 46 47 21 45 38 33 73 4 92 17 61 68 51 96 50 11 49 19 69 63 46 27 51 62 19 75 96 49 1 79 79 11 79 69 97 17 71 38 53 57 9 8 93 85 86 27 91 76 68 31 0 61 38 94 80 70 78 43 94 61 13 9 49 95 6 17 49 72 49 21 15 95 99 32 60 66 88 36 49 62 77 90 27 33 29 82 15 59 63 57 59 9 56 
18 38 88 52 56 10 55 61 19 7 91 29 72 10 78 36 24 65 36 56 98 5 58 48 59 44 43 95 99 83 1 21 76 7 35 94 48 74 86 95 63 90 46 92 90 56 25 37 17 46 44 21 69 22 6 69 68 61 0 8 60 11 77 1 55 78 26 39 61 2 66 86 38 29 64 61 57 7 97 52 96 41 60 93 53 96 7 23 36 88 91 79 98 10 3 68 39 73 14 18 
68 64 41 0 16 88 81 78 88 23 88 32 31 25 0 21 32 73 8 98 74 70 78 38 37 84 27 54 81 53 63 66 48 83 19 96 78 80 93 53 78 81 77 8 12 12 99 10 92 69 60 89 90 36 27 81 11 38 8 0 48 8 65 70 4 18 9 97 23 12 12 11 29 35 84 83 72 90 73 99 57 68 6 95 41 74 42 12 81 78 33 61 17 6 24 82 16 87 93 77 
94 67 36 92 43 9 71 70 71 62 40 55 15 35 53 61 92 12 83 90 86 59 84 7 48 99 16 61 92 68 65 85 12 31 30 13 96 69 3 75 72 32 21 38 11 12 43 35 69 84 76 51 44 2 11 15 87 94 60 48 0 20 68 6 86 45 77 96 31 16 21 35 61 3 56 80 66 69 21 93 49 3 66 62 16 45 42 68 18 40 45 38 40 65 69 23 38 44 64 50 
8 26 25 54 96 45 3 42 51 69 63 88 7 67 21 86 68 56 44 6 79 81 58 3 41 94 93 71 15 60 51 4 95 18 91 5 69 27 99 81 9 45 11 43 26 55 88 12 90 11 55 86 24 19 24 6 72 80 11 8 20 0 27 3 33 96 23 78 77 18 73 24 46 3 12 98 40 20 90 39 40 75 21 16 49 86 17 68 90 65 21 66 62 82 13 6 4 55 63 82 
39 35 82 23 12 80 57 21 61 68 95 42 36 69 87 35 82 54 86 89 95 90 74 61 96 84 42 85 55 7 23 61 40 32 66 7 85 79 85 77 64 15 73 37 73 31 91 39 26 48 97 38 91 23 22 28 45 70 77 65 68 27 0 41 28 61 1 45 16 34 47 66 45 46 54 38 87 80 49 81 83 29 95 78 40 43 91 84 40 78 99 5 32 43 62 18 57 76 62 66 
72 48 39 4 26 57 20 54 56 36 64 68 18 43 37 64 90 67 9 4 29 75 33 7 67 6 46 14 86 41 83 56 74 8 50 30 25 6 23 28 1 93 42 83 17 82 32 33 15 71 26 73 29 88 55 85 2 78 1 70 6 3 41 0 2 30 27 53 73 75 23 30 85 55 26 93 55 67 11 41 17 32 95 73 34 35 85 27 88 77 11 55 60 80 32 3 48 53 26 69 
16 54 96 16 27 15 67 78 38 61 68 86 96 85 90 40 83 42 74 32 4 3 89 2 2 33 95 22 86 38 47 0 20 48 32 98 24 88 63 40 5 92 80 8 12 82 5 57 90 27 36 3 45 33 27 19 1 43 55 4 86 33 28 2 0 74 33 3 40 43 79 36 81 65 90 4 96 67 8 71 83 84 24 30 13 88 30 91 9 69 88 23 57 77 51 47 26 53 44 29 
11 4 8 31 8 57 95 7 22 81 63 37 27 5 33 80 2 27 48 16 87 56 40 85 56 72 8 80 35 86 89 60 8 66 80 47 98 60 24 18 83 15 75 44 61 42 15 66 16 90 82 56 29 68 67 90 6 94 78 18 45 96 61 30 74 0 18 34 55 46 46 76 96 20 23 40 69 52 59 98 24 81 60 64 7 25 57 90 37 45 83 55 27 78 65 98 18 68 14 6 
71 47 74 53 22 5 18 24 3 68 68 24 1 53 37 61 28 86 69 1 5 16 41 74 66 39 39 74 25 34 91 21 57 59 98 34 79 30 15 86 22 92 27 89 65 41 6 4 56 34 66 24 19 33 41 97 40 61 26 9 77 23 1 27 33 18 0 2 48 95 86 68 95 22 17 62 17 68 26 40 26 73 68 66 66 13 71 56 85 70 93 87 81 35 75 60 9 97 10 82 
21 55 64 75 91 0 90 67 96 34 75 29 19 75 68 95 62 19 77 8 16 37 61 41 85 79 3 87 94 91 28 92 58 92 14 17 46 42 1 92 18 91 23 41 50 38 74 50 48 79 29 58 1 12 77 40 45 13 39 97 96 78 45 53 3 34 2 0 55 27 76 65 66 8 54 69 29 44 55 26 65 42 7 16 77 33 32 40 29 17 95 85 19 51 96 48 9 76 21 20 
9 42 96 31 18 41 35 69 11 51 34 31 1 43 82 71 41 85 21 47 9 15 34 44 73 67 7 37 61 43 69 69 82 80 70 42 57 52 91 94 86 49 82 59 73 54 22 21 72 28 14 67 97 51 34 86 54 9 61 23 31 77 16 73 40 55 48 55 0 76 25 82 98 53 96 13 68 11 88 45 94 59 28 5 50 76 57 96 46 12 92 75 50 41 68 35 99 69 38 14 
91 56 14 43 9 24 17 36 18 68 60 24 9 99 64 28 44 56 9 4 92 38 82 94 35 63 63 78 37 25 23 23 32 95 25 61 65 44 55 6 44 99 18 10 84 24 23 71 20 46 26 0 26 85 36 63 32 49 2 12 16 18 34 75 43 46 95 27 76 0 73 56 56 17 31 54 32 76 41 79 38 23 10 81 19 12 27 59 81 63 44 31 37 13 98 93 73 12 99 80 
74 9 86 45 43 38 31 42 85 76 88 91 70 22 91 24 67 47 61 11 68 87 78 36 67 55 85 84 85 81 70 65 76 68 38 42 28 61 37 43 98 34 19 13 27 94 59 83 61 61 86 23 12 96 4 73 98 95 66 12 21 73 47 23 79 46 86 76 25 73 0 5 58 1 82 46 67 50 65 74 99 33 68 13 50 69 32 96 1 31 67 56 7 43 26 84 20 26 63 76 
10 58 97 20 0 61 58 8 51 60 77 95 72 84 20 81 11 28 31 25 28 74 32 51 96 80 48 4 57 84 54 84 30 61 20 58 73 30 93 12 6 16 68 30 73 11 4 55 33 1 41 76 24 12 18 92 14 6 86 11 35 24 66 30 36 76 68 65 82 56 5 0 73 48 36 37 27 71 37 15 18 26 75 96 85 6 35 16 25 33 5 56 93 97 76 45 56 66 55 55 
35 17 32 95 63 78 16 86 38 45 72 73 22 25 40 18 6 31 9 92 76 16 63 57 30 41 41 3 62 38 58 19 11 21 69 4 65 85 24 85 15 22 47 79 93 54 75 8 25 26 77 88 14 44 8 4 82 17 38 29 61 46 45 85 81 96 95 66 98 56 58 73 0 59 37 98 20 66 49 42 91 71 8 47 88 6 40 20 69 46 50 13 0 79 60 53 50 51 3 67 
75 61 94 31 50 48 94 13 32 73 95 13 4 15 77 71 89 65 94 7 66 26 77 26 26 75 54 6 10 94 99 83 45 11 47 70 58 23 99 5 96 22 92 43 15 49 56 76 64 73 7 80 17 86 57 31 94 49 29 35 3 3 46 55 65 20 22 8 53 17 1 48 59 0 62 61 79 20 66 76 11 99 57 39 57 44 15 58 74 42 68 7 86 79 52 90 10 35 72 67 
85 6 49 26 8 60 78 0 61 15 71 97 58 16 24 55 73 22 78 66 85 97 78 58 40 57 20 19 32 34 44 16 69 19 67 68 12 96 47 7 6 51 83 39 79 80 40 16 52 80 87 62 24 34 89 73 38 72 64 84 56 12 54 26 90 23 17 54 96 31 82 36 37 62 0 2 60 99 78 4 57 38 96 24 92 4 11 32 39 97 93 13 87 69 50 53 80 75 57 73 
36 44 56 21 10 82 52 28 33 50 26 71 94 68 43 81 21 27 93 64 50 13 49 78 80 17 0 36 14 49 2 56 75 70 1 94 49 68 82 64 57 15 59 2 69 67 94 88 11 29 69 38 92 94 92 52 32 49 61 83 80 98 38 93 4 40 62 69 13 54 46 37 98 61 2 0 16 53 34 8 30 56 69 10 56 61 35 40 5 4 27 74 93 18 28 2 33 45 6 29 
75 80 41 51 17 73 44 64 52 40 40 77 98 83 3 20 45 39 41 90 87 72 90 82 26 32 76 30 29 91 82 79 29 36 44 8 54 47 55 49 78 15 47 41 41 79 63 57 63 77 42 30 12 7 3 25 90 21 57 72 66 40 87 55 96 69 17 29 68 32 67 27 20 79 60 16 0 43 27 54 28 8 20 9 68 71 64 33 74 16 89 35 82 88 13 4 97 29 37 67 
19 20 98 33 33 65 15 58 46 17 25 10 64 42 97 17 4 47 98 17 53 35 53 11 19 11 90 82 93 58 34 14 42 99 31 74 74 18 92 77 22 41 78 80 43 19 76 31 81 15 99 31 97 89 58 99 27 15 7 90 69 20 80 67 67 52 68 44 11 76 50 71 66 20 99 53 43 0 67 22 78 48 45 1 42 25 92 81 34 25 99 70 91 31 35 72 64 97 52 92 
26 96 89 89 64 90 38 0 39 10 91 69 9 20 8 49 82 56 56 40 28 38 62 45 68 37 68 57 33 67 17 67 19 84 68 82 81 24 61 42 60 54 78 31 29 68 21 39 13 99 49 64 48 7 72 86 3 95 97 73 21 90 49 11 8 59 26 55 88 41 65 37 49 66 78 34 27 67 0 7 4 60 19 27 1 84 32 72 32 87 72 60 56 54 78 57 61 35 62 65 
90 42 41 26 87 92 82 59 2 27 72 7 96 56 39 3 64 20 12 39 87 60 7 8 30 50 5 2 77 63 31 38 91 25 52 5 42 71 44 52 43 88 1 16 56 24 84 59 45 75 20 86 89 81 81 25 52 99 52 99 93 39 81 41 71 98 40 26 45 79 74 15 42 76 4 8 54 22 7 0 89 39 80 29 70 11 38 36 47 90 70 68 81 61 18 76 0 34 25 76 
85 71 11 83 35 88 71 80 88 32 48 52 19 59 19 71 94 46 77 20 63 61 4 28 20 4 21 32 23 50 81 50 1 85 44 10 25 78 16 0 7 89 50 95 76 15 90 23 74 38 19 19 90 6 49 59 93 32 96 57 49 40 83 17 83 24 26 65 94 38 99 18 91 11 57 30 28 78 4 89 0 65 50 87 90 26 6 34 54 5 93 69 42 98 98 38 22 63 66 30 
86 97 71 80 85 31 38 53 65 82 59 93 51 27 12 53 42 17 78 77 29 98 4 96 37 36 27 25 20 92 63 60 22 16 80 25 77 47 47 15 12 56 98 24 73 82 38 28 18 78 83 8 56 12 79 83 49 60 41 68 3 75 29 32 84 81 73 42 59 23 33 26 71 99 38 56 8 48 60 39 65 0 51 56 29 65 30 29 64 28 43 11 97 47 58 71 13 31 29 52 
71 92 40 91 39 25 25 68 53 82 60 43 42 40 65 27 25 25 94 11 26 28 32 11 28 91 25 1 74 29 73 22 72 57 56 94 84 56 36 39 75 3 87 94 14 37 52 10 39 17 13 80 53 16 79 82 62 66 60 6 66 21 95 95 24 60 68 7 28 10 68 75 8 57 96 69 20 45 19 80 50 51 0 34 12 88 47 10 88 87 44 46 66 31 48 89 3 12 38 11 
76 67 29 8 9 82 48 81 50 85 94 12 96 0 22 42 6 45 8 22 1 65 34 78 93 77 36 7 15 15 19 59 36 9 38 57 68 46 60 74 65 68 63 18 88 87 1 38 36 25 5 1 81 46 46 24 89 88 93 95 62 16 78 73 30 64 66 16 5 81 13 96 47 39 24 10 9 1 27 29 87 56 34 0 34 41 84 3 84 51 8 37 26 68 73 37 36 18 40 15 
35 58 20 13 77 5 36 4 20 31 2 15 48 94 84 26 6 49 52 53 48 3 45 82 66 75 31 76 12 42 4 41 42 55 74 11 73 57 94 13 96 87 51 15 35 50 91 68 55 56 68 16 44 18 40 43 85 36 53 41 16 49 40 34 13 7 66 77 50 19 50 85 88 57 92 56 68 42 1 70 90 29 12 34 0 54 44 80 60 16 51 45 69 80 38 37 80 68 60 49 
19 3 13 66 99 63 81 32 72 70 95 12 24 42 85 34 94 98 29 99 63 24 87 55 98 3 65 89 67 21 89 53 26 24 11 91 50 74 34 2 82 34 51 74 53 14 40 99 78 70 41 78 53 41 60 22 1 49 96 74 45 86 43 35 88 25 13 33 76 12 69 6 6 44 4 61 71 25 84 11 26 65 88 41 54 0 86 16 77 67 39 86 76 7 95 53 22 57 82 53 
73 77 23 56 98 93 53 34 39 41 2 24 81 9 80 77 1 40 16 72 90 28 60 93 49 5 45 76 13 47 99 63 19 63 53 90 77 87 37 29 11 69 35 78 41 62 31 55 13 13 39 40 3 59 28 36 17 62 7 42 42 17 91 85 30 57 71 32 57 27 32 35 40 15 11 35 64 92 32 38 6 30 47 84 44 86 0 42 35 22 99 91 12 14 1 79 19 29 77 0 
83 28 95 41 25 53 81 45 43 31 22 49 37 79 72 52 28 33 96 48 25 8 91 2 97 23 37 72 39 92 55 20 40 81 52 67 5 41 56 47 83 16 29 46 84 61 73 99 14 86 98 24 34 98 81 17 23 77 23 12 68 68 84 27 91 90 56 40 96 59 96 16 20 58 32 40 33 81 72 36 34 29 10 3 80 16 42 0 39 78 64 53 94 5 29 33 58 85 35 7 
93 61 25 46 1 20 44 73 65 17 84 63 22 3 48 85 71 1 15 1 13 84 70 2 35 75 49 60 88 44 9 60 70 78 15 6 60 72 6 75 84 29 79 94 25 5 77 9 90 28 43 12 85 42 40 18 62 90 36 81 18 90 40 88 9 37 85 29 46 81 1 25 69 74 39 5 74 34 32 47 54 64 88 84 60 77 35 39 0 84 73 38 25 31 44 86 24 99 46 44 
76 66 55 52 28 35 74 30 7 74 27 48 92 76 89 28 37 69 65 98 58 52 57 96 86 74 9 69 72 87 14 74 81 14 20 71 55 45 99 79 95 75 92 20 57 33 7 9 20 3 18 60 13 54 84 56 59 27 88 78 40 65 78 77 69 45 70 17 12 63 31 33 46 42 97 4 16 25 87 90 5 28 87 51 16 67 22 78 84 0 74 40 53 90 27 5 55 30 68 77 
86 99 0 70 58 22 97 73 90 66 88 92 45 32 35 8 17 30 38 11 94 37 45 23 83 52 82 74 8 64 76 23 99 3 19 38 13 92 30 76 61 35 70 23 16 85 33 76 65 99 59 45 30 72 25 7 37 33 91 33 45 21 99 11 88 83 93 95 92 44 67 5 50 68 93 27 89 99 72 70 93 43 44 8 51 39 99 64 73 74 0 70 61 17 55 16 1 91 12 42 
4 25 22 46 63 20 15 96 87 64 20 8 58 56 10 7 68 28 98 94 21 68 51 37 17 32 26 15 48 78 7 77 47 28 1 41 10 47 35 81 85 91 34 99 9 7 24 93 10 75 58 12 71 4 0 66 59 29 79 61 38 66 5 55 23 55 87 85 75 31 56 56 13 7 13 74 35 70 60 68 69 11 46 37 45 86 91 53 38 40 70 0 89 12 18 12 23 46 2 71 
98 55 32 75 92 24 91 16 51 84 55 72 54 11 21 82 85 2 56 85 21 39 60 59 58 6 60 29 50 64 6 17 46 27 95 82 73 74 76 15 29 17 93 25 82 29 97 72 43 2 45 35 98 76 22 99 24 82 98 17 40 62 32 60 57 27 81 19 50 37 7 93 0 86 87 93 82 91 56 81 42 97 66 26 69 76 12 94 25 53 61 89 0 87 31 96 72 47 55 79 
96 69 18 25 96 61 57 76 88 96 48 78 64 58 96 1 17 96 95 81 73 95 29 90 39 72 87 53 68 30 8 96 58 56 24 67 12 26 38 52 57 74 25 49 80 83 84 26 17 59 88 66 78 41 34 43 91 15 10 6 65 82 43 80 77 78 35 51 41 13 43 97 79 79 69 18 88 31 54 61 98 47 31 68 80 7 14 5 31 90 17 12 87 0 68 67 79 31 52 68 
53 9 26 52 57 49 13 9 11 67 91 10 53 98 87 35 80 92 41 2 28 98 39 56 36 37 25 85 21 95 37 82 75 29 87 42 69 32 45 20 84 16 53 46 55 86 28 25 36 35 14 77 59 52 94 40 31 59 3 24 69 13 62 32 51 65 75 96 68 98 26 76 60 52 50 28 13 35 78 18 98 58 48 73 38 95 1 29 44 27 55 18 31 68 0 88 63 97 79 82 
59 92 4 85 0 0 23 39 88 97 23 35 38 7 66 48 7 79 24 44 38 61 33 91 47 16 37 55 2 97 84 2 91 34 58 11 9 63 19 5 33 20 97 64 42 56 66 0 68 51 46 97 62 92 38 20 88 63 68 82 23 6 18 3 47 98 60 48 35 93 84 45 53 90 53 2 4 72 57 76 38 71 89 37 37 53 79 33 86 5 16 12 96 67 88 0 50 80 92 10 
59 91 51 66 38 88 71 57 11 83 73 83 20 25 94 37 89 83 97 93 86 92 85 1 74 43 14 85 37 61 28 10 15 20 48 39 88 20 97 9 87 80 76 39 67 43 16 79 50 81 29 87 53 98 32 70 94 57 39 16 38 4 57 48 26 18 9 9 99 73 20 56 50 10 80 33 97 64 61 0 22 13 3 36 80 22 19 58 24 55 1 23 72 79 63 50 0 14 33 29 
91 99 16 38 36 34 85 55 2 73 76 43 78 68 21 16 5 69 34 13 77 73 58 9 72 19 10 5 32 97 2 69 11 72 56 58 29 39 94 29 41 20 56 30 9 56 60 3 17 19 53 57 76 64 16 13 55 59 73 87 44 55 76 53 53 68 97 76 69 12 26 66 51 35 75 45 29 97 35 34 63 31 12 18 68 57 29 85 99 30 91 46 47 31 97 80 14 0 38 17 
93 60 64 71 11 56 27 45 26 43 19 96 1 69 54 89 25 34 79 15 99 34 55 72 58 83 73 88 73 91 82 91 96 54 1 11 15 81 72 91 37 82 90 24 1 19 63 89 57 27 27 85 51 91 90 49 46 9 14 93 64 63 62 26 44 14 10 21 38 99 63 55 3 72 57 6 37 52 62 25 66 29 38 40 60 82 77 35 46 68 12 2 55 52 79 92 33 38 0 83 
85 14 4 68 59 52 89 54 1 74 30 19 83 25 39 11 92 31 80 69 66 92 36 80 95 25 19 85 65 47 6 38 13 78 97 34 81 1 11 56 71 97 73 97 11 47 55 85 14 59 95 1 94 30 17 29 59 56 18 77 50 82 66 69 29 6 82 20 14 80 76 55 67 67 73 29 67 92 65 76 30 52 11 15 49 53 0 7 44 77 42 71 79 68 82 10 29 17 83 0 
0 92 80 67 71 82 77 0 74 2 50 62 52 92 75 24 63 56 52 58 72 28 11 98 49 59 79 19 71 36 14 8 80 14 76 9 14 61 66 8 20 80 70 49 36 69 7 48 89 0 92 50 90 77 65 6 64 19 72 51 78 55 21 82 55 7 59 54 3 65 97 41 97 21 40 86 88 93 31 58 41 28 51 33 91 89 72 61 54 73 83 30 45 12 77 88 54 24 20 80 
92 0 73 6 17 81 47 21 34 12 0 21 24 42 65 11 78 73 9 82 87 66 10 88 2 76 59 80 18 4 34 19 92 66 7 54 12 51 37 21 27 53 60 30 80 0 25 64 28 47 54 69 77 77 7 72 78 4 80 2 66 15 23 53 96 43 40 18 71 33 56 76 79 97 69 36 33 18 54 32 73 25 92 40 18 88 78 61 84 89 42 95 20 48 0 54 35 41 99 67 
80 73 0 86 32 0 46 45 24 36 1 82 87 21 27 90 61 31 0 46 85 85 98 90 86 69 98 44 87 74 85 33 74 69 32 68 30 27 39 83 54 20 64 23 81 3 53 30 98 80 40 57 57 85 5 88 76 96 23 3 45 74 91 96 95 61 10 74 35 59 50 69 52 57 73 75 50 53 73 71 11 71 68 90 64 92 29 78 96 56 79 87 21 2 55 74 21 96 0 30 
67 6 86 0 8 44 29 45 76 60 98 31 64 49 38 18 76 30 17 26 0 81 56 34 19 96 40 76 98 50 99 23 7 24 41 37 95 44 56 1 57 57 42 69 0 43 98 50 2 18 46 12 10 71 13 86 91 88 32 77 89 47 12 31 27 34 84 76 34 25 6 55 73 71 13 74 13 77 80 48 14 12 69 17 68 98 34 46 41 97 55 74 40 94 38 6 38 33 6 12 
71 17 32 8 0 75 97 77 49 27 42 44 49 34 56 55 28 9 71 22 4 78 69 71 96 59 36 69 21 10 7 86 68 82 45 95 81 96 56 50 60 29 87 14 48 30 86 96 3 95 68 85 23 44 1 23 15 8 75 78 41 68 99 16 1 58 87 48 86 63 50 11 62 1 40 24 47 77 91 17 73 34 39 62 81 46 46 43 34 25 1 90 35 74 91 91 82 12 99 17 
82 81 0 44 75 0 71 96 55 79 38 12 30 0 0 26 23 40 64 32 50 25 22 98 93 27 9 69 39 31 78 49 9 36 82 54 53 99 20 46 84 14 14 79 24 64 79 90 88 46 6 96 12 62 38 30 50 56 68 8 80 27 43 22 24 3 0 86 4 78 34 55 26 61 15 60 78 3 27 9 57 18 60 39 54 1 83 84 55 65 79 74 19 16 45 50 63 21 1 46 
77 47 46 29 97 71 0 6 31 43 61 18 99 72 16 6 40 92 99 99 80 27 1 52 41 95 21 59 93 74 51 72 11 97 11 21 62 63 94 35 44 51 74 75 14 41 86 84 13 32 85 45 74 83 94 80 45 25 12 58 58 74 1 23 77 39 60 51 54 46 76 95 30 33 36 19 69 13 95 60 10 59 14 87 38 69 27 50 58 12 39 79 44 37 56 9 21 90 38 57 
0 21 45 45 77 96 6 0 25 64 2 94 78 64 11 12 9 69 77 77 65 97 95 96 89 94 77 27 60 58 21 99 50 40 85 30 85 12 45 67 30 12 27 49 56 1 59 70 31 65 59 31 88 91 82 38 57 25 79 76 66 31 24 30 52 22 29 82 11 60 8 96 59 50 42 28 86 83 79 83 70 64 99 93 11 46 57 39 49 95 40 17 49 94 78 7 64 35 9 4 
74 34 24 76 49 55 31 25 0 25 79 47 83 28 81 74 37 86 2 72 5 91 25 54 28 33 50 57 69 64 10 87 72 48 69 35 38 38 61 18 50 2 32 81 10 33 93 93 48 93 19 79 87 22 22 21 38 55 97 34 60 8 63 62 3 53 66 35 99 21 37 21 56 73 7 53 43 26 79 54 51 6 94 66 50 74 79 88 22 17 14 1 3 29 92 91 60 36 35 76 
2 12 36 60 27 79 43 64 25 0 92 98 34 88 59 79 32 92 84 54 15 39 48 46 77 24 49 42 14 61 13 2 70 63 24 35 59 20 71 44 31 12 16 45 28 67 93 50 39 58 27 96 75 62 96 3 63 80 13 48 18 75 79 28 56 69 11 63 71 72 8 42 11 19 46 95 80 55 55 20 12 44 89 10 71 21 82 44 37 89 92 87 33 47 80 85 17 36 42 53 
50 0 1 98 42 38 61 2 79 92 0 86 33 78 44 67 91 47 13 73 21 67 33 97 79 47 15 83 57 90 92 30 56 44 21 73 47 43 82 6 55 74 77 74 4 35 45 83 28 2 14 64 16 23 53 87 79 73 17 15 60 19 68 36 36 65 25 41 24 30 94 53 59 39 28 26 7 33 68 65 27 55 40 33 30 22 45 46 10 76 82 49 26 46 98 0 37 76 87 80 
62 21 82 31 44 12 18 94 47 98 86 0 14 73 17 43 54 44 68 52 87 23 62 81 63 70 46 18 75 5 36 65 17 4 63 24 17 6 40 42 2 72 78 82 39 3 85 26 57 31 28 21 71 71 40 83 88 0 47 68 44 1 45 68 64 40 29 4 66 26 35 61 83 8 78 75 41 60 69 84 84 54 41 5 11 91 56 70 48 91 77 50 28 95 32 50 87 74 43 29 
52 24 87 64 49 30 99 78 83 34 33 14 0 98 40 58 18 44 66 55 28 9 89 36 55 18 92 40 0 64 54 37 59 57 16 57 34 44 7 76 69 7 54 96 46 92 50 57 90 15 6 51 61 38 81 46 52 55 9 96 15 16 88 81 56 35 64 7 48 25 99 13 31 25 19 47 67 78 17 83 99 97 16 58 93 31 13 31 73 94 10 43 13 7 32 75 92 66 30 74 
92 42 21 49 34 0 72 64 28 88 78 73 98 0 72 33 36 56 89 44 46 69 0 1 16 73 59 11 69 44 66 27 14 44 72 67 65 63 43 26 47 84 22 65 27 13 96 59 10 16 0 90 78 97 94 28 15 4 27 65 76 41 51 58 9 70 70 23 49 61 13 97 24 69 43 87 88 57 75 48 88 72 34 10 91 57 76 2 66 40 2 67 88 10 50 97 0 48 40 37 
75 65 27 38 56 0 16 11 81 59 44 17 40 72 0 50 65 12 37 75 50 15 33 95 1 38 26 61 63 85 67 67 9 20 78 24 24 42 34 35 89 58 43 87 79 62 35 3 25 9 36 52 16 0 17 16 80 75 73 41 90 67 56 75 25 8 14 51 34 89 70 46 80 68 28 89 54 2 58 90 35 40 64 71 39 69 52 45 83 21 60 97 25 83 16 64 38 38 93 6 
24 11 90 18 55 26 6 12 74 79 67 43 58 33 50 0 36 60 5 92 77 52 72 19 51 36 36 50 51 72 30 58 51 57 56 17 33 34 35 34 13 87 25 75 58 36 63 85 14 79 27 72 14 40 39 80 76 44 79 4 66 23 81 15 7 18 57 80 97 94 69 77 7 90 51 45 63 61 49 95 4 64 8 95 46 96 79 47 25 40 15 99 51 83 43 33 79 35 94 90 
63 78 61 76 28 23 40 9 37 32 91 54 18 36 65 36 0 18 88 26 51 35 99 70 56 31 62 95 51 23 95 90 28 96 32 73 44 50 21 64 62 81 25 35 13 36 82 51 4 91 98 90 29 49 38 99 57 15 87 48 15 99 76 88 83 55 73 96 26 94 32 51 28 96 66 99 85 69 46 41 54 34 17 24 4 93 6 56 0 9 4 64 27 42 41 49 74 6 92 53 
56 73 31 30 9 40 92 69 86 92 47 44 44 56 12 60 18 0 87 19 26 11 27 73 41 12 71 85 29 44 83 43 62 89 8 60 60 37 36 60 14 41 94 77 17 49 73 1 70 56 30 98 77 8 6 50 5 50 71 54 42 71 36 70 81 16 1 81 15 17 81 50 38 77 70 96 58 13 98 11 16 49 95 82 11 68 98 17 66 33 74 94 18 21 74 65 75 87 25 17 
52 9 0 17 71 64 99 77 2 84 13 68 66 89 37 5 88 87 0 23 23 72 3 8 15 15 22 22 74 13 3 18 54 45 25 5 43 99 13 14 66 59 14 70 29 33 14 58 47 51 78 32 10 7 69 86 13 64 33 38 9 41 29 20 35 13 74 14 50 91 24 51 22 52 87 55 3 61 26 69 40 85 62 52 52 50 28 19 3 72 71 59 6 73 16 56 93 46 16 83 
58 82 46 26 22 32 99 77 72 54 73 52 55 44 75 92 26 19 23 0 11 9 32 76 33 47 95 34 34 71 89 98 5 27 96 94 15 73 38 41 67 63 49 27 32 30 28 69 77 66 57 7 61 26 51 91 16 21 71 8 95 61 52 58 98 60 77 20 1 80 98 1 90 4 2 59 38 8 99 28 59 18 76 92 99 81 31 62 49 62 55 37 21 45 65 54 26 11 6 17 
72 87 85 0 4 50 80 65 5 15 21 87 28 46 50 77 51 26 23 11 0 36 50 40 17 84 38 87 64 63 48 63 68 27 28 85 55 91 67 65 9 67 39 32 0 48 72 49 97 51 77 73 72 66 15 98 96 29 79 54 13 55 79 44 78 63 52 26 26 86 40 50 9 12 37 79 65 57 51 74 21 34 46 22 45 33 18 75 56 87 84 28 44 14 98 65 66 31 91 97 
28 66 85 81 78 25 27 97 91 39 67 23 9 69 15 52 35 11 72 9 36 0 3 20 72 0 90 14 56 29 81 78 50 65 4 93 14 12 14 0 1 4 28 57 37 50 36 57 19 44 33 36 94 36 88 70 4 36 66 42 45 80 71 47 65 40 5 0 20 89 36 41 3 88 96 57 65 61 35 3 5 28 72 86 4 21 32 12 28 8 70 58 79 37 17 74 92 78 88 51 
11 10 98 56 69 22 1 95 25 48 33 62 89 0 33 72 99 27 3 32 50 3 0 29 26 57 83 95 53 23 80 34 78 17 10 87 51 40 35 55 97 21 42 89 95 27 5 85 55 73 85 35 40 31 95 96 29 71 75 99 56 49 86 94 51 34 45 56 81 42 81 36 84 26 96 72 34 62 63 84 2 99 30 23 18 76 98 2 78 47 95 57 13 31 42 66 79 12 35 65 
98 88 90 34 71 98 52 96 54 46 97 81 36 1 95 19 70 73 8 76 40 20 29 0 12 17 90 61 11 19 9 18 96 16 40 53 29 37 6 27 54 52 79 93 98 5 58 76 80 24 52 7 23 9 63 24 17 36 0 88 86 73 41 26 17 21 16 45 74 71 57 13 16 53 50 44 50 68 73 95 30 89 4 92 95 6 1 23 57 33 34 56 44 35 12 54 27 58 22 0 
49 2 86 19 96 93 41 89 28 77 79 63 55 16 1 51 56 41 15 33 17 72 26 12 0 23 3 23 98 11 9 34 42 40 10 71 10 39 19 56 52 61 39 34 32 85 4 43 94 20 39 86 73 98 59 90 30 7 73 53 11 67 56 22 83 41 34 26 8 26 11 28 13 3 68 22 96 26 83 65 48 72 86 15 57 69 90 53 72 44 38 59 86 34 1 19 47 57 5 88 
59 76 69 96 59 27 95 94 33 24 47 70 18 73 38 36 31 12 15 47 84 0 57 17 23 0 64 48 90 27 14 53 10 61 73 41 23 28 68 11 0 22 86 91 44 11 16 68 25 14 97 61 27 18 42 11 71 82 3 25 59 51 69 20 43 7 1 74 2 60 39 26 67 6 1 56 83 52 47 54 43 97 69 85 27 46 27 78 48 89 48 77 91 78 72 11 47 92 31 60 
79 59 98 40 36 9 21 77 50 49 15 46 92 59 26 36 62 71 22 95 38 90 83 90 3 64 0 76 66 85 75 92 75 42 85 28 45 10 42 75 5 89 50 49 67 26 73 50 97 92 4 45 58 69 95 7 79 9 65 23 91 93 4 63 6 6 30 7 62 68 36 25 42 24 19 23 93 8 61 28 49 67 62 87 42 33 40 80 10 69 56 5 23 79 33 95 76 86 79 83 
19 80 44 76 69 69 59 27 57 42 83 18 40 11 61 50 95 85 22 34 87 14 95 61 23 48 76 0 8 44 43 78 19 30 68 42 18 50 39 19 63 65 19 14 59 60 85 42 24 4 34 53 7 5 49 30 97 63 99 26 26 80 64 78 67 72 37 18 79 51 68 57 87 53 20 32 75 41 74 17 45 98 42 93 51 74 63 37 35 27 4 38 9 61 71 29 94 10 72 98 
71 18 87 98 21 39 93 60 69 14 57 75 0 69 63 51 51 29 74 34 64 56 53 11 98 90 66 8 0 26 80 39 24 4 71 89 70 8 91 36 84 26 73 20 40 24 65 74 6 10 81 72 98 97 39 27 81 60 43 86 69 70 31 98 48 25 92 80 93 71 7 61 79 34 45 62 32 3 86 40 28 0 32 38 1 59 1 39 9 5 96 75 46 99 16 38 79 23 34 42 
36 4 74 50 10 31 74 58 64 61 90 5 64 44 85 72 23 44 13 71 63 29 23 19 11 27 85 44 26 0 15 76 65 59 38 42 63 43 78 41 12 38 20 70 69 88 79 46 85 49 91 97 21 52 88 72 72 88 62 24 32 1 79 42 85 25 21 6 86 90 76 29 78 77 85 81 16 34 5 49 80 49 70 5 2 78 87 57 31 74 75 27 20 99 73 35 51 86 72 65 
14 34 85 99 7 78 51 21 10 13 92 36 54 66 67 30 95 83 3 89 48 81 80 9 9 14 75 43 80 15 0 21 26 52 1 86 31 72 34 67 61 81 47 43 33 60 16 68 9 32 9 90 90 33 90 59 62 81 29 31 57 91 38 99 34 33 11 24 47 79 54 75 43 38 10 90 60 44 41 84 30 91 19 39 3 36 45 10 44 81 11 98 98 58 49 76 15 98 96 84 
8 19 33 23 86 49 72 99 87 2 30 65 37 27 67 58 90 43 18 98 63 78 34 18 34 53 92 78 39 76 21 0 61 54 93 16 61 59 98 79 26 41 91 47 58 62 15 3 19 72 75 12 33 77 53 43 33 62 53 84 56 37 88 77 30 62 14 80 96 46 21 43 54 55 90 94 43 30 90 99 53 15 43 11 51 97 43 78 74 89 3 10 28 54 70 77 77 94 39 93 
80 92 74 7 68 9 11 50 72 70 56 17 59 14 9 51 28 62 54 5 68 50 78 96 42 10 75 19 24 65 26 61 0 4 95 34 0 73 82 30 88 85 90 87 18 32 14 14 5 34 85 51 61 96 13 80 62 42 60 20 0 83 12 94 20 34 23 88 24 13 31 19 90 88 36 73 49 20 54 62 19 49 31 5 65 84 84 6 79 78 83 10 81 75 52 9 46 69 67 75 
14 66 69 24 82 36 97 40 48 63 44 4 57 44 20 57 96 89 45 27 27 65 17 16 40 61 42 30 4 59 52 54 4 0 75 50 65 15 7 86 91 66 45 21 1 15 90 93 60 55 3 25 80 74 90 61 33 3 66 12 35 93 25 51 34 99 16 0 49 94 28 1 56 99 54 92 55 66 44 61 5 70 54 38 54 38 0 92 58 51 71 27 25 82 57 75 31 75 43 5 
76 7 32 41 45 82 11 85 69 24 21 63 16 72 78 56 32 8 25 96 28 4 10 40 10 73 85 68 71 38 1 93 95 75 0 82 37 37 20 54 51 49 64 62 54 68 72 67 98 45 14 30 11 81 71 11 33 19 74 3 9 1 99 60 85 28 70 12 53 47 73 97 5 4 48 24 76 55 92 97 17 23 33 88 0 61 6 70 3 23 39 75 84 32 68 42 50 10 93 20 
9 54 68 37 95 54 21 30 35 35 73 24 57 67 24 17 73 60 5 94 85 93 87 53 71 41 28 42 89 42 86 16 34 50 82 0 54 94 2 73 91 89 82 32 28 54 16 63 66 85 82 34 47 24 68 8 66 46 39 98 80 38 47 79 43 81 90 41 22 12 76 54 40 18 80 58 49 73 52 66 65 71 1 41 78 56 86 97 10 3 2 14 21 50 89 44 10 19 46 81 
14 12 30 95 81 53 62 85 38 59 47 17 34 65 24 33 44 60 43 15 55 14 51 29 10 23 45 18 70 63 31 61 0 65 37 54 0 40 49 28 60 46 90 93 18 47 72 48 42 12 22 69 94 44 87 44 56 27 10 39 73 61 48 63 75 11 14 23 88 57 79 89 62 28 48 79 94 46 72 75 27 54 34 21 42 96 69 38 19 42 11 81 89 60 12 20 96 44 58 76 
61 51 27 44 96 99 63 12 38 20 43 6 44 63 42 34 50 37 99 73 91 12 40 37 39 28 10 50 8 43 72 59 73 15 37 94 40 0 30 48 84 5 37 26 88 99 35 31 76 42 19 39 91 68 22 70 4 40 10 9 88 48 49 55 49 39 6 21 12 80 77 61 63 91 56 50 94 34 90 73 71 91 85 27 29 55 86 15 17 29 78 81 20 56 8 3 97 51 75 99 
66 37 39 56 56 20 94 45 61 71 82 40 7 43 34 35 21 36 13 38 67 14 35 6 19 68 42 39 91 78 34 98 82 7 20 2 49 30 0 69 37 77 94 17 41 2 17 6 3 21 16 20 45 49 17 37 42 59 51 39 60 65 56 99 15 90 83 81 84 11 79 4 34 52 63 92 54 62 10 18 44 35 20 39 3 45 40 44 46 95 51 58 42 22 77 88 7 87 34 11 
8 21 83 1 50 46 35 67 18 44 6 42 76 26 35 34 64 60 14 41 65 0 55 27 56 11 75 19 36 41 67 79 30 86 54 73 28 48 69 0 24 77 51 61 33 5 38 81 99 38 38 64 96 95 71 36 52 95 44 91 65 12 46 83 47 42 24 42 27 60 42 4 41 20 70 65 29 74 73 22 77 52 43 45 63 81 1 49 82 76 48 25 67 69 0 95 71 80 9 7 
20 27 54 57 60 84 44 30 50 31 55 2 69 47 89 13 62 14 66 67 9 1 97 54 52 0 5 63 84 12 61 26 88 91 51 91 60 84 37 24 0 99 75 65 45 45 82 17 63 69 4 45 93 91 90 81 24 94 65 39 83 13 84 81 25 21 5 74 72 29 72 72 50 56 86 86 87 40 40 71 5 37 94 90 80 69 69 72 46 38 51 79 68 70 58 35 25 73 50 88 
80 53 20 57 29 14 51 12 2 12 74 72 7 84 58 87 81 41 59 63 67 4 21 52 61 22 89 65 26 38 81 41 85 66 49 89 46 5 77 77 99 0 22 56 13 99 71 80 50 3 35 60 73 54 47 45 30 94 91 57 56 98 11 89 21 2 35 22 27 27 77 85 57 70 45 0 9 82 5 35 11 45 14 54 94 27 9 95 62 30 81 8 68 93 64 97 50 56 24 47 
70 60 64 42 87 14 74 27 32 16 77 78 54 22 43 25 25 94 14 49 39 28 42 79 39 86 50 19 73 20 47 91 90 45 64 82 90 37 94 51 75 22 0 21 60 59 85 73 14 31 3 20 90 69 82 44 33 26 43 58 96 91 83 76 94 84 82 1 25 12 98 51 44 18 31 0 52 85 28 58 13 20 82 62 83 8 70 43 49 91 96 52 29 91 44 26 79 91 80 93 
49 30 23 69 14 79 75 49 81 45 74 82 96 65 87 75 35 77 70 27 32 57 89 93 34 91 49 14 20 70 43 47 87 21 62 32 93 26 17 61 65 56 21 0 42 18 86 2 29 54 34 7 54 20 49 93 27 82 95 13 50 6 88 82 84 87 77 5 34 47 94 7 33 15 72 28 33 52 72 22 4 53 82 35 16 67 67 65 78 75 71 66 5 83 32 91 23 37 89 4 
36 80 81 0 48 24 14 56 10 28 4 39 46 27 79 58 13 17 29 32 0 37 95 98 32 44 67 59 40 69 33 58 18 1 54 28 18 88 41 33 45 13 60 42 0 65 64 7 50 88 5 35 43 59 24 69 67 85 71 27 19 32 9 93 11 29 19 95 13 4 25 98 68 62 97 13 98 34 56 16 70 15 96 52 60 28 96 7 16 82 69 99 29 45 91 89 85 25 58 96 
69 0 3 43 30 64 41 1 33 67 35 3 92 13 62 36 36 49 33 30 48 50 27 5 85 11 26 60 24 88 60 62 32 15 68 54 47 99 2 5 45 99 59 18 65 0 55 59 49 96 13 78 45 17 4 73 80 16 66 95 32 87 80 62 12 30 45 68 38 81 89 24 96 7 80 7 64 77 26 4 81 60 94 50 46 92 54 49 24 17 61 88 44 90 35 97 76 87 40 13 
7 25 53 98 86 79 86 59 93 93 45 85 50 96 35 63 82 73 14 28 72 36 5 58 4 16 73 85 65 79 16 15 14 90 72 16 72 35 17 38 82 71 85 86 64 55 0 1 34 64 26 80 68 72 23 27 15 71 5 65 25 99 70 8 77 91 68 40 93 12 76 22 23 3 62 71 54 4 70 87 37 29 29 8 22 83 85 96 33 8 97 0 88 49 84 31 87 66 92 0 
48 64 30 50 96 90 84 70 93 50 83 26 57 59 3 85 51 1 58 69 49 57 85 76 43 68 50 42 74 46 68 3 14 93 67 63 48 31 6 81 17 80 73 2 7 59 1 0 30 70 94 44 20 50 79 17 37 65 12 26 59 90 30 14 12 48 23 93 4 86 95 19 10 66 26 1 6 8 97 3 56 65 29 55 67 6 71 21 30 51 15 17 23 98 36 99 38 68 39 54 
89 28 98 2 3 88 13 31 48 39 28 57 90 10 25 14 4 70 47 77 97 19 55 80 94 25 97 24 6 85 9 19 5 60 98 66 42 76 3 99 63 50 14 29 50 49 34 30 0 22 28 73 53 41 95 38 17 22 98 53 3 83 44 99 4 1 41 21 87 45 14 47 89 43 12 17 20 67 40 52 69 15 57 24 48 81 40 21 39 22 31 56 70 66 51 99 77 7 87 51 
0 47 80 18 95 46 32 65 93 58 2 31 15 16 9 79 91 56 51 66 51 44 73 24 20 14 92 4 10 49 32 72 34 55 45 85 12 42 21 38 69 3 31 54 88 96 64 70 22 0 12 31 4 26 47 3 93 8 30 55 62 11 40 90 68 87 97 93 52 24 80 8 8 38 71 64 57 40 21 68 47 6 94 20 83 36 26 46 2 16 0 43 46 49 98 48 65 15 42 20 
92 54 40 46 68 6 85 59 19 27 14 28 6 0 36 27 98 30 78 57 77 33 85 52 39 97 4 34 81 91 9 75 85 3 14 82 22 19 16 38 4 35 3 34 5 13 26 94 28 12 0 86 93 44 26 55 92 9 91 74 47 63 70 92 38 37 24 44 6 42 35 76 71 2 64 21 95 33 53 5 79 6 37 59 2 33 32 18 43 45 20 76 33 49 62 27 42 22 43 53 
50 69 57 12 85 96 45 31 79 96 64 21 51 90 52 72 90 98 32 7 73 36 35 7 86 61 45 53 72 97 90 12 51 25 30 34 69 39 20 64 45 60 20 7 35 78 80 44 73 31 86 0 22 60 7 6 57 46 36 65 14 38 79 59 37 24 25 69 43 77 95 47 4 70 40 78 34 15 32 34 81 80 61 27 28 37 44 88 96 1 83 82 41 97 86 78 70 6 84 31 
90 77 57 10 23 12 74 88 87 75 16 71 61 78 16 14 29 77 10 61 72 94 40 23 73 27 58 7 98 21 90 33 61 80 11 47 94 91 45 96 93 73 90 54 43 45 68 20 53 4 93 22 0 12 80 76 75 66 49 92 59 77 79 21 44 26 61 79 78 46 37 50 56 54 4 47 70 41 86 43 72 92 11 53 3 16 46 41 74 91 1 2 97 69 89 22 80 13 60 83 
77 77 85 71 44 62 83 91 22 62 23 71 38 97 0 40 49 8 7 26 66 36 31 9 98 18 69 5 97 52 33 77 96 74 81 24 44 68 49 95 91 54 69 20 59 17 72 50 41 26 44 60 12 0 74 76 26 27 34 47 43 45 81 22 56 68 65 70 95 23 73 65 85 79 38 17 44 7 35 58 41 54 53 93 38 74 45 15 76 97 65 11 1 38 57 15 98 5 84 22 
65 7 5 13 1 38 94 82 22 96 53 40 81 94 17 39 38 6 69 51 15 88 95 63 59 42 95 49 39 88 90 53 13 90 71 68 87 22 17 71 90 47 82 49 24 4 23 79 95 47 26 7 80 74 0 56 84 0 60 18 29 52 21 2 46 97 47 36 16 6 25 96 78 7 74 49 2 14 63 96 93 66 88 61 16 79 50 3 48 32 0 62 54 99 54 71 94 79 9 72 
6 72 88 86 23 30 80 38 21 3 87 83 46 28 16 80 99 50 86 91 98 70 96 24 90 11 7 30 27 72 59 43 80 61 11 8 44 70 37 36 81 45 44 93 69 73 27 17 38 3 55 6 76 76 56 0 67 23 70 42 62 70 69 13 49 15 16 51 54 11 47 13 76 0 38 34 2 68 42 83 50 63 42 45 49 87 6 88 86 47 24 6 95 40 19 0 41 24 14 24 
64 78 76 91 15 50 45 57 38 63 79 88 52 15 80 76 57 5 13 16 96 4 29 17 30 71 79 97 81 72 62 33 62 33 33 66 56 4 42 52 24 30 33 27 67 80 15 37 17 93 92 57 75 26 84 67 0 35 27 50 32 33 83 70 79 63 98 88 13 11 10 89 99 61 87 22 45 48 47 8 92 55 67 77 97 56 12 54 29 77 56 77 95 50 93 97 93 86 90 53 
19 4 96 88 8 56 25 25 55 80 73 0 55 4 75 44 15 50 64 21 29 36 71 36 7 82 9 63 60 88 81 62 42 3 19 46 27 40 59 95 94 94 26 82 85 16 71 65 22 8 9 46 66 27 0 23 35 0 48 98 13 47 84 13 62 47 59 98 4 5 61 94 2 59 62 82 91 56 63 6 18 56 56 2 63 91 67 21 62 62 84 66 10 90 22 70 82 59 99 73 
72 80 23 32 75 68 12 79 97 13 17 47 9 27 73 79 87 71 33 71 79 66 75 0 73 3 65 99 43 62 29 53 60 66 74 39 10 10 51 44 65 91 43 95 71 66 5 12 98 30 91 36 49 34 60 70 27 48 0 23 83 30 81 68 66 59 55 35 68 8 76 41 0 74 41 48 89 66 16 54 66 8 45 76 62 37 66 94 69 18 48 86 20 31 40 93 54 88 7 76 
51 2 3 77 78 8 58 76 34 48 15 68 96 65 41 4 48 54 38 8 54 42 99 88 53 25 23 26 86 24 31 84 20 12 3 98 39 9 39 91 39 57 58 13 27 95 65 26 53 55 74 65 92 47 18 42 50 98 23 0 16 12 99 87 43 6 8 3 70 11 5 50 61 26 96 82 52 75 10 4 62 78 23 29 76 32 90 34 55 96 84 37 49 78 9 78 95 6 64 16 
78 66 45 89 41 80 58 66 60 18 60 44 15 76 90 66 15 42 9 95 13 45 56 86 11 59 91 26 69 32 57 56 0 35 9 80 73 88 60 65 83 56 96 50 19 32 25 59 3 62 47 14 59 43 29 62 32 13 83 16 0 82 47 99 63 88 89 38 2 24 46 56 65 36 79 26 63 40 12 69 44 39 4 9 31 53 21 26 78 70 7 29 60 67 43 69 22 71 96 78 
55 15 74 47 68 27 74 31 8 75 19 1 16 41 67 23 99 71 41 61 55 80 49 73 67 51 93 80 70 1 91 37 83 93 1 38 61 48 65 12 13 98 91 6 32 87 99 90 83 11 63 38 77 45 52 70 33 47 30 12 82 0 48 13 68 44 53 87 64 28 62 69 94 11 41 34 23 68 30 36 75 35 89 36 31 42 13 81 32 68 12 71 79 5 19 16 76 33 59 26 
21 23 91 12 99 43 1 24 63 79 68 45 88 51 56 81 76 36 29 52 79 71 86 41 56 69 4 64 31 79 38 88 12 25 99 47 48 49 56 46 84 11 83 88 9 80 70 30 44 40 70 79 79 81 21 69 83 84 81 99 47 48 0 36 15 15 23 85 48 22 50 34 40 0 12 48 19 83 73 39 13 23 1 54 86 95 97 67 3 2 95 66 27 13 42 12 77 10 42 27 
82 53 96 31 16 22 23 30 62 28 36 68 81 58 75 15 88 70 20 58 44 47 94 26 22 20 63 78 98 42 99 77 94 51 60 79 63 55 99 83 81 89 76 82 93 62 8 14 99 90 92 59 21 22 2 13 70 13 68 87 99 13 36 0 57 28 17 75 9 46 86 37 87 30 35 0 44 29 41 10 19 25 86 20 89 98 69 20 61 96 77 58 35 42 18 38 30 85 52 92 
55 96 95 27 1 24 77 52 3 56 36 64 56 9 25 7 83 81 35 98 78 65 51 17 83 43 6 67 48 85 34 30 20 34 85 43 75 49 15 47 25 21 94 84 11 12 77 12 4 68 38 37 44 56 46 49 79 62 66 43 63 68 15 57 0 11 54 67 88 38 78 66 71 75 84 1 41 22 42 84 64 84 0 60 97 76 54 82 77 27 46 5 76 71 92 58 7 10 56 91 
7 43 61 34 58 3 39 22 53 69 65 40 35 70 8 18 55 16 13 60 63 40 34 21 41 7 6 72 25 25 33 62 34 99 28 81 11 39 90 42 21 2 84 87 29 30 91 48 1 87 37 24 26 68 97 15 63 47 59 6 88 44 15 28 11 0 58 36 2 98 97 2 72 48 58 1 84 99 82 27 6 59 13 88 86 8 99 50 60 19 60 57 58 52 91 65 0 50 43 54 
59 40 10 84 87 0 60 29 66 11 25 29 64 70 14 57 73 1 74 77 52 5 45 16 34 1 30 37 92 21 11 14 23 16 70 90 14 6 83 24 5 35 82 77 19 45 68 23 41 97 24 25 61 65 47 16 98 59 55 8 89 53 23 17 54 58 0 43 39 35 58 43 14 98 78 10 75 72 37 52 15 80 79 9 60 71 13 37 76 13 69 4 17 77 47 75 70 75 31 60 
54 18 74 76 48 86 51 82 35 63 41 4 7 23 51 80 96 81 14 20 26 0 56 45 26 74 7 18 80 6 24 80 88 0 12 41 23 21 81 42 74 22 1 5 95 68 40 93 21 93 44 69 79 70 36 51 88 98 35 3 38 87 85 75 67 36 43 0 80 62 92 46 67 50 10 90 83 4 9 33 5 76 31 41 59 65 90 33 93 99 88 77 57 18 77 64 86 93 43 31 
3 71 35 34 86 4 54 11 99 71 24 66 48 49 34 97 26 15 50 1 26 20 81 74 8 2 62 79 93 86 47 96 24 49 53 22 88 12 84 27 72 27 25 34 13 38 93 4 87 52 6 43 78 95 16 54 13 4 68 70 2 64 48 9 88 2 39 80 0 88 53 75 10 33 79 50 90 32 34 68 9 78 13 9 55 57 73 59 42 92 74 56 9 23 92 12 45 21 89 23 
65 33 59 25 63 78 46 60 21 72 30 26 25 61 89 94 94 17 91 80 86 89 42 71 26 60 68 51 71 90 79 46 13 94 47 12 57 80 11 60 29 27 12 47 4 81 12 86 45 24 42 77 46 23 6 11 11 5 8 11 24 28 22 46 38 98 35 62 88 0 30 59 91 48 56 83 14 8 93 36 93 98 5 15 23 97 62 71 82 57 51 64 20 77 21 67 60 78 28 6 
97 56 50 6 50 34 76 8 37 8 94 35 99 13 70 69 32 81 24 98 40 36 81 57 11 39 36 68 7 76 54 21 31 28 73 76 79 77 79 42 72 77 98 94 25 89 76 95 14 80 35 95 37 73 25 47 10 61 76 5 46 62 50 86 78 97 58 92 53 30 0 63 91 84 60 7 73 45 66 41 96 47 11 80 93 96 71 91 82 75 27 54 80 47 5 46 8 62 71 13 
41 76 69 55 11 55 95 96 21 42 53 61 13 97 46 77 51 50 51 1 50 41 36 13 28 26 25 57 61 29 75 43 19 1 97 54 89 61 4 4 72 85 51 7 98 24 22 19 47 8 76 47 50 65 96 13 89 94 41 50 56 69 34 37 66 2 43 46 75 59 63 0 21 14 79 82 79 20 57 54 12 45 57 9 8 6 95 49 13 45 13 37 28 80 47 57 80 51 27 76 
97 79 52 73 62 26 30 59 56 11 59 83 31 24 80 7 28 38 22 90 9 3 84 16 13 67 42 87 79 78 43 54 90 56 5 40 62 63 34 41 50 57 44 33 68 96 23 10 89 8 71 4 56 85 78 76 99 2 0 61 65 94 40 87 71 72 14 67 10 91 91 21 0 23 54 57 15 13 99 26 98 90 77 24 67 10 93 16 77 31 62 94 81 7 51 37 13 18 23 98 
21 97 57 71 1 61 33 50 73 19 39 8 25 69 68 90 96 77 52 4 12 88 26 53 3 6 24 53 34 77 38 55 88 99 4 18 28 91 52 20 56 70 18 15 62 7 3 66 43 38 2 70 54 79 7 0 61 59 74 26 36 11 0 30 75 48 98 50 33 48 84 14 23 0 38 34 10 31 72 15 74 93 12 77 2 55 11 76 10 88 51 0 58 73 80 32 38 39 10 74 
40 69 73 13 40 15 36 42 7 46 28 78 19 43 28 51 66 70 87 2 37 96 96 50 68 1 19 20 45 85 10 90 36 54 48 80 48 56 63 70 86 45 31 72 97 80 62 26 12 71 64 40 4 38 74 38 87 62 41 96 79 41 12 35 84 58 78 10 79 56 60 79 54 38 0 58 43 65 37 84 30 94 70 98 78 63 89 83 99 3 67 7 59 19 22 37 85 7 54 26 
86 36 75 74 24 60 19 28 53 95 26 75 47 87 89 45 99 96 55 59 79 57 72 44 22 56 23 32 62 81 90 94 73 92 24 58 79 50 92 65 86 0 0 28 13 7 71 1 17 64 21 78 47 17 49 34 22 82 48 82 26 34 48 0 1 1 10 90 50 83 7 82 57 34 58 0 70 12 11 79 20 85 21 71 47 95 56 53 68 90 69 10 96 95 1 37 90 49 3 3 
88 33 50 13 47 78 69 86 43 80 7 41 67 88 54 63 85 58 3 38 65 65 34 50 96 83 93 75 32 16 60 43 49 55 76 49 94 94 54 29 87 9 52 33 98 64 54 6 20 57 95 34 70 44 2 2 45 91 89 52 63 23 19 44 41 84 75 83 90 14 73 79 15 10 43 70 0 0 23 18 61 73 87 42 40 13 9 10 28 5 77 66 80 10 20 99 46 98 87 22 
93 18 53 77 77 3 13 83 26 55 33 60 78 57 2 61 69 13 61 8 57 61 62 68 26 52 8 41 3 34 44 30 20 66 55 73 46 34 62 74 40 82 85 52 34 77 4 8 67 40 33 15 41 7 14 68 48 56 66 75 40 68 83 29 22 99 72 4 32 8 45 20 13 31 65 12 0 0 34 2 20 47 32 86 5 1 86 56 67 61 89 2 77 47 4 94 73 30 85 24 
31 54 73 80 91 27 95 79 79 55 68 69 17 75 58 49 46 98 26 99 51 35 63 73 83 47 61 74 86 5 41 90 54 44 92 52 72 90 10 73 40 5 28 72 56 26 70 97 40 21 53 32 86 35 63 42 47 63 16 10 12 30 73 41 42 82 37 9 34 93 66 57 99 72 37 11 23 34 0 46 75 87 32 91 78 94 25 82 65 63 29 86 63 53 60 44 7 10 52 88 
58 32 71 48 17 9 60 83 54 20 65 84 83 48 90 95 41 11 69 28 74 3 84 95 65 54 28 17 40 49 84 99 62 61 97 66 75 73 18 22 71 35 58 22 16 4 87 3 52 68 5 34 43 58 96 83 8 6 54 4 69 36 39 10 84 27 52 33 68 36 41 54 26 15 84 79 18 2 46 0 38 7 24 19 97 41 66 41 75 54 69 19 67 74 85 7 2 86 65 86 
41 73 11 14 73 57 10 70 51 12 27 84 99 88 35 4 54 16 40 59 21 5 2 30 48 43 49 45 28 80 30 53 19 5 17 65 27 71 44 77 5 11 13 4 70 81 37 56 69 47 79 81 72 41 93 50 92 18 66 62 44 75 13 19 64 6 15 5 9 93 96 12 98 74 30 20 61 20 75 38 0 14 42 20 52 24 71 21 0 99 76 70 43 95 45 24 77 81 46 6 
28 25 71 12 34 18 59 64 6 44 55 54 97 72 40 64 34 49 85 18 34 28 99 89 72 97 67 98 0 49 91 15 49 70 23 71 54 91 35 52 37 45 20 53 15 60 29 65 15 6 6 80 92 54 66 63 55 56 8 78 39 35 23 25 84 59 80 76 78 98 47 45 90 93 94 85 73 47 87 7 14 0 80 67 70 49 78 45 53 89 95 58 85 77 98 65 22 68 1 31 
51 92 68 69 39 60 14 99 94 89 40 41 16 34 64 8 17 95 62 76 46 72 30 4 86 69 62 42 32 70 19 43 31 54 33 1 34 85 20 43 94 14 82 82 96 94 29 29 57 94 37 61 11 53 88 42 67 56 45 23 4 89 1 86 0 13 79 31 13 5 11 57 77 12 70 21 87 32 32 24 42 80 0 48 94 54 11 38 47 15 69 98 51 10 36 5 54 44 71 41 
33 40 90 17 62 39 87 93 66 10 33 5 58 10 71 95 24 82 52 92 22 86 23 92 15 85 87 93 38 5 39 11 5 38 88 41 21 27 39 45 90 54 62 35 52 50 8 55 24 20 59 27 53 93 61 45 77 2 76 29 9 36 54 20 60 88 9 41 9 15 80 9 24 77 98 71 42 86 91 19 20 67 48 0 9 52 10 28 60 1 38 11 72 24 89 86 48 69 86 21 
91 18 64 68 81 54 38 11 50 71 30 11 93 91 39 46 4 11 52 99 45 4 18 95 57 27 42 51 1 2 3 51 65 54 0 78 42 29 3 63 80 94 83 16 60 46 22 67 48 83 2 28 3 38 16 49 97 63 62 76 31 31 86 89 97 86 60 59 55 23 93 8 67 2 78 47 40 5 78 97 52 70 94 9 0 31 16 61 18 71 59 31 40 74 90 16 89 17 85 73 
89 88 92 98 46 1 69 46 74 21 22 91 31 57 69 96 93 68 50 81 33 21 76 6 69 46 33 74 59 78 36 97 84 38 61 56 96 55 45 81 69 27 8 67 28 92 83 6 81 36 33 37 16 74 79 87 56 91 37 32 53 42 95 98 76 8 71 65 57 97 96 6 10 55 63 95 13 1 94 41 24 49 54 52 31 0 58 94 25 97 50 98 65 47 79 8 97 47 86 88 
72 78 29 34 46 83 27 57 79 82 45 56 13 76 52 79 6 98 28 31 18 32 98 1 90 27 40 63 1 87 45 43 84 0 6 86 69 86 40 1 69 9 70 67 96 54 85 71 40 26 32 44 46 45 50 6 12 67 66 90 21 13 97 69 54 99 13 90 73 62 71 95 93 11 89 56 9 86 25 66 71 78 11 10 16 58 0 50 38 14 88 97 99 26 14 4 42 86 12 92 
61 61 78 46 43 84 50 39 88 44 46 70 31 2 45 47 56 17 19 62 75 12 2 23 53 78 80 37 39 57 10 78 6 92 70 97 38 15 44 49 72 95 43 65 7 49 96 21 21 46 18 88 41 15 3 88 54 21 94 34 26 81 67 20 82 50 37 33 59 71 91 49 16 76 83 53 10 56 82 41 21 45 38 28 61 94 50 0 76 57 28 42 6 33 95 61 95 63 37 53 
54 84 96 41 34 55 58 49 22 37 10 48 73 66 83 25 0 66 3 49 56 28 78 57 72 48 10 35 9 31 44 74 79 58 3 10 19 17 46 82 46 62 49 78 16 24 33 30 39 2 43 96 74 76 48 86 29 62 69 55 78 32 3 61 77 60 76 93 42 82 82 13 77 10 99 68 28 67 65 75 0 53 47 60 18 25 38 76 0 30 65 13 57 7 22 35 1 45 94 11 
73 89 56 97 25 65 12 95 17 89 76 91 94 40 21 40 9 33 72 62 87 8 47 33 44 89 69 27 5 74 81 89 78 51 23 3 42 29 95 76 38 30 91 75 82 17 8 51 22 16 45 1 91 97 32 47 77 62 18 96 70 68 2 96 27 19 13 99 92 57 75 45 31 88 3 90 5 61 63 54 99 89 15 1 71 97 14 57 30 0 21 41 39 31 37 35 60 13 92 25 
83 42 79 55 1 79 39 40 14 92 82 77 10 2 60 15 4 74 71 55 84 70 95 34 38 48 56 4 96 75 11 3 83 71 39 2 11 78 51 48 51 81 96 71 69 61 97 15 31 0 20 83 1 65 0 24 56 84 48 84 7 12 95 77 46 60 69 88 74 51 27 13 62 51 67 69 77 89 29 69 76 95 69 38 59 50 88 28 65 21 0 13 41 66 34 65 42 72 78 26 
30 95 87 74 90 74 79 17 1 87 49 50 43 67 97 99 64 94 59 37 28 58 57 56 59 77 5 38 75 27 98 10 10 27 75 14 81 81 58 25 79 8 52 66 99 88 0 17 56 43 76 82 2 11 62 6 77 66 86 37 29 71 66 58 5 57 4 77 56 64 54 37 94 0 7 10 66 2 86 19 70 58 98 11 31 98 97 42 13 41 13 0 34 98 28 59 95 49 48 61 
45 20 21 40 35 19 44 49 3 33 26 28 13 88 25 51 27 18 6 21 44 79 13 44 86 91 23 9 46 20 98 28 81 25 84 21 89 20 42 67 68 68 29 5 29 44 88 23 70 46 33 41 97 1 54 95 95 10 20 49 60 79 27 35 76 58 17 57 9 20 80 28 81 58 59 96 80 77 63 67 43 85 51 72 40 65 99 6 57 39 41 34 0 54 86 22 22 96 1 42 
12 48 2 94 74 16 37 94 29 47 46 95 7 10 83 83 42 21 73 45 14 37 31 35 34 78 79 61 99 99 58 54 75 82 32 50 60 56 22 69 70 93 91 83 45 90 49 98 66 49 49 97 69 38 99 40 50 90 31 78 67 5 13 42 71 52 77 18 23 77 47 80 7 73 19 95 10 47 53 74 95 77 10 24 74 47 26 33 7 31 66 98 54 0 67 22 4 86 90 85 
77 0 55 38 91 45 56 78 92 80 98 32 32 50 16 43 41 74 16 65 98 17 42 12 1 72 33 71 16 73 49 70 52 57 68 89 12 8 77 0 58 64 44 32 91 35 84 36 51 98 62 86 89 57 54 19 93 22 40 9 43 19 42 18 92 91 47 77 92 21 5 47 51 80 22 1 20 4 60 85 45 98 36 89 90 79 14 95 22 37 34 28 86 67 0 75 56 66 33 17 
88 54 74 6 91 50 9 7 91 85 0 50 75 97 64 33 49 65 56 54 65 74 66 54 19 11 95 29 38 35 76 77 9 75 42 44 20 3 88 95 35 97 26 91 89 97 31 99 99 48 27 78 22 15 71 0 97 70 93 78 69 16 12 38 58 65 75 64 12 67 46 57 37 32 37 37 99 94 44 7 24 65 5 86 16 8 4 61 35 35 65 59 22 22 75 0 14 33 42 91 
54 35 21 38 82 63 21 64 60 17 37 87 92 0 38 79 74 75 93 26 66 92 79 27 47 47 76 94 79 51 15 77 46 31 50 10 96 97 7 71 25 50 79 23 85 76 87 38 77 65 42 70 80 98 94 41 93 82 54 95 22 76 77 30 7 0 70 86 45 60 8 80 13 38 85 90 46 73 7 2 77 22 54 48 89 97 42 95 1 60 42 95 22 4 56 14 0 54 26 62 
24 41 96 33 12 21 90 35 36 36 76 74 66 48 38 35 6 87 46 11 31 78 12 58 57 92 86 10 23 86 98 94 69 75 10 19 44 51 87 80 73 56 91 37 25 87 66 68 7 15 22 6 13 5 79 24 86 59 88 6 71 33 10 85 10 50 75 93 21 78 62 51 18 39 7 49 98 30 10 86 81 68 44 69 17 47 86 63 45 13 72 49 96 86 66 33 54 0 54 52 
20 99 0 6 99 1 38 9 35 42 87 43 30 40 93 94 92 25 16 6 91 88 35 22 5 31 79 72 34 72 96 39 67 43 93 46 58 75 34 9 50 24 80 89 58 40 92 39 87 42 43 84 60 84 9 14 90 99 7 64 96 59 42 52 56 43 31 43 89 28 71 27 23 10 54 3 87 85 52 65 46 1 71 86 85 86 12 37 94 92 78 48 1 90 33 42 26 54 0 14 
80 67 30 12 17 46 57 4 76 53 80 29 74 37 6 90 53 17 83 17 97 51 65 0 88 60 83 98 42 65 84 93 75 5 20 81 76 99 11 7 88 47 93 4 96 13 0 54 51 20 53 31 83 22 72 24 53 73 76 16 78 26 27 92 91 54 60 31 23 6 13 76 98 74 26 3 22 24 88 86 6 31 41 21 73 88 92 53 11 25 26 61 42 85 17 91 62 52 14 0 
