80
0 9 69 12 41 23 61 15 9 46 55 17 16 4 36 4 55 43 82 1 9 44 61 39 81 77 79 44 8 48 28 34 25 38 71 50 37 66 77 45 82 98 59 8 25 80 52 26 36 85 5 90 85 40 78 23 40 92 42 69 27 8 54 13 97 69 51 48 69 57 88 69 63 34 9 61 54 20 36 11 
9 0 0 5 77 17 88 22 13 96 31 46 11 70 16 4 85 2 41 5 95 22 53 65 79 56 32 76 88 32 92 90 23 63 42 73 51 6 36 7 22 35 72 89 15 7 7 95 98 74 82 77 25 79 67 52 46 93 71 69 41 77 27 22 55 77 64 80 34 44 26 73 96 48 52 62 73 43 39 13 
69 0 0 10 26 4 53 76 21 55 56 90 55 77 64 40 81 98 28 91 99 74 20 47 80 42 59 39 99 3 79 79 62 87 42 28 63 32 10 9 23 57 60 21 31 95 26 36 82 35 72 33 39 43 37 85 83 37 60 99 34 56 63 43 61 97 64 64 37 33 53 13 29 0 33 68 80 47 10 4 
12 5 10 0 86 97 30 27 60 32 56 45 17 95 59 23 33 68 72 30 16 43 76 34 97 47 77 7 89 26 2 68 87 43 6 92 41 10 30 60 76 52 83 55 72 28 61 3 83 98 62 39 93 98 43 49 17 23 62 25 21 35 95 36 47 61 9 80 66 68 3 40 95 1 98 26 91 59 84 70 
41 77 26 86 0 90 3 92 20 45 6 72 96 81 42 71 86 39 17 53 7 95 3 3 53 4 28 8 86 32 59 10 98 20 1 82 76 20 43 81 5 73 16 18 4 53 59 11 8 63 9 7 39 58 93 61 55 28 50 6 17 22 16 7 69 11 74 29 2 96 6 15 50 1 64 52 27 73 27 81 
23 17 4 97 90 0 95 39 63 71 21 97 48 45 86 96 65 1 24 23 52 55 34 80 92 73 16 12 54 76 19 99 36 77 43 24 53 83 6 49 38 83 94 66 83 73 50 58 70 17 38 11 49 2 31 97 48 23 80 80 36 18 45 86 58 33 99 0 43 23 24 36 38 10 54 8 95 24 52 37 
61 88 53 30 3 95 0 54 32 76 85 67 9 3 4 20 44 40 45 97 34 72 35 52 8 94 97 59 97 48 41 63 4 32 54 56 37 13 39 58 33 56 85 23 62 7 34 55 68 32 72 32 1 25 0 41 14 92 77 28 31 85 73 35 35 64 37 71 46 10 53 42 47 90 6 41 79 91 33 56 
15 22 76 27 92 39 54 0 21 29 72 2 79 89 34 23 36 6 81 33 74 12 90 55 47 64 16 96 79 84 54 84 82 16 52 2 56 91 16 84 26 8 15 74 1 87 63 30 23 4 58 28 16 96 13 99 17 11 4 96 69 57 85 2 30 79 67 79 75 89 34 7 47 50 20 3 79 50 68 69 
9 13 21 60 20 63 32 21 0 96 75 21 3 57 10 14 38 25 29 85 94 93 45 96 10 11 30 55 94 45 28 71 82 87 42 57 15 42 41 13 63 72 53 98 91 47 90 47 74 15 74 17 65 74 10 57 74 94 78 88 94 17 74 37 44 66 5 23 59 8 77 46 75 83 57 34 55 49 36 47 
46 96 55 32 45 71 76 29 96 0 13 32 14 14 24 42 47 9 20 16 32 88 81 26 73 33 41 83 69 41 66 64 57 74 37 99 44 65 75 67 64 68 76 13 6 63 15 37 86 8 4 76 28 47 80 54 77 75 38 13 61 79 76 66 16 79 19 27 63 71 38 28 74 7 95 44 68 94 41 79 
55 31 56 56 6 21 85 72 75 13 0 13 56 92 67 52 21 2 44 62 40 0 47 32 66 37 20 11 86 11 17 79 43 10 73 74 21 96 50 97 6 14 11 88 61 96 6 27 88 73 0 85 56 26 83 66 62 68 74 75 82 39 21 89 2 77 57 12 59 4 55 78 42 82 34 30 69 24 54 81 
17 46 90 45 72 97 67 2 21 32 13 0 20 50 26 31 26 50 89 17 0 85 34 59 7 39 65 65 58 20 32 83 50 56 59 8 76 23 0 43 98 21 8 26 48 96 96 30 37 77 60 78 28 14 24 45 38 25 41 83 44 49 82 43 87 65 54 91 81 56 88 19 70 57 70 20 17 99 26 72 
16 11 55 17 96 48 9 79 3 14 56 20 0 7 55 62 79 91 75 28 60 70 85 64 24 29 73 47 23 40 42 88 77 47 34 21 64 31 48 52 17 3 39 22 34 98 29 51 68 55 28 40 57 62 72 13 16 1 88 16 4 35 32 31 39 5 53 4 3 85 99 43 99 34 44 66 75 90 15 41 
4 70 77 95 81 45 3 89 57 14 92 50 7 0 98 28 38 3 83 18 96 77 52 79 4 56 18 62 42 33 35 53 89 62 38 79 60 76 39 50 19 31 87 1 58 14 91 11 37 37 36 10 0 32 0 38 1 13 7 70 23 45 39 68 94 35 28 49 27 78 4 28 87 58 2 55 58 4 84 93 
36 16 64 59 42 86 4 34 10 24 67 26 55 98 0 48 32 89 67 72 98 22 77 81 42 71 60 68 75 70 58 16 4 53 3 70 83 70 7 60 31 15 36 17 79 8 21 47 82 1 45 92 4 21 83 16 13 33 39 97 62 55 52 87 5 56 35 74 43 76 18 51 30 34 2 73 49 81 79 50 
4 4 40 23 71 96 20 23 14 42 52 31 62 28 48 0 51 85 10 95 86 86 31 53 87 64 42 38 20 2 85 14 19 79 88 94 50 87 78 50 75 3 88 74 78 3 8 6 1 85 34 93 68 60 22 95 75 48 40 19 17 53 59 93 32 35 9 18 44 99 28 66 72 51 45 46 46 56 18 92 
55 85 81 33 86 65 44 36 38 47 21 26 79 38 32 51 0 67 37 77 0 83 84 86 52 76 76 21 0 30 95 51 0 62 53 80 69 30 85 55 19 55 3 94 28 73 76 41 20 25 43 79 9 93 64 48 63 49 64 70 0 44 45 92 49 29 49 39 99 2 91 70 76 19 91 34 98 43 2 18 
43 2 98 68 39 1 40 6 25 9 2 50 91 3 89 85 67 0 9 57 79 3 77 2 69 86 76 72 2 12 33 25 28 54 46 65 19 46 12 71 34 84 61 76 64 93 20 88 43 67 25 82 68 40 33 91 75 90 68 43 11 50 2 3 38 55 44 41 77 0 52 87 90 30 89 62 26 89 46 66 
82 41 28 72 17 24 45 81 29 20 44 89 75 83 67 10 37 9 0 13 31 49 3 69 88 45 57 63 84 26 26 86 64 39 4 56 14 24 73 56 54 14 77 49 40 86 3 66 81 68 62 45 53 66 55 27 40 93 47 7 57 1 92 85 75 2 10 0 41 61 20 2 31 0 52 74 99 4 59 62 
1 5 91 30 53 23 97 33 85 16 62 17 28 18 72 95 77 57 13 0 25 54 73 14 6 11 8 68 71 51 65 49 51 56 60 55 46 21 96 49 39 41 71 60 92 81 21 30 24 56 52 17 57 82 90 35 99 89 20 60 38 54 44 56 9 46 92 72 56 65 56 37 86 3 63 40 51 58 35 44 
9 95 99 16 7 52 34 74 94 32 40 0 60 96 98 86 0 79 31 25 0 5 26 33 27 63 33 70 64 93 32 38 3 25 20 81 67 59 42 74 16 68 44 0 41 12 61 37 19 34 1 87 53 94 5 21 67 2 80 77 78 50 94 49 99 42 9 23 82 94 70 96 36 49 23 82 35 32 15 75 
44 22 74 43 95 55 72 12 93 88 0 85 70 77 22 86 83 3 49 54 5 0 36 79 97 50 63 80 62 90 8 86 99 49 74 53 49 79 70 89 15 44 23 97 89 32 12 41 31 10 19 81 47 60 23 52 27 53 30 14 41 28 89 93 63 84 37 16 75 40 18 96 75 35 19 85 63 71 32 13 
61 53 20 76 3 34 35 90 45 81 47 34 85 52 77 31 84 77 3 73 26 36 0 50 18 84 59 37 92 82 3 76 58 63 76 73 95 10 81 20 38 2 1 5 40 43 49 80 8 91 23 16 51 68 85 65 87 97 92 75 7 62 21 42 10 6 96 74 21 87 15 50 74 17 44 52 73 48 62 19 
39 65 47 34 3 80 52 55 96 26 32 59 64 79 81 53 86 2 69 14 33 79 50 0 81 54 7 99 54 98 56 83 95 23 44 40 68 26 17 56 30 30 5 46 13 84 52 11 21 45 92 0 21 19 53 61 31 44 17 25 39 64 30 9 68 45 9 47 48 71 62 68 24 92 41 34 83 17 42 64 
81 79 80 97 53 92 8 47 10 73 66 7 24 4 42 87 52 69 88 6 27 97 18 81 0 59 80 71 80 54 35 71 36 2 37 89 24 42 41 13 39 78 95 95 84 67 51 60 96 39 62 68 70 5 6 94 89 75 33 77 67 35 76 46 89 24 1 79 15 72 7 1 60 3 84 77 47 9 0 6 
77 56 42 47 4 73 94 64 11 33 37 39 29 56 71 64 76 86 45 11 63 50 84 54 59 0 43 6 62 97 68 61 35 58 23 81 73 79 1 48 96 29 21 84 63 68 46 34 22 87 26 57 28 68 69 1 22 21 82 22 18 31 85 96 75 99 54 49 57 14 3 19 19 17 75 4 61 60 49 15 
79 32 59 77 28 16 97 16 30 41 20 65 73 18 60 42 76 76 57 8 33 63 59 7 80 43 0 50 80 91 36 47 39 22 60 93 76 35 16 35 41 66 88 30 67 7 49 78 40 40 34 76 37 54 83 31 41 62 72 53 83 93 3 55 11 10 78 1 23 67 66 20 28 71 83 8 74 83 90 5 
44 76 39 7 8 12 59 96 55 83 11 65 47 62 68 38 21 72 63 68 70 80 37 99 71 6 50 0 96 87 90 68 41 78 38 82 41 27 22 27 35 15 35 82 42 47 92 88 37 18 19 58 80 64 83 2 41 15 5 23 74 69 92 41 26 45 75 30 90 10 43 45 53 99 90 67 86 54 84 9 
8 88 99 89 86 54 97 79 94 69 86 58 23 42 75 20 0 2 84 71 64 62 92 54 80 62 80 96 0 95 96 21 25 75 0 71 33 66 71 88 79 75 73 63 19 77 0 48 74 3 15 42 5 28 8 45 10 5 57 58 3 85 96 35 8 71 97 49 58 91 38 85 95 16 14 40 5 20 29 93 
48 32 3 26 32 76 48 84 45 41 11 20 40 33 70 2 30 12 26 51 93 90 82 98 54 97 91 87 95 0 93 80 74 34 1 63 22 94 41 77 6 31 61 25 31 58 22 97 8 65 98 67 41 24 27 24 54 6 31 38 30 4 70 55 7 15 93 31 69 91 2 10 26 43 73 33 41 65 53 96 
28 92 79 2 59 19 41 54 28 66 17 32 42 35 58 85 95 33 26 65 32 8 3 56 35 68 36 90 96 93 0 17 41 56 47 99 1 40 17 16 4 14 72 2 17 51 30 38 40 53 96 72 19 69 40 4 81 38 57 64 63 16 48 8 12 47 57 97 45 21 70 90 75 0 79 15 90 84 20 12 
34 90 79 68 10 99 63 84 71 64 79 83 88 53 16 14 51 25 86 49 38 86 76 83 71 61 47 68 21 80 17 0 58 72 86 51 13 0 23 23 85 6 6 14 90 91 12 96 90 16 19 93 45 27 52 51 92 85 69 43 95 37 75 82 78 58 77 23 49 66 54 36 47 69 15 41 54 83 83 98 
25 23 62 87 98 36 4 82 82 57 43 50 77 89 4 19 0 28 64 51 3 99 58 95 36 35 39 41 25 74 41 58 0 90 74 21 13 80 24 3 11 53 44 36 48 70 30 37 83 77 72 15 41 87 59 44 51 20 65 45 83 77 51 85 89 60 94 17 12 10 79 54 87 88 10 7 44 48 58 74 
38 63 87 43 20 77 32 16 87 74 10 56 47 62 53 79 62 54 39 56 25 49 63 23 2 58 22 78 75 34 56 72 90 0 26 19 71 51 35 87 99 47 49 84 28 21 98 31 92 26 50 3 72 43 84 36 6 32 46 95 97 74 10 92 16 14 7 69 96 8 7 48 89 61 43 14 92 90 36 30 
71 42 42 6 1 43 54 52 42 37 73 59 34 38 3 88 53 46 4 60 20 74 76 44 37 23 60 38 0 1 47 86 74 26 0 59 59 81 46 15 60 70 29 61 29 7 12 38 4 87 18 60 62 36 93 32 98 93 65 89 90 91 76 14 86 66 33 41 89 86 0 80 45 21 70 68 52 95 7 20 
50 73 28 92 82 24 56 2 57 99 74 8 21 79 70 94 80 65 56 55 81 53 73 40 89 81 93 82 71 63 99 51 21 19 59 0 56 31 14 85 0 29 65 93 14 88 40 97 14 31 6 69 33 28 90 17 18 8 83 90 77 64 85 91 79 18 28 2 90 8 61 48 99 37 68 48 72 41 49 61 
37 51 63 41 76 53 37 56 15 44 21 76 64 60 83 50 69 19 14 46 67 49 95 68 24 73 76 41 33 22 1 13 13 71 59 56 0 5 63 61 10 58 44 46 66 75 71 26 5 24 3 1 24 97 91 87 54 81 52 57 61 37 39 15 95 99 59 90 60 36 59 56 96 43 83 56 90 11 82 20 
66 6 32 10 20 83 13 91 42 65 96 23 31 76 70 87 30 46 24 21 59 79 10 26 42 79 35 27 66 94 40 0 80 51 81 31 5 0 7 62 80 79 74 17 46 84 31 13 79 51 18 21 43 47 29 91 1 87 0 6 27 49 83 76 32 97 11 51 8 15 74 63 55 62 71 66 10 69 76 75 
77 36 10 30 43 6 39 16 41 75 50 0 48 39 7 78 85 12 73 96 42 70 81 17 41 1 16 22 71 41 17 23 24 35 46 14 63 7 0 53 47 90 24 68 83 15 97 8 22 75 57 88 46 30 67 91 42 13 21 20 52 93 14 36 33 82 82 1 61 44 26 70 59 37 0 75 73 28 23 38 
45 7 9 60 81 49 58 84 13 67 97 43 52 50 60 50 55 71 56 49 74 89 20 56 13 48 35 27 88 77 16 23 3 87 15 85 61 62 53 0 95 36 27 63 6 47 60 34 54 10 8 14 0 62 97 58 8 80 77 68 41 86 13 31 78 23 33 50 97 72 36 86 79 88 8 40 40 74 41 56 
82 22 23 76 5 38 33 26 63 64 6 98 17 19 31 75 19 34 54 39 16 15 38 30 39 96 41 35 79 6 4 85 11 99 60 0 10 80 47 95 0 48 81 30 0 4 99 78 15 42 42 76 77 2 52 38 60 31 30 54 4 78 53 7 23 74 91 41 79 50 11 45 57 33 52 68 5 3 73 49 
98 35 57 52 73 83 56 8 72 68 14 21 3 31 15 3 55 84 14 41 68 44 2 30 78 29 66 15 75 31 14 6 53 47 70 29 58 79 90 36 48 0 98 73 5 1 66 74 61 68 70 54 84 79 22 42 15 45 13 65 97 93 58 8 94 14 43 36 52 3 0 31 72 50 80 83 28 84 11 24 
59 72 60 83 16 94 85 15 53 76 11 8 39 87 36 88 3 61 77 71 44 23 1 5 95 21 88 35 73 61 72 6 44 49 29 65 44 74 24 27 81 98 0 68 40 72 75 32 68 20 34 60 36 87 0 42 76 30 79 61 10 65 61 64 67 88 38 13 73 37 30 72 44 13 90 29 72 95 14 51 
8 89 21 55 18 66 23 74 98 13 88 26 22 1 17 74 94 76 49 60 0 97 5 46 95 84 30 82 63 25 2 14 36 84 61 93 46 17 68 63 30 73 68 0 59 56 93 35 92 83 49 97 29 86 82 16 99 20 8 40 78 95 9 62 81 69 98 28 62 65 75 97 22 47 80 22 56 65 73 88 
25 15 31 72 4 83 62 1 91 6 61 48 34 58 79 78 28 64 40 92 41 89 40 13 84 63 67 42 19 31 17 90 48 28 29 14 66 46 83 6 0 5 40 59 0 74 50 26 31 61 27 80 90 44 19 93 46 86 58 95 24 93 35 36 41 45 86 26 26 31 48 80 56 78 89 99 26 54 57 6 
80 7 95 28 53 73 7 87 47 63 96 96 98 14 8 3 73 93 86 81 12 32 43 84 67 68 7 47 77 58 51 91 70 21 7 88 75 84 15 47 4 1 72 56 74 0 31 77 57 90 66 50 38 57 95 72 18 43 63 8 89 47 14 80 79 58 79 25 30 1 98 62 23 69 36 72 70 28 10 11 
52 7 26 61 59 50 34 63 90 15 6 96 29 91 21 8 76 20 3 21 61 12 49 52 51 46 49 92 0 22 30 12 30 98 12 40 71 31 97 60 99 66 75 93 50 31 0 28 47 65 26 52 71 63 26 69 19 17 85 37 32 48 8 86 81 88 72 57 59 18 50 26 32 86 9 4 97 17 70 32 
26 95 36 3 11 58 55 30 47 37 27 30 51 11 47 6 41 88 66 30 37 41 80 11 60 34 78 88 48 97 38 96 37 31 38 97 26 13 8 34 78 74 32 35 26 77 28 0 81 25 88 76 63 86 96 91 27 83 27 9 40 63 64 73 69 76 94 61 56 33 33 12 62 43 31 32 40 40 51 48 
36 98 82 83 8 70 68 23 74 86 88 37 68 37 82 1 20 43 81 24 19 31 8 21 96 22 40 37 74 8 40 90 83 92 4 14 5 79 22 54 15 61 68 92 31 57 47 81 0 84 69 83 60 22 57 62 46 20 94 98 89 55 4 95 49 19 76 29 11 37 48 71 81 80 52 8 21 49 12 99 
85 74 35 98 63 17 32 4 15 8 73 77 55 37 1 85 25 67 68 56 34 10 91 45 39 87 40 18 3 65 53 16 77 26 87 31 24 51 75 10 42 68 20 83 61 90 65 25 84 0 26 5 12 84 42 9 10 72 87 92 44 90 45 79 27 54 23 75 59 31 84 64 90 7 35 45 53 84 27 95 
5 82 72 62 9 38 72 58 74 4 0 60 28 36 45 34 43 25 62 52 1 19 23 92 62 26 34 19 15 98 96 19 72 50 18 6 3 18 57 8 42 70 34 49 27 66 26 88 69 26 0 74 92 47 83 70 60 83 30 50 96 39 20 88 33 17 61 43 83 71 14 40 94 41 5 20 32 99 84 49 
90 77 33 39 7 11 32 28 17 76 85 78 40 10 92 93 79 82 45 17 87 81 16 0 68 57 76 58 42 67 72 93 15 3 60 69 1 21 88 14 76 54 60 97 80 50 52 76 83 5 74 0 9 46 80 70 83 40 36 5 75 39 64 26 69 19 81 19 31 47 23 4 73 67 36 13 86 62 99 75 
85 25 39 93 39 49 1 16 65 28 56 28 57 0 4 68 9 68 53 57 53 47 51 21 70 28 37 80 5 41 19 45 41 72 62 33 24 43 46 0 77 84 36 29 90 38 71 63 60 12 92 9 0 22 82 43 16 16 3 18 18 71 33 98 4 29 24 1 24 67 66 38 92 88 81 31 35 61 88 63 
40 79 43 98 58 2 25 96 74 47 26 14 62 32 21 60 93 40 66 82 94 60 68 19 5 68 54 64 28 24 69 27 87 43 36 28 97 47 30 62 2 79 87 86 44 57 63 86 22 84 47 46 22 0 41 64 51 86 93 67 14 36 16 70 61 70 70 97 80 14 71 74 24 54 47 65 63 97 35 75 
78 67 37 43 93 31 0 13 10 80 83 24 72 0 83 22 64 33 55 90 5 23 85 53 6 69 83 83 8 27 40 52 59 84 93 90 91 29 67 97 52 22 0 82 19 95 26 96 57 42 83 80 82 41 0 39 90 67 40 59 49 91 55 77 90 66 46 54 7 25 71 38 58 63 31 12 42 66 4 94 
23 52 85 49 61 97 41 99 57 54 66 45 13 38 16 95 48 91 27 35 21 52 65 61 94 1 31 2 45 24 4 51 44 36 32 17 87 91 91 58 38 42 42 16 93 72 69 91 62 9 70 70 43 64 39 0 6 45 96 33 73 76 40 22 50 38 96 89 28 15 46 87 79 85 16 0 47 75 54 89 
40 46 83 17 55 48 14 17 74 77 62 38 16 1 13 75 63 75 40 99 67 27 87 31 89 22 41 41 10 54 81 92 51 6 98 18 54 1 42 8 60 15 76 99 46 18 19 27 46 10 60 83 16 51 90 6 0 62 83 72 63 26 49 15 68 90 53 61 38 95 57 62 50 58 94 15 63 73 16 55 
92 93 37 23 28 23 92 11 94 75 68 25 1 13 33 48 49 90 93 89 2 53 97 44 75 21 62 15 5 6 38 85 20 32 93 8 81 87 13 80 31 45 30 20 86 43 17 83 20 72 83 40 16 86 67 45 62 0 92 46 47 20 82 20 13 78 72 4 22 60 22 41 92 3 1 73 16 18 40 28 
42 71 60 62 50 80 77 4 78 38 74 41 88 7 39 40 64 68 47 20 80 30 92 17 33 82 72 5 57 31 57 69 65 46 65 83 52 0 21 77 30 13 79 8 58 63 85 27 94 87 30 36 3 93 40 96 83 92 0 44 59 51 18 46 25 85 96 4 90 36 69 96 65 38 53 6 10 22 59 20 
69 69 99 25 6 80 28 96 88 13 75 83 16 70 97 19 70 43 7 60 77 14 75 25 77 22 53 23 58 38 64 43 45 95 89 90 57 6 20 68 54 65 61 40 95 8 37 9 98 92 50 5 18 67 59 33 72 46 44 0 31 74 38 19 9 75 32 72 9 21 89 79 86 65 93 59 12 71 21 28 
27 41 34 21 17 36 31 69 94 61 82 44 4 23 62 17 0 11 57 38 78 41 7 39 67 18 83 74 3 30 63 95 83 97 90 77 61 27 52 41 4 97 10 78 24 89 32 40 89 44 96 75 18 14 49 73 63 47 59 31 0 45 1 27 89 15 0 85 3 97 16 41 0 65 18 68 30 35 5 25 
8 77 56 35 22 18 85 57 17 79 39 49 35 45 55 53 44 50 1 54 50 28 62 64 35 31 93 69 85 4 16 37 77 74 91 64 37 49 93 86 78 93 65 95 93 47 48 63 55 90 39 39 71 36 91 76 26 20 51 74 45 0 37 12 59 25 19 51 84 57 94 12 0 34 53 34 73 58 2 71 
54 27 63 95 16 45 73 85 74 76 21 82 32 39 52 59 45 2 92 44 94 89 21 30 76 85 3 92 96 70 48 75 51 10 76 85 39 83 14 13 53 58 61 9 35 14 8 64 4 45 20 64 33 16 55 40 49 82 18 38 1 37 0 40 70 92 78 7 16 71 46 35 28 50 77 16 41 22 30 12 
13 22 43 36 7 86 35 2 37 66 89 43 31 68 87 93 92 3 85 56 49 93 42 9 46 96 55 41 35 55 8 82 85 92 14 91 15 76 36 31 7 8 64 62 36 80 86 73 95 79 88 26 98 70 77 22 15 20 46 19 27 12 40 0 85 53 58 98 13 1 77 84 13 96 77 92 42 16 48 34 
97 55 61 47 69 58 35 30 44 16 2 87 39 94 5 32 49 38 75 9 99 63 10 68 89 75 11 26 8 7 12 78 89 16 86 79 95 32 33 78 23 94 67 81 41 79 81 69 49 27 33 69 4 61 90 50 68 13 25 9 89 59 70 85 0 52 49 24 67 61 89 58 7 83 3 80 82 4 43 18 
69 77 97 61 11 33 64 79 66 79 77 65 5 35 56 35 29 55 2 46 42 84 6 45 24 99 10 45 71 15 47 58 60 14 66 18 99 97 82 23 74 14 88 69 45 58 88 76 19 54 17 19 29 70 66 38 90 78 85 75 15 25 92 53 52 0 77 22 42 33 91 78 71 93 13 85 37 87 49 59 
51 64 64 9 74 99 37 67 5 19 57 54 53 28 35 9 49 44 10 92 9 37 96 9 1 54 78 75 97 93 57 77 94 7 33 28 59 11 82 33 91 43 38 98 86 79 72 94 76 23 61 81 24 70 46 96 53 72 96 32 0 19 78 58 49 77 0 19 87 50 18 10 1 75 83 31 9 3 45 64 
48 80 64 80 29 0 71 79 23 27 12 91 4 49 74 18 39 41 0 72 23 16 74 47 79 49 1 30 49 31 97 23 17 69 41 2 90 51 1 50 41 36 13 28 26 25 57 61 29 75 43 19 1 97 54 89 61 4 4 72 85 51 7 98 24 22 19 0 79 73 56 79 17 32 26 24 34 52 28 6 
69 34 37 66 2 43 46 75 59 63 59 81 3 27 43 44 99 77 41 56 82 75 21 48 15 57 23 90 58 69 45 49 12 96 89 90 60 8 61 97 79 52 73 62 26 30 59 56 11 59 83 31 24 80 7 28 38 22 90 9 3 84 16 13 67 42 87 79 0 19 36 56 64 16 55 3 93 68 80 44 
57 44 33 68 96 23 10 89 8 71 4 56 85 78 76 99 2 0 61 65 94 40 87 71 72 14 67 10 91 91 21 66 10 8 86 8 36 15 44 72 50 3 37 65 31 1 18 33 37 31 71 47 67 14 25 15 95 60 36 21 97 57 71 1 61 33 50 73 19 0 65 60 21 60 33 71 66 5 30 55 
88 26 53 3 6 24 53 34 77 38 55 88 99 4 18 28 91 52 20 56 70 18 15 62 7 3 66 43 38 2 70 54 79 7 0 61 59 74 26 36 11 0 30 75 48 98 50 33 48 84 14 23 66 71 71 46 57 22 69 89 16 94 46 77 89 91 18 56 36 65 0 79 78 43 60 21 57 34 53 54 
69 73 13 40 15 36 42 7 46 28 78 19 43 28 51 66 70 87 2 37 96 96 50 68 1 19 20 45 85 10 90 36 54 48 80 48 56 63 70 86 45 31 72 97 80 62 26 12 71 64 40 4 38 74 38 87 62 41 96 79 41 12 35 84 58 78 10 79 56 60 79 0 47 49 78 86 99 43 19 97 
63 96 29 95 50 38 47 47 75 74 42 70 99 87 30 72 76 90 31 86 36 75 74 24 60 19 28 53 95 26 75 47 87 89 45 99 96 55 59 79 57 72 44 22 56 23 32 62 81 90 94 73 92 24 58 79 50 92 65 86 0 0 28 13 7 71 1 17 64 21 78 47 0 55 57 5 72 58 5 72 
34 48 0 1 1 10 90 50 83 7 82 57 34 58 34 51 19 30 0 3 49 35 17 92 3 17 71 99 16 43 0 69 88 61 21 37 43 62 37 88 33 50 13 47 78 69 86 43 80 7 41 67 88 54 63 85 58 3 38 65 65 34 50 96 83 93 75 32 16 60 43 49 55 0 2 97 37 96 17 40 
9 52 33 98 64 54 6 20 57 95 34 70 44 2 2 45 91 89 52 63 23 19 44 41 84 75 83 90 14 73 79 15 10 43 70 68 83 71 0 8 52 80 90 80 89 36 9 31 52 35 5 36 81 47 31 16 94 1 53 93 18 53 77 77 3 13 83 26 55 33 60 78 57 2 0 54 11 83 65 64 
61 62 68 26 52 8 41 3 34 44 30 20 66 55 73 46 34 62 74 40 82 85 52 34 77 4 8 67 40 33 15 41 7 14 68 48 56 66 75 40 68 83 29 22 99 72 4 32 8 45 20 13 31 65 12 0 15 73 6 59 68 34 16 92 80 85 31 24 3 71 21 86 5 97 54 0 23 8 27 34 
54 73 80 91 27 95 79 79 55 68 69 17 75 58 49 46 98 26 99 51 35 63 73 83 47 61 74 86 5 41 90 54 44 92 52 72 90 10 73 40 5 28 72 56 26 70 97 40 21 53 32 86 35 63 42 47 63 16 10 12 30 73 41 42 82 37 9 34 93 66 57 99 72 37 11 23 0 6 71 49 
20 43 47 59 73 24 91 50 49 94 24 99 90 4 81 56 43 89 4 58 32 71 48 17 9 60 83 54 20 65 84 83 48 90 95 41 11 69 28 74 3 84 95 65 54 28 17 40 49 84 99 62 61 97 66 75 73 18 22 71 35 58 22 16 4 87 3 52 68 5 34 43 58 96 83 8 6 0 44 85 
36 39 10 84 27 52 33 68 36 41 54 26 15 84 79 18 2 46 59 35 15 32 62 42 0 49 90 84 29 53 20 83 58 36 7 49 82 76 23 41 73 11 14 73 57 10 70 51 12 27 84 99 88 35 4 54 16 40 59 21 5 2 30 48 43 49 45 28 80 30 53 19 5 17 65 27 71 44 0 18 
11 13 4 70 81 37 56 69 47 79 81 72 41 93 50 92 18 66 62 44 75 13 19 64 6 15 5 9 93 96 12 98 74 30 20 61 20 75 38 56 49 24 51 88 6 11 32 48 99 95 49 75 63 75 94 89 55 28 20 28 25 71 12 34 18 59 64 6 44 55 54 97 72 40 64 34 49 85 18 0 
0 31 29 17 76 61 39 52 0 59 17 52 68 7 84 97 72 2 31 97 56 92 59 9 43 38 34 64 89 28 97 16 33 50 39 0 96 55 47 1 42 57 88 75 93 60 68 59 58 9 27 42 83 68 1 26 95 81 40 9 32 64 13 40 88 78 55 6 26 47 97 37 1 95 35 76 6 82 49 45 
31 0 58 50 21 89 44 6 64 81 38 34 10 23 60 46 77 75 74 66 75 27 62 77 78 89 52 92 31 65 53 79 89 51 95 47 52 33 82 76 19 40 52 61 93 79 40 27 56 5 58 70 39 51 60 25 84 83 64 2 18 83 58 10 58 83 94 84 82 49 99 12 92 91 18 98 91 37 99 71 
29 58 0 32 80 64 19 59 50 39 92 68 53 3 34 71 33 76 30 91 11 67 30 8 15 2 20 73 63 10 21 63 13 2 74 9 77 25 43 65 32 82 82 22 90 48 4 24 93 88 32 74 32 24 81 17 29 69 42 91 68 15 62 99 63 48 76 49 45 63 40 13 3 79 64 88 85 32 38 58 
17 50 32 0 29 4 64 67 61 19 86 6 29 43 10 86 38 9 0 74 55 86 89 77 40 9 86 29 77 13 89 17 14 39 51 72 84 99 86 83 18 68 33 95 86 52 63 81 20 39 38 59 41 3 8 1 86 23 24 22 69 18 57 39 11 22 95 22 82 27 0 51 34 21 83 31 96 12 87 6 
76 21 80 29 0 16 58 66 6 11 67 12 78 41 97 56 76 10 8 68 47 94 19 33 3 41 80 91 65 99 67 37 36 89 71 86 19 27 66 4 11 41 83 27 99 62 95 2 63 32 73 41 41 98 68 0 1 11 45 65 69 76 64 80 93 32 84 73 60 15 15 4 51 78 1 91 67 91 60 49 
61 89 64 4 16 0 58 16 75 85 92 55 5 26 82 45 90 22 53 44 67 51 74 44 5 19 75 64 7 63 14 34 75 25 4 72 72 39 45 88 98 60 59 54 71 45 10 46 47 35 25 3 4 79 49 93 87 76 5 77 30 97 47 28 77 60 62 48 18 27 33 42 65 89 66 27 13 38 5 94 
39 44 19 64 58 58 0 84 74 35 43 70 35 53 41 88 66 57 77 47 42 47 18 58 12 46 27 94 49 72 66 17 9 20 26 62 56 68 9 65 83 54 7 35 83 54 34 12 40 12 71 72 81 24 22 48 46 63 16 62 68 45 0 54 68 43 86 12 65 21 96 9 35 34 51 29 2 5 7 28 
52 6 59 67 66 16 84 0 82 91 26 12 2 21 77 49 63 67 73 77 9 34 33 86 23 55 71 68 68 38 85 98 17 43 27 67 23 13 26 94 69 93 41 70 55 67 0 83 77 83 13 16 14 22 54 85 92 0 83 24 20 29 19 39 85 3 55 13 8 69 54 81 43 94 66 0 78 50 81 97 
0 64 50 61 6 75 74 82 0 49 23 66 38 43 58 44 61 61 46 61 29 56 90 59 3 44 65 25 66 64 47 28 29 92 67 34 51 4 98 30 88 49 63 43 89 14 85 38 16 78 85 44 38 69 55 94 3 85 50 79 19 41 82 60 15 89 38 86 45 17 25 14 45 91 57 3 92 66 52 65 
59 81 39 19 11 85 35 91 49 0 21 12 80 90 1 71 10 42 31 96 78 54 41 96 61 41 46 71 75 10 20 1 57 4 8 54 83 78 2 66 86 61 39 32 29 24 33 69 85 40 59 66 92 87 12 61 0 97 16 64 75 45 0 51 52 61 12 10 38 73 50 74 23 28 98 35 57 58 16 12 
17 38 92 86 67 92 43 26 23 21 0 85 53 85 98 63 20 68 84 65 38 30 50 29 78 0 56 89 49 14 93 12 85 71 75 97 57 4 25 18 63 76 89 69 14 24 84 65 63 68 86 41 90 95 73 85 18 44 41 79 71 80 66 78 13 46 74 95 26 20 56 30 58 73 86 70 60 68 93 91 
52 34 68 6 12 55 70 12 66 12 85 0 74 23 86 71 78 32 26 64 51 10 50 10 23 18 30 40 61 73 79 44 88 33 15 63 52 60 1 24 25 56 9 19 23 95 28 9 88 51 4 10 67 37 95 71 62 48 84 10 42 72 9 18 32 53 36 15 5 22 46 57 90 65 63 16 7 46 60 19 
68 10 53 29 78 5 35 2 38 80 53 74 0 85 96 47 61 71 16 95 92 18 98 44 90 69 47 41 17 83 78 90 45 1 64 48 50 11 17 79 14 93 23 34 50 85 69 88 74 13 81 89 1 51 63 12 52 30 8 2 46 6 36 15 32 23 71 20 39 28 62 91 76 20 11 81 28 85 30 9 
7 23 3 43 41 26 53 21 43 90 85 23 85 0 31 41 14 60 81 95 36 13 46 68 92 93 72 57 99 68 91 51 21 41 69 96 1 65 27 50 87 1 84 22 63 62 44 51 94 32 82 67 44 3 97 57 38 28 0 43 97 9 79 66 14 12 78 14 53 17 77 69 43 44 57 24 3 34 36 38 
84 60 34 10 97 82 41 77 58 1 98 86 96 31 0 60 38 44 2 7 1 17 59 32 8 99 55 9 69 30 92 69 13 89 50 29 64 70 42 51 53 79 69 83 99 81 26 85 89 2 0 3 97 6 89 33 11 45 84 19 2 94 56 53 58 37 75 10 51 38 7 3 98 28 88 67 81 94 36 89 
97 46 71 86 56 45 88 49 44 71 63 71 47 41 60 0 98 23 37 7 85 10 69 26 31 50 87 58 95 25 37 94 3 54 40 46 56 69 4 16 79 61 30 55 26 98 47 3 0 64 43 1 58 78 82 23 68 21 21 92 52 84 74 15 77 20 50 5 8 65 3 97 35 44 15 59 42 25 95 38 
72 77 33 38 76 90 66 63 61 10 20 78 61 14 38 98 0 4 28 22 65 52 87 25 88 80 75 74 5 54 1 62 80 58 0 69 6 87 53 15 50 98 25 40 84 85 94 86 5 73 1 8 55 85 92 41 15 79 94 15 39 75 48 91 79 11 59 95 88 56 72 35 34 49 59 31 34 26 13 94 
2 75 76 9 10 22 57 67 61 42 68 32 71 60 44 23 4 0 57 63 58 6 34 81 63 53 95 14 20 10 44 45 22 94 17 2 58 36 7 13 50 56 12 92 94 19 25 68 43 36 61 1 59 21 51 56 65 72 41 13 84 47 92 39 23 78 39 46 96 75 93 43 15 50 81 94 83 90 42 45 
31 74 30 0 8 53 77 73 46 31 84 26 16 81 2 37 28 57 0 94 19 70 49 64 55 2 71 55 84 51 17 16 84 86 53 82 87 95 35 77 60 59 74 81 18 62 83 38 47 69 24 53 13 92 3 66 87 4 77 53 91 18 62 98 50 43 84 38 87 62 33 56 74 2 7 73 53 9 92 80 
97 66 91 74 68 44 47 77 61 96 65 64 95 95 7 7 22 63 94 0 92 1 87 62 0 14 45 26 84 28 25 80 64 37 18 39 63 9 99 26 89 65 93 42 93 31 39 40 98 9 64 69 11 90 19 19 88 79 16 10 73 52 26 72 46 89 84 53 63 38 94 26 43 85 93 69 18 31 85 90 
56 75 11 55 47 67 42 9 29 78 38 51 92 36 1 85 65 58 19 92 0 22 78 15 99 57 15 97 2 6 33 84 21 87 73 37 4 57 17 30 14 57 63 41 45 49 48 68 79 69 60 91 54 31 98 84 54 73 74 58 47 32 15 24 50 13 23 97 80 61 0 40 45 17 92 13 82 49 23 7 
92 27 67 86 94 51 47 34 56 54 30 10 18 13 17 10 52 6 70 1 22 0 22 33 95 97 34 95 47 10 34 58 29 37 18 76 95 65 5 17 6 92 39 78 38 75 20 29 89 88 61 41 27 22 38 44 31 81 14 27 31 24 89 19 13 56 37 9 23 42 45 90 26 44 21 99 23 94 43 94 
59 62 30 89 19 74 18 33 90 41 50 50 98 46 59 69 87 34 49 87 78 22 0 16 93 55 7 2 11 64 66 22 34 38 26 91 51 19 6 30 2 91 19 30 42 76 98 66 54 96 37 68 34 3 19 17 90 95 10 16 35 77 14 73 82 12 78 17 96 14 30 45 80 37 29 1 41 5 18 75 
9 77 8 77 33 44 58 86 59 96 29 10 44 68 32 26 25 81 64 62 15 33 16 0 70 70 3 39 71 43 6 1 90 89 63 77 21 42 41 53 84 27 63 58 13 86 25 7 60 90 37 57 69 52 39 88 92 41 26 9 8 54 31 44 93 24 32 20 1 34 98 11 5 3 93 18 40 25 25 80 
43 78 15 40 3 5 12 23 3 61 78 23 90 92 8 31 88 63 55 0 99 95 93 70 0 61 48 26 9 65 21 20 35 63 42 31 77 3 14 72 50 8 18 29 12 37 54 84 51 12 63 16 61 13 8 25 70 33 43 23 13 52 69 96 84 38 76 59 86 15 49 2 27 19 73 68 29 69 87 71 
38 89 2 9 41 19 46 55 44 41 0 18 69 93 99 50 80 53 2 14 57 97 55 70 61 0 28 4 38 92 99 88 18 51 9 2 16 10 96 4 75 36 76 65 18 51 69 43 47 93 45 29 78 7 5 71 97 97 57 51 10 35 93 9 89 35 78 66 91 47 5 19 37 42 64 98 68 58 47 36 
34 52 20 86 80 75 27 71 65 46 56 30 47 72 55 87 75 95 71 45 15 34 7 3 48 28 0 72 24 83 95 56 15 92 2 70 68 80 94 1 76 12 5 65 53 5 62 13 26 53 94 80 8 13 64 25 92 93 55 76 7 39 24 53 64 33 8 16 33 22 43 59 93 41 60 86 75 94 34 51 
64 92 73 29 91 64 94 68 25 71 89 40 41 57 9 58 74 14 55 26 97 95 2 39 26 4 72 0 11 74 13 26 88 62 32 36 7 0 30 64 40 91 27 18 48 9 5 22 24 53 70 6 57 62 44 29 0 84 67 31 95 47 77 43 42 91 18 22 23 47 78 29 21 87 91 6 98 23 73 10 
89 31 63 77 65 7 49 68 66 75 49 61 17 99 69 95 5 20 84 84 2 47 11 71 9 38 24 11 0 71 8 96 98 9 68 27 50 4 73 28 78 4 97 71 19 33 94 23 58 64 76 71 59 62 59 49 52 42 6 96 19 29 14 98 26 1 11 0 62 84 92 56 77 4 19 47 92 35 51 67 
28 65 10 13 99 63 72 38 64 10 14 73 83 68 30 25 54 10 51 28 6 10 64 43 65 92 83 74 71 0 28 67 62 37 67 51 45 71 20 9 31 32 30 59 38 13 19 7 46 8 73 46 51 34 23 92 5 82 49 32 89 68 33 91 55 40 64 86 36 20 89 33 7 71 18 44 64 20 3 43 
97 53 21 89 67 14 66 85 47 20 93 79 78 91 92 37 1 44 17 25 33 34 66 6 21 99 95 13 8 28 0 83 48 92 49 24 32 33 64 84 36 63 69 76 81 76 80 0 95 74 37 41 21 39 96 9 82 55 42 85 47 1 89 59 48 25 78 57 96 79 61 5 39 42 67 75 29 64 9 38 
16 79 63 17 37 34 17 98 28 1 12 44 90 51 69 94 62 45 16 80 84 58 22 1 20 88 56 26 96 67 83 0 34 20 15 74 34 52 14 42 89 95 30 83 5 94 56 55 4 52 44 6 5 21 23 80 18 14 60 2 87 3 43 91 7 51 94 90 61 19 25 44 18 68 21 52 57 67 75 67 
33 89 13 14 36 75 9 17 29 57 85 88 45 21 13 3 80 22 84 64 21 29 34 90 35 18 15 88 98 62 48 34 0 79 27 11 81 79 9 9 40 73 42 44 9 3 18 33 92 67 23 22 31 95 61 47 4 81 40 47 35 48 49 26 6 87 3 5 22 37 14 47 33 73 48 39 49 42 98 55 
50 51 2 39 89 25 20 43 92 4 71 33 1 41 89 54 58 94 86 37 87 37 38 89 63 51 92 62 9 37 92 20 79 0 84 93 17 72 28 38 21 62 19 66 72 48 48 47 41 64 5 47 98 20 40 79 31 45 82 74 80 17 46 12 51 94 94 55 47 66 15 26 10 66 33 81 25 70 81 94 
39 95 74 51 71 4 26 27 67 8 75 15 64 69 50 40 0 17 53 18 73 18 26 63 42 9 2 32 68 67 49 15 27 84 0 93 81 96 24 35 65 49 49 85 37 24 94 75 14 10 46 44 63 84 30 71 48 5 18 70 31 35 19 76 45 97 74 1 61 87 3 43 35 73 50 34 59 50 10 86 
0 47 9 72 86 72 62 67 34 54 97 63 48 96 29 46 69 2 82 39 37 76 91 77 31 2 70 36 27 51 24 74 11 93 93 0 18 22 26 98 15 11 92 45 59 40 70 70 50 72 45 59 36 20 89 66 77 59 11 59 76 24 73 15 94 46 51 51 19 84 60 67 94 85 47 18 2 57 88 62 
96 52 77 84 19 72 56 23 51 83 57 52 50 1 64 56 6 58 87 63 4 95 51 21 77 16 68 7 50 45 32 34 81 17 81 18 0 10 84 71 30 8 28 60 63 57 76 48 25 77 29 34 7 22 35 16 11 67 78 61 16 25 5 23 46 26 66 92 93 13 70 18 87 34 86 21 80 66 29 10 
55 33 25 99 27 39 68 13 4 78 4 60 11 65 70 69 87 36 95 9 57 65 19 42 3 10 80 0 4 71 33 52 79 72 96 22 10 0 52 73 74 28 0 58 23 68 49 13 76 9 56 48 87 30 84 47 61 19 2 17 61 74 3 90 82 71 47 25 83 21 46 55 34 87 89 10 90 84 11 13 
47 82 43 86 66 45 9 26 98 2 25 1 17 27 42 4 53 7 35 99 17 5 6 41 14 96 94 30 73 20 64 14 9 28 24 26 84 52 0 0 12 66 11 39 97 44 81 50 25 89 92 55 96 95 65 14 87 97 77 32 89 67 86 34 41 22 98 84 23 83 74 48 55 90 48 12 12 95 92 7 
1 76 65 83 4 88 65 94 30 66 18 24 79 50 51 16 15 13 77 26 30 17 30 53 72 4 1 64 28 9 84 42 9 38 35 98 71 73 0 0 83 23 32 41 85 90 32 89 31 23 22 64 2 0 28 49 29 99 13 10 29 18 12 32 23 19 67 34 81 99 30 3 95 13 46 67 90 3 56 80 
42 19 32 18 11 98 83 69 88 86 63 25 14 87 53 79 50 50 60 89 14 6 2 84 50 75 76 40 78 31 36 89 40 21 65 15 30 74 12 83 0 16 38 6 57 64 76 35 35 8 2 60 83 26 6 73 88 45 23 44 35 84 15 87 89 39 0 97 69 95 56 9 19 35 51 25 81 32 46 34 
57 40 82 68 41 60 54 93 49 61 76 56 93 1 79 61 98 56 59 65 57 92 91 27 8 36 12 91 4 32 63 95 73 62 49 11 8 28 66 23 16 0 27 39 55 84 57 88 38 56 5 70 57 4 56 22 45 92 45 38 56 79 72 9 56 1 57 20 22 78 18 30 65 57 88 41 31 9 47 83 
88 52 82 33 83 59 7 41 63 39 89 9 23 84 69 30 25 12 74 93 63 39 19 63 18 76 5 27 97 30 69 30 42 19 49 92 28 0 11 32 38 27 0 8 71 91 76 72 48 26 63 61 29 62 88 56 9 73 84 10 45 77 45 85 89 82 13 81 93 91 84 0 10 86 30 52 39 85 57 42 
75 61 22 95 27 54 35 70 43 32 69 19 34 22 83 55 40 92 81 42 41 78 30 58 29 65 65 18 71 59 76 83 44 66 85 45 60 58 39 41 6 39 8 0 60 55 42 20 24 68 93 26 92 78 97 83 69 3 50 65 35 62 36 17 38 67 60 19 48 74 47 88 59 82 99 21 56 32 29 57 
93 93 90 86 99 71 83 55 89 29 14 23 50 63 99 26 84 94 18 93 45 38 42 13 12 18 53 48 19 38 81 5 9 72 37 59 63 23 97 85 57 55 71 60 0 11 3 49 91 65 88 97 13 91 70 80 13 78 28 62 58 71 33 83 32 77 5 67 59 95 92 97 40 80 44 11 10 24 39 5 
60 79 48 52 62 45 54 67 14 24 24 95 85 62 81 98 85 19 62 31 49 75 76 86 37 51 5 9 33 13 76 94 3 48 24 40 57 68 44 90 64 84 91 55 11 0 32 13 40 13 70 83 43 86 58 43 73 93 43 87 68 44 94 6 39 17 66 52 56 76 24 51 49 81 25 63 57 89 58 3 
68 40 4 63 95 10 34 0 85 33 84 28 69 44 26 47 94 25 83 39 48 20 98 25 54 69 62 5 94 19 80 56 18 48 94 70 76 49 81 32 76 57 76 42 3 32 0 99 65 39 1 21 96 91 67 91 16 93 55 27 46 18 56 88 36 47 10 49 60 40 92 94 26 93 83 46 12 7 75 31 
59 27 24 81 2 46 12 83 38 69 65 9 88 51 85 3 86 68 38 40 68 29 66 7 84 43 13 22 23 7 0 55 33 47 75 70 48 13 50 89 35 88 72 20 49 13 99 0 51 8 93 4 61 37 73 12 84 44 13 98 31 33 10 52 83 2 72 18 63 80 34 37 83 7 47 33 86 53 44 73 
58 56 93 20 63 47 40 77 16 85 63 88 74 94 89 0 5 43 47 98 79 89 54 60 51 47 26 24 58 46 95 4 92 41 14 50 25 76 25 31 35 38 48 24 91 40 65 51 0 84 72 65 4 28 10 98 73 27 90 0 53 21 6 49 10 81 58 44 49 58 49 26 52 47 6 96 85 35 52 51 
9 5 88 39 32 35 12 83 78 40 68 51 13 32 2 64 73 36 69 9 69 88 96 90 12 93 53 53 64 8 74 52 67 64 10 72 77 9 89 23 8 56 26 68 65 13 39 8 84 0 39 15 3 19 94 70 91 81 14 49 90 16 30 79 85 32 56 53 7 26 18 19 91 9 17 49 27 20 88 88 
27 58 32 38 73 25 71 13 85 59 86 4 81 82 0 43 1 61 24 64 60 61 37 37 63 45 94 70 76 73 37 44 23 5 46 45 29 56 92 22 2 5 63 93 88 70 1 93 72 39 0 34 71 3 90 74 87 34 3 29 31 69 2 9 44 9 41 29 8 57 78 68 51 31 64 64 84 19 11 95 
42 70 74 59 41 3 72 16 44 66 41 10 89 67 3 1 8 1 53 69 91 41 68 57 16 29 80 6 71 46 41 6 22 47 44 59 34 48 55 64 60 70 61 26 97 83 21 4 65 15 34 0 19 67 61 83 57 44 94 91 49 10 3 25 38 66 42 58 27 30 38 79 90 92 36 88 63 52 97 26 
83 39 32 41 41 4 81 14 38 92 90 67 1 44 97 58 55 59 13 11 54 27 34 69 61 78 8 57 59 51 21 5 31 98 63 36 7 87 96 2 83 57 29 92 13 43 96 61 4 3 71 19 0 97 27 93 8 46 96 85 99 93 45 63 52 18 54 55 1 22 79 42 77 21 60 74 56 82 27 27 
68 51 24 3 98 79 24 22 69 87 95 37 51 3 6 78 85 21 92 90 31 22 3 52 13 7 13 62 62 34 39 21 95 20 84 20 22 30 95 0 26 4 62 78 91 86 91 37 28 19 3 67 97 0 11 64 65 92 0 57 5 80 66 18 9 44 96 62 87 88 68 65 85 20 91 32 0 55 87 72 
1 60 81 8 68 49 22 54 55 12 73 95 63 97 89 82 92 51 3 19 98 38 19 39 8 5 64 44 59 23 96 23 61 40 30 89 35 84 65 28 6 56 88 97 70 58 67 73 10 94 90 61 27 11 0 56 28 49 25 77 44 28 99 22 17 62 59 44 83 55 27 64 76 31 78 65 46 73 47 11 
26 25 17 1 0 93 48 85 94 61 85 71 12 57 33 23 41 56 66 19 84 44 17 88 25 71 25 29 49 92 9 80 47 79 71 66 16 47 14 49 73 22 56 83 80 43 91 12 98 70 74 83 93 64 56 0 11 39 68 60 76 12 13 30 87 4 6 51 69 6 35 5 93 23 1 39 74 35 97 60 
95 84 29 86 1 87 46 92 3 0 18 62 52 38 11 68 15 65 87 88 54 31 90 92 70 97 92 0 52 5 82 18 4 31 48 77 11 61 87 29 88 45 9 69 13 73 16 84 73 91 87 57 8 65 28 11 0 38 1 46 8 87 28 70 17 85 49 74 36 25 57 27 21 78 10 50 24 77 67 79 
81 83 69 23 11 76 63 0 85 97 44 48 30 28 45 21 79 72 4 79 73 81 95 41 33 97 93 84 42 82 55 14 81 45 5 59 67 19 97 99 45 92 73 3 78 93 93 44 27 81 34 44 46 92 49 39 38 0 66 92 12 63 1 52 27 56 93 6 41 14 84 9 98 5 50 15 64 66 61 37 
40 64 42 24 45 5 16 83 50 16 41 84 8 0 84 21 94 41 77 16 74 14 10 26 43 57 55 67 6 49 42 60 40 82 18 11 78 2 77 13 23 45 84 50 28 43 55 13 90 14 3 94 96 0 25 68 1 66 0 69 44 31 45 46 26 34 26 1 41 54 30 42 99 29 84 96 48 33 43 97 
9 2 91 22 65 77 62 24 79 64 79 10 2 43 19 92 15 13 53 10 58 27 16 9 23 51 76 31 96 32 85 2 47 74 70 59 61 17 32 10 44 38 10 65 62 87 27 98 0 49 29 91 85 57 77 60 46 92 69 0 13 68 62 46 44 37 9 12 55 90 24 64 41 72 51 59 74 78 21 64 
32 18 68 69 69 30 68 20 19 75 71 42 46 97 2 52 39 84 91 73 47 31 35 8 13 10 7 95 19 89 47 87 35 80 31 76 16 61 89 29 35 56 45 35 58 68 46 31 53 90 31 49 99 5 44 76 8 12 44 13 0 28 3 12 47 31 0 2 73 13 92 10 19 35 32 53 35 78 49 22 
64 83 15 18 76 97 45 29 41 45 80 72 6 9 94 84 75 47 18 52 32 24 77 54 52 35 39 47 29 68 1 3 48 17 35 24 25 74 67 18 84 79 77 62 71 44 18 33 21 16 69 10 93 80 28 12 87 63 31 68 28 0 22 47 77 32 68 89 4 47 8 25 86 3 64 48 53 68 68 4 
13 58 62 57 64 47 0 19 82 0 66 9 36 79 56 74 48 92 62 26 15 89 14 31 69 93 24 77 14 33 89 43 49 46 19 73 5 3 86 12 15 72 45 36 33 94 56 10 6 30 2 3 45 66 99 13 28 1 45 62 3 22 0 53 35 44 11 53 99 54 98 12 37 24 82 0 7 15 29 93 
40 10 99 39 80 28 54 39 60 51 78 18 15 66 53 15 91 39 98 72 24 19 73 44 96 9 53 43 98 91 59 91 26 12 76 15 23 90 34 32 87 9 85 17 83 6 88 52 49 79 9 25 63 18 22 30 70 52 46 46 12 47 53 0 96 41 32 77 20 95 33 77 41 11 75 65 53 81 27 78 
88 58 63 11 93 77 68 85 15 52 13 32 32 14 58 77 79 23 50 46 50 13 82 93 84 89 64 42 26 55 48 7 6 51 45 94 46 82 41 23 89 56 89 38 32 39 36 83 10 85 44 38 52 9 17 87 17 27 26 44 47 77 35 96 0 25 63 90 16 70 73 94 59 68 59 72 27 91 78 61 
78 83 48 22 32 60 43 3 89 61 46 53 23 12 37 20 11 78 43 89 13 56 12 24 38 35 33 91 1 40 25 51 87 94 97 46 26 71 22 19 39 1 82 67 77 17 47 2 81 32 9 66 18 44 62 4 85 56 34 37 31 32 44 41 25 0 27 89 54 97 24 4 12 49 97 67 17 53 77 34 
55 94 76 95 84 62 86 55 38 12 74 36 71 78 75 50 59 39 84 84 23 37 78 32 76 78 8 18 11 64 78 94 3 94 74 51 66 47 98 67 0 57 13 60 5 66 10 72 58 56 41 42 54 96 59 6 49 93 26 9 0 68 11 32 63 27 0 30 43 32 10 80 99 90 84 53 81 79 69 93 
6 84 49 22 73 48 12 13 86 10 95 15 20 14 10 5 95 46 38 53 97 9 17 20 59 66 16 22 0 86 57 90 5 55 1 51 92 25 84 34 97 20 81 19 67 52 49 18 44 53 29 58 55 62 44 51 74 6 1 12 2 89 53 77 90 89 30 0 38 69 30 88 8 72 84 41 25 68 4 98 
26 82 45 82 60 18 65 8 45 38 26 5 39 53 51 8 88 96 87 63 80 23 96 1 86 91 33 23 62 36 96 61 22 47 61 19 93 83 23 81 69 22 93 48 59 56 60 63 49 7 8 27 1 87 83 69 36 41 41 55 73 4 99 20 16 54 43 38 0 6 97 13 12 14 70 34 26 20 45 24 
47 49 63 27 15 27 21 69 17 73 20 22 28 17 38 65 56 75 62 38 61 42 14 34 15 47 22 47 84 20 79 19 37 66 87 84 13 21 83 99 95 78 91 74 95 76 40 80 58 26 57 30 22 88 55 6 25 14 54 90 13 47 54 95 70 97 32 69 6 0 75 23 23 42 17 54 86 7 29 35 
97 99 40 0 15 33 96 54 25 50 56 46 62 77 7 3 72 93 33 94 0 45 30 98 49 5 43 78 92 89 61 25 14 15 3 60 70 46 74 30 56 18 84 47 92 24 92 34 49 18 78 38 79 68 27 35 57 84 30 24 92 8 98 33 73 24 10 30 97 75 0 57 26 41 12 3 72 63 96 63 
37 12 13 51 4 42 9 81 14 74 30 57 91 69 3 97 35 43 56 26 40 90 45 11 2 19 59 29 56 33 5 44 47 26 43 67 18 55 48 3 9 30 0 88 97 51 94 37 26 19 68 79 42 65 64 5 27 9 42 64 10 25 12 77 94 4 80 88 13 23 57 0 3 30 99 3 17 94 99 82 
1 92 3 34 51 65 35 43 45 23 58 90 76 43 98 35 34 15 74 43 45 26 80 5 27 37 93 21 77 7 39 18 33 10 35 94 87 34 55 95 19 65 10 59 40 49 26 83 52 91 51 90 77 85 76 93 21 98 99 41 19 86 37 41 59 12 99 8 12 23 26 3 0 50 13 99 31 20 43 55 
95 91 79 21 78 89 34 94 91 28 73 65 20 44 28 44 49 50 2 85 17 44 37 3 19 42 41 87 4 71 42 68 73 66 73 85 34 87 90 13 35 57 86 82 80 81 93 7 47 9 31 92 21 20 31 23 78 5 29 72 35 3 24 11 68 49 90 72 14 42 41 30 50 0 18 25 74 8 33 33 
35 18 64 83 1 66 51 66 57 98 86 63 11 57 88 15 59 81 7 93 92 21 29 93 73 64 60 91 19 18 67 21 48 33 50 47 86 89 48 46 51 88 30 99 44 25 83 47 6 17 64 36 60 91 78 1 10 50 84 51 32 64 82 75 59 97 84 84 70 17 12 99 13 18 0 39 77 9 24 47 
76 98 88 31 91 27 29 0 3 35 70 16 81 24 67 59 31 94 73 69 13 99 1 18 68 98 86 6 47 44 75 52 39 81 34 18 21 10 12 67 25 41 52 21 11 63 46 33 96 49 64 88 74 32 65 39 50 15 96 59 53 48 0 65 72 67 53 41 34 54 3 3 99 25 39 0 57 82 15 27 
6 91 85 96 67 13 2 78 92 57 60 7 28 3 81 42 34 83 53 18 82 23 41 40 29 68 75 98 92 64 29 57 49 25 59 2 80 90 12 90 81 31 39 56 10 57 12 86 85 27 84 63 56 0 46 74 24 64 48 74 35 53 7 53 27 17 81 25 26 86 72 17 31 74 77 57 0 32 96 21 
82 37 32 12 91 38 5 50 66 58 68 46 85 34 94 25 26 90 9 31 49 94 5 25 69 58 94 23 35 20 64 67 42 70 50 57 66 84 95 3 32 9 85 32 24 89 7 53 35 20 19 52 82 55 73 35 77 66 33 78 78 68 15 81 91 53 79 68 20 7 63 94 20 8 9 82 32 0 58 56 
49 99 38 87 60 5 7 81 52 16 93 60 30 36 36 95 13 42 92 85 23 43 18 25 87 47 34 73 51 3 9 75 98 81 10 88 29 11 92 56 46 47 57 29 39 58 75 44 52 88 11 97 27 87 47 97 67 61 43 21 49 68 29 27 78 77 69 4 45 29 96 99 43 33 24 15 96 58 0 71 
45 71 58 6 49 94 28 97 65 12 91 19 9 38 89 38 94 45 80 90 7 94 75 80 71 36 51 10 67 43 38 67 55 94 86 62 10 13 7 80 34 83 42 57 5 3 31 73 51 88 95 26 27 72 11 60 79 37 97 64 22 4 93 78 61 34 93 98 24 35 63 82 55 33 47 27 21 56 71 0 
