80
0 61 78 81 76 3 13 35 92 84 28 14 58 6 25 51 33 36 65 28 63 51 28 43 30 79 89 86 26 43 14 8 38 61 23 69 94 67 33 88 57 75 5 88 24 17 52 3 21 89 99 37 63 43 1 51 74 8 70 28 6 39 93 1 69 86 99 24 35 18 65 76 49 57 91 30 91 34 16 25 
61 0 21 62 45 26 54 30 61 51 6 3 96 26 69 34 63 73 78 59 44 54 6 58 25 89 55 50 34 38 8 96 68 36 17 65 39 34 48 0 91 34 52 53 97 14 59 48 41 47 79 22 26 72 20 7 31 91 62 66 80 27 53 54 14 87 30 2 21 42 9 87 3 19 11 32 17 70 55 49 
78 21 0 75 17 95 40 75 39 59 26 97 35 46 95 38 72 60 89 62 21 84 17 37 6 21 79 34 37 46 32 92 57 78 16 63 47 8 5 86 25 20 22 90 90 38 53 42 61 19 53 84 92 74 3 34 71 87 48 90 53 71 34 24 3 4 21 43 9 21 13 85 35 23 54 25 43 27 57 84 
81 62 75 0 8 34 83 18 92 99 4 24 63 99 58 15 18 43 7 85 43 18 87 37 1 8 58 55 18 30 14 44 7 18 45 74 90 75 31 62 80 81 72 17 1 94 24 44 60 53 94 3 33 90 69 20 83 61 32 18 4 64 89 98 85 31 11 49 60 8 67 49 47 28 55 7 76 55 7 98 
76 45 17 8 0 93 88 99 99 33 89 76 68 96 29 47 58 50 39 40 52 58 84 1 5 6 13 62 48 12 38 35 3 27 43 83 26 21 48 49 34 68 20 10 75 60 8 16 12 27 87 54 42 25 84 68 45 79 30 18 58 87 51 10 12 89 79 35 96 53 23 86 45 39 96 5 60 67 21 45 
3 26 95 34 93 0 58 10 82 76 11 95 44 67 95 69 17 24 31 78 34 89 95 13 7 61 75 87 24 4 99 41 39 64 24 33 73 85 82 97 74 88 9 73 15 79 59 64 54 38 90 47 20 50 61 57 84 42 26 32 19 36 34 22 68 79 98 39 93 1 20 43 57 34 55 74 39 0 50 78 
13 54 40 83 88 58 0 61 21 0 25 39 94 34 24 17 34 14 83 87 84 89 18 47 22 43 15 52 59 64 31 84 4 0 47 96 85 47 33 29 88 64 54 0 33 3 13 71 50 29 43 90 58 69 76 5 88 12 90 60 71 2 97 93 30 74 89 7 85 43 89 40 88 35 32 21 78 70 87 70 
35 30 75 18 99 10 61 0 89 26 2 3 38 22 18 58 58 75 92 4 87 24 62 60 81 95 47 24 0 15 84 26 93 99 80 98 76 47 53 33 80 94 19 82 72 8 69 81 15 52 40 16 61 72 90 0 50 42 15 90 72 28 65 35 28 56 7 66 26 67 75 17 12 74 71 68 67 35 57 56 
92 61 39 92 99 82 21 89 0 11 48 77 61 21 15 20 26 22 40 15 90 9 52 4 98 25 49 52 8 15 46 47 69 59 66 15 27 55 81 79 33 5 32 85 5 78 5 66 65 28 63 30 51 89 7 37 95 6 29 15 86 72 50 92 51 52 50 82 10 34 7 77 91 66 4 75 28 5 54 38 
84 51 59 99 33 76 0 26 11 0 88 28 44 52 75 54 99 52 91 59 39 32 68 57 64 44 30 56 98 66 52 39 42 44 35 40 26 64 90 32 95 36 58 38 40 36 35 81 67 30 85 53 94 60 73 51 5 3 33 3 65 48 75 70 29 87 75 55 73 20 53 82 33 53 22 54 16 84 43 76 
28 6 26 4 89 11 25 2 48 88 0 70 62 67 70 41 52 10 59 52 37 87 58 55 51 97 53 55 45 38 16 89 32 44 91 86 40 97 48 7 8 68 59 53 54 72 48 71 34 86 18 63 74 4 23 77 63 50 74 47 45 72 87 55 74 14 7 26 28 83 19 26 1 1 99 77 6 72 88 89 
14 3 97 24 76 95 39 3 77 28 70 0 3 55 72 83 8 66 79 33 44 63 46 87 2 59 70 36 33 34 66 42 70 73 96 28 87 84 44 87 78 94 70 91 41 32 48 48 21 91 50 46 36 95 57 24 25 38 81 92 12 83 49 6 48 74 35 24 70 64 29 99 1 87 13 95 52 85 9 66 
58 96 35 63 68 44 94 38 61 44 62 3 0 91 32 24 90 63 21 70 12 34 26 64 78 78 3 3 5 4 19 92 32 97 81 0 94 26 10 86 29 45 4 48 64 61 23 89 93 23 88 66 49 1 30 82 20 34 95 84 24 21 3 74 65 41 27 43 64 17 92 64 83 59 30 46 22 62 89 99 
6 26 46 99 96 67 34 22 21 52 67 55 91 0 53 48 13 84 88 81 88 59 43 24 39 2 79 22 73 35 69 58 88 63 5 72 18 61 87 77 99 38 18 46 54 30 5 13 46 68 7 69 12 54 82 62 45 86 26 31 59 83 73 64 5 75 94 95 57 18 90 78 94 15 71 90 38 66 45 16 
25 69 95 58 29 95 24 18 15 75 70 72 32 53 0 22 45 89 77 89 20 65 45 80 56 97 13 46 1 64 93 18 19 65 57 84 73 66 21 15 77 99 78 43 35 17 84 36 93 69 6 20 8 15 9 97 93 97 28 78 77 11 94 19 12 59 7 48 43 12 58 52 24 5 56 4 67 57 69 32 
51 34 38 15 47 69 17 58 20 54 41 83 24 48 22 0 35 25 5 59 43 70 2 67 22 35 37 70 81 99 0 85 19 20 72 39 96 4 19 71 30 96 42 84 7 34 50 74 38 8 10 63 3 85 59 91 84 66 44 49 11 96 68 11 31 58 11 62 87 45 76 68 3 0 52 85 60 23 97 58 
33 63 72 18 58 17 34 58 26 99 52 8 90 13 45 35 0 41 37 86 60 9 62 92 19 50 88 91 47 41 44 19 87 40 85 20 91 11 23 37 14 54 37 48 18 50 69 96 28 51 95 31 28 40 73 62 77 86 96 22 37 55 53 50 84 33 41 26 81 40 91 81 29 24 0 42 39 39 0 32 
36 73 60 43 50 24 14 75 22 52 10 66 63 84 89 25 41 0 47 37 75 33 25 79 62 0 14 35 63 76 3 52 57 20 60 68 3 5 32 57 77 73 33 62 95 1 84 69 75 69 27 8 98 60 67 80 11 99 87 29 57 10 76 83 22 87 76 69 93 18 32 2 65 89 73 97 24 50 11 71 
65 78 89 7 39 31 83 92 40 91 59 79 21 88 77 5 37 47 0 47 94 38 60 33 85 32 4 13 27 43 62 12 19 45 92 7 75 34 87 63 39 6 59 15 41 22 14 58 59 15 11 47 87 77 52 91 5 36 50 87 63 7 35 25 38 53 70 68 34 10 5 39 26 71 25 78 71 62 3 69 
28 59 62 85 40 78 87 4 15 59 52 33 70 81 89 59 86 37 47 0 10 58 69 77 49 63 21 28 50 63 8 32 52 4 22 16 91 8 98 19 8 31 86 43 87 70 46 10 19 9 55 90 73 94 70 87 38 41 40 15 90 49 59 89 15 14 55 25 73 77 9 0 59 53 49 77 31 76 64 72 
63 44 21 43 52 34 84 87 90 39 37 44 12 88 20 43 60 75 94 10 0 55 49 53 7 22 74 70 5 4 36 50 53 46 10 51 39 93 91 92 70 45 18 19 99 79 73 40 45 45 90 64 85 52 30 49 14 13 28 26 83 18 0 47 60 48 9 94 26 6 71 79 12 57 58 28 83 54 46 66 
51 54 84 18 58 89 89 24 9 32 87 63 34 59 65 70 9 33 38 58 55 0 6 10 51 51 2 0 86 58 55 76 0 69 1 57 40 91 6 52 41 16 23 51 47 35 9 51 18 41 14 59 5 62 0 2 70 63 31 88 5 98 33 92 62 90 11 1 18 20 23 44 8 12 87 53 5 30 24 94 
28 6 17 87 84 95 18 62 52 68 58 46 26 43 45 2 62 25 60 69 49 6 0 95 29 53 4 57 64 72 3 50 25 6 21 32 67 74 6 84 50 70 63 91 70 15 53 84 72 8 59 98 20 26 61 71 87 90 15 93 17 62 45 51 85 23 11 35 70 16 87 62 20 45 63 11 12 38 54 62 
43 58 37 37 1 13 47 60 4 57 55 87 64 24 80 67 92 79 33 77 53 10 95 0 56 89 92 93 36 7 97 69 77 42 57 97 69 33 51 85 41 38 71 52 6 68 8 28 21 86 99 48 76 16 81 74 1 36 50 38 96 74 32 6 71 29 12 79 25 35 11 18 3 6 26 30 59 74 28 24 
30 25 6 1 5 7 22 81 98 64 51 2 78 39 56 22 19 62 85 49 7 51 29 56 0 14 71 73 69 55 91 85 69 75 64 43 0 90 34 80 32 96 5 41 0 25 57 17 53 33 46 38 11 14 45 90 56 27 45 85 71 87 71 13 78 1 48 56 60 35 73 80 83 91 15 62 33 82 36 85 
79 89 21 8 6 61 43 95 25 44 97 59 78 2 97 35 50 0 32 63 22 51 53 89 14 0 80 9 56 27 2 5 81 24 66 42 36 44 67 69 55 48 88 87 5 35 43 69 10 61 98 39 7 68 55 65 44 84 55 39 42 73 54 11 41 65 94 91 62 53 6 13 97 40 41 81 68 43 55 2 
89 55 79 58 13 75 15 47 49 30 53 70 3 79 13 37 88 14 4 21 74 2 4 92 71 80 0 89 92 54 14 46 51 72 46 27 38 44 3 0 81 78 93 47 58 44 83 14 5 68 44 52 65 48 37 76 66 46 92 39 78 8 94 29 53 67 18 23 90 46 17 55 33 45 43 46 98 69 32 84 
86 50 34 55 62 87 52 24 52 56 55 36 3 22 46 70 91 35 13 28 70 0 57 93 73 9 89 0 9 77 8 57 58 23 30 83 5 42 16 59 23 61 48 97 50 61 62 45 42 10 31 51 44 16 78 27 8 16 11 97 33 36 69 85 51 96 37 83 27 68 61 76 26 14 92 23 49 94 31 86 
26 34 37 18 48 24 59 0 8 98 45 33 5 73 1 81 47 63 27 50 5 86 64 36 69 56 92 9 0 94 37 31 46 62 20 8 82 4 4 87 15 8 49 74 82 90 21 96 91 16 78 33 88 48 91 19 34 39 18 41 77 94 27 54 70 86 35 24 39 4 87 92 63 95 1 78 94 10 3 68 
43 38 46 30 12 4 64 15 15 66 38 34 4 35 64 99 41 76 43 63 4 58 72 7 55 27 54 77 94 0 9 99 18 70 61 6 26 89 46 57 63 96 97 88 89 24 23 91 35 42 20 22 40 26 7 69 0 49 22 70 79 25 97 48 25 13 42 60 67 18 54 52 58 37 44 84 8 95 17 28 
14 8 32 14 38 99 31 84 46 52 16 66 19 69 93 0 44 3 62 8 36 55 3 97 91 2 14 8 37 9 0 89 50 46 17 24 25 89 39 54 69 74 61 92 49 71 56 50 92 1 42 2 35 2 66 80 62 25 1 86 33 16 36 44 46 53 55 13 89 12 14 71 8 99 2 98 76 98 85 38 
8 96 92 44 35 41 84 26 47 39 89 42 92 58 18 85 19 52 12 32 50 76 50 69 85 5 46 57 31 99 89 0 79 89 60 16 2 17 49 67 47 77 25 23 18 37 53 54 5 29 15 74 31 20 0 89 86 9 80 64 98 78 46 77 66 99 13 23 4 40 86 85 85 26 32 9 61 81 33 79 
38 68 57 7 3 39 4 93 69 42 32 70 32 88 19 19 87 57 19 52 53 0 25 77 69 81 51 58 46 18 50 79 0 36 25 55 32 31 76 98 28 69 21 84 61 89 51 54 17 91 23 7 78 63 11 16 43 68 64 97 90 3 31 46 62 27 74 59 26 24 91 99 13 78 37 30 30 42 53 69 
61 36 78 18 27 64 0 99 59 44 44 73 97 63 65 20 40 20 45 4 46 69 6 42 75 24 72 23 62 70 46 89 36 0 37 45 28 0 34 86 21 94 91 7 35 8 1 0 90 24 44 54 28 64 58 64 39 7 29 45 74 87 52 37 47 22 90 55 19 59 63 85 25 52 65 17 47 88 9 60 
23 17 16 45 43 24 47 80 66 35 91 96 81 5 57 72 85 60 92 22 10 1 21 57 64 66 46 30 20 61 17 60 25 37 0 52 69 77 54 85 52 63 5 8 58 48 5 3 17 1 50 70 49 38 78 82 17 49 74 43 46 60 36 87 62 99 69 15 10 39 50 8 66 40 2 4 43 73 13 33 
69 65 63 74 83 33 96 98 15 40 86 28 0 72 84 39 20 68 7 16 51 57 32 97 43 42 27 83 8 6 24 16 55 45 52 0 29 78 45 86 67 91 10 82 50 5 91 22 76 5 43 4 98 43 24 97 54 63 93 4 55 27 76 57 76 57 89 68 39 48 70 7 84 60 60 87 10 92 86 46 
94 39 47 90 26 73 85 76 27 26 40 87 94 18 73 96 91 3 75 91 39 40 67 69 0 36 38 5 82 26 25 2 32 28 69 29 0 10 79 97 66 4 63 37 16 97 10 80 99 5 92 21 74 5 64 52 61 86 91 72 57 64 18 67 55 47 10 39 61 58 57 74 34 41 3 87 32 73 76 3 
67 34 8 75 21 85 47 47 55 64 97 84 26 61 66 4 11 5 34 8 93 91 74 33 90 44 44 42 4 89 89 17 31 0 77 78 10 0 46 89 4 85 2 18 96 39 75 45 77 60 96 24 13 7 16 96 51 65 90 25 19 31 76 45 68 14 27 72 20 64 88 15 35 19 37 75 24 65 75 76 
33 48 5 31 48 82 33 53 81 90 48 44 10 87 21 19 23 32 87 98 91 6 6 51 34 67 3 16 4 46 39 49 76 34 54 45 79 46 0 20 6 42 1 12 65 42 98 45 4 96 32 39 81 78 9 41 61 86 53 57 15 28 87 88 9 7 18 0 89 83 11 92 97 51 7 70 30 80 54 32 
88 0 86 62 49 97 29 33 79 32 7 87 86 77 15 71 37 57 63 19 92 52 84 85 80 69 0 59 87 57 54 67 98 86 85 86 97 89 20 0 28 45 52 97 3 26 77 93 74 34 60 52 68 52 46 77 79 34 75 92 2 47 33 75 56 0 67 20 86 52 5 15 64 89 9 16 72 18 45 53 
57 91 25 80 34 74 88 80 33 95 8 78 29 99 77 30 14 77 39 8 70 41 50 41 32 55 81 23 15 63 69 47 28 21 52 67 66 4 6 28 0 40 13 0 88 73 72 94 26 59 0 48 24 24 66 16 60 35 21 48 0 32 83 25 7 12 21 92 3 43 51 15 32 19 49 34 89 18 18 15 
75 34 20 81 68 88 64 94 5 36 68 94 45 38 99 96 54 73 6 31 45 16 70 38 96 48 78 61 8 96 74 77 69 94 63 91 4 85 42 45 40 0 62 19 66 67 75 39 78 48 5 63 93 75 66 13 8 1 45 67 78 75 62 34 77 22 89 2 56 72 78 12 56 75 40 78 6 69 78 74 
5 52 22 72 20 9 54 19 32 58 59 70 4 18 78 42 37 33 59 86 18 23 63 71 5 88 93 48 49 97 61 25 21 91 5 10 63 2 1 52 13 62 0 84 95 28 70 32 23 73 2 42 6 23 10 4 68 29 64 56 85 74 53 83 75 49 50 17 15 93 14 56 88 25 98 10 38 16 51 42 
88 53 90 17 10 73 0 82 85 38 53 91 48 46 43 84 48 62 15 43 19 51 91 52 41 87 47 97 74 88 92 23 84 7 8 82 37 18 12 97 0 19 84 0 82 17 82 83 25 90 90 15 29 40 47 85 54 37 64 5 39 38 94 29 31 91 75 13 47 52 3 49 12 73 36 45 25 94 10 45 
24 97 90 1 75 15 33 72 5 40 54 41 64 54 35 7 18 95 41 87 99 47 70 6 0 5 58 50 82 89 49 18 61 35 58 50 16 96 65 3 88 66 95 82 0 22 37 59 17 97 76 65 61 39 54 75 54 76 67 86 92 25 47 27 72 17 41 93 14 62 64 72 8 66 3 94 31 77 62 24 
17 14 38 94 60 79 3 8 78 36 72 32 61 30 17 34 50 1 22 70 79 35 15 68 25 35 44 61 90 24 71 37 89 8 48 5 97 39 42 26 73 67 28 17 22 0 62 62 70 75 33 73 58 36 70 95 16 13 17 49 99 34 62 97 98 45 89 27 40 67 57 48 23 34 33 81 78 64 77 9 
52 59 53 24 8 59 13 69 5 35 48 48 23 5 84 50 69 84 14 46 73 9 53 8 57 43 83 62 21 23 56 53 51 1 5 91 10 75 98 77 72 75 70 82 37 62 0 3 3 15 82 67 7 19 49 77 27 62 1 94 44 51 36 5 3 33 94 49 35 32 2 19 25 21 40 39 98 44 14 34 
3 48 42 44 16 64 71 81 66 81 71 48 89 13 36 74 96 69 58 10 40 51 84 28 17 69 14 45 96 91 50 54 54 0 3 22 80 45 45 93 94 39 32 83 59 62 3 0 34 68 33 13 49 53 56 31 8 16 70 42 2 62 17 93 51 26 30 20 41 19 75 72 3 61 11 32 46 33 78 46 
21 41 61 60 12 54 50 15 65 67 34 21 93 46 93 38 28 75 59 19 45 18 72 21 53 10 5 42 91 35 92 5 17 90 17 76 99 77 4 74 26 78 23 25 17 70 3 34 0 86 37 81 69 37 75 28 99 62 38 45 46 55 99 14 27 55 69 73 94 23 22 23 1 91 37 9 96 18 31 69 
89 47 19 53 27 38 29 52 28 30 86 91 23 68 69 8 51 69 15 9 45 41 8 86 33 61 68 10 16 42 1 29 91 24 1 5 5 60 96 34 59 48 73 90 97 75 15 68 86 0 17 49 43 3 58 53 34 14 62 87 61 50 0 76 87 73 70 83 60 11 85 0 1 79 88 90 96 25 71 52 
99 79 53 94 87 90 43 40 63 85 18 50 88 7 6 10 95 27 11 55 90 14 59 99 46 98 44 31 78 20 42 15 23 44 50 43 92 96 32 60 0 5 2 90 76 33 82 33 37 17 0 73 48 69 49 61 46 29 25 28 20 92 62 44 75 33 18 18 64 62 6 71 3 26 71 95 55 25 82 36 
37 22 84 3 54 47 90 16 30 53 63 46 66 69 20 63 31 8 47 90 64 59 98 48 38 39 52 51 33 22 2 74 7 54 70 4 21 24 39 52 48 63 42 15 65 73 67 13 81 49 73 0 10 86 5 24 6 0 47 10 3 95 48 45 87 70 62 79 39 66 38 0 89 85 63 57 87 53 6 11 
63 26 92 33 42 20 58 61 51 94 74 36 49 12 8 3 28 98 87 73 85 5 20 76 11 7 65 44 88 40 35 31 78 28 49 98 74 13 81 68 24 93 6 29 61 58 7 49 69 43 48 10 0 64 75 25 5 41 50 44 18 98 47 45 87 34 76 32 46 2 48 36 73 28 99 31 57 44 65 39 
43 72 74 90 25 50 69 72 89 60 4 95 1 54 15 85 40 60 77 94 52 62 26 16 14 68 48 16 48 26 2 20 63 64 38 43 5 7 78 52 24 75 23 40 39 36 19 53 37 3 69 86 64 0 46 44 45 89 76 50 75 34 87 93 18 15 80 10 20 85 14 69 70 3 78 7 12 47 56 37 
1 20 3 69 84 61 76 90 7 73 23 57 30 82 9 59 73 67 52 70 30 0 61 81 45 55 37 78 91 7 66 0 11 58 78 24 64 16 9 46 66 66 10 47 54 70 49 56 75 58 49 5 75 46 0 91 96 83 74 99 13 71 24 72 87 41 57 54 27 71 30 10 94 97 30 79 67 73 6 36 
51 7 34 20 68 57 5 0 37 51 77 24 82 62 97 91 62 80 91 87 49 2 71 74 90 65 76 27 19 69 80 89 16 64 82 97 52 96 41 77 16 13 4 85 75 95 77 31 28 53 61 24 25 44 91 0 3 80 83 19 32 0 69 17 90 74 53 61 43 14 65 37 71 65 35 90 66 8 83 56 
74 31 71 83 45 84 88 50 95 5 63 25 20 45 93 84 77 11 5 38 14 70 87 1 56 44 66 8 34 0 62 86 43 39 17 54 61 51 61 79 60 8 68 54 54 16 27 8 99 34 46 6 5 45 96 3 0 65 93 28 39 20 6 49 12 30 39 58 20 90 28 33 99 30 28 22 96 48 60 44 
8 91 87 61 79 42 12 42 6 3 50 38 34 86 97 66 86 99 36 41 13 63 90 36 27 84 46 16 39 49 25 9 68 7 49 63 86 65 86 34 35 1 29 37 76 13 62 16 62 14 29 0 41 89 83 80 65 0 99 59 78 65 16 69 7 55 75 85 92 98 88 57 80 82 78 32 65 45 6 83 
70 62 48 32 30 26 90 15 29 33 74 81 95 26 28 44 96 87 50 40 28 31 15 50 45 55 92 11 18 22 1 80 64 29 74 93 91 90 53 75 21 45 64 64 67 17 1 70 38 62 25 47 50 76 74 83 93 99 0 99 23 82 40 50 93 98 84 39 0 60 78 63 48 47 81 81 53 87 47 9 
28 66 90 18 18 32 60 90 15 3 47 92 84 31 78 49 22 29 87 15 26 88 93 38 85 39 39 97 41 70 86 64 97 45 43 4 72 25 57 92 48 67 56 5 86 49 94 42 45 87 28 10 44 50 99 19 28 59 99 0 14 34 99 64 8 23 25 59 38 86 36 91 68 68 54 86 63 1 32 43 
6 80 53 4 58 19 71 72 86 65 45 12 24 59 77 11 37 57 63 90 83 5 17 96 71 42 78 33 77 79 33 98 90 74 46 55 57 19 15 2 0 78 85 39 92 99 44 2 46 61 20 3 18 75 13 32 39 78 23 14 0 95 97 63 18 1 28 39 17 8 80 83 35 56 9 34 44 57 91 13 
39 27 71 64 87 36 2 28 72 48 72 83 21 83 11 96 55 10 7 49 18 98 62 74 87 73 8 36 94 25 16 78 3 87 60 27 64 31 28 47 32 75 74 38 25 34 51 62 55 50 92 95 98 34 71 0 20 65 82 34 95 0 26 89 19 93 62 60 83 59 31 96 23 74 11 13 26 52 66 42 
93 53 34 89 51 34 97 65 50 75 87 49 3 73 94 68 53 76 35 59 0 33 45 32 71 54 94 69 27 97 36 46 31 52 36 76 18 76 87 33 83 62 53 94 47 62 36 17 99 0 62 48 47 87 24 69 6 16 40 99 97 26 0 37 58 17 66 12 38 60 50 36 46 66 59 66 70 41 71 3 
1 54 24 98 10 22 93 35 92 70 55 6 74 64 19 11 50 83 25 89 47 92 51 6 13 11 29 85 54 48 44 77 46 37 87 57 67 45 88 75 25 34 83 29 27 97 5 93 14 76 44 45 45 93 72 17 49 69 50 64 63 89 37 0 34 14 71 60 74 16 82 71 99 69 66 47 56 10 0 1 
69 14 3 85 12 68 30 28 51 29 74 48 65 5 12 31 84 22 38 15 60 62 85 71 78 41 53 51 70 25 46 66 62 47 62 76 55 68 9 56 7 77 75 31 72 98 3 51 27 87 75 87 87 18 87 90 12 7 93 8 18 19 58 34 0 69 20 69 65 61 42 80 89 30 66 1 12 69 97 71 
86 87 4 31 89 79 74 56 52 87 14 74 41 75 59 58 33 87 53 14 48 90 23 29 1 65 67 96 86 13 53 99 27 22 99 57 47 14 7 0 12 22 49 91 17 45 33 26 55 73 33 70 34 15 41 74 30 55 98 23 1 93 17 14 69 0 92 78 79 2 39 84 56 60 97 23 23 52 32 42 
99 30 21 11 79 98 89 7 50 75 7 35 27 94 7 11 41 76 70 55 9 11 11 12 48 94 18 37 35 42 55 13 74 90 69 89 10 27 18 67 21 89 50 75 41 89 94 30 69 70 18 62 76 80 57 53 39 75 84 25 28 62 66 71 20 92 0 35 52 46 82 10 96 50 2 62 89 91 9 55 
24 2 43 49 35 39 7 66 82 55 26 24 43 95 48 62 26 69 68 25 94 1 35 79 56 91 23 83 24 60 13 23 59 55 15 68 39 72 0 20 92 2 17 13 93 27 49 20 73 83 18 79 32 10 54 61 58 85 39 59 39 60 12 60 69 78 35 0 95 99 45 91 69 14 70 19 24 16 92 43 
35 21 9 60 96 93 85 26 10 73 28 70 64 57 43 87 81 93 34 73 26 18 70 25 60 62 90 27 39 67 89 4 26 19 10 39 61 20 89 86 3 56 15 47 14 40 35 41 94 60 64 39 46 20 27 43 20 92 0 38 17 83 38 74 65 79 52 95 0 64 35 15 65 93 60 87 55 25 49 3 
18 42 21 8 53 1 43 67 34 20 83 64 17 18 12 45 40 18 10 77 6 20 16 35 35 53 46 68 4 18 12 40 24 59 39 48 58 64 83 52 43 72 93 52 62 67 32 19 23 11 62 66 2 85 71 14 90 98 60 86 8 59 60 16 61 2 46 99 64 0 90 10 62 80 24 65 63 57 22 38 
65 9 13 67 23 20 89 75 7 53 19 29 92 90 58 76 91 32 5 9 71 23 87 11 73 6 17 61 87 54 14 86 91 63 50 70 57 88 11 5 51 78 14 3 64 57 2 75 22 85 6 38 48 14 30 65 28 88 78 36 80 31 50 82 42 39 82 45 35 90 0 83 79 80 85 95 86 41 31 94 
76 87 85 49 86 43 40 17 77 82 26 99 64 78 52 68 81 2 39 0 79 44 62 18 80 13 55 76 92 52 71 85 99 85 8 7 74 15 92 15 15 12 56 49 72 48 19 72 23 0 71 0 36 69 10 37 33 57 63 91 83 96 36 71 80 84 10 91 15 10 83 0 13 83 75 10 9 15 65 62 
49 3 35 47 45 57 88 12 91 33 1 1 83 94 24 3 29 65 26 59 12 8 20 3 83 97 33 26 63 58 8 85 13 25 66 84 34 35 97 64 32 56 88 12 8 23 25 3 1 1 3 89 73 70 94 71 99 80 48 68 35 23 46 99 89 56 96 69 65 62 79 13 0 44 89 23 22 37 37 13 
57 19 23 28 39 34 35 74 66 53 1 87 59 15 5 0 24 89 71 53 57 12 45 6 91 40 45 14 95 37 99 26 78 52 40 60 41 19 51 89 19 75 25 73 66 34 21 61 91 79 26 85 28 3 97 65 30 82 47 68 56 74 66 69 30 60 50 14 93 80 80 83 44 0 67 36 65 35 87 12 
91 11 54 55 96 55 32 71 4 22 99 13 30 71 56 52 0 73 25 49 58 87 63 26 15 41 43 92 1 44 2 32 37 65 2 60 3 37 7 9 49 40 98 36 3 33 40 11 37 88 71 63 99 78 30 35 28 78 81 54 9 11 59 66 66 97 2 70 60 24 85 75 89 67 0 22 78 58 13 88 
30 32 25 7 5 74 21 68 75 54 77 95 46 90 4 85 42 97 78 77 28 53 11 30 62 81 46 23 78 84 98 9 30 17 4 87 87 75 70 16 34 78 10 45 94 81 39 32 9 90 95 57 31 7 79 90 22 32 81 86 34 13 66 47 1 23 62 19 87 65 95 10 23 36 22 0 32 2 37 97 
91 17 43 76 60 39 78 67 28 16 6 52 22 38 67 60 39 24 71 31 83 5 12 59 33 68 98 49 94 8 76 61 30 47 43 10 32 24 30 72 89 6 38 25 31 78 98 46 96 96 55 87 57 12 67 66 96 65 53 63 44 26 70 56 12 23 89 24 55 63 86 9 22 65 78 32 0 41 76 99 
34 70 27 55 67 0 70 35 5 84 72 85 62 66 57 23 39 50 62 76 54 30 38 74 82 43 69 94 10 95 98 81 42 88 73 92 73 65 80 18 18 69 16 94 77 64 44 33 18 25 25 53 44 47 73 8 48 45 87 1 57 52 41 10 69 52 91 16 25 57 41 15 37 35 58 2 41 0 30 24 
16 55 57 7 21 50 87 57 54 43 88 9 89 45 69 97 0 11 3 64 46 24 54 28 36 55 32 31 3 17 85 33 53 9 13 86 76 75 54 45 18 78 51 10 62 77 14 78 31 71 82 6 65 56 6 83 60 6 47 32 91 66 71 0 97 32 9 92 49 22 31 65 37 87 13 37 76 30 0 10 
25 49 84 98 45 78 70 56 38 76 89 66 99 16 32 58 32 71 69 72 66 94 62 24 85 2 84 86 68 28 38 79 69 60 33 46 3 76 32 53 15 74 42 45 24 9 34 46 69 52 36 11 39 37 36 56 44 83 9 43 13 42 3 1 71 42 55 43 3 38 94 62 13 12 88 97 99 24 10 0 
0 59 12 16 63 55 10 38 65 2 71 18 80 38 46 31 72 39 53 66 67 5 47 35 58 37 24 14 87 99 43 92 42 5 15 22 12 38 12 85 1 33 64 5 52 1 4 37 48 83 38 65 40 62 43 49 43 28 98 6 76 57 22 63 67 30 9 88 48 38 21 75 62 95 85 96 63 11 48 55 
59 0 21 56 88 92 69 89 34 14 33 87 27 32 21 90 20 54 34 90 48 30 53 86 3 12 75 44 65 64 64 27 32 73 80 32 51 67 80 57 33 7 18 70 34 33 41 39 2 34 48 92 18 99 93 67 9 60 28 52 89 29 19 47 67 35 28 28 24 6 98 2 26 52 88 56 74 76 5 16 
12 21 0 87 3 67 70 63 42 44 72 5 24 2 7 87 13 33 31 10 92 83 3 89 28 91 54 87 61 31 64 5 58 37 0 36 97 61 86 39 16 50 75 52 92 92 54 12 31 76 70 59 88 12 0 59 0 59 3 86 64 83 28 86 49 25 49 43 51 28 90 59 18 43 45 86 93 6 21 77 
16 56 87 0 35 24 1 63 95 25 95 6 77 46 14 86 23 1 46 67 32 49 66 77 18 32 13 80 61 62 69 47 56 67 9 24 31 44 31 66 69 15 20 40 25 83 35 64 3 21 6 14 79 65 23 52 5 72 67 87 23 50 0 96 26 38 90 27 4 45 58 85 33 37 28 86 30 57 11 5 
63 88 3 35 0 92 7 41 80 74 72 64 82 13 32 20 83 38 9 79 50 7 99 38 1 42 75 93 21 84 24 98 74 27 5 98 44 7 5 23 41 84 37 24 4 49 14 2 78 52 60 4 75 39 65 7 41 84 19 80 89 85 45 26 84 52 51 76 65 96 15 53 32 50 28 98 14 85 31 66 
55 92 67 24 92 0 12 3 16 36 29 27 0 89 88 71 23 49 25 75 59 75 80 50 0 55 61 72 13 89 27 32 76 83 73 44 55 89 27 36 38 42 52 97 87 25 34 3 65 57 5 63 99 66 75 6 67 32 85 27 96 1 25 78 21 73 9 35 16 66 91 12 1 1 98 41 29 10 91 34 
10 69 70 1 7 12 0 92 25 64 84 92 23 22 3 50 29 33 70 36 8 54 18 26 53 40 57 23 92 64 36 29 10 42 67 66 72 61 3 91 80 33 84 55 29 52 54 14 12 76 38 88 45 73 33 85 6 45 24 62 65 7 32 60 46 91 3 2 76 1 95 98 79 52 85 67 46 24 36 28 
38 89 63 63 41 3 92 0 80 96 31 95 47 60 51 24 81 59 35 71 55 16 86 23 22 82 76 62 10 6 80 44 53 50 68 32 9 35 50 10 70 70 3 62 96 91 91 10 74 14 51 56 28 51 32 61 22 45 1 1 16 3 17 73 93 34 50 48 80 93 19 6 88 20 7 73 26 37 65 47 
65 34 42 95 80 16 25 80 0 21 79 77 30 43 84 97 91 37 63 56 86 78 89 94 51 24 61 59 10 11 49 6 48 21 27 5 39 29 96 86 29 1 97 56 1 34 37 51 54 59 37 53 48 44 11 97 18 49 20 2 6 84 21 54 68 39 66 48 16 39 67 83 48 97 28 1 93 15 71 85 
2 14 44 25 74 36 64 96 21 0 5 86 94 0 31 30 51 9 88 49 55 32 27 43 75 56 23 11 34 32 90 60 73 28 61 83 90 58 70 83 49 15 2 27 44 40 17 65 63 43 58 36 91 68 32 11 93 31 18 89 33 74 56 80 93 95 85 24 63 2 93 77 74 2 45 77 12 17 42 60 
71 33 72 95 72 29 84 31 79 5 0 76 96 30 36 96 18 72 37 85 59 30 53 0 9 44 88 97 52 71 83 12 68 32 91 75 13 35 21 18 12 87 96 16 45 52 55 18 97 69 95 13 0 42 19 57 77 21 41 72 13 37 74 50 48 86 54 56 77 0 34 37 50 37 43 54 19 99 69 91 
18 87 5 6 64 27 92 95 77 86 76 0 32 85 0 54 31 48 61 42 41 14 9 35 47 36 64 62 48 10 25 8 63 24 49 85 85 74 22 55 41 83 25 22 81 18 51 39 53 6 23 78 35 62 64 58 49 55 30 95 52 12 84 68 0 87 46 47 35 71 85 69 94 85 59 17 51 54 44 50 
80 27 24 77 82 0 23 47 30 94 96 32 0 95 44 56 80 69 94 54 97 37 12 27 96 48 48 68 35 89 59 47 90 85 29 30 93 22 43 89 89 77 48 81 16 74 57 38 94 30 79 37 79 72 67 90 22 28 78 47 72 15 55 74 64 70 46 97 16 34 2 23 43 85 22 19 52 80 98 46 
38 32 2 46 13 89 22 60 43 0 30 85 95 0 3 71 43 5 1 45 87 24 33 4 75 44 14 64 85 23 38 12 32 84 10 66 26 19 93 25 30 43 11 28 39 87 70 66 70 80 84 82 70 90 65 95 47 38 40 54 17 19 56 92 75 76 35 88 90 57 93 1 59 19 82 46 59 98 0 82 
46 21 7 14 32 88 3 51 84 31 36 0 44 3 0 87 66 47 9 36 25 46 2 92 82 87 65 23 62 91 10 50 64 15 9 84 3 32 10 79 13 36 2 44 49 36 65 86 31 86 33 76 30 10 94 95 17 39 32 84 39 77 39 9 58 92 4 29 31 37 74 73 94 11 73 64 90 5 39 95 
31 90 87 86 20 71 50 24 97 30 96 54 56 71 87 0 31 95 22 48 97 49 32 23 66 40 89 57 65 13 89 85 8 78 89 8 83 95 88 62 78 20 13 60 75 28 46 95 61 2 1 94 60 75 20 38 68 80 87 88 3 74 11 83 36 86 20 71 66 62 74 29 79 21 92 95 59 95 47 29 
72 20 13 23 83 23 29 81 91 51 18 31 80 43 66 31 0 46 83 74 29 36 38 64 75 2 15 44 69 39 60 18 23 94 25 83 77 55 84 24 30 18 45 64 93 97 40 52 89 46 81 78 8 80 75 44 95 90 87 79 8 97 83 83 37 3 32 30 91 69 28 26 63 62 47 62 8 84 92 52 
39 54 33 1 38 49 33 59 37 9 72 48 69 5 47 95 46 0 18 81 5 16 19 89 44 14 61 45 74 31 72 38 78 29 10 48 72 99 38 80 19 99 94 82 87 8 56 92 49 25 12 85 97 9 57 30 27 10 13 38 57 92 99 25 76 39 63 86 14 98 26 87 82 14 34 28 90 15 82 8 
53 34 31 46 9 25 70 35 63 88 37 61 94 1 9 22 83 18 0 42 62 61 48 97 57 27 4 83 50 93 23 94 29 18 58 17 53 87 93 58 34 73 26 69 23 0 21 29 5 53 48 65 24 56 21 25 10 94 11 46 95 57 16 50 87 96 78 10 14 4 55 31 20 25 95 7 11 83 56 68 
66 90 10 67 79 75 36 71 56 49 85 42 54 45 36 48 74 81 42 0 31 35 20 42 32 3 24 6 30 13 7 7 88 31 38 98 65 32 49 29 69 65 35 98 17 73 89 28 63 40 3 81 91 8 52 69 82 85 88 50 23 13 63 14 53 67 75 41 91 41 56 44 55 8 87 94 68 84 5 56 
67 48 92 32 50 59 8 55 86 55 59 41 97 87 25 97 29 5 62 31 0 24 41 4 60 75 75 2 85 55 89 69 42 20 11 43 50 81 46 85 45 55 17 84 59 6 71 48 24 64 37 8 56 47 75 7 75 13 77 17 22 89 52 42 22 42 32 91 0 57 91 19 44 67 61 40 35 37 42 32 
5 30 83 49 7 75 54 16 78 32 30 14 37 24 46 49 36 16 61 35 24 0 99 26 59 67 11 76 41 96 91 77 79 59 55 38 80 9 14 43 83 51 32 58 99 95 27 38 32 83 36 79 50 12 54 37 29 74 70 68 25 44 51 65 50 2 94 61 68 40 46 19 55 64 82 17 85 76 7 3 
47 53 3 66 99 80 18 86 89 27 53 9 12 33 2 32 38 19 48 20 41 99 0 44 90 75 24 87 32 41 63 28 38 19 89 98 39 58 58 25 61 31 67 78 59 91 50 14 73 64 2 7 3 58 34 12 93 48 32 58 7 48 53 65 23 22 37 38 47 42 5 78 17 48 38 79 28 58 61 37 
35 86 89 77 38 50 26 23 94 43 0 35 27 4 92 23 64 89 97 42 4 26 44 0 45 34 92 25 1 1 95 59 62 31 24 99 64 55 5 26 92 44 68 50 38 25 16 61 1 55 45 81 90 19 86 36 34 50 78 66 57 73 75 65 96 10 60 14 96 57 28 24 51 5 83 57 26 26 56 7 
58 3 28 18 1 0 53 22 51 75 9 47 96 75 82 66 75 44 57 32 60 59 90 45 0 45 88 26 30 33 84 94 68 41 56 24 82 23 35 71 16 25 99 15 64 78 29 34 93 43 22 67 85 19 34 31 45 32 97 20 33 41 24 57 91 71 68 68 4 34 23 90 86 20 96 31 32 15 58 37 
37 12 91 32 42 55 40 82 24 56 44 36 48 44 87 40 2 14 27 3 75 67 75 34 45 0 92 52 76 35 18 41 43 38 71 59 73 53 95 23 17 26 49 95 89 91 23 22 68 80 15 71 59 2 32 98 82 83 49 74 70 28 94 72 35 97 46 51 82 30 62 3 13 21 9 0 7 27 56 76 
24 75 54 13 75 61 57 76 61 23 88 64 48 14 65 89 15 61 4 24 75 11 24 92 88 92 0 54 16 27 90 27 41 51 41 45 8 40 48 5 66 19 78 72 85 3 73 16 53 45 74 83 92 95 18 76 84 57 44 94 49 65 89 91 25 69 13 96 42 20 25 79 25 95 70 96 25 21 32 38 
14 44 87 80 93 72 23 62 59 11 97 62 68 64 23 57 44 45 83 6 2 76 87 25 26 52 54 0 82 49 67 91 84 27 68 67 47 76 50 2 54 14 28 14 88 43 13 33 16 52 7 36 81 41 86 98 95 90 49 18 2 18 32 25 36 62 35 86 69 3 29 3 9 76 81 5 15 98 98 11 
87 65 61 61 21 13 92 10 10 34 52 48 35 85 62 65 69 74 50 30 85 41 32 1 30 76 16 82 0 77 48 97 94 10 3 10 49 34 21 74 34 5 11 80 48 32 23 37 43 83 96 10 51 78 97 56 94 64 35 40 12 91 21 29 22 10 65 48 74 48 45 33 76 85 44 94 48 77 54 68 
99 64 31 62 84 89 64 6 11 32 71 10 89 23 91 13 39 31 93 13 55 96 41 1 33 35 27 49 77 0 40 46 18 44 56 16 19 4 75 68 68 19 42 8 86 5 80 38 17 63 98 89 79 44 44 5 97 28 29 25 17 42 99 8 37 72 57 7 3 45 86 51 73 89 8 99 53 99 84 36 
43 64 64 69 24 27 36 80 49 90 83 25 59 38 10 89 60 72 23 7 89 91 63 95 84 18 90 67 48 40 0 0 70 0 33 7 46 4 14 7 30 19 53 79 65 59 50 87 67 34 43 73 60 57 28 20 99 82 32 37 78 89 12 24 94 67 91 44 62 93 5 54 73 92 43 51 9 75 94 49 
92 27 5 47 98 32 29 44 6 60 12 8 47 12 50 85 18 38 94 7 69 77 28 59 94 41 27 91 97 46 0 0 3 42 93 78 59 61 12 52 51 20 96 84 47 17 54 55 71 93 19 15 89 8 40 99 82 92 14 76 10 8 8 28 4 31 51 68 58 28 38 87 91 44 5 29 81 77 86 29 
42 32 58 56 74 76 10 53 48 73 68 63 90 32 64 8 23 78 29 88 42 79 38 62 68 43 41 84 94 18 70 3 0 15 60 37 77 52 96 8 8 82 78 68 29 18 15 23 90 30 13 3 26 28 63 28 77 49 77 14 14 54 80 78 12 44 38 98 69 80 32 27 61 66 24 26 22 31 40 50 
5 73 37 67 27 83 42 50 21 28 32 24 85 84 15 78 94 29 18 31 20 59 19 31 41 38 51 27 10 44 0 42 15 0 51 32 17 10 48 55 98 80 15 76 86 95 46 55 14 97 77 5 82 52 55 48 93 98 7 80 65 51 36 20 38 85 30 84 0 39 1 33 48 82 62 90 93 70 20 95 
15 80 0 9 5 73 67 68 27 61 91 49 29 10 9 89 25 10 58 38 11 55 89 24 56 71 41 68 3 56 33 93 60 51 0 2 66 55 96 17 91 62 44 48 73 45 7 4 78 79 35 27 12 75 38 14 59 89 83 25 32 45 64 35 62 8 55 95 46 97 52 30 39 30 90 57 64 51 64 96 
22 32 36 24 98 44 66 32 5 83 75 85 30 66 84 8 83 48 17 98 43 38 98 99 24 59 45 67 10 16 7 78 37 32 2 0 88 99 0 46 43 32 60 75 57 50 37 28 18 48 90 69 8 90 95 82 82 33 98 51 3 9 34 7 35 1 5 84 19 33 88 8 31 76 89 65 45 25 10 46 
12 51 97 31 44 55 72 9 39 90 13 85 93 26 3 83 77 72 53 65 50 80 39 64 82 73 8 47 49 19 46 59 77 17 66 88 0 32 9 73 20 80 22 26 64 46 53 74 94 95 93 83 73 53 99 62 49 92 79 38 93 51 89 89 21 69 41 54 75 77 20 99 11 75 9 67 2 75 25 40 
38 67 61 44 7 89 61 35 29 58 35 74 22 19 32 95 55 99 87 32 81 9 58 55 23 53 40 76 34 4 4 61 52 10 55 99 32 0 15 89 26 98 32 38 84 98 62 75 84 48 12 79 58 35 98 67 51 73 74 72 23 31 61 87 40 34 1 64 52 96 91 78 64 90 41 85 26 7 36 41 
12 80 86 31 5 27 3 50 96 70 21 22 43 93 10 88 84 38 93 49 46 14 58 5 35 95 48 50 21 75 14 12 96 48 96 0 9 15 0 19 11 22 10 64 36 56 70 35 7 47 23 79 33 6 11 55 71 81 17 77 25 45 85 25 82 55 67 3 87 24 31 85 67 23 78 5 86 51 86 28 
85 57 39 66 23 36 91 10 86 83 18 55 89 25 79 62 24 80 58 29 85 43 25 26 71 23 5 2 74 68 7 52 8 55 17 46 73 89 19 0 51 93 34 38 60 98 55 2 91 26 38 76 23 64 18 71 49 30 5 66 39 97 25 1 60 22 85 15 75 82 40 22 52 19 78 61 10 90 19 92 
1 33 16 69 41 38 80 70 29 49 12 41 89 30 13 78 30 19 34 69 45 83 61 92 16 17 66 54 34 68 30 51 8 98 91 43 20 26 11 51 0 94 88 2 88 5 64 3 12 78 33 56 58 54 87 73 8 2 38 17 87 45 38 28 15 15 74 18 6 96 13 35 79 33 46 61 60 55 78 79 
33 7 50 15 84 42 33 70 1 15 87 83 77 43 36 20 18 99 73 65 55 51 31 44 25 26 19 14 5 19 19 20 82 80 62 32 80 98 22 93 94 0 69 0 55 84 6 30 56 63 88 73 8 8 96 66 6 85 25 14 62 86 56 83 92 57 16 24 65 30 48 2 45 33 44 13 92 29 33 18 
64 18 75 20 37 52 84 3 97 2 96 25 48 11 2 13 45 94 26 35 17 32 67 68 99 49 78 28 11 42 53 96 78 15 44 60 22 32 10 34 88 69 0 11 26 98 52 56 44 7 24 83 63 56 36 85 40 38 4 33 45 59 75 41 5 79 56 44 38 2 94 98 54 49 95 88 94 98 2 33 
5 70 52 40 24 97 55 62 56 27 16 22 81 28 44 60 64 82 69 98 84 58 78 50 15 95 72 14 80 8 79 84 68 76 48 75 26 38 64 38 2 0 11 0 67 85 12 98 97 1 46 66 93 90 67 2 54 87 13 64 79 69 2 63 31 0 2 40 4 17 57 42 82 55 9 48 7 22 29 45 
52 34 92 25 4 87 29 96 1 44 45 81 16 39 49 75 93 87 23 17 59 99 59 38 64 89 85 88 48 86 65 47 29 86 73 57 64 84 36 60 88 55 26 67 0 56 14 34 84 54 38 98 35 20 65 58 8 78 37 12 28 37 72 39 60 91 39 50 61 65 56 81 1 29 88 53 55 60 45 60 
1 33 92 83 49 25 52 91 34 40 52 18 74 87 36 28 97 8 0 73 6 95 91 25 78 91 3 43 32 5 59 17 18 95 45 50 46 98 56 98 5 84 98 85 56 0 18 63 40 95 14 82 44 85 16 7 26 70 35 24 73 29 96 3 86 98 0 9 44 33 26 82 28 4 32 69 54 74 0 20 
4 41 54 35 14 34 54 91 37 17 55 51 57 70 65 46 40 56 21 89 71 27 50 16 29 23 73 13 23 80 50 54 15 46 7 37 53 62 70 55 64 6 52 12 14 18 0 44 85 54 55 2 68 23 69 30 15 76 89 12 42 73 71 71 31 56 7 56 47 45 2 25 18 66 82 88 1 45 93 98 
37 39 12 64 2 3 14 10 51 65 18 39 38 66 86 95 52 92 29 28 48 38 14 61 34 22 16 33 37 38 87 55 23 55 4 28 74 75 35 2 3 30 56 98 34 63 44 0 99 70 13 82 49 14 89 50 37 3 81 22 36 53 86 17 61 10 32 71 89 30 30 99 56 14 82 5 46 94 35 9 
48 2 31 3 78 65 12 74 54 63 97 53 94 70 31 61 89 49 5 63 24 32 73 1 93 68 53 16 43 17 67 71 90 14 78 18 94 84 7 91 12 56 44 97 84 40 85 99 0 59 28 58 59 27 61 84 47 89 12 45 70 70 35 89 25 15 61 29 67 38 31 41 49 93 78 66 19 60 80 75 
83 34 76 21 52 57 76 14 59 43 69 6 30 80 86 2 46 25 53 40 64 83 64 55 43 80 45 52 83 63 34 93 30 97 79 48 95 48 47 26 78 63 7 1 54 95 54 70 59 0 63 12 2 38 26 83 12 72 88 22 64 24 7 11 17 32 22 74 47 22 87 16 57 97 97 84 99 51 40 33 
38 48 70 6 60 5 38 51 37 58 95 23 79 84 33 1 81 12 48 3 37 36 2 45 22 15 74 7 96 98 43 19 13 77 35 90 93 12 23 38 33 88 24 46 38 14 55 13 28 63 0 8 83 55 17 14 56 35 96 86 91 19 77 26 70 49 44 3 64 43 97 18 33 14 93 58 52 70 43 80 
65 92 59 14 4 63 88 56 53 36 13 78 37 82 76 94 78 85 65 81 8 79 7 81 67 71 83 36 10 89 73 15 3 5 27 69 83 79 79 76 56 73 83 66 98 82 2 82 58 12 8 0 52 65 88 42 9 49 43 16 75 98 86 28 31 18 11 17 5 21 28 3 16 1 47 11 3 91 90 36 
40 18 88 79 75 99 45 28 48 91 0 35 79 70 30 60 8 97 24 91 56 50 3 90 85 59 92 81 51 79 60 89 26 82 12 8 73 58 33 23 58 8 63 93 35 44 68 49 59 2 83 52 0 96 48 82 54 34 9 52 6 53 3 30 5 66 9 28 70 47 94 95 37 19 0 49 78 30 58 30 
62 99 12 65 39 66 73 51 44 68 42 62 72 90 10 75 80 9 56 8 47 12 58 19 19 2 95 41 78 44 57 8 28 52 75 90 53 35 6 64 54 8 56 90 20 85 23 14 27 38 55 65 96 0 30 52 92 97 89 36 30 88 30 83 78 82 85 59 53 56 31 31 79 61 94 20 80 44 68 59 
43 93 0 23 65 75 33 32 11 32 19 64 67 65 94 20 75 57 21 52 75 54 34 86 34 32 18 86 97 44 28 40 63 55 38 95 99 98 11 18 87 96 36 67 65 16 69 89 61 26 17 88 48 30 0 37 20 39 98 5 41 21 12 91 70 28 17 52 22 47 44 90 85 14 13 10 5 96 31 80 
49 67 59 52 7 6 85 61 97 11 57 58 90 95 95 38 44 30 25 69 7 37 12 36 31 98 76 98 56 5 20 99 28 48 14 82 62 67 55 71 73 66 85 2 58 7 30 50 84 83 14 42 82 52 37 0 9 11 9 60 83 0 15 96 11 33 81 55 76 58 67 66 30 73 66 71 36 28 48 19 
43 9 0 5 41 67 6 22 18 93 77 49 22 47 17 68 95 27 10 82 75 29 93 34 45 82 84 95 94 97 99 82 77 93 59 82 49 51 71 49 8 6 40 54 8 26 15 37 47 12 56 9 54 92 20 9 0 5 81 21 87 68 35 54 44 82 69 27 5 81 55 14 52 39 26 79 64 31 87 4 
28 60 59 72 84 32 45 45 49 31 21 55 28 38 39 80 90 10 94 85 13 74 48 50 32 83 57 90 64 28 82 92 49 98 89 33 92 73 81 30 2 85 38 87 78 70 76 3 89 72 35 49 34 97 39 11 5 0 48 0 60 12 65 14 99 73 42 42 41 96 37 28 72 32 48 51 75 31 43 33 
98 28 3 67 19 85 24 1 20 18 41 30 78 40 32 87 87 13 11 88 77 70 32 78 97 49 44 49 35 29 32 14 77 7 83 98 79 74 17 5 38 25 4 13 37 35 89 81 12 88 96 43 9 89 98 9 81 48 0 48 86 62 29 75 7 32 86 82 48 62 31 64 1 13 36 52 6 48 28 77 
6 52 86 87 80 27 62 1 2 89 72 95 47 54 84 88 79 38 46 50 17 68 58 66 20 74 94 18 40 25 37 76 14 80 25 51 38 72 77 66 17 14 33 64 12 24 12 22 45 22 86 16 52 36 5 60 21 0 48 0 67 0 99 14 39 39 87 22 3 38 23 32 74 80 63 80 11 43 11 65 
76 89 64 23 89 96 65 16 6 33 13 52 72 17 39 3 8 57 95 23 22 25 7 57 33 70 49 2 12 17 78 10 14 65 32 3 93 23 25 39 87 62 45 79 28 73 42 36 70 64 91 75 6 30 41 83 87 60 86 67 0 49 52 56 69 2 42 94 60 24 12 89 61 76 82 95 60 70 65 99 
57 29 83 50 85 1 7 3 84 74 37 12 15 19 77 74 97 92 57 13 89 44 48 73 41 28 65 18 91 42 89 8 54 51 45 9 51 31 45 97 45 86 59 69 37 29 73 53 70 24 19 98 53 88 21 0 68 12 62 0 49 0 53 57 43 79 48 9 89 67 84 9 83 41 67 50 44 48 71 35 
22 19 28 0 45 25 32 17 21 56 74 84 55 56 39 11 83 99 16 63 52 51 53 75 24 94 89 32 21 99 12 8 80 36 64 34 89 61 85 25 38 56 75 2 72 96 71 86 35 7 77 86 3 30 12 15 35 65 29 99 52 53 0 53 79 73 88 64 48 66 80 63 31 74 68 38 37 59 37 0 
63 47 86 96 26 78 60 73 54 80 50 68 74 92 9 83 83 25 50 14 42 65 65 65 57 72 91 25 29 8 24 28 78 20 35 7 89 87 25 1 28 83 41 63 39 3 71 17 89 11 26 28 30 83 91 96 54 14 75 14 56 57 53 0 5 41 6 58 8 48 93 16 1 42 64 93 91 20 27 60 
67 67 49 26 84 21 46 93 68 93 48 0 64 75 58 36 37 76 87 53 22 50 23 96 91 35 25 36 22 37 94 4 12 38 62 35 21 40 82 60 15 92 5 31 60 86 31 61 25 17 70 31 5 78 70 11 44 99 7 39 69 43 79 5 0 45 48 30 75 25 33 19 18 69 68 43 69 71 17 78 
30 35 25 38 52 73 91 34 39 95 86 87 70 76 92 86 3 39 96 67 42 2 22 10 71 97 69 62 10 72 67 31 44 85 8 1 69 34 55 22 15 57 79 0 91 98 56 10 15 32 49 18 66 82 28 33 82 73 32 39 2 79 73 41 45 0 40 81 55 24 9 65 41 80 86 50 39 42 73 87 
9 28 49 90 51 9 3 50 66 85 54 46 46 35 4 20 32 63 78 75 32 94 37 60 68 46 13 35 65 57 91 51 38 30 55 5 41 1 67 85 74 16 56 2 39 0 7 32 61 22 44 11 9 85 17 81 69 42 86 87 42 48 88 6 48 40 0 8 87 33 21 34 61 80 90 66 73 26 32 67 
88 28 43 27 76 35 2 48 48 24 56 47 97 88 29 71 30 86 10 41 91 61 38 14 68 51 96 86 48 7 44 68 98 84 95 84 54 64 3 15 18 24 44 40 50 9 56 71 29 74 3 17 28 59 52 55 27 42 82 22 94 9 64 58 30 81 8 0 45 69 40 30 26 85 11 0 17 10 60 87 
48 24 51 4 65 16 76 80 16 63 77 35 16 90 31 66 91 14 14 91 0 68 47 96 4 82 42 69 74 3 62 58 69 0 46 19 75 52 87 75 6 65 38 4 61 44 47 89 67 47 64 5 70 53 22 76 5 41 48 3 60 89 48 8 75 55 87 45 0 97 18 72 42 54 78 18 13 28 6 34 
38 6 28 45 96 66 1 93 39 2 0 71 34 57 37 62 69 98 4 41 57 40 42 57 34 30 20 3 48 45 93 28 80 39 97 33 77 96 24 82 96 30 2 17 65 33 45 30 38 22 43 21 47 56 47 58 81 96 62 38 24 67 66 48 25 24 33 69 97 0 46 45 39 99 15 2 98 85 47 16 
21 98 90 58 15 91 95 19 67 93 34 85 2 93 74 74 28 26 55 56 91 46 5 28 23 62 25 29 45 86 5 38 32 1 52 88 20 91 31 40 13 48 94 57 56 26 2 30 31 87 97 28 94 31 44 67 55 37 31 23 12 84 80 93 33 9 21 40 18 46 0 41 88 85 89 52 92 23 36 9 
75 2 59 85 53 12 98 6 83 77 37 69 23 1 73 29 26 87 31 44 19 19 78 24 90 3 79 3 33 51 54 87 27 33 30 8 99 78 85 22 35 2 98 42 81 82 25 99 41 16 18 3 95 31 90 66 14 28 64 32 89 9 63 16 19 65 34 30 72 45 41 0 52 83 30 30 52 48 30 78 
62 26 18 33 32 1 79 88 48 74 50 94 43 59 94 79 63 82 20 55 44 55 17 51 86 13 25 9 76 73 73 91 61 48 39 31 11 64 67 52 79 45 54 82 1 28 18 56 49 57 33 16 37 79 85 30 52 72 1 74 61 83 31 1 18 41 61 26 42 39 88 52 0 15 85 38 70 53 77 33 
95 52 43 37 50 1 52 20 97 2 37 85 85 19 11 21 62 14 25 8 67 64 48 5 20 21 95 76 85 89 92 44 66 82 30 76 75 90 23 19 33 33 49 55 29 4 66 14 93 97 14 1 19 61 14 73 39 32 13 80 76 41 74 42 69 80 80 85 54 99 85 83 15 0 51 74 85 20 58 64 
85 88 45 28 28 98 85 7 28 45 43 59 22 82 73 92 47 34 95 87 61 82 38 83 96 9 70 81 44 8 43 5 24 62 90 89 9 41 78 78 46 44 95 9 88 32 82 82 78 97 93 47 0 94 13 66 26 48 36 63 82 67 68 64 68 86 90 11 78 15 89 30 85 51 0 17 7 50 49 56 
96 56 86 86 98 41 67 73 1 77 54 17 19 46 64 95 62 28 7 94 40 17 79 57 31 0 96 5 94 99 51 29 26 90 57 65 67 85 5 61 61 13 88 48 53 69 88 5 66 84 58 11 49 20 10 71 79 51 52 80 95 50 38 93 43 50 66 0 18 2 52 30 38 74 17 0 43 45 37 72 
63 74 93 30 14 29 46 26 93 12 19 51 52 59 90 59 8 90 11 68 35 85 28 26 32 7 25 15 48 53 9 81 22 93 64 45 2 26 86 10 60 92 94 7 55 54 1 46 19 99 52 3 78 80 5 36 64 75 6 11 60 44 37 91 69 39 73 17 13 98 92 52 70 85 7 43 0 66 3 36 
11 76 6 57 85 10 24 37 15 17 99 54 80 98 5 95 84 15 83 84 37 76 58 26 15 27 21 98 77 99 75 77 31 70 51 25 75 7 51 90 55 29 98 22 60 74 45 94 60 51 70 91 30 44 96 28 31 31 48 43 70 48 59 20 71 42 26 10 28 85 23 48 53 20 50 45 66 0 61 98 
48 5 21 11 31 91 36 65 71 42 69 44 98 0 39 47 92 82 56 5 42 7 61 56 58 56 32 98 54 84 94 86 40 20 64 10 25 36 86 19 78 33 2 29 45 0 93 35 80 40 43 90 58 68 31 48 87 43 28 11 65 71 37 27 17 73 32 60 6 47 36 30 77 58 49 37 3 61 0 24 
55 16 77 5 66 34 28 47 85 60 91 50 46 82 95 29 52 8 68 56 32 3 37 7 37 76 38 11 68 36 49 29 50 95 96 46 40 41 28 92 79 18 33 45 60 20 98 9 75 33 80 36 30 59 80 19 4 33 77 65 99 35 0 60 78 87 67 87 34 16 9 78 33 64 56 72 36 98 24 0 
