100
0 10 91 52 46 28 28 87 76 75 59 7 23 69 24 18 59 95 26 55 15 88 92 32 58 96 54 63 18 72 70 57 98 84 73 47 72 14 99 48 37 33 84 62 19 91 29 91 23 19 67 54 13 20 9 86 88 11 58 53 16 98 20 12 25 99 67 82 3 72 73 53 25 89 63 9 99 48 10 68 1 93 89 55 67 28 52 56 5 85 0 20 74 50 44 37 63 64 88 99 
10 0 14 96 54 61 19 76 40 30 55 41 30 37 59 88 13 87 26 71 61 79 18 10 12 51 11 82 92 90 89 58 22 41 41 39 98 94 60 28 47 44 93 79 38 85 46 6 76 93 13 90 96 46 71 4 98 92 17 94 1 55 1 12 73 65 5 7 87 13 84 52 38 75 55 0 16 88 93 48 81 60 65 88 77 54 6 58 78 7 84 45 34 60 60 36 0 76 23 43 
91 14 0 54 91 97 32 46 94 51 48 9 40 68 10 68 91 79 23 7 25 93 78 60 25 89 13 8 94 68 42 96 53 91 22 67 79 70 70 57 71 51 53 28 58 92 66 27 43 67 43 93 42 89 40 25 25 66 3 54 56 0 69 14 4 33 90 12 66 32 43 84 49 46 17 17 33 34 9 79 16 37 5 57 66 66 80 17 60 68 89 29 57 81 34 44 52 33 16 83 
52 96 54 0 90 22 78 25 65 45 99 47 63 89 36 82 78 58 51 1 11 30 28 9 9 41 46 95 22 40 81 45 30 67 94 3 94 79 97 48 36 21 98 2 68 72 36 27 62 22 32 28 1 97 35 34 83 41 25 58 9 67 80 14 76 38 36 73 35 7 38 8 88 38 32 38 40 16 6 63 10 98 61 97 4 25 57 19 35 48 97 5 72 90 33 24 62 7 88 21 
46 54 91 90 0 53 75 31 17 85 70 84 58 13 67 57 66 89 80 46 85 59 70 10 82 12 71 99 42 10 26 97 59 1 17 8 62 91 98 5 53 23 86 5 86 4 92 83 35 21 82 90 80 46 27 92 23 25 16 4 61 54 36 71 24 53 98 27 41 45 99 22 79 78 96 70 35 49 30 24 74 38 11 55 4 17 1 1 17 49 0 3 22 11 51 65 40 47 47 28 
28 61 97 22 53 0 80 40 99 63 35 48 41 20 24 12 99 76 20 64 0 85 30 79 93 58 11 47 15 93 76 15 45 24 0 3 74 29 54 78 99 96 25 72 93 63 54 39 37 81 30 92 85 99 28 50 97 12 20 3 25 66 80 4 26 19 47 39 96 29 83 28 6 88 26 44 49 3 40 11 5 28 56 46 72 15 77 17 20 88 83 41 54 44 94 73 89 7 80 99 
28 19 32 78 75 80 0 13 8 81 31 47 43 32 77 37 90 1 23 18 48 93 33 50 96 56 94 68 65 3 10 62 71 39 3 82 70 94 97 8 86 17 6 87 18 84 9 17 0 4 97 89 76 16 64 58 23 22 22 81 90 8 14 78 57 42 50 78 14 53 88 19 49 18 50 86 84 4 88 12 43 22 44 87 75 11 67 65 90 64 66 90 38 54 81 53 47 19 84 30 
87 76 46 25 31 40 13 0 86 51 85 9 94 21 36 72 47 90 37 49 18 87 39 54 3 47 57 18 66 68 74 33 24 58 2 38 87 89 45 99 28 69 52 9 49 74 80 28 6 30 58 1 88 30 44 82 40 41 45 30 68 79 79 32 64 28 56 26 37 61 85 8 10 94 92 0 20 8 4 71 92 95 1 97 80 93 33 60 93 93 44 92 97 23 52 13 71 51 19 24 
76 40 94 65 17 99 8 86 0 44 18 0 29 22 23 8 2 78 21 57 77 36 47 49 0 6 66 30 56 82 82 48 4 13 20 23 42 36 48 70 2 64 56 64 98 63 51 80 9 15 67 4 19 97 95 95 4 62 47 60 1 45 33 98 59 91 17 90 49 25 7 20 83 64 73 70 79 93 35 25 47 34 70 48 86 55 98 28 17 5 33 87 57 31 24 40 71 63 12 66 
75 30 51 45 85 63 81 51 44 0 25 15 18 75 23 65 31 66 68 16 75 99 10 6 21 19 86 8 33 58 11 53 35 38 71 49 82 86 75 14 13 82 1 81 98 33 71 22 21 77 44 39 17 95 34 78 98 4 98 29 36 60 32 3 37 67 83 25 40 99 75 1 48 29 85 27 8 85 20 5 32 73 60 58 55 76 49 22 85 44 96 43 7 13 19 77 87 98 68 39 
59 55 48 99 70 35 31 85 18 25 0 21 64 47 95 71 75 55 98 86 92 61 9 40 22 65 17 81 96 33 38 44 25 71 12 54 4 20 28 36 60 22 79 78 60 47 18 11 94 14 96 93 81 84 35 5 40 49 81 75 54 81 73 84 83 63 23 63 75 45 35 22 4 60 52 99 70 64 17 60 40 47 78 60 32 99 30 48 77 26 87 54 9 60 18 93 77 1 70 98 
7 41 9 47 84 48 47 9 0 15 21 0 92 12 23 38 6 18 98 48 7 39 55 36 93 91 50 31 18 53 37 42 66 16 0 26 83 0 13 52 82 28 16 60 79 71 43 0 60 4 40 15 89 54 39 59 31 0 98 95 75 91 91 78 0 75 58 93 75 43 98 67 66 40 96 18 33 83 97 39 67 25 29 91 5 72 29 0 72 14 32 41 88 59 85 71 90 31 57 16 
23 30 40 63 58 41 43 94 29 18 64 92 0 68 26 65 40 58 80 40 85 90 30 43 43 97 74 48 44 39 73 69 29 48 42 60 60 81 72 81 6 1 61 52 52 94 55 75 41 32 53 99 48 14 72 96 29 27 39 76 53 62 65 12 81 73 6 91 98 86 80 19 17 34 1 16 72 61 78 44 61 29 25 59 90 45 85 64 56 5 52 63 43 11 62 45 61 73 20 44 
69 37 68 89 13 20 32 21 22 75 47 12 68 0 16 13 32 55 76 53 82 93 54 65 60 67 54 94 15 6 93 29 69 27 9 48 9 74 77 56 28 61 33 23 46 16 47 0 88 81 2 29 26 88 6 49 10 57 81 86 67 2 86 35 96 2 97 57 78 26 45 63 7 40 97 19 98 36 76 78 52 21 71 54 89 28 89 61 86 50 32 38 46 24 95 76 97 7 72 85 
24 59 10 36 67 24 77 36 23 23 95 23 26 16 0 71 4 59 81 96 26 45 69 89 2 10 43 45 74 86 74 46 84 1 22 42 16 84 56 48 13 29 88 3 16 24 1 40 16 65 1 28 52 68 66 97 18 45 92 71 24 35 24 56 62 99 22 7 25 90 70 66 26 18 93 80 18 70 80 91 67 60 41 24 66 55 72 5 64 51 90 61 24 96 68 23 68 67 75 10 
18 88 68 82 57 12 37 72 8 65 71 38 65 13 71 0 15 2 3 63 75 65 59 73 96 54 36 28 65 76 76 91 19 7 79 37 97 56 45 36 3 63 75 24 25 50 70 72 6 58 20 81 28 11 74 28 79 46 68 56 32 64 80 44 56 51 39 35 74 76 21 7 24 74 19 96 74 44 6 76 76 74 79 13 21 84 73 13 56 98 46 79 60 77 2 36 84 45 55 35 
59 13 91 78 66 99 90 47 2 31 75 6 40 32 4 15 0 67 92 61 29 90 81 57 32 9 47 35 12 64 95 64 30 49 14 73 43 94 87 58 81 17 59 21 75 3 20 56 88 53 18 65 2 85 46 90 58 43 38 54 94 25 33 57 64 56 16 50 53 41 64 2 4 81 61 56 96 84 1 51 6 55 56 40 2 82 45 50 47 71 9 54 79 30 97 70 92 80 51 28 
95 87 79 58 89 76 1 90 78 66 55 18 58 55 59 2 67 0 73 70 71 11 92 20 38 21 42 62 9 6 19 69 13 5 28 49 16 42 25 43 97 43 2 2 45 10 24 58 99 65 80 16 52 15 60 48 50 31 91 78 61 53 51 88 87 61 20 25 46 44 54 31 61 78 53 34 36 91 14 68 59 56 43 7 12 38 94 71 37 74 27 87 36 35 62 83 49 57 55 48 
26 26 23 51 80 20 23 37 21 68 98 98 80 76 81 3 92 73 0 78 97 85 17 74 79 44 40 47 11 32 63 67 48 2 19 79 15 8 45 76 64 1 87 97 41 85 23 98 34 19 72 23 29 31 0 66 46 98 66 45 78 88 70 35 2 66 46 76 51 3 66 22 11 97 61 96 17 83 98 30 17 46 47 25 64 15 74 20 32 95 99 81 88 45 27 57 1 40 60 73 
55 71 7 1 46 64 18 49 57 16 86 48 40 53 96 63 61 70 78 0 72 8 50 2 74 81 88 98 93 36 9 35 81 0 53 35 42 11 51 65 94 82 9 31 60 89 43 30 43 29 41 75 3 34 2 66 18 79 68 66 83 27 87 80 88 37 20 43 89 22 55 74 78 99 47 97 88 10 93 45 3 71 1 93 58 46 32 34 17 58 88 12 6 88 96 59 32 91 92 16 
15 61 25 11 85 0 48 18 77 75 92 7 85 82 26 75 29 71 97 72 0 4 53 95 91 82 30 38 94 83 92 18 39 60 76 67 55 4 19 33 18 47 70 83 55 7 57 5 27 14 80 22 21 90 37 4 11 75 85 39 35 49 71 21 78 78 0 45 17 98 45 57 6 20 56 41 17 0 5 83 69 23 42 24 74 34 58 95 94 88 79 46 64 4 98 68 66 72 51 52 
88 79 93 30 59 85 93 87 36 99 61 39 90 93 45 65 90 11 85 8 4 0 64 39 56 16 56 94 39 35 26 38 22 89 95 17 48 26 42 47 91 10 20 4 27 88 30 2 38 55 12 84 18 31 60 93 9 65 31 89 28 56 2 23 25 19 38 65 60 19 79 37 23 51 81 19 28 12 7 48 70 59 19 55 75 65 92 57 50 24 25 65 68 43 73 56 20 55 35 23 
92 18 78 28 70 30 33 39 47 10 9 55 30 54 69 59 81 92 17 50 53 64 0 43 48 85 41 21 28 25 10 67 11 83 31 25 61 16 9 45 21 43 22 41 14 13 98 24 30 42 54 69 93 78 43 44 86 61 52 35 58 63 68 84 70 16 33 49 59 84 53 20 43 30 95 67 57 26 45 85 44 80 95 68 41 83 21 91 17 20 40 79 72 44 92 59 61 37 99 69 
32 10 60 9 10 79 50 54 49 6 40 36 43 65 89 73 57 20 74 2 95 39 43 0 37 26 38 7 11 55 18 4 11 2 27 68 87 62 88 65 65 91 26 50 10 21 82 73 52 30 75 19 65 94 14 88 72 19 44 16 46 68 61 82 69 80 47 42 5 93 99 60 64 66 21 25 36 6 30 53 33 22 21 82 37 63 7 91 20 79 30 63 51 96 92 42 60 2 43 88 
58 12 25 9 82 93 96 3 0 21 22 93 43 60 2 96 32 38 79 74 91 56 48 37 0 51 92 93 86 47 25 34 25 23 62 41 73 86 30 10 20 34 67 98 52 96 37 94 9 53 28 54 39 78 73 60 9 14 63 26 65 59 4 22 65 91 40 25 67 28 16 56 19 35 40 18 16 76 14 99 29 73 9 22 94 8 78 86 82 1 83 17 21 85 44 68 76 2 7 6 
96 51 89 41 12 58 56 47 6 19 65 91 97 67 10 54 9 21 44 81 82 16 85 26 51 0 59 65 8 55 11 75 41 84 4 85 43 98 10 23 45 51 55 56 24 31 21 92 19 4 71 12 72 1 20 0 29 75 85 14 84 80 36 17 39 57 9 25 27 45 77 68 15 17 24 53 33 36 90 87 53 86 25 85 74 95 59 51 93 15 10 4 79 99 46 64 70 35 31 2 
54 11 13 46 71 11 94 57 66 86 17 50 74 54 43 36 47 42 40 88 30 56 41 38 92 59 0 58 43 57 34 94 23 27 22 51 82 6 34 1 86 91 19 13 19 28 20 20 11 17 99 4 14 53 16 25 51 62 98 29 12 4 9 74 63 35 98 36 77 19 37 96 86 26 0 12 14 27 54 84 37 1 19 59 66 60 57 38 95 0 34 52 90 85 99 31 69 79 47 25 
63 82 8 95 99 47 68 18 30 8 81 31 48 94 45 28 35 62 47 98 38 94 21 7 93 65 58 0 14 26 72 14 52 37 99 55 14 51 17 79 84 22 31 90 78 35 94 15 41 78 38 79 99 4 21 70 9 12 12 85 58 39 73 83 18 30 17 10 32 49 48 55 4 91 99 60 85 67 61 66 50 20 52 25 86 71 53 12 56 6 97 87 58 53 35 44 13 1 26 71 
18 92 94 22 42 15 65 66 56 33 96 18 44 15 74 65 12 9 11 93 94 39 28 11 86 8 43 14 0 0 87 79 85 30 4 24 26 69 90 93 0 70 28 97 54 92 61 75 39 83 3 20 19 57 34 75 88 44 46 7 67 41 16 94 91 56 63 17 16 44 57 10 80 63 16 64 48 94 83 42 7 89 69 99 41 17 55 75 91 0 90 42 70 21 91 22 66 99 73 85 
72 90 68 40 10 93 3 68 82 58 33 53 39 6 86 76 64 6 32 36 83 35 25 55 47 55 57 26 0 0 23 82 29 77 42 88 43 89 19 40 96 96 14 61 86 58 28 56 1 19 19 52 76 84 52 41 74 6 27 75 29 47 15 9 45 4 72 79 0 90 55 20 62 80 11 86 16 16 78 17 39 5 0 91 58 34 23 2 93 39 28 2 14 63 62 57 28 73 76 68 
70 89 42 81 26 76 10 74 82 11 38 37 73 93 74 76 95 19 63 9 92 26 10 18 25 11 34 72 87 23 0 81 32 13 55 89 12 78 60 91 60 30 64 32 84 36 97 78 62 65 61 68 26 10 9 68 84 81 3 97 20 76 90 95 41 44 36 64 46 10 39 54 73 43 79 77 13 35 35 79 35 19 11 2 52 23 58 15 71 60 88 71 23 85 95 48 97 94 10 11 
57 58 96 45 97 15 62 33 48 53 44 42 69 29 46 91 64 69 67 35 18 38 67 4 34 75 94 14 79 82 81 0 41 32 71 28 53 45 29 82 0 22 74 87 8 13 53 7 30 3 82 8 32 1 39 34 79 65 3 32 21 95 16 22 5 10 79 59 62 60 34 81 44 75 10 21 81 85 27 36 66 36 57 33 5 45 46 51 85 96 19 79 19 42 37 11 39 0 0 71 
98 22 53 30 59 45 71 24 4 35 25 66 29 69 84 19 30 13 48 81 39 22 11 11 25 41 23 52 85 29 32 41 0 2 20 24 50 90 18 62 23 60 40 94 10 78 26 47 60 12 53 9 74 70 39 19 74 6 38 49 53 0 99 2 14 54 18 89 85 54 95 73 50 49 7 68 40 16 51 13 42 11 9 69 70 80 1 36 35 17 7 65 33 63 66 94 46 67 4 96 
84 41 91 67 1 24 39 58 13 38 71 16 48 27 1 7 49 5 2 0 60 89 83 2 23 84 27 37 30 77 13 32 2 0 87 31 72 36 50 6 15 13 60 97 28 96 26 56 70 36 70 10 72 92 49 5 64 62 97 16 62 79 14 10 48 89 46 49 91 73 66 67 38 26 36 29 25 55 10 71 73 96 49 66 65 29 99 85 48 87 90 47 40 66 82 94 37 18 14 57 
73 41 22 94 17 0 3 2 20 71 12 0 42 9 22 79 14 28 19 53 76 95 31 27 62 4 22 99 4 42 55 71 20 87 0 6 93 3 95 31 46 99 38 52 26 57 79 78 13 42 24 90 64 86 91 71 65 35 41 54 25 2 38 93 41 46 95 28 93 52 20 99 90 5 50 48 78 93 9 1 21 77 20 53 85 84 37 88 2 55 36 44 48 66 23 20 80 20 94 40 
47 39 67 3 8 3 82 38 23 49 54 26 60 48 42 37 73 49 79 35 67 17 25 68 41 85 51 55 24 88 89 28 24 31 6 0 3 76 83 36 84 3 41 26 96 0 73 46 32 38 61 78 98 77 15 15 55 82 80 13 28 95 87 52 99 37 99 76 33 89 15 26 47 75 0 5 75 60 10 45 60 34 83 69 90 13 93 48 74 94 1 55 31 36 84 64 28 6 95 5 
72 98 79 94 62 74 70 87 42 82 4 83 60 9 16 97 43 16 15 42 55 48 61 87 73 43 82 14 26 43 12 53 50 72 93 3 0 53 35 43 28 46 4 30 21 44 80 93 73 78 51 14 6 38 33 4 77 73 27 96 48 9 31 94 93 9 7 64 49 2 76 93 18 75 90 7 87 47 95 2 51 69 88 5 74 97 47 69 6 75 79 63 28 55 66 98 46 86 79 95 
14 94 70 79 91 29 94 89 36 86 20 0 81 74 84 56 94 42 8 11 4 26 16 62 86 98 6 51 69 89 78 45 90 36 3 76 53 0 69 24 24 51 65 56 91 74 44 18 8 50 77 69 33 18 88 99 0 59 18 1 13 65 83 82 72 6 82 15 80 49 1 18 93 53 58 43 65 97 76 21 65 83 87 10 48 12 93 4 31 16 33 46 41 24 76 6 90 88 15 87 
99 60 70 97 98 54 97 45 48 75 28 13 72 77 56 45 87 25 45 51 19 42 9 88 30 10 34 17 90 19 60 29 18 50 95 83 35 69 0 39 67 68 18 40 96 24 32 76 66 19 72 95 52 74 14 32 16 27 3 42 47 50 52 8 89 3 12 81 5 9 98 60 77 87 95 26 48 16 99 45 33 90 91 49 61 88 1 56 44 40 73 44 57 87 87 79 77 77 43 54 
48 28 57 48 5 78 8 99 70 14 36 52 81 56 48 36 58 43 76 65 33 47 45 65 10 23 1 79 93 40 91 82 62 6 31 36 43 24 39 0 58 72 92 67 62 24 50 8 64 15 33 30 52 14 68 89 44 45 14 3 34 84 95 18 16 95 18 43 57 16 51 54 63 14 33 32 47 16 12 3 0 17 71 26 6 33 49 80 61 42 3 64 67 98 10 85 78 51 39 67 
37 47 71 36 53 99 86 28 2 13 60 82 6 28 13 3 81 97 64 94 18 91 21 65 20 45 86 84 0 96 60 0 23 15 46 84 28 24 67 58 0 37 10 85 5 90 9 88 70 93 98 65 76 93 5 12 92 62 70 79 96 26 88 90 74 98 49 1 21 7 13 0 41 71 19 97 60 56 30 10 56 30 18 57 79 98 92 52 86 7 15 65 1 92 69 22 75 95 34 36 
33 44 51 21 23 96 17 69 64 82 22 28 1 61 29 63 17 43 1 82 47 10 43 91 34 51 91 22 70 96 30 22 60 13 99 3 46 51 68 72 37 0 53 60 81 15 0 69 34 39 60 9 7 29 67 45 83 70 78 56 99 58 37 85 72 9 58 21 10 67 13 1 11 85 45 72 92 72 72 34 2 69 45 90 67 61 31 2 24 2 82 88 91 95 79 44 36 79 59 15 
84 93 53 98 86 25 6 52 56 1 79 16 61 33 88 75 59 2 87 9 70 20 22 26 67 55 19 31 28 14 64 74 40 60 38 41 4 65 18 92 10 53 0 42 59 33 75 78 68 94 90 74 49 18 32 7 8 67 59 51 52 39 55 76 65 4 62 5 49 8 31 88 41 0 58 13 16 66 56 31 8 75 4 43 66 84 97 89 53 40 92 65 85 22 64 4 82 26 65 2 
62 79 28 2 5 72 87 9 64 81 78 60 52 23 3 24 21 2 97 31 83 4 41 50 98 56 13 90 97 61 32 87 94 97 52 26 30 56 40 67 85 60 42 0 65 82 15 30 86 89 30 20 94 44 86 46 65 10 5 92 57 30 50 54 66 72 97 68 1 29 19 24 54 11 30 39 0 6 33 64 91 2 32 86 90 85 23 75 81 14 99 10 95 65 85 23 82 4 93 80 
19 38 58 68 86 93 18 49 98 98 60 79 52 46 16 25 75 45 41 60 55 27 14 10 52 24 19 78 54 86 84 8 10 28 26 96 21 91 96 62 5 81 59 65 0 3 72 66 76 94 24 29 92 89 54 18 85 8 32 29 79 48 5 34 78 99 73 83 3 87 5 89 72 84 14 72 60 57 0 86 79 9 54 96 56 9 84 59 41 60 12 42 92 36 57 55 82 70 45 36 
91 85 92 72 4 63 84 74 63 33 47 71 94 16 24 50 3 10 85 89 7 88 13 21 96 31 28 35 92 58 36 13 78 96 57 0 44 74 24 24 90 15 33 82 3 0 91 22 38 0 80 29 28 16 68 58 39 63 99 98 2 88 94 10 91 33 37 38 61 23 73 52 54 88 27 98 38 1 74 74 4 74 97 59 57 46 53 75 86 28 33 97 55 40 34 28 52 42 33 79 
29 46 66 36 92 54 9 80 51 71 18 43 55 47 1 70 20 24 23 43 57 30 98 82 37 21 20 94 61 28 97 53 26 26 79 73 80 44 32 50 9 0 75 15 72 91 0 98 58 25 93 81 68 70 55 87 82 56 19 79 0 81 37 4 77 0 96 36 30 4 74 69 20 75 79 27 3 28 68 27 86 57 69 80 37 38 2 91 31 21 93 43 81 4 98 32 96 23 84 98 
91 6 27 27 83 39 17 28 80 22 11 0 75 0 40 72 56 58 98 30 5 2 24 73 94 92 20 15 75 56 78 7 47 56 78 46 93 18 76 8 88 69 78 30 66 22 98 0 51 15 64 88 53 52 49 60 68 69 96 78 73 77 59 43 52 43 76 23 22 2 10 25 20 9 84 59 78 62 85 59 49 68 90 42 0 85 72 42 58 54 76 96 91 14 4 15 94 70 83 49 
23 76 43 62 35 37 0 6 9 21 94 60 41 88 16 6 88 99 34 43 27 38 30 52 9 19 11 41 39 1 62 30 60 70 13 32 73 8 66 64 70 34 68 86 76 38 58 51 0 43 24 13 71 26 10 36 41 7 53 44 59 13 12 41 42 54 47 71 97 60 30 32 25 83 40 60 21 51 4 82 45 85 29 1 7 69 72 92 87 82 20 28 93 13 99 87 9 36 37 85 
19 93 67 22 21 81 4 30 15 77 14 4 32 81 65 58 53 65 19 29 14 55 42 30 53 4 17 78 83 19 65 3 12 36 42 38 78 50 19 15 93 39 94 89 94 0 25 15 43 0 48 91 48 13 75 10 19 52 91 8 2 66 18 16 55 55 57 72 60 83 72 4 74 3 32 35 97 86 85 66 44 14 84 88 18 85 67 90 58 59 48 31 72 14 26 42 84 86 26 82 
67 13 43 32 82 30 97 58 67 44 96 40 53 2 1 20 18 80 72 41 80 12 54 75 28 71 99 38 3 19 61 82 53 70 24 61 51 77 72 33 98 60 90 30 24 80 93 64 24 48 0 61 95 36 76 90 96 84 32 22 86 51 40 4 65 58 72 86 22 18 16 16 22 36 94 68 21 93 44 11 6 8 53 1 5 42 89 82 72 46 87 4 37 53 22 23 26 55 16 53 
54 90 93 28 90 92 89 1 4 39 93 15 99 29 28 81 65 16 23 75 22 84 69 19 54 12 4 79 20 52 68 8 9 10 90 78 14 69 95 30 65 9 74 20 29 29 81 88 13 91 61 0 89 49 95 6 68 84 27 56 69 11 1 58 3 87 27 47 23 45 73 76 31 74 25 87 26 6 73 43 84 53 5 44 80 26 50 55 67 76 75 24 0 0 47 54 3 30 94 13 
13 96 42 1 80 85 76 88 19 17 81 89 48 26 52 28 2 52 29 3 21 18 93 65 39 72 14 99 19 76 26 32 74 72 64 98 6 33 52 52 76 7 49 94 92 28 68 53 71 48 95 89 0 77 51 30 58 5 63 56 84 97 19 16 15 74 50 87 63 99 69 29 86 57 27 67 96 56 68 46 35 80 47 29 2 89 39 40 6 93 28 80 5 90 33 97 3 8 71 54 
20 46 89 97 46 99 16 30 97 95 84 54 14 88 68 11 85 15 31 34 90 31 78 94 78 1 53 4 57 84 10 1 70 92 86 77 38 18 74 14 93 29 18 44 89 16 70 52 26 13 36 49 77 0 1 21 93 21 74 59 85 58 56 39 81 80 85 12 36 81 82 30 59 60 31 87 25 72 71 17 86 65 71 76 49 17 19 12 71 28 39 98 27 77 28 18 89 70 99 90 
9 71 40 35 27 28 64 44 95 34 35 39 72 6 66 74 46 60 0 2 37 60 43 14 73 20 16 21 34 52 9 39 39 49 91 15 33 88 14 68 5 67 32 86 54 68 55 49 10 75 76 95 51 1 0 63 4 46 69 52 66 9 62 77 15 77 30 71 33 33 38 86 67 87 60 51 79 85 74 17 50 6 2 52 38 23 62 38 63 13 91 1 23 19 74 1 14 43 57 99 
86 4 25 34 92 50 58 82 95 78 5 59 96 49 97 28 90 48 66 66 4 93 44 88 60 0 25 70 75 41 68 34 19 5 71 15 4 99 32 89 12 45 7 46 18 58 87 60 36 10 90 6 30 21 63 0 77 86 22 14 24 72 10 31 32 80 89 83 48 94 60 87 96 55 8 27 93 0 90 23 66 93 8 37 66 91 25 6 75 86 38 27 36 42 35 76 74 86 13 55 
88 98 25 83 23 97 23 40 4 98 40 31 29 10 18 79 58 50 46 18 11 9 86 72 9 29 51 9 88 74 84 79 74 64 65 55 77 0 16 44 92 83 8 65 85 39 82 68 41 19 96 68 58 93 4 77 0 78 78 40 86 14 13 54 52 36 23 17 97 86 34 51 37 52 40 6 62 69 71 23 25 0 33 34 83 9 94 89 29 24 25 75 16 47 0 43 22 32 44 68 
11 92 66 41 25 12 22 41 62 4 49 0 27 57 45 46 43 31 98 79 75 65 61 19 14 75 62 12 44 6 81 65 6 62 35 82 73 59 27 45 62 70 67 10 8 63 56 69 7 52 84 84 5 21 46 86 78 0 86 53 58 17 57 43 37 7 78 5 92 32 80 10 9 42 70 19 19 85 74 10 60 18 62 35 98 94 70 48 54 94 65 99 86 28 78 56 63 26 84 60 
58 17 3 25 16 20 22 45 47 98 81 98 39 81 92 68 38 91 66 68 85 31 52 44 63 85 98 12 46 27 3 3 38 97 41 80 27 18 3 14 70 78 59 5 32 99 19 96 53 91 32 27 63 74 69 22 78 86 0 61 81 81 77 96 52 1 28 0 83 14 85 35 15 92 93 61 54 72 80 82 65 73 26 33 49 89 6 9 96 17 56 42 98 42 89 25 60 91 39 85 
53 94 54 58 4 3 81 30 60 29 75 95 76 86 71 56 54 78 45 66 39 89 35 16 26 14 29 85 7 75 97 32 49 16 54 13 96 1 42 3 79 56 51 92 29 98 79 78 44 8 22 56 56 59 52 14 40 53 61 0 74 8 90 3 23 97 75 4 66 67 78 59 46 55 7 81 59 70 22 28 94 48 15 46 63 5 45 50 23 65 83 22 53 91 0 20 69 46 58 92 
16 1 56 9 61 25 90 68 1 36 54 75 53 67 24 32 94 61 78 83 35 28 58 46 65 84 12 58 67 29 20 21 53 62 25 28 48 13 47 34 96 99 52 57 79 2 0 73 59 2 86 69 84 85 66 24 86 58 81 74 0 2 54 95 1 88 12 84 38 24 98 99 12 38 51 58 20 49 83 40 27 71 95 93 48 59 28 27 21 79 77 35 91 60 63 60 41 23 90 76 
98 55 0 67 54 66 8 79 45 60 81 91 62 2 35 64 25 53 88 27 49 56 63 68 59 80 4 39 41 47 76 95 0 79 2 95 9 65 50 84 26 58 39 30 48 88 81 77 13 66 51 11 97 58 9 72 14 17 81 8 2 0 47 43 25 61 10 5 67 61 45 66 85 64 14 7 98 20 94 30 98 28 87 41 1 76 63 97 29 96 8 2 80 3 52 53 71 97 11 29 
20 1 69 80 36 80 14 79 33 32 73 91 65 86 24 80 33 51 70 87 71 2 68 61 4 36 9 73 16 15 90 16 99 14 38 87 31 83 52 95 88 37 55 50 5 94 37 59 12 18 40 1 19 56 62 10 13 57 77 90 54 47 0 28 92 57 44 63 90 35 27 71 61 92 59 38 2 7 70 57 93 65 16 97 45 97 31 29 61 32 63 6 77 92 65 68 77 44 80 30 
12 12 14 14 71 4 78 32 98 3 84 78 12 35 56 44 57 88 35 80 21 23 84 82 22 17 74 83 94 9 95 22 2 10 93 52 94 82 8 18 90 85 76 54 34 10 4 43 41 16 4 58 16 39 77 31 54 43 96 3 95 43 28 0 7 43 75 71 64 49 41 41 97 39 41 4 57 84 24 54 50 90 18 12 42 66 99 52 37 16 64 54 15 8 18 86 9 76 42 93 
25 73 4 76 24 26 57 64 59 37 83 0 81 96 62 56 64 87 2 88 78 25 70 69 65 39 63 18 91 45 41 5 14 48 41 99 93 72 89 16 74 72 65 66 78 91 77 52 42 55 65 3 15 81 15 32 52 37 52 23 1 25 92 7 0 15 30 0 27 9 1 19 29 68 89 35 19 22 68 27 82 54 67 50 83 14 82 68 70 49 39 49 93 46 26 71 67 59 35 65 
99 65 33 38 53 19 42 28 91 67 63 75 73 2 99 51 56 61 66 37 78 19 16 80 91 57 35 30 56 4 44 10 54 89 46 37 9 6 3 95 98 9 4 72 99 33 0 43 54 55 58 87 74 80 77 80 36 7 1 97 88 61 57 43 15 0 3 20 87 50 33 44 30 35 43 15 19 54 84 75 99 32 65 61 1 8 92 26 34 6 46 82 14 92 28 92 32 48 68 68 
67 5 90 36 98 47 50 56 17 83 23 58 6 97 22 39 16 20 46 20 0 38 33 47 40 9 98 17 63 72 36 79 18 46 95 99 7 82 12 18 49 58 62 97 73 37 96 76 47 57 72 27 50 85 30 89 23 78 28 75 12 10 44 75 30 3 0 8 99 54 85 47 78 70 46 6 94 27 15 18 37 69 7 63 29 48 63 42 75 19 70 5 31 73 86 13 40 71 3 97 
82 7 12 73 27 39 78 26 90 25 63 93 91 57 7 35 50 25 76 43 45 65 49 42 25 25 36 10 17 79 64 59 89 49 28 76 64 15 81 43 1 21 5 68 83 38 36 23 71 72 86 47 87 12 71 83 17 5 0 4 84 5 63 71 0 20 8 0 94 5 1 68 85 65 35 67 82 6 25 74 23 32 48 80 46 46 46 11 65 26 19 73 54 60 69 63 93 9 11 58 
3 87 66 35 41 96 14 37 49 40 75 75 98 78 25 74 53 46 51 89 17 60 59 5 67 27 77 32 16 0 46 62 85 91 93 33 49 80 5 57 21 10 49 1 3 61 30 22 97 60 22 23 63 36 33 48 97 92 83 66 38 67 90 64 27 87 99 94 0 22 86 92 3 25 5 71 79 23 19 49 51 20 1 61 88 57 29 10 55 76 71 92 63 52 23 45 13 70 20 84 
72 13 32 7 45 29 53 61 25 99 45 43 86 26 90 76 41 44 3 22 98 19 84 93 28 45 19 49 44 90 10 60 54 73 52 89 2 49 9 16 7 67 8 29 87 23 4 2 60 83 18 45 99 81 33 94 86 32 14 67 24 61 35 49 9 50 54 5 22 0 55 63 13 38 89 45 64 39 75 95 38 28 81 2 1 21 29 96 23 42 84 66 50 1 47 79 62 80 54 46 
73 84 43 38 99 83 88 85 7 75 35 98 80 45 70 21 64 54 66 55 45 79 53 99 16 77 37 48 57 55 39 34 95 66 20 15 76 1 98 51 13 13 31 19 5 73 74 10 30 72 16 73 69 82 38 60 34 80 85 78 98 45 27 41 1 33 85 1 86 55 0 58 80 74 96 94 60 29 79 62 61 7 65 24 15 66 16 85 0 21 46 93 87 84 0 9 24 91 32 87 
53 52 84 8 22 28 19 8 20 1 22 67 19 63 66 7 2 31 22 74 57 37 20 60 56 68 96 55 10 20 54 81 73 67 99 26 93 18 60 54 0 1 88 24 89 52 69 25 32 4 16 76 29 30 86 87 51 10 35 59 99 66 71 41 19 44 47 68 92 63 58 0 59 4 4 56 97 8 42 54 79 14 74 13 19 6 5 13 65 77 54 67 36 50 65 53 71 37 22 35 
25 38 49 88 79 6 49 10 83 48 4 66 17 7 26 24 4 61 11 78 6 23 43 64 19 15 86 4 80 62 73 44 50 38 90 47 18 93 77 63 41 11 41 54 72 54 20 20 25 74 22 31 86 59 67 96 37 9 15 46 12 85 61 97 29 30 78 85 3 13 80 59 0 41 58 21 95 82 46 1 7 87 64 33 53 90 65 63 80 7 43 58 43 82 20 36 99 57 40 99 
89 75 46 38 78 88 18 94 64 29 60 40 34 40 18 74 81 78 97 99 20 51 30 66 35 17 26 91 63 80 43 75 49 26 5 75 75 53 87 14 71 85 0 11 84 88 75 9 83 3 36 74 57 60 87 55 52 42 92 55 38 64 92 39 68 35 70 65 25 38 74 4 41 0 68 10 31 42 55 47 32 42 28 2 28 86 5 28 72 58 5 53 11 98 22 71 92 59 55 49 
63 55 17 32 96 26 50 92 73 85 52 96 1 97 93 19 61 53 61 47 56 81 95 21 40 24 0 99 16 11 79 10 7 36 50 0 90 58 95 33 19 45 58 30 14 27 79 84 40 32 94 25 27 31 60 8 40 70 93 7 51 14 59 41 89 43 46 35 5 89 96 4 58 68 0 58 80 82 21 65 99 45 69 70 85 9 41 67 10 90 72 29 61 25 58 88 91 71 84 13 
9 0 17 38 70 44 86 0 70 27 99 18 16 19 80 96 56 34 96 97 41 19 67 25 18 53 12 60 64 86 77 21 68 29 48 5 7 43 26 32 97 72 13 39 72 98 27 59 60 35 68 87 67 87 51 27 6 19 61 81 58 7 38 4 35 15 6 67 71 45 94 56 21 10 58 0 55 24 90 22 91 15 46 43 12 86 97 19 25 44 32 26 50 74 94 36 38 97 10 45 
99 16 33 40 35 49 84 20 79 8 70 33 72 98 18 74 96 36 17 88 17 28 57 36 16 33 14 85 48 16 13 81 40 25 78 75 87 65 48 47 60 92 16 0 60 38 3 78 21 97 21 26 96 25 79 93 62 19 54 59 20 98 2 57 19 19 94 82 79 64 60 97 95 31 80 55 0 80 50 2 72 70 88 89 4 77 16 11 69 80 90 53 53 95 37 66 36 43 93 73 
48 88 34 16 49 3 4 8 93 85 64 83 61 36 70 44 84 91 83 10 0 12 26 6 76 36 27 67 94 16 35 85 16 55 93 60 47 97 16 16 56 72 66 6 57 1 28 62 51 86 93 6 56 72 85 0 69 85 72 70 49 20 7 84 22 54 27 6 23 39 29 8 82 42 82 24 80 0 89 49 37 47 34 46 91 26 39 4 50 58 66 88 12 0 91 7 76 85 3 22 
10 93 9 6 30 40 88 4 35 20 17 97 78 76 80 6 1 14 98 93 5 7 45 30 14 90 54 61 83 78 35 27 51 10 9 10 95 76 99 12 30 72 56 33 0 74 68 85 4 85 44 73 68 71 74 90 71 74 80 22 83 94 70 24 68 84 15 25 19 75 79 42 46 55 21 90 50 89 0 61 17 47 93 71 74 57 3 94 65 83 82 13 59 99 21 30 22 77 55 50 
68 48 79 63 24 11 12 71 25 5 60 39 44 78 91 76 51 68 30 45 83 48 85 53 99 87 84 66 42 17 79 36 13 71 1 45 2 21 45 3 10 34 31 64 86 74 27 59 82 66 11 43 46 17 17 23 23 10 82 28 40 30 57 54 27 75 18 74 49 95 62 54 1 47 65 22 2 49 61 0 83 6 93 73 65 33 43 97 84 11 63 85 75 17 37 48 50 52 30 39 
1 81 16 10 74 5 43 92 47 32 40 67 61 52 67 76 6 59 17 3 69 70 44 33 29 53 37 50 7 39 35 66 42 73 21 60 51 65 33 0 56 2 8 91 79 4 86 49 45 44 6 84 35 86 50 66 25 60 65 94 27 98 93 50 82 99 37 23 51 38 61 79 7 32 99 91 72 37 17 83 0 42 67 53 49 0 88 58 50 27 64 64 95 89 73 56 36 54 8 93 
93 60 37 98 38 28 22 95 34 73 47 25 29 21 60 74 55 56 46 71 23 59 80 22 73 86 1 20 89 5 19 36 11 96 77 34 69 83 90 17 30 69 75 2 9 74 57 68 85 14 8 53 80 65 6 93 0 18 73 48 71 28 65 90 54 32 69 32 20 28 7 14 87 42 45 15 70 47 47 6 42 0 53 21 98 35 23 80 36 73 39 34 40 64 47 3 74 12 72 36 
89 65 5 61 11 56 44 1 70 60 78 29 25 71 41 79 56 43 47 1 42 19 95 21 9 25 19 52 69 0 11 57 9 49 20 83 88 87 91 71 18 45 4 32 54 97 69 90 29 84 53 5 47 71 2 8 33 62 26 15 95 87 16 18 67 65 7 48 1 81 65 74 64 28 69 46 88 34 93 93 67 53 0 65 74 5 93 15 60 33 1 24 67 27 72 0 79 84 78 95 
55 88 57 97 55 46 87 97 48 58 60 91 59 54 24 13 40 7 25 93 24 55 68 82 22 85 59 25 99 91 2 33 69 66 53 69 5 10 49 26 57 90 43 86 96 59 80 42 1 88 1 44 29 76 52 37 34 35 33 46 93 41 97 12 50 61 63 80 61 2 24 13 33 2 70 43 89 46 71 73 53 21 65 0 88 71 43 20 63 73 34 58 51 91 22 20 43 54 86 43 
67 77 66 4 4 72 75 80 86 55 32 5 90 89 66 21 2 12 64 58 74 75 41 37 94 74 66 86 41 58 52 5 70 65 85 90 74 48 61 6 79 67 66 90 56 57 37 0 7 18 5 80 2 49 38 66 83 98 49 63 48 1 45 42 83 1 29 46 88 1 15 19 53 28 85 12 4 91 74 65 49 98 74 88 0 72 79 82 35 64 19 21 79 11 15 20 39 74 55 27 
28 54 66 25 17 15 11 93 55 76 99 72 45 28 55 84 82 38 15 46 34 65 83 63 8 95 60 71 17 34 23 45 80 29 84 13 97 12 88 33 98 61 84 85 9 46 38 85 69 85 42 26 89 17 23 91 9 94 89 5 59 76 97 66 14 8 48 46 57 21 66 6 90 86 9 86 77 26 57 33 0 35 5 71 72 0 59 10 90 32 68 58 8 31 62 8 21 27 60 14 
52 6 80 57 1 77 67 33 98 49 30 29 85 89 72 73 45 94 74 32 58 92 21 7 78 59 57 53 55 23 58 46 1 99 37 93 47 93 1 49 92 31 97 23 84 53 2 72 72 67 89 50 39 19 62 25 94 70 6 45 28 63 31 99 82 92 63 46 29 29 16 5 65 5 41 97 16 39 3 43 88 23 93 43 79 59 0 57 41 51 9 12 63 13 12 48 37 2 70 6 
56 58 17 19 1 17 65 60 28 22 48 0 64 61 5 13 50 71 20 34 95 57 91 91 86 51 38 12 75 2 15 51 36 85 88 48 69 4 56 80 52 2 89 75 59 75 91 42 92 90 82 55 40 12 38 6 89 48 9 50 27 97 29 52 68 26 42 11 10 96 85 13 63 28 67 19 11 4 94 97 58 80 15 20 82 10 57 0 74 32 19 14 91 84 98 26 29 82 66 79 
5 78 60 35 17 20 90 93 17 85 77 72 56 86 64 56 47 37 32 17 94 50 17 20 82 93 95 56 91 93 71 85 35 48 2 74 6 31 44 61 86 24 53 81 41 86 31 58 87 58 72 67 6 71 63 75 29 54 96 23 21 29 61 37 70 34 75 65 55 23 0 65 80 72 10 25 69 50 65 84 50 36 60 63 35 90 41 74 0 23 42 5 42 83 6 13 48 11 95 86 
85 7 68 48 49 88 64 93 5 44 26 14 5 50 51 98 71 74 95 58 88 24 20 79 1 15 0 6 0 39 60 96 17 87 55 94 75 16 40 42 7 2 40 14 60 28 21 54 82 59 46 76 93 28 13 86 24 94 17 65 79 96 32 16 49 6 19 26 76 42 21 77 7 58 90 44 80 58 83 11 27 73 33 73 64 32 51 32 23 0 82 69 38 53 13 65 1 1 45 34 
0 84 89 97 0 83 66 44 33 96 87 32 52 32 90 46 9 27 99 88 79 25 40 30 83 10 34 97 90 28 88 19 7 90 36 1 79 33 73 3 15 82 92 99 12 33 93 76 20 48 87 75 28 39 91 38 25 65 56 83 77 8 63 64 39 46 70 19 71 84 46 54 43 5 72 32 90 66 82 63 64 39 1 34 19 68 9 19 42 82 0 15 65 20 41 42 17 58 19 52 
20 45 29 5 3 41 90 92 87 43 54 41 63 38 61 79 54 87 81 12 46 65 79 63 17 4 52 87 42 2 71 79 65 47 44 55 63 46 44 64 65 88 65 10 42 97 43 96 28 31 4 24 80 98 1 27 75 99 42 22 35 2 6 54 49 82 5 73 92 66 93 67 58 53 29 26 53 88 13 85 64 34 24 58 21 58 12 14 5 69 15 0 29 4 95 93 23 40 39 99 
74 34 57 72 22 54 38 97 57 7 9 88 43 46 24 60 79 36 88 6 64 68 72 51 21 79 90 58 70 14 23 19 33 40 48 31 28 41 57 67 1 91 85 95 92 55 81 91 93 72 37 0 5 27 23 36 16 86 98 53 91 80 77 15 93 14 31 54 63 50 87 36 43 11 61 50 53 12 59 75 95 40 67 51 79 8 63 91 42 38 65 29 0 55 36 33 54 9 64 16 
50 60 81 90 11 44 54 23 31 13 60 59 11 24 96 77 30 35 45 88 4 43 44 96 85 99 85 53 21 63 85 42 63 66 66 36 55 24 87 98 92 95 22 65 36 40 4 14 13 14 53 0 90 77 19 42 47 28 42 91 60 3 92 8 46 92 73 60 52 1 84 50 82 98 25 74 95 0 99 17 89 64 27 91 11 31 13 84 83 53 20 4 55 0 36 78 8 95 71 52 
44 60 34 33 51 94 81 52 24 19 18 85 62 95 68 2 97 62 27 96 98 73 92 92 44 46 99 35 91 62 95 37 66 82 23 84 66 76 87 10 69 79 64 85 57 34 98 4 99 26 22 47 33 28 74 35 0 78 89 0 63 52 65 18 26 28 86 69 23 47 0 65 20 22 58 94 37 91 21 37 73 47 72 22 15 62 12 98 6 13 41 95 36 36 0 57 98 16 33 13 
37 36 44 24 65 73 53 13 40 77 93 71 45 76 23 36 70 83 57 59 68 56 59 42 68 64 31 44 22 57 48 11 94 94 20 64 98 6 79 85 22 44 4 23 55 28 32 15 87 42 23 54 97 18 1 76 43 56 25 20 60 53 68 86 71 92 13 63 45 79 9 53 36 71 88 36 66 7 30 48 56 3 0 20 20 8 48 26 13 65 42 93 33 78 57 0 59 63 76 73 
63 0 52 62 40 89 47 71 71 87 77 90 61 97 68 84 92 49 1 32 66 20 61 60 76 70 69 13 66 28 97 39 46 37 80 28 46 90 77 78 75 36 82 82 82 52 96 94 9 84 26 3 3 89 14 74 22 63 60 69 41 71 77 9 67 32 40 93 13 62 24 71 99 92 91 38 36 76 22 50 36 74 79 43 39 21 37 29 48 1 17 23 54 8 98 59 0 57 63 9 
64 76 33 7 47 7 19 51 63 98 1 31 73 7 67 45 80 57 40 91 72 55 37 2 2 35 79 1 99 73 94 0 67 18 20 6 86 88 77 51 95 79 26 4 70 42 23 70 36 86 55 30 8 70 43 86 32 26 91 46 23 97 44 76 59 48 71 9 70 80 91 37 57 59 71 97 43 85 77 52 54 12 84 54 74 27 2 82 11 1 58 40 9 95 16 63 57 0 30 55 
88 23 16 88 47 80 84 19 12 68 70 57 20 72 75 55 51 55 60 92 51 35 99 43 7 31 47 26 73 76 10 0 4 14 94 95 79 15 43 39 34 59 65 93 45 33 84 83 37 26 16 94 71 99 57 13 44 84 39 58 90 11 80 42 35 68 3 11 20 54 32 22 40 55 84 10 93 3 55 30 8 72 78 86 55 60 70 66 95 45 19 39 64 71 33 76 63 30 0 77 
99 43 83 21 28 99 30 24 66 39 98 16 44 85 10 35 28 48 73 16 52 23 69 88 6 2 25 71 85 68 11 71 96 57 40 5 95 87 54 67 36 15 2 80 36 79 98 49 85 82 53 13 54 90 99 55 68 60 85 92 76 29 30 93 65 68 97 58 84 46 87 35 99 49 13 45 73 22 50 39 93 36 95 43 27 14 6 79 86 34 52 99 16 52 13 73 9 55 77 0 
0 78 53 80 37 9 15 94 15 25 41 50 17 57 53 66 97 26 86 95 20 66 59 46 12 74 53 73 58 7 71 98 99 74 14 56 26 5 42 29 43 24 9 61 56 91 25 57 77 77 19 36 34 47 75 11 67 20 3 34 39 54 49 60 12 57 94 84 62 81 88 98 88 71 32 11 25 21 61 53 9 60 2 21 1 73 48 23 54 95 12 53 85 77 51 7 94 47 71 74 
78 0 93 42 15 37 57 85 31 46 13 59 87 31 4 41 75 20 6 14 2 59 66 98 30 23 61 45 46 95 62 47 29 22 35 33 27 21 12 81 39 98 48 43 23 63 56 64 96 98 59 91 24 9 85 58 56 36 60 31 3 83 65 44 40 80 61 60 84 99 36 4 37 71 79 74 55 47 53 69 91 59 61 94 24 33 66 64 73 14 53 8 60 99 9 16 80 0 55 76 
53 93 0 64 18 96 13 76 88 63 8 54 87 23 26 61 87 71 55 83 5 40 40 55 26 57 77 23 99 89 70 34 34 37 55 62 49 57 2 48 28 80 50 73 55 75 35 66 89 50 6 59 79 95 70 92 61 2 90 96 80 35 55 70 18 16 71 91 92 33 12 9 70 31 13 84 19 98 10 53 25 62 53 58 71 57 5 50 22 78 46 96 36 25 45 13 89 25 47 45 
80 42 64 0 83 99 21 39 87 74 99 84 24 19 76 81 75 37 51 98 63 87 31 39 35 93 23 40 76 72 20 68 15 91 38 24 54 44 50 15 94 53 58 24 94 88 92 3 98 62 65 3 33 93 23 79 73 73 63 32 64 73 39 35 4 79 2 77 25 65 82 96 25 90 80 77 41 31 40 17 27 80 70 45 46 66 67 82 86 61 18 49 57 18 42 2 1 46 38 40 
37 15 18 83 0 82 7 12 92 35 61 75 76 23 80 81 72 32 1 79 6 69 50 22 23 43 92 78 41 37 17 91 25 65 63 14 39 59 13 93 78 41 96 45 77 78 80 77 83 7 93 92 30 93 59 89 95 75 59 22 62 24 64 75 62 95 42 45 9 1 0 6 75 86 17 5 47 94 83 27 64 46 9 98 17 42 19 19 56 9 71 91 61 85 91 32 60 95 73 99 
9 37 96 99 82 0 84 24 78 64 85 29 32 68 28 70 57 10 49 5 49 10 66 98 79 2 18 23 80 50 59 39 19 94 39 52 49 59 9 1 50 10 93 99 0 41 49 93 39 19 76 97 90 52 27 40 20 76 94 47 98 39 76 18 45 2 67 45 65 90 86 99 34 32 15 89 8 9 88 47 7 63 55 5 77 34 38 0 43 92 57 80 43 22 87 52 99 71 63 23 
15 57 13 21 7 84 0 89 74 2 77 65 57 52 89 8 68 22 99 55 89 97 56 39 19 72 41 82 36 63 27 7 93 14 71 6 28 40 88 7 37 78 57 99 1 95 58 82 11 89 31 42 76 10 10 75 10 26 32 89 95 69 87 42 41 84 62 10 14 57 72 43 19 68 40 46 27 35 82 46 30 72 62 62 1 95 34 21 42 20 35 63 52 77 52 55 9 0 81 40 
94 85 76 39 12 24 89 0 15 61 67 19 41 12 94 66 2 83 33 38 47 39 48 67 82 67 79 23 92 9 45 82 26 95 91 83 12 95 41 93 88 70 67 11 39 43 85 81 66 79 76 94 22 17 40 3 35 60 75 5 85 37 50 52 76 96 14 61 2 2 22 22 99 61 86 66 74 2 48 13 84 93 93 54 90 28 0 32 76 98 80 36 43 53 85 53 51 27 16 80 
15 31 88 87 92 78 74 15 0 1 87 83 32 9 34 2 18 24 45 71 38 32 2 62 70 35 60 50 56 4 39 88 36 58 64 64 18 47 11 26 13 98 38 36 14 93 16 64 30 50 11 28 70 55 57 50 79 50 39 75 54 18 49 41 55 1 6 43 34 32 83 13 9 82 61 79 0 66 14 48 22 92 26 85 83 44 63 36 1 79 40 46 91 13 20 22 72 64 17 5 
25 46 63 74 35 64 2 61 1 0 54 98 43 16 15 73 93 22 41 14 42 35 44 62 19 9 5 14 77 35 75 12 6 62 58 49 46 45 58 61 21 17 19 24 6 29 15 66 50 68 0 18 19 17 61 17 35 19 46 81 5 99 2 79 26 14 11 57 94 92 13 49 65 50 66 66 99 38 31 89 30 24 75 83 11 65 34 95 11 59 98 1 91 64 18 58 38 83 96 84 
41 13 8 99 61 85 77 67 87 54 0 35 11 44 74 43 42 99 14 91 38 20 95 84 95 88 9 91 96 31 56 6 11 0 48 3 37 51 5 27 91 38 26 78 33 54 15 76 26 56 30 67 95 8 65 55 52 84 69 18 79 95 83 85 54 80 74 43 51 87 75 31 8 28 56 52 37 14 28 10 83 59 3 90 4 16 99 70 0 52 85 97 52 30 75 41 76 60 64 52 
50 59 54 84 75 29 65 19 83 98 35 0 78 67 32 27 16 47 38 28 41 25 62 50 27 69 85 50 4 77 57 70 63 44 84 92 4 43 39 82 94 11 65 73 18 36 45 79 42 79 55 74 88 8 60 81 26 83 36 49 33 79 92 66 50 55 76 30 50 76 67 44 21 94 68 18 98 97 10 71 19 25 93 51 72 49 9 59 29 15 90 48 99 33 84 11 60 65 53 80 
17 87 87 24 76 32 57 41 32 43 11 78 0 57 0 94 85 68 6 34 44 64 55 7 97 79 65 69 5 66 10 43 2 8 19 8 90 35 83 14 28 67 97 51 98 58 16 66 78 16 38 83 57 2 26 76 91 2 81 91 14 94 38 68 39 87 78 8 4 20 65 81 20 91 40 1 45 83 45 50 91 56 65 58 60 51 63 38 44 95 86 70 45 33 71 75 96 64 25 57 
57 31 23 19 23 68 52 12 9 16 44 67 57 0 28 31 54 82 94 52 14 11 76 11 55 66 77 50 29 25 27 86 73 79 21 15 20 75 67 67 79 92 66 95 85 91 7 14 60 20 56 15 72 82 80 81 72 20 83 10 47 35 40 90 17 31 83 81 59 74 53 26 11 35 16 96 70 33 17 97 66 87 99 28 75 37 34 52 76 49 73 5 78 64 78 45 42 4 83 83 
53 4 26 76 80 28 89 94 34 15 74 32 0 28 0 49 47 81 72 52 21 26 74 43 35 47 54 99 89 8 56 8 53 90 78 57 55 36 48 96 45 30 29 52 28 32 49 63 55 14 30 77 25 9 83 65 39 11 55 71 54 76 44 15 76 72 87 95 74 22 73 96 5 18 5 75 33 37 49 10 81 35 83 44 63 64 20 40 53 15 12 69 16 36 74 50 62 89 60 77 
66 41 61 81 81 70 8 66 2 73 43 27 94 31 49 0 68 36 11 76 82 18 8 35 44 32 31 11 72 48 12 35 23 38 49 97 33 15 18 17 17 23 64 1 99 5 88 83 8 66 92 47 85 11 84 52 27 0 69 97 60 58 18 83 93 7 48 76 5 8 49 69 67 98 22 70 17 80 59 29 40 14 19 66 62 87 15 23 44 63 15 76 38 32 99 35 49 83 91 47 
97 75 87 75 72 57 68 2 18 93 42 16 85 54 47 68 0 86 5 79 46 6 17 27 37 16 48 83 24 45 10 47 46 3 59 73 51 99 44 60 30 39 64 69 91 25 51 14 26 86 32 86 0 94 59 83 13 70 5 46 82 75 16 3 63 49 68 13 47 15 26 84 52 83 95 95 26 94 47 22 25 92 58 90 20 67 71 7 22 88 84 32 62 54 62 64 46 38 52 66 
26 20 71 37 32 10 22 83 24 22 99 47 68 82 81 36 86 0 77 86 79 63 84 4 25 51 39 26 91 94 71 46 12 63 15 43 38 34 59 27 85 13 40 92 72 28 5 14 56 2 65 78 37 12 7 46 50 49 21 38 51 19 85 60 62 10 19 25 89 54 23 74 20 40 93 51 48 61 43 40 60 26 57 47 60 25 49 42 74 55 50 94 55 67 94 63 46 94 97 88 
86 6 55 51 1 49 99 33 45 41 14 38 6 94 72 11 5 77 0 25 78 52 4 93 99 41 27 38 93 67 26 10 72 85 9 82 33 27 36 6 84 65 0 68 81 6 33 75 32 96 49 66 87 52 23 13 66 26 26 15 59 43 49 51 60 16 27 23 93 5 37 9 9 73 6 31 68 35 24 39 88 96 87 99 67 47 20 64 55 1 78 99 55 33 16 77 50 88 41 34 
95 14 83 98 79 5 55 38 71 14 91 28 34 52 52 76 79 86 25 0 7 65 58 55 72 16 10 57 49 81 19 62 96 7 45 6 19 64 19 29 92 20 7 23 26 58 65 79 77 0 55 62 6 60 16 40 51 28 22 12 20 65 68 89 64 39 33 47 44 73 31 56 42 60 89 46 73 65 47 70 4 5 46 68 85 42 25 52 39 87 73 71 23 84 6 93 96 0 88 34 
20 2 5 63 6 49 89 47 38 42 38 41 44 14 21 82 46 79 78 7 0 92 30 16 18 82 14 87 46 6 74 68 28 63 70 83 15 47 57 74 84 7 54 60 94 76 78 49 8 46 13 45 71 1 45 42 29 2 10 50 61 80 72 67 32 3 41 45 64 4 58 54 77 11 6 50 65 38 27 73 50 82 22 22 56 78 12 39 28 52 92 67 42 64 77 5 28 69 63 89 
66 59 40 87 69 10 97 39 32 35 20 25 64 11 26 18 6 63 52 65 92 0 10 37 32 92 67 7 39 6 50 8 84 31 35 58 12 1 61 42 90 36 66 80 45 98 19 8 54 53 68 45 28 72 16 50 26 7 99 73 13 14 74 66 66 94 74 89 98 90 77 87 77 15 86 72 96 30 77 98 42 6 13 57 44 79 40 24 10 11 26 49 32 54 99 4 66 21 6 23 
59 66 40 31 50 66 56 48 2 44 95 62 55 76 74 8 17 84 4 58 30 10 0 75 34 9 10 33 2 43 86 66 8 88 61 77 1 41 40 37 64 90 1 87 8 62 97 40 49 49 10 83 71 64 65 5 86 48 65 42 35 48 39 88 91 36 63 31 20 24 19 59 27 18 22 68 87 55 48 38 66 89 62 50 48 71 96 79 42 99 64 54 73 58 60 99 60 39 7 92 
46 98 55 39 22 98 39 67 62 62 84 50 7 11 43 35 27 4 93 55 16 37 75 0 10 69 30 50 80 67 11 7 41 17 28 95 22 49 69 39 83 32 1 91 35 39 72 26 59 80 40 73 51 80 47 1 12 30 88 79 71 12 20 90 99 10 96 94 20 25 84 7 49 62 0 8 31 19 13 43 70 99 20 94 65 59 91 4 49 83 6 33 89 5 21 0 86 42 79 64 
12 30 26 35 23 79 19 82 70 19 95 27 97 55 35 44 37 25 99 72 18 32 34 10 0 6 31 77 80 33 47 51 47 84 99 2 39 50 66 96 60 68 55 56 18 42 3 87 63 42 50 83 76 60 79 81 43 99 20 76 81 48 15 83 60 34 17 76 79 48 79 6 90 99 12 31 5 67 10 52 1 83 24 0 96 60 1 65 89 49 74 89 80 24 32 62 64 13 91 54 
74 23 57 93 43 2 72 67 35 9 88 69 79 66 47 32 16 51 41 16 82 92 9 69 6 0 3 58 84 94 90 33 83 29 87 60 16 9 88 90 35 77 49 96 0 62 42 49 97 15 59 17 14 33 67 85 86 47 31 39 60 28 45 96 41 78 0 87 5 98 73 48 11 22 25 85 98 28 73 56 14 22 24 66 69 22 28 20 37 92 95 53 37 0 21 85 0 10 51 53 
53 61 77 23 92 18 41 79 60 5 9 85 65 77 54 31 48 39 27 10 14 67 10 30 31 3 0 43 87 65 85 12 99 41 67 69 36 57 30 57 55 82 60 15 47 57 83 7 15 51 41 23 48 6 41 94 63 3 64 1 35 15 84 56 74 75 94 79 45 30 26 28 68 3 2 50 22 87 63 21 43 26 82 4 2 18 70 94 40 55 15 54 2 68 76 8 13 85 42 60 
73 45 23 40 78 23 82 23 50 14 91 50 69 50 99 11 83 26 38 57 87 7 33 50 77 58 43 0 3 27 33 53 1 93 62 61 25 95 60 58 18 2 5 34 36 58 99 75 71 14 70 31 24 22 3 75 87 67 39 59 39 89 68 95 80 78 79 96 28 44 6 28 61 83 36 66 74 94 82 69 81 33 31 83 42 80 8 99 72 74 69 14 49 61 31 37 51 87 89 8 
58 46 99 76 41 80 36 92 56 77 96 4 5 29 89 72 24 91 93 49 46 39 2 80 80 84 87 3 0 33 94 12 4 21 35 47 87 30 8 61 71 80 88 75 31 51 84 42 67 19 24 99 79 89 86 74 5 2 33 46 70 9 50 33 58 25 70 71 20 61 73 62 9 31 3 64 84 22 50 96 26 90 98 1 13 16 24 40 51 67 62 82 66 56 60 9 9 75 90 70 
7 95 89 72 37 50 63 9 4 35 31 77 66 25 8 48 45 94 67 81 6 6 43 67 33 94 65 27 33 0 2 29 62 15 82 7 29 17 27 78 74 2 81 64 21 95 53 63 90 11 38 1 56 93 1 45 89 15 32 30 85 7 65 79 3 38 92 62 82 49 34 11 13 37 41 64 26 44 99 76 60 18 94 56 32 96 53 13 73 31 15 40 63 59 70 37 42 2 33 90 
71 62 70 20 17 59 27 45 39 75 56 57 10 27 56 12 10 71 26 19 74 50 86 11 47 90 85 33 94 2 0 25 89 2 90 91 36 94 68 37 41 51 19 34 69 18 57 29 66 8 75 31 4 20 79 17 40 86 36 76 99 66 96 30 25 63 15 90 91 76 87 69 94 27 66 3 8 62 14 71 24 90 95 46 66 94 10 66 87 52 84 97 77 98 96 0 0 30 46 45 
98 47 34 68 91 39 7 82 88 12 6 70 43 86 8 35 47 46 10 62 68 8 66 7 51 33 12 53 12 29 25 0 30 0 53 92 39 61 39 92 93 48 13 58 70 12 9 59 36 56 63 36 58 19 86 13 14 21 48 42 35 76 69 21 27 2 75 18 24 40 72 51 79 99 24 2 77 8 48 13 32 68 26 19 49 84 1 38 8 54 44 80 55 42 43 90 40 26 53 33 
99 29 34 15 25 19 93 26 36 6 11 63 2 73 53 23 46 12 72 96 28 84 8 41 47 83 99 1 4 62 89 30 0 29 80 40 5 38 45 30 41 63 42 69 55 47 51 65 90 83 58 32 11 19 57 71 24 54 55 30 61 86 83 65 29 33 32 58 27 1 55 44 63 0 65 78 92 18 64 4 72 1 6 65 82 17 61 1 24 79 62 84 76 39 71 54 81 97 29 81 
74 22 37 91 65 94 14 95 58 62 0 44 8 79 90 38 3 63 85 7 63 31 88 17 84 29 41 93 21 15 2 0 29 0 23 62 32 27 86 91 14 69 18 78 55 10 70 41 84 47 86 66 34 42 19 46 13 51 22 64 85 76 77 35 62 54 27 49 33 67 6 62 41 14 83 81 5 99 73 75 6 63 27 99 23 68 83 42 13 56 24 98 82 81 52 62 43 90 63 67 
14 35 55 38 63 39 71 91 64 58 48 84 19 21 78 49 59 15 9 45 70 35 61 28 99 87 67 62 35 82 90 53 80 23 0 29 52 91 67 60 24 39 99 89 8 28 92 83 70 62 43 20 66 71 56 73 5 39 64 58 38 16 89 61 47 70 54 12 18 39 81 3 27 62 88 65 29 28 97 20 47 59 56 8 84 25 17 6 71 50 26 97 8 21 51 83 45 93 46 26 
56 33 62 24 14 52 6 83 64 49 3 92 8 15 57 97 73 43 82 6 83 58 77 95 2 60 69 61 47 7 91 92 40 62 29 0 87 2 68 35 74 66 76 4 90 15 20 25 80 80 11 11 98 68 23 1 65 18 15 24 94 20 10 56 92 99 86 56 20 17 2 65 96 17 85 45 37 86 14 61 49 87 39 9 57 0 21 18 46 17 60 17 8 18 40 61 93 63 47 51 
26 27 49 54 39 49 28 12 18 46 37 4 90 20 55 33 51 38 33 19 15 12 1 22 39 16 36 25 87 29 36 39 5 32 52 87 0 14 77 8 1 0 79 83 86 82 45 44 61 88 85 28 46 58 39 21 30 15 10 81 71 29 46 55 94 0 54 30 59 79 58 20 19 3 75 67 22 56 53 11 77 87 49 81 65 77 28 13 61 50 66 9 57 80 72 67 19 49 73 14 
5 21 57 44 59 59 40 95 47 45 51 43 35 75 36 15 99 34 27 64 47 1 41 49 50 9 57 95 30 17 94 61 38 27 91 2 14 0 49 17 15 29 8 27 32 55 79 60 2 87 43 73 52 28 3 18 78 45 23 83 72 23 0 47 22 51 63 74 53 49 35 78 22 60 55 60 59 85 56 98 91 92 34 70 93 34 34 16 20 90 81 72 79 27 50 36 69 65 56 6 
42 12 2 50 13 9 88 41 11 58 5 39 83 67 48 18 44 59 36 19 57 61 40 69 66 88 30 60 8 27 68 39 45 86 67 68 77 49 0 60 60 31 41 40 36 58 3 95 38 6 39 91 70 8 56 75 35 48 72 13 90 81 80 1 23 48 33 13 12 91 36 89 61 12 16 91 56 15 84 24 49 48 23 70 35 7 40 37 77 3 39 76 58 14 63 12 83 57 48 56 
29 81 48 15 93 1 7 93 26 61 27 82 14 67 96 17 60 27 6 29 74 42 37 39 96 90 57 58 61 78 37 92 30 91 60 35 8 17 60 0 72 90 76 59 9 44 47 29 31 44 69 52 12 57 55 61 17 77 91 49 78 3 72 74 34 57 43 46 59 22 4 58 53 60 86 29 72 45 45 14 63 65 9 18 71 25 68 53 72 78 77 57 12 65 70 50 39 16 90 30 
43 39 28 94 78 50 37 88 13 21 91 94 28 79 45 17 30 85 84 92 84 90 64 83 60 35 55 18 71 74 41 93 41 14 24 74 1 15 60 72 0 32 80 26 73 32 98 50 1 33 77 54 58 59 43 65 76 20 90 12 43 16 46 67 86 22 17 13 25 3 92 72 79 84 70 0 96 22 17 61 50 55 23 8 71 0 9 62 92 47 42 65 90 42 99 91 12 72 47 19 
24 98 80 53 41 10 78 70 98 17 38 11 67 92 30 23 39 13 65 20 7 36 90 32 68 77 82 2 80 2 51 48 63 69 39 66 0 29 31 90 32 0 46 12 63 79 78 17 82 83 86 14 35 59 11 1 16 66 91 20 15 20 42 44 15 94 14 83 94 21 31 62 6 73 96 18 88 0 61 3 61 21 77 30 41 79 73 79 55 34 99 0 47 86 77 61 73 85 40 36 
9 48 50 58 96 93 57 67 38 19 26 65 97 66 29 64 64 40 0 7 54 66 1 1 55 49 60 5 88 81 19 13 42 18 99 76 79 8 41 76 80 46 0 16 22 44 64 75 33 52 41 6 79 0 9 88 46 34 38 44 83 91 44 94 79 76 4 80 94 91 48 27 24 82 49 2 78 17 78 7 77 27 64 82 39 56 9 45 77 1 87 40 75 69 58 62 87 10 9 48 
61 43 73 24 45 99 99 11 36 24 78 73 51 95 52 1 69 92 68 23 60 80 87 91 56 96 15 34 75 64 34 58 69 78 89 4 83 27 40 59 26 12 16 0 84 99 84 83 65 73 58 94 67 21 17 0 99 32 8 39 95 85 69 18 29 69 89 86 20 44 80 35 23 19 60 55 18 52 72 73 1 53 9 87 29 7 25 99 86 39 30 81 67 72 27 7 70 21 51 39 
56 23 55 94 77 0 1 39 14 6 33 18 98 85 28 99 91 72 81 26 94 45 8 35 18 0 47 36 31 21 69 70 55 55 8 90 86 32 36 9 73 63 22 84 0 65 83 91 36 79 65 63 6 69 14 28 18 81 1 37 96 69 0 57 46 46 2 28 88 1 56 48 74 95 56 74 77 60 91 97 2 63 11 21 21 0 40 69 23 69 41 91 52 1 75 4 31 81 34 46 
91 63 75 88 78 41 95 43 93 29 54 36 58 91 32 5 25 28 6 58 76 98 62 39 42 62 57 58 51 95 18 12 47 10 28 15 82 55 58 44 32 79 44 99 65 0 3 84 24 14 50 98 77 88 31 32 35 93 27 26 48 0 11 41 9 20 0 56 7 61 1 76 13 61 78 59 11 81 79 9 50 71 68 88 33 79 33 9 51 62 39 15 37 41 26 18 32 32 11 11 
25 56 35 92 80 49 58 85 16 15 15 45 16 7 49 88 51 5 33 65 78 19 97 72 3 42 83 99 84 53 57 9 51 70 92 20 45 79 3 47 98 78 64 84 83 3 0 34 41 40 59 17 8 62 48 5 78 44 86 89 13 94 4 43 83 15 42 95 30 88 32 23 25 97 27 12 54 38 78 93 67 47 0 41 34 94 10 52 5 66 92 8 60 63 3 43 25 9 72 5 
57 64 66 3 77 93 82 81 64 66 76 79 66 14 63 83 14 14 75 79 49 8 40 26 87 49 7 75 42 63 29 59 65 41 83 25 44 60 95 29 50 17 75 83 91 84 34 0 85 23 76 60 33 80 85 53 38 73 76 18 35 33 37 46 74 80 59 65 21 86 37 41 19 66 33 67 62 66 11 22 0 40 1 25 86 4 96 14 72 77 49 53 61 47 45 69 61 87 12 66 
77 96 89 98 83 39 11 66 30 50 26 42 78 60 55 8 26 56 32 77 8 54 49 59 63 97 15 71 67 90 66 36 90 84 70 80 61 2 38 31 1 82 33 65 36 24 41 85 0 8 67 19 69 38 85 74 45 40 11 32 7 4 27 35 95 49 92 88 84 80 96 40 2 69 51 48 45 97 39 63 81 51 24 42 30 21 59 4 69 56 65 89 83 49 61 90 98 92 8 6 
77 98 50 62 7 19 89 79 50 68 56 79 16 20 14 66 86 2 96 0 46 53 49 80 42 15 51 14 19 11 8 56 83 47 62 80 88 87 6 44 33 83 52 73 79 14 40 23 8 0 86 61 63 71 94 60 29 11 51 65 32 89 78 9 45 16 54 62 39 31 26 19 12 92 30 35 69 41 48 90 49 39 82 15 90 67 59 30 15 34 1 68 57 76 95 63 5 55 94 75 
19 59 6 65 93 76 31 76 11 0 30 55 38 56 30 92 32 65 49 55 13 68 10 40 50 59 41 70 24 38 75 63 58 86 43 11 85 43 39 69 77 86 41 58 65 50 59 76 67 86 0 35 72 38 23 48 16 57 80 86 22 64 58 13 2 55 78 91 96 97 69 27 79 72 52 84 98 84 17 13 89 79 96 19 17 11 67 96 92 33 67 29 86 85 11 41 83 1 5 37 
36 91 59 3 92 97 42 94 28 18 67 74 83 15 77 47 86 78 66 62 45 45 83 73 83 17 23 31 99 1 31 36 32 66 20 11 28 73 91 52 54 14 6 94 63 98 17 60 19 61 35 0 34 36 86 4 34 71 13 88 63 47 21 5 16 99 84 4 77 68 55 34 18 9 13 33 43 47 35 51 10 94 31 5 24 24 15 87 61 61 60 51 26 49 24 53 89 24 62 85 
34 24 79 33 30 90 76 22 70 19 95 88 57 72 25 85 0 37 87 6 71 28 71 51 76 14 48 24 79 56 4 58 11 34 66 98 46 52 70 12 58 35 79 67 6 77 8 33 69 63 72 34 0 58 5 95 79 75 21 87 3 25 95 55 86 71 25 31 15 43 85 58 63 2 88 20 74 57 20 42 44 51 47 76 67 75 62 80 81 60 98 83 0 26 56 85 35 23 82 84 
47 9 95 93 93 52 10 17 55 17 8 8 2 82 9 11 94 12 52 60 1 72 64 80 60 33 6 22 89 93 20 19 19 42 71 68 58 28 8 57 59 59 0 21 69 88 62 80 38 71 38 36 58 0 16 3 57 5 38 17 2 78 59 9 86 86 12 25 20 30 24 12 78 41 67 27 37 82 47 33 19 26 71 11 75 17 87 17 72 41 24 85 2 14 78 63 81 53 63 92 
75 85 70 23 59 27 10 40 57 61 65 60 26 80 83 84 59 7 23 16 45 16 65 47 79 67 41 3 86 1 79 86 57 19 56 23 39 3 56 55 43 11 9 17 14 31 48 85 85 94 23 86 5 16 0 22 44 48 98 65 55 33 44 84 85 74 41 60 26 99 26 34 50 53 0 13 46 7 99 31 33 64 43 80 93 89 17 19 35 39 22 98 52 47 61 7 44 76 63 13 
11 58 92 79 89 40 75 3 50 17 55 81 76 81 65 52 83 46 13 40 42 50 5 1 81 85 94 75 74 45 17 13 71 46 73 1 21 18 75 61 65 1 88 0 28 32 5 53 74 60 48 4 95 3 22 0 65 36 96 47 50 17 39 53 41 28 76 72 8 87 87 93 12 92 56 17 9 0 67 8 78 41 56 30 21 89 75 85 26 21 37 22 30 36 69 10 27 85 87 19 
67 56 61 73 95 20 10 35 79 35 52 26 91 72 39 27 13 50 66 51 29 26 86 12 43 86 63 87 5 89 40 14 24 13 5 65 30 78 35 17 76 16 46 99 18 35 78 38 45 29 16 34 79 57 44 65 0 12 86 1 97 68 11 89 6 18 64 33 3 9 89 32 87 45 11 65 92 25 1 53 23 66 96 73 70 22 95 36 76 55 55 8 47 73 27 73 82 72 63 49 
20 36 2 73 75 76 26 60 50 19 84 83 2 20 11 0 70 49 26 28 2 7 48 30 99 47 3 67 2 15 86 21 54 51 39 18 15 45 48 77 20 66 34 32 81 93 44 73 40 11 57 71 75 5 48 36 12 0 89 96 24 33 94 76 50 29 67 87 6 40 9 53 29 14 6 31 36 22 75 56 81 62 53 47 4 72 45 25 46 98 74 39 31 70 6 22 98 29 76 98 
3 60 90 63 59 94 32 75 39 46 69 36 81 83 55 69 5 21 26 22 10 99 65 88 20 31 64 39 33 32 36 48 55 22 64 15 10 23 72 91 90 91 38 8 1 27 86 76 11 51 80 13 21 38 98 96 86 89 0 77 3 76 79 88 83 84 90 85 3 87 66 45 14 9 53 36 88 16 15 5 37 17 39 61 19 86 57 53 63 89 82 95 50 65 39 7 21 71 5 79 
34 31 96 32 22 47 89 5 75 81 18 49 91 10 71 97 46 38 15 12 50 73 42 79 76 39 1 59 46 30 76 42 30 64 58 24 81 83 13 49 12 20 44 39 37 26 89 18 32 65 86 88 87 17 65 47 1 96 77 0 56 7 19 70 53 50 36 47 41 31 84 64 76 98 6 22 48 13 49 92 76 24 86 91 59 43 17 83 71 49 84 17 14 9 88 70 52 15 44 58 
39 3 80 64 62 98 95 85 54 5 79 33 14 47 54 60 82 51 59 20 61 13 35 71 81 60 35 39 70 85 99 35 61 85 38 94 71 72 90 78 43 15 83 95 96 48 13 35 7 32 22 63 3 2 55 50 97 24 3 56 0 32 82 57 53 73 24 83 50 99 12 90 92 37 86 10 39 27 56 83 87 23 49 46 79 96 3 44 8 95 38 57 30 48 40 43 6 68 39 23 
54 83 35 73 24 39 69 37 18 99 95 79 94 35 76 58 75 19 43 65 80 14 48 12 48 28 15 89 9 7 66 76 86 76 16 20 29 23 81 3 16 20 91 85 69 0 94 33 4 89 64 47 25 78 33 17 68 33 76 7 32 0 0 18 92 61 26 22 57 97 0 14 66 75 68 6 93 89 2 35 51 62 22 78 72 84 13 90 17 79 99 48 39 80 15 84 99 1 64 85 
49 65 55 39 64 76 87 50 49 2 83 92 38 40 44 18 16 85 49 68 72 74 39 20 15 45 84 68 50 65 96 69 83 77 89 10 46 0 80 72 46 42 44 69 0 11 4 37 27 78 58 21 95 59 44 39 11 94 79 19 82 0 0 21 33 74 47 61 46 59 74 90 41 75 2 82 53 4 8 69 21 69 95 48 2 46 38 67 67 42 83 67 40 70 48 18 57 51 31 49 
60 44 70 35 75 18 42 52 41 79 85 66 68 90 15 83 3 60 51 89 67 66 88 90 83 96 56 95 33 79 30 21 65 35 61 56 55 47 1 74 67 44 94 18 57 41 43 46 35 9 13 5 55 9 84 53 89 76 88 70 57 18 21 0 33 10 87 42 98 48 14 44 29 7 85 25 1 95 59 0 9 69 50 98 35 55 7 86 11 57 95 11 6 9 74 25 48 11 73 12 
12 40 18 4 62 45 41 76 55 26 54 50 39 17 76 93 63 62 60 64 32 66 91 99 60 41 74 80 58 3 25 27 29 62 47 92 94 22 23 34 86 15 79 29 46 9 83 74 95 45 2 16 86 86 85 41 6 50 83 53 53 92 33 33 0 32 75 29 51 81 83 61 0 9 43 98 64 73 20 52 8 24 72 99 43 67 1 47 68 74 24 88 92 42 97 42 42 67 79 68 
57 80 16 79 95 2 84 96 1 14 80 55 87 31 72 7 49 10 16 39 3 94 36 10 34 78 75 78 25 38 63 2 33 54 70 99 0 51 48 57 22 94 76 69 46 20 15 80 49 16 55 99 71 86 74 28 18 29 84 50 73 61 74 10 32 0 89 64 56 25 62 2 50 23 47 77 12 66 85 99 82 35 49 53 97 24 9 6 98 54 84 24 86 9 93 51 53 82 19 16 
94 61 71 2 42 67 62 14 6 11 74 76 78 83 87 48 68 19 27 33 41 74 63 96 17 0 94 79 70 92 15 75 32 27 54 86 54 63 33 43 17 14 4 89 2 0 42 59 92 54 78 84 25 12 41 76 64 67 90 36 24 26 47 87 75 89 0 32 45 32 76 71 96 41 29 95 45 76 64 3 70 53 45 31 63 29 17 10 54 96 90 22 75 31 59 9 13 88 34 54 
84 60 91 77 45 45 10 61 43 57 43 30 8 81 95 76 13 25 23 47 45 89 31 94 76 87 79 96 71 62 90 18 58 49 12 56 30 74 13 46 13 83 80 86 28 56 95 65 88 62 91 4 31 25 60 72 33 87 85 47 83 22 61 42 29 64 32 0 93 77 73 32 55 38 99 8 95 4 59 95 5 20 74 18 27 28 89 36 35 48 3 45 20 38 93 40 53 3 18 64 
62 84 92 25 9 65 14 2 34 94 51 50 4 59 74 5 47 89 93 44 64 98 20 20 79 5 45 28 20 82 91 24 27 33 18 20 59 53 12 59 25 94 94 20 88 7 30 21 84 39 96 77 15 20 26 8 3 6 3 41 50 57 46 98 51 56 45 93 0 4 15 91 15 17 93 68 61 97 60 65 43 59 66 70 15 30 15 13 77 62 20 46 88 76 92 24 70 72 11 99 
81 99 33 65 1 90 57 2 32 92 87 76 20 74 22 8 15 54 5 73 4 90 24 25 48 98 30 44 61 49 76 40 1 67 39 17 79 49 91 22 3 21 91 44 1 61 88 86 80 31 97 68 43 30 99 87 9 40 87 31 99 97 59 48 81 25 32 77 4 0 28 19 43 34 93 25 72 4 66 39 10 69 33 80 90 67 92 33 86 69 28 61 44 86 76 22 23 30 76 33 
88 36 12 82 0 86 72 22 83 13 75 67 65 53 73 49 26 23 37 31 58 77 19 84 79 73 26 6 73 34 87 72 55 6 81 2 58 35 36 4 92 31 48 80 56 1 32 37 96 26 69 55 85 24 26 87 89 9 66 84 12 0 74 14 83 62 76 73 15 28 0 16 30 1 93 62 22 44 3 21 62 59 75 87 83 34 26 73 55 17 9 85 69 70 23 17 73 87 84 20 
98 4 9 96 6 99 43 22 13 49 31 44 81 26 96 69 84 74 9 56 54 87 59 7 6 48 28 28 62 11 69 51 44 62 3 65 20 78 89 58 72 62 27 35 48 76 23 41 40 19 27 34 58 12 34 93 32 53 45 64 90 14 90 44 61 2 71 32 91 19 16 0 47 43 91 66 81 92 42 79 98 25 45 81 61 36 28 1 96 42 76 36 26 2 69 55 58 67 2 72 
88 37 70 25 75 34 19 99 9 65 8 21 20 11 5 67 52 20 9 42 77 77 27 49 90 11 68 61 9 13 94 79 63 41 27 96 19 22 61 53 79 6 24 23 74 13 25 19 2 12 79 18 63 78 50 12 87 29 14 76 92 66 41 29 0 50 96 55 15 43 30 47 0 54 45 82 6 22 15 97 72 23 74 87 8 16 23 64 27 84 30 55 64 90 53 63 46 65 83 3 
71 71 31 90 86 32 68 61 82 50 28 94 91 35 18 98 83 40 73 60 11 15 18 62 99 22 3 83 31 37 27 99 0 14 62 17 3 60 12 60 84 73 82 19 95 61 97 66 69 92 72 9 2 41 53 92 45 14 9 98 37 75 75 7 9 23 41 38 17 34 1 43 54 0 32 15 85 4 6 56 38 8 56 74 83 64 54 78 36 46 96 96 20 42 67 21 3 10 72 80 
32 79 13 80 17 15 40 86 61 66 56 68 40 16 5 22 95 93 6 89 6 86 22 0 12 25 2 36 3 41 66 24 65 83 88 85 75 55 16 86 70 96 49 60 56 78 27 33 51 30 52 13 88 67 0 56 11 6 53 6 86 68 2 85 43 47 29 99 93 93 93 91 45 32 0 71 47 72 68 55 49 49 4 16 67 51 95 7 8 55 59 30 36 42 1 5 97 88 61 69 
11 74 84 77 5 89 46 66 79 66 52 18 1 96 75 70 95 51 31 46 50 72 68 8 31 85 50 66 64 64 3 2 78 81 65 45 67 60 91 29 0 18 2 55 74 59 12 67 48 35 84 33 20 27 13 17 65 31 36 22 10 6 82 25 98 77 95 8 68 25 62 66 82 15 71 0 40 48 12 17 63 95 95 85 39 8 19 70 55 71 24 83 31 28 39 84 39 12 77 1 
25 55 19 41 47 8 27 74 0 99 37 98 45 70 33 17 26 48 68 73 65 96 87 31 5 98 22 74 84 26 8 77 92 5 29 37 22 59 56 72 96 88 78 18 77 11 54 62 45 69 98 43 74 37 46 9 92 36 88 48 39 93 53 1 64 12 45 95 61 72 22 81 6 85 47 40 0 90 29 17 51 27 34 62 28 60 89 73 7 87 16 18 68 9 43 23 23 71 59 25 
21 47 98 31 94 9 35 2 66 38 14 97 83 33 37 80 94 61 35 65 38 30 55 19 67 28 87 94 22 44 62 8 18 99 28 86 56 85 15 45 22 0 17 52 60 81 38 66 97 41 84 47 57 82 7 0 25 22 16 13 27 89 4 95 73 66 76 4 97 4 44 92 22 4 72 48 90 0 22 10 34 47 34 64 44 96 22 20 61 17 74 20 67 16 13 25 12 97 77 40 
61 53 10 40 83 88 82 48 14 31 28 10 45 17 49 59 47 43 24 47 27 77 48 13 10 73 63 82 50 99 14 48 64 73 97 14 53 56 84 45 17 61 78 72 91 79 78 11 39 48 17 35 20 47 99 67 1 75 15 49 56 2 8 59 20 85 64 59 60 66 3 42 15 6 68 12 29 22 0 28 3 33 62 80 57 45 80 93 76 89 94 66 95 86 31 84 4 1 35 88 
53 69 53 17 27 47 46 13 48 89 10 71 50 97 10 29 22 40 39 70 73 98 38 43 52 56 21 69 96 76 71 13 4 75 20 61 11 98 24 14 61 3 7 73 97 9 93 22 63 90 13 51 42 33 31 8 53 56 5 92 83 35 69 0 52 99 3 95 65 39 21 79 97 56 55 17 17 10 28 0 82 6 64 90 60 43 56 72 65 43 46 19 6 97 72 26 59 96 26 33 
9 91 25 27 64 7 30 84 22 30 83 19 91 66 81 40 25 60 88 4 50 42 66 70 1 14 43 81 26 60 24 32 72 6 47 49 77 91 49 63 50 61 77 1 2 50 67 0 81 49 89 10 44 19 33 78 23 81 37 76 87 51 21 9 8 82 70 5 43 10 62 98 72 38 49 63 51 34 3 82 0 40 73 76 49 5 70 88 32 26 30 32 64 54 7 24 38 88 48 65 
60 59 62 80 46 63 72 93 92 24 59 25 56 87 35 14 92 26 96 5 82 6 89 99 83 22 26 33 90 18 90 68 1 63 59 87 87 92 48 65 55 21 27 53 63 71 47 40 51 39 79 94 51 26 64 41 66 62 17 24 23 62 69 69 24 35 53 20 59 69 59 25 23 8 49 95 27 47 33 6 40 0 49 72 48 22 86 57 94 64 70 79 40 29 58 24 15 24 80 54 
2 61 53 70 9 55 62 93 26 75 3 93 65 99 83 19 58 57 87 46 22 13 62 20 24 24 82 31 98 94 95 26 6 27 56 39 49 34 23 9 23 77 64 9 11 68 0 1 24 82 96 31 47 71 43 56 96 53 39 86 49 22 95 50 72 49 45 74 66 33 75 45 74 56 4 95 34 34 62 64 73 49 0 90 57 35 34 56 43 30 35 7 30 72 91 76 52 5 72 33 
21 94 58 45 98 5 62 54 85 83 90 51 58 28 44 66 90 47 99 68 22 57 50 94 0 66 4 83 1 56 46 19 65 99 8 9 81 70 70 18 8 30 82 87 21 88 41 25 42 15 19 5 76 11 80 30 73 47 61 91 46 78 48 98 99 53 31 18 70 80 87 81 87 74 16 85 62 64 80 90 76 72 90 0 2 52 58 52 62 0 71 74 26 36 94 83 65 52 1 1 
1 24 71 46 17 77 1 90 83 11 4 72 60 75 63 62 20 60 67 85 56 44 48 65 96 69 2 42 13 32 66 49 82 23 84 57 65 93 35 71 71 41 39 29 21 33 34 86 30 90 17 24 67 75 93 21 70 4 19 59 79 72 2 35 43 97 63 27 15 90 83 61 8 83 67 39 28 44 57 60 49 48 57 2 0 59 8 48 32 83 81 87 34 97 79 97 30 26 25 55 
73 33 57 66 42 34 95 28 44 65 16 49 51 37 64 87 67 25 47 42 78 79 71 59 60 22 18 80 16 96 94 84 17 68 25 0 77 34 7 25 0 79 56 7 0 79 94 4 21 67 11 24 75 17 89 89 22 72 86 43 96 84 46 55 67 24 29 28 30 67 34 36 16 64 51 8 60 96 45 43 5 22 35 52 59 0 91 67 0 54 14 43 88 33 60 6 46 7 91 50 
48 66 5 67 19 38 34 0 63 34 99 9 63 34 20 15 71 49 20 25 12 40 96 91 1 28 70 8 24 53 10 1 61 83 17 21 28 34 40 68 9 73 9 25 40 33 10 96 59 59 67 15 62 87 17 75 95 45 57 17 3 13 38 7 1 9 17 89 15 92 26 28 23 54 95 19 89 22 80 56 70 86 34 58 8 91 0 90 80 12 71 27 88 73 20 61 56 41 12 26 
23 64 50 82 19 0 21 32 36 95 70 59 38 52 40 23 7 42 64 52 39 24 79 4 65 20 94 99 40 13 66 38 1 42 6 18 13 16 37 53 62 79 45 99 69 9 52 14 4 30 96 87 80 17 19 85 36 25 53 83 44 90 67 86 47 6 10 36 13 33 73 1 64 78 7 70 73 20 93 72 88 57 56 52 48 67 90 0 2 0 92 56 2 23 24 30 55 34 36 89 
54 73 22 86 56 43 42 76 1 11 0 29 44 76 53 44 22 74 55 39 28 10 42 49 89 37 40 72 51 73 87 8 24 13 71 46 61 20 77 72 92 55 77 86 23 51 5 72 69 15 92 61 81 72 35 26 76 46 63 71 8 17 67 11 68 98 54 35 77 86 55 96 27 36 8 55 7 61 76 65 32 94 43 62 32 0 80 2 0 53 47 64 50 45 49 46 26 21 84 32 
95 14 78 61 9 92 20 98 79 59 52 15 95 49 15 63 88 55 1 87 52 11 99 83 49 92 55 74 67 31 52 54 79 56 50 17 50 90 3 78 47 34 1 39 69 62 66 77 56 34 33 61 60 41 39 21 55 98 89 49 95 79 42 57 74 54 96 48 62 69 17 42 84 46 55 71 87 17 89 43 26 64 30 0 83 54 12 0 53 0 3 75 57 12 24 37 39 16 63 77 
12 53 46 18 71 57 35 80 40 98 85 90 86 73 12 15 84 50 78 73 92 26 64 6 74 95 15 69 62 15 84 44 62 24 26 60 66 81 39 77 42 99 87 30 41 39 92 49 65 1 67 60 98 24 22 37 55 74 82 84 38 99 83 95 24 84 90 3 20 28 9 76 30 96 59 24 16 74 94 46 30 70 35 71 81 14 71 92 47 3 0 93 69 93 97 11 76 62 74 47 
53 8 96 49 91 80 63 36 46 1 97 48 70 5 69 76 32 94 99 71 67 49 54 33 89 53 54 14 82 40 97 80 84 98 97 17 9 72 76 57 65 0 40 81 91 15 8 53 89 68 29 51 83 85 98 22 8 39 95 17 57 48 67 11 88 24 22 45 46 61 85 36 55 96 30 83 18 20 66 19 32 79 7 74 87 43 27 56 64 75 93 0 6 83 18 31 13 84 38 12 
85 60 36 57 61 43 52 43 91 91 52 99 45 78 16 38 62 55 55 23 42 32 73 89 80 37 2 49 66 63 77 55 76 82 8 8 57 79 58 12 90 47 75 67 52 37 60 61 83 57 86 26 0 2 52 30 47 31 50 14 30 39 40 6 92 86 75 20 88 44 69 26 64 20 36 31 68 67 95 6 64 40 30 26 34 88 88 2 50 57 69 6 0 77 49 61 96 52 49 77 
77 99 25 18 85 22 77 53 13 64 30 33 33 64 36 32 54 67 33 84 64 54 58 5 24 0 68 61 56 59 98 42 39 81 21 18 80 27 14 65 42 86 69 72 1 41 63 47 49 76 85 49 26 14 47 36 73 70 65 9 48 80 70 9 42 9 31 38 76 86 70 2 90 42 42 28 9 16 86 97 54 29 72 36 97 33 73 23 45 12 93 83 77 0 10 43 0 93 24 40 
51 9 45 42 91 87 52 85 20 18 75 84 71 78 74 99 62 94 16 6 77 99 60 21 32 21 76 31 60 70 96 43 71 52 51 40 72 50 63 70 99 77 58 27 75 26 3 45 61 95 11 24 56 78 61 69 27 6 39 88 40 15 48 74 97 93 59 93 92 76 23 69 53 67 1 39 43 13 31 72 7 58 91 94 79 60 20 24 49 24 97 18 49 10 0 76 88 58 46 93 
7 16 13 2 32 52 55 53 22 58 41 11 75 45 50 35 64 63 77 93 5 4 99 0 62 85 8 37 9 37 0 90 54 62 83 61 67 36 12 50 91 61 62 7 4 18 43 69 90 63 41 53 85 63 7 10 73 22 7 70 43 84 18 25 42 51 9 40 24 22 17 55 63 21 5 84 23 25 84 26 24 24 76 83 97 6 61 30 46 37 11 31 61 43 76 0 91 33 37 66 
94 80 89 1 60 99 9 51 72 38 76 60 96 42 62 49 46 46 50 96 28 66 60 86 64 0 13 51 9 42 0 40 81 43 45 93 19 69 83 39 12 73 87 70 31 32 25 61 98 5 83 89 35 81 44 27 82 98 21 52 6 99 57 48 42 53 13 53 70 23 73 58 46 3 97 39 23 12 4 59 38 15 52 65 30 46 56 55 26 39 76 13 96 0 88 91 0 45 13 49 
47 0 25 46 95 71 0 27 64 83 60 65 64 4 89 83 38 94 88 0 69 21 39 42 13 10 85 87 75 2 30 26 97 90 93 63 49 65 57 16 72 85 10 21 81 32 9 87 92 55 1 24 23 53 76 85 72 29 71 15 68 1 51 11 67 82 88 3 72 30 87 67 65 10 88 12 71 97 1 96 88 24 5 52 26 7 41 34 21 16 62 84 52 93 58 33 45 0 4 15 
71 55 47 38 73 63 81 16 17 96 64 53 25 83 60 91 52 97 41 88 63 6 7 79 91 51 42 89 90 33 46 53 29 63 46 47 73 56 48 90 47 40 9 51 34 11 72 12 8 94 5 62 82 63 63 87 63 76 5 44 39 64 31 73 79 19 34 18 11 76 84 2 83 72 61 77 59 77 35 26 48 80 72 1 25 91 12 36 84 63 74 38 49 24 46 37 13 4 0 72 
74 76 45 40 99 23 40 80 5 84 52 80 57 83 77 47 66 88 34 34 89 23 92 64 54 53 60 8 70 90 45 33 81 67 26 51 14 6 56 30 19 36 48 39 46 11 5 66 6 75 37 85 84 92 13 19 49 98 79 58 23 85 49 12 68 16 54 64 99 33 20 72 3 80 69 1 25 40 88 33 65 54 33 1 55 50 26 89 32 77 47 12 77 40 93 66 49 15 72 0 
