100
0 30 25 70 11 38 3 42 19 9 24 60 42 11 72 39 94 39 84 78 97 36 77 45 49 37 39 47 76 90 53 22 15 31 60 48 32 1 39 24 17 8 39 3 22 40 15 19 65 16 90 74 15 63 78 90 62 55 92 25 5 60 68 31 2 66 52 73 28 84 46 43 89 21 91 15 97 44 86 14 98 59 90 11 78 92 94 6 24 58 88 45 93 82 63 91 37 33 51 79 
30 0 73 82 80 7 53 94 81 73 81 43 27 73 16 85 92 79 20 1 66 21 88 15 23 96 65 34 73 89 53 92 23 71 47 46 99 47 8 67 94 82 98 75 55 81 2 59 54 80 6 52 76 78 63 94 72 78 47 58 46 89 52 62 98 50 49 72 62 14 15 78 16 77 57 22 68 30 61 58 45 73 53 77 38 80 64 94 83 28 58 16 23 42 85 37 31 50 74 79 
25 73 0 85 93 96 76 49 41 43 14 18 11 69 75 77 13 59 40 12 33 69 13 24 68 66 66 99 30 85 1 90 44 58 84 25 20 41 38 76 77 86 53 18 61 94 86 50 24 26 39 56 1 50 42 77 23 49 61 96 81 80 26 94 75 21 15 65 72 45 88 41 25 24 32 4 0 64 71 13 53 6 28 6 96 92 65 5 40 36 13 33 6 37 20 93 51 38 12 37 
70 82 85 0 56 78 55 13 48 19 9 81 3 89 88 49 99 85 7 79 57 20 30 18 64 6 94 80 73 4 90 41 96 72 65 82 33 57 81 94 58 57 96 50 94 6 88 40 90 42 15 90 64 65 43 81 10 43 40 58 10 38 33 1 79 59 69 26 14 26 5 35 26 65 81 16 6 60 17 66 75 66 26 49 96 92 65 87 46 71 73 73 9 9 70 36 22 16 26 26 
11 80 93 56 0 79 0 30 72 45 93 67 7 12 46 76 92 92 38 86 12 97 96 83 64 81 51 58 69 53 63 30 71 39 37 97 35 52 83 12 49 50 36 45 23 86 45 10 40 23 20 32 91 43 47 84 74 0 58 33 14 53 7 45 84 36 79 98 77 34 68 76 37 2 75 11 64 58 99 10 60 53 68 25 73 31 97 3 30 29 55 50 27 17 92 53 81 16 32 69 
38 7 96 78 79 0 25 40 25 29 12 23 99 62 53 81 76 83 70 24 93 87 26 11 26 24 24 40 40 80 34 79 83 24 64 51 65 0 9 88 99 63 86 14 58 6 82 75 62 94 82 53 5 68 0 52 49 76 67 2 20 40 79 33 36 80 24 61 39 61 47 59 60 61 93 33 38 44 30 5 30 81 25 44 38 79 6 94 31 0 2 25 91 43 60 75 2 78 48 90 
3 53 76 55 0 25 0 12 90 99 15 69 72 17 97 64 29 98 23 43 46 54 10 35 75 51 59 76 97 36 29 95 39 12 31 70 80 92 92 66 97 97 89 23 82 27 19 42 89 15 49 88 94 50 36 6 71 3 36 98 29 85 75 25 60 17 40 21 99 22 18 22 31 78 98 66 65 90 84 62 64 67 73 49 23 97 61 76 14 81 14 88 63 81 53 69 5 99 88 73 
42 94 49 13 30 40 12 0 70 52 79 71 34 94 21 23 26 10 52 58 51 15 37 61 93 42 6 56 91 60 60 87 85 92 31 65 48 43 29 39 20 2 26 53 13 93 58 38 50 58 98 59 72 44 2 45 50 37 58 9 29 16 90 27 67 71 45 1 22 44 33 77 76 71 75 45 53 36 64 90 23 31 11 74 8 11 12 0 40 91 65 63 36 1 38 79 92 8 4 72 
19 81 41 48 72 25 90 70 0 64 30 39 61 10 6 92 55 45 33 10 39 96 32 44 89 4 34 70 5 31 72 18 85 82 84 85 62 10 98 69 4 19 58 98 42 55 67 43 81 92 61 88 42 27 4 92 65 26 93 85 1 8 11 8 19 91 42 99 1 33 75 56 46 87 69 97 68 86 92 25 64 80 94 58 23 67 54 69 20 36 21 29 15 85 28 32 50 44 16 22 
9 73 43 19 45 29 99 52 64 0 57 37 79 18 8 1 56 47 79 84 32 62 29 49 73 38 20 79 36 85 46 24 28 35 62 71 50 18 7 92 32 59 35 67 22 58 40 62 1 85 48 85 4 73 98 24 13 1 80 18 49 23 51 54 93 10 2 64 97 55 14 21 42 80 25 90 80 20 34 25 22 30 41 99 55 38 54 94 21 44 76 56 86 6 33 89 42 86 30 55 
24 81 14 9 93 12 15 79 30 57 0 76 65 52 10 77 13 49 41 34 20 84 66 70 94 12 56 93 12 10 19 6 17 65 87 44 80 82 14 60 6 12 20 51 44 78 52 73 96 84 57 5 71 73 26 15 91 48 59 13 69 66 25 94 37 28 26 87 65 99 93 96 50 19 46 4 52 54 31 12 84 6 43 85 1 11 90 57 15 73 4 65 30 0 96 41 42 26 10 29 
60 43 18 81 67 23 69 71 39 37 76 0 52 90 11 17 15 29 18 85 41 93 11 13 67 70 39 64 96 1 20 66 63 27 44 45 0 32 61 87 11 45 9 95 35 44 14 44 18 82 14 28 76 11 63 78 84 79 20 32 88 98 94 98 18 24 41 45 93 63 58 35 47 84 40 44 50 54 5 94 64 52 52 57 76 4 55 95 0 31 7 34 5 68 15 56 22 44 50 30 
42 27 11 3 7 99 72 34 61 79 65 52 0 2 94 49 51 90 54 35 74 74 3 42 97 39 52 56 8 96 75 41 2 97 13 97 56 59 76 66 50 36 28 14 28 82 34 80 4 81 46 47 33 57 30 57 42 90 59 66 29 43 79 48 8 44 59 98 35 80 6 7 74 68 23 30 64 70 58 0 17 95 27 65 72 31 31 70 18 1 52 5 12 72 6 14 94 35 40 41 
11 73 69 89 12 62 17 94 10 18 52 90 2 0 37 71 69 57 34 66 7 64 49 46 75 41 20 96 35 45 38 49 92 21 3 20 56 10 31 36 95 79 45 44 28 3 84 29 6 3 33 7 76 20 13 3 89 71 45 78 78 23 60 96 83 61 42 84 70 38 56 32 48 96 52 3 60 52 59 97 57 52 85 92 21 38 34 88 73 8 76 99 86 24 23 52 97 87 45 87 
72 16 75 88 46 53 97 21 6 8 10 11 94 37 0 12 32 28 40 87 42 37 2 84 87 51 98 59 91 93 84 64 8 17 97 54 75 50 17 95 27 99 34 49 27 8 4 8 89 51 45 8 30 38 48 26 71 39 55 55 81 51 64 52 65 73 35 31 97 40 55 12 47 11 98 86 47 83 68 55 12 75 61 49 41 85 68 65 73 84 53 4 69 48 39 27 66 46 19 23 
39 85 77 49 76 81 64 23 92 1 77 17 49 71 12 0 52 54 44 18 3 1 90 23 38 7 95 22 81 4 12 7 62 86 56 92 68 17 82 87 15 64 13 84 97 63 43 74 36 14 8 82 29 3 57 26 98 3 75 3 8 81 34 17 45 45 73 84 15 86 75 42 91 41 67 94 69 50 51 18 64 71 85 83 42 59 28 52 36 94 92 20 54 46 3 38 33 94 90 60 
94 92 13 99 92 76 29 26 55 56 13 15 51 69 32 52 0 6 68 38 97 71 4 26 34 74 26 29 80 97 79 4 13 74 73 54 13 51 84 2 1 19 29 87 54 95 81 76 76 40 95 71 9 30 56 97 57 51 0 49 63 73 83 90 54 10 79 7 9 54 35 65 10 54 59 72 22 67 18 63 73 18 38 35 16 14 56 61 60 6 9 53 11 89 91 5 46 54 82 53 
39 79 59 85 92 83 98 10 45 47 49 29 90 57 28 54 6 0 91 61 67 91 9 75 2 49 93 20 93 33 45 55 26 25 32 31 10 40 61 28 11 54 81 58 34 46 90 41 12 39 37 29 24 43 36 45 39 15 54 23 65 5 90 18 27 0 41 71 88 82 46 76 81 81 56 21 23 69 72 65 98 87 23 16 16 54 61 93 27 24 64 23 72 2 58 88 60 24 96 68 
84 20 40 7 38 70 23 52 33 79 41 18 54 34 40 44 68 91 0 5 33 62 23 69 34 37 19 2 14 68 62 55 83 8 30 54 25 40 36 61 72 39 22 34 34 22 28 53 28 24 8 52 94 72 93 70 9 91 47 45 47 92 91 56 91 92 0 19 0 0 67 95 12 79 64 73 89 21 46 69 48 31 72 42 26 71 80 9 29 64 43 36 22 48 70 32 32 63 99 43 
78 1 12 79 86 24 43 58 10 84 34 85 35 66 87 18 38 61 5 0 58 43 26 14 75 89 32 12 37 53 64 85 36 39 26 38 91 47 50 84 58 12 62 92 54 80 14 33 29 95 6 83 77 52 4 17 47 96 43 61 82 31 72 99 46 16 78 21 43 36 10 20 24 14 24 28 80 5 4 67 72 41 32 86 97 13 37 98 87 84 17 53 89 60 70 92 37 74 18 25 
97 66 33 57 12 93 46 51 39 32 20 41 74 7 42 3 97 67 33 58 0 71 87 70 13 57 59 33 11 73 60 25 55 32 44 19 9 62 56 4 41 63 70 77 28 96 99 66 64 10 62 61 98 22 74 66 9 94 52 1 94 82 31 17 20 52 47 32 74 63 56 92 13 45 4 99 65 13 56 41 81 72 92 74 5 65 54 84 17 22 18 24 21 72 14 18 28 10 6 3 
36 21 69 20 97 87 54 15 96 62 84 93 74 64 37 1 71 91 62 43 71 0 49 47 38 92 41 54 54 83 40 59 50 23 86 50 30 76 39 51 96 13 52 24 90 55 27 51 27 51 54 17 69 22 1 44 95 68 80 43 16 28 83 72 50 41 18 17 98 47 48 38 85 14 3 54 88 66 20 10 61 96 53 15 63 6 64 93 34 50 65 13 54 29 96 19 40 73 36 24 
77 88 13 30 96 26 10 37 32 29 66 11 3 49 2 90 4 9 23 26 87 49 0 80 68 86 6 75 60 5 71 61 79 82 16 77 9 77 79 83 36 84 86 63 70 88 53 74 78 71 40 82 91 79 6 10 40 60 29 24 12 75 93 93 25 88 78 95 40 51 22 91 93 93 86 70 20 70 5 14 11 72 64 46 3 81 34 13 74 26 37 36 51 80 73 51 88 80 49 17 
45 15 24 18 83 11 35 61 44 49 70 13 42 46 84 23 26 75 69 14 70 47 80 0 0 78 44 64 20 97 62 34 23 67 67 12 15 89 39 48 48 16 92 6 55 17 22 40 51 31 97 7 72 17 28 99 41 86 31 31 33 17 68 93 51 62 44 75 64 30 11 52 20 34 36 40 19 12 39 16 2 44 90 60 71 27 68 71 48 77 22 6 7 99 50 93 8 96 15 87 
49 23 68 64 64 26 75 93 89 73 94 67 97 75 87 38 34 2 34 75 13 38 68 0 0 0 0 67 13 39 58 31 52 33 38 7 9 95 29 91 13 33 74 69 25 87 43 76 70 13 73 84 25 26 67 81 61 27 77 68 94 15 32 52 99 81 31 59 70 91 26 67 3 52 54 65 74 47 60 17 99 28 41 37 86 47 90 44 28 12 19 85 0 69 54 49 61 87 44 80 
37 96 66 6 81 24 51 42 4 38 12 70 39 41 51 7 74 49 37 89 57 92 86 78 0 0 51 57 18 39 93 84 21 39 13 55 9 25 56 85 8 7 21 6 6 33 18 31 60 16 92 64 39 19 44 14 67 61 66 75 35 15 19 88 6 57 31 72 23 83 0 85 85 83 69 61 89 95 47 71 31 86 29 71 75 5 83 22 14 26 46 0 7 78 60 27 65 91 21 34 
39 65 66 94 51 24 59 6 34 20 56 39 52 20 98 95 26 93 19 32 59 41 6 44 0 51 0 91 28 96 94 92 33 42 50 68 30 80 35 57 2 60 95 13 27 24 59 62 42 14 86 95 2 76 25 47 89 82 47 95 13 94 13 48 77 17 77 16 32 29 68 42 45 17 77 16 34 27 7 59 39 27 49 86 27 68 98 46 52 48 49 94 76 68 52 71 8 10 97 63 
47 34 99 80 58 40 76 56 70 79 93 64 56 96 59 22 29 20 2 12 33 54 75 64 67 57 91 0 76 86 20 3 26 49 11 24 89 45 18 54 8 40 67 97 62 33 20 29 7 11 55 58 92 65 46 41 47 33 60 5 29 66 86 10 55 85 41 60 89 98 17 64 32 17 45 72 80 21 77 83 32 18 56 58 81 85 0 58 64 68 76 54 29 44 52 35 98 21 29 78 
76 73 30 73 69 40 97 91 5 36 12 96 8 35 91 81 80 93 14 37 11 54 60 20 13 18 28 76 0 74 39 91 41 51 69 82 33 92 37 18 10 42 24 33 91 27 32 63 48 80 44 32 24 43 98 70 66 93 40 35 86 71 29 85 34 83 76 87 98 20 19 3 51 40 13 58 12 93 89 52 97 61 42 40 35 31 77 61 53 0 80 19 5 73 27 94 86 15 66 91 
90 89 85 4 53 80 36 60 31 85 10 1 96 45 93 4 97 33 68 53 73 83 5 97 39 39 96 86 74 0 92 6 35 14 41 79 90 44 96 85 14 39 18 69 86 29 0 95 19 64 41 97 74 95 54 47 5 40 94 29 18 71 12 21 30 17 21 56 76 37 60 70 68 22 68 55 90 87 97 4 77 42 6 43 79 99 6 44 96 81 37 87 8 75 8 4 65 88 29 25 
53 53 1 90 63 34 29 60 72 46 19 20 75 38 84 12 79 45 62 64 60 40 71 62 58 93 94 20 39 92 0 70 58 87 52 37 8 4 29 87 15 61 73 18 23 55 81 90 72 76 95 54 32 49 49 70 19 40 90 57 65 48 10 85 76 42 17 45 84 97 4 94 99 5 61 13 95 33 90 43 17 78 63 76 39 96 87 21 99 88 40 87 23 20 32 21 49 34 87 58 
22 92 90 41 30 79 95 87 18 24 6 66 41 49 64 7 4 55 55 85 25 59 61 34 31 84 92 3 91 6 70 0 56 50 99 3 17 62 87 16 68 9 37 98 34 21 36 0 67 76 51 6 36 88 59 64 37 29 56 57 0 10 26 8 28 97 55 23 81 97 99 85 80 81 92 14 60 26 6 83 46 38 46 32 19 74 54 6 44 41 0 34 28 41 35 7 57 68 19 17 
15 23 44 96 71 83 39 85 85 28 17 63 2 92 8 62 13 26 83 36 55 50 79 23 52 21 33 26 41 35 58 56 0 33 52 25 34 87 23 99 17 53 85 24 87 61 66 97 10 68 25 61 35 54 19 60 35 51 92 92 18 51 98 76 28 1 2 51 35 68 47 60 68 58 35 31 64 30 47 1 56 43 11 57 14 6 36 68 74 67 7 5 45 57 16 38 80 74 8 17 
31 71 58 72 39 24 12 92 82 35 65 27 97 21 17 86 74 25 8 39 32 23 82 67 33 39 42 49 51 14 87 50 33 0 46 43 16 94 16 40 98 91 55 51 77 2 63 88 5 35 4 2 59 24 87 39 3 63 49 89 6 46 61 12 12 40 93 14 9 76 19 32 62 68 36 41 97 65 88 56 10 95 68 70 34 58 9 66 36 86 95 56 43 72 82 70 87 53 0 94 
60 47 84 65 37 64 31 31 84 62 87 44 13 3 97 56 73 32 30 26 44 86 16 67 38 13 50 11 69 41 52 99 52 46 0 16 27 85 61 89 13 21 42 53 88 29 17 97 67 99 74 62 4 25 8 25 83 78 72 33 32 51 45 75 75 68 16 61 1 93 79 71 81 37 48 61 83 17 0 58 98 34 16 13 87 98 58 81 4 59 66 96 84 89 18 83 19 88 53 21 
48 46 25 82 97 51 70 65 85 71 44 45 97 20 54 92 54 31 54 38 19 50 77 12 7 55 68 24 82 79 37 3 25 43 16 0 3 31 35 76 22 39 93 15 72 39 60 0 43 19 98 85 92 90 92 18 17 81 72 61 52 98 16 8 30 73 85 6 4 98 63 51 17 24 88 7 29 15 44 86 34 3 19 80 60 35 22 74 71 26 61 47 67 78 67 89 51 3 39 91 
32 99 20 33 35 65 80 48 62 50 80 0 56 56 75 68 13 10 25 91 9 30 9 15 9 9 30 89 33 90 8 17 34 16 27 3 0 65 7 90 75 90 92 13 8 55 83 99 85 16 33 87 77 16 42 9 94 76 72 33 13 18 88 27 68 81 13 24 16 28 21 46 19 36 45 90 99 37 64 98 98 28 32 86 12 64 72 75 87 49 39 12 5 93 9 57 79 49 73 2 
1 47 41 57 52 0 92 43 10 18 82 32 59 10 50 17 51 40 40 47 62 76 77 89 95 25 80 45 92 44 4 62 87 94 85 31 65 0 14 88 51 83 48 75 15 97 10 44 61 24 77 62 68 82 6 83 61 98 4 17 61 86 44 88 58 28 9 92 68 5 33 20 12 26 1 83 51 99 17 27 36 49 24 70 52 55 45 52 68 69 18 1 80 55 56 88 88 58 58 59 
39 8 38 81 83 9 92 29 98 7 14 61 76 31 17 82 84 61 36 50 56 39 79 39 29 56 35 18 37 96 29 87 23 16 61 35 7 14 0 24 76 60 48 77 54 69 52 27 26 65 19 36 21 40 26 79 11 48 63 66 5 70 10 41 50 95 23 18 71 60 47 94 62 5 65 10 16 79 64 83 91 40 63 89 20 5 38 33 59 56 13 18 62 73 41 56 0 1 4 71 
24 67 76 94 12 88 66 39 69 92 60 87 66 36 95 87 2 28 61 84 4 51 83 48 91 85 57 54 18 85 87 16 99 40 89 76 90 88 24 0 97 57 8 57 39 79 74 24 17 33 59 98 30 54 79 65 56 13 95 67 67 93 47 93 27 11 18 90 69 64 3 58 71 12 93 33 52 41 44 11 33 34 14 86 39 33 77 29 46 25 4 53 46 40 62 60 3 83 33 70 
17 94 77 58 49 99 97 20 4 32 6 11 50 95 27 15 1 11 72 58 41 96 36 48 13 8 2 8 10 14 15 68 17 98 13 22 75 51 76 97 0 85 87 68 80 58 84 28 60 28 71 61 12 76 13 65 52 76 28 57 23 99 98 93 24 52 44 19 91 66 48 41 85 18 60 37 57 25 78 83 60 32 73 49 68 73 35 87 62 2 12 74 18 62 64 15 31 90 97 23 
8 82 86 57 50 63 97 2 19 59 12 45 36 79 99 64 19 54 39 12 63 13 84 16 33 7 60 40 42 39 61 9 53 91 21 39 90 83 60 57 85 0 70 15 27 72 49 90 3 44 96 25 6 77 26 27 30 38 43 87 99 84 41 99 72 16 11 71 83 40 49 2 41 33 65 53 67 8 33 49 88 36 89 87 66 85 47 98 67 37 21 97 74 96 28 70 1 92 41 33 
39 98 53 96 36 86 89 26 58 35 20 9 28 45 34 13 29 81 22 62 70 52 86 92 74 21 95 67 24 18 73 37 85 55 42 93 92 48 48 8 87 70 0 62 1 90 78 98 41 13 72 69 77 3 26 47 93 96 51 82 92 46 94 9 75 58 84 59 98 46 59 76 3 32 86 3 89 19 52 33 58 20 69 81 93 54 48 64 85 48 20 56 72 42 72 27 50 32 90 68 
3 75 18 50 45 14 23 53 98 67 51 95 14 44 49 84 87 58 34 92 77 24 63 6 69 6 13 97 33 69 18 98 24 51 53 15 13 75 77 57 68 15 62 0 1 93 18 48 40 65 3 83 22 47 44 2 89 68 97 40 24 62 59 58 50 90 9 32 63 4 68 95 53 68 12 54 55 44 17 79 9 56 80 32 84 73 55 29 25 33 95 96 45 5 45 79 80 3 77 11 
22 55 61 94 23 58 82 13 42 22 44 35 28 28 27 97 54 34 34 54 28 90 70 55 25 6 27 62 91 86 23 34 87 77 88 72 8 15 54 39 80 27 1 1 0 4 34 6 41 69 69 91 75 8 31 9 16 22 34 61 54 6 99 57 63 31 68 86 71 64 12 2 53 85 56 79 0 85 3 67 94 45 65 61 7 73 36 32 73 34 4 28 28 75 26 52 55 6 60 37 
40 81 94 6 86 6 27 93 55 58 78 44 82 3 8 63 95 46 22 80 96 55 88 17 87 33 24 33 27 29 55 21 61 2 29 39 55 97 69 79 58 72 90 93 4 0 65 28 75 42 36 38 99 28 86 0 58 48 25 58 32 48 31 96 45 57 32 0 17 30 2 13 24 44 52 2 32 83 87 85 93 10 48 60 45 77 23 82 49 46 89 97 26 61 90 8 23 64 97 48 
15 2 86 88 45 82 19 58 67 40 52 14 34 84 4 43 81 90 28 14 99 27 53 22 43 18 59 20 32 0 81 36 66 63 17 60 83 10 52 74 84 49 78 18 34 65 0 70 45 77 95 74 92 37 43 22 23 66 75 66 17 9 24 7 45 73 31 66 46 20 78 31 40 0 77 19 37 36 38 88 39 70 92 31 57 32 24 64 60 63 33 90 43 91 36 14 92 53 52 20 
19 59 50 40 10 75 42 38 43 62 73 44 80 29 8 74 76 41 53 33 66 51 74 40 76 31 62 29 63 95 90 0 97 88 97 0 99 44 27 24 28 90 98 48 6 28 70 0 27 92 83 61 76 58 32 22 66 77 16 13 93 44 80 31 71 94 5 70 71 36 85 89 87 61 36 84 42 4 51 50 99 87 88 79 16 65 69 8 37 40 53 7 30 80 80 57 37 94 12 47 
65 54 24 90 40 62 89 50 81 1 96 18 4 6 89 36 76 12 28 29 64 27 78 51 70 60 42 7 48 19 72 67 10 5 67 43 85 61 26 17 60 3 41 40 41 75 45 27 0 37 22 71 74 91 32 21 90 77 90 58 67 4 19 25 92 78 75 82 26 91 31 50 95 1 4 72 54 71 20 94 3 83 72 16 84 43 87 8 49 33 44 4 50 94 1 64 97 36 74 18 
16 80 26 42 23 94 15 58 92 85 84 82 81 3 51 14 40 39 24 95 10 51 71 31 13 16 14 11 80 64 76 76 68 35 99 19 16 24 65 33 28 44 13 65 69 42 77 92 37 0 19 77 67 67 22 0 76 16 69 27 35 84 8 82 89 33 46 11 21 78 63 32 41 56 16 78 73 38 15 80 26 14 54 15 42 74 13 23 37 15 38 95 4 76 78 47 48 63 80 26 
90 6 39 15 20 82 49 98 61 48 57 14 46 33 45 8 95 37 8 6 62 54 40 97 73 92 86 55 44 41 95 51 25 4 74 98 33 77 19 59 71 96 72 3 69 36 95 83 22 19 0 69 82 15 5 64 92 13 60 60 4 32 86 85 2 70 24 18 56 58 89 66 82 10 93 50 86 17 43 46 56 31 83 75 63 1 52 0 99 23 88 25 55 40 70 62 72 28 93 65 
74 52 56 90 32 53 88 59 88 85 5 28 47 7 8 82 71 29 52 83 61 17 82 7 84 64 95 58 32 97 54 6 61 2 62 85 87 62 36 98 61 25 69 83 91 38 74 61 71 77 69 0 27 42 96 16 9 26 92 51 25 73 81 8 32 56 0 7 28 21 54 23 69 94 9 51 58 80 41 86 56 39 99 60 46 66 41 20 34 43 9 18 67 12 36 72 12 40 94 61 
15 76 1 64 91 5 94 72 42 4 71 76 33 76 30 29 9 24 94 77 98 69 91 72 25 39 2 92 24 74 32 36 35 59 4 92 77 68 21 30 12 6 77 22 75 99 92 76 74 67 82 27 0 80 34 13 19 57 59 56 89 10 3 1 87 93 37 83 58 95 76 27 89 37 93 84 68 25 39 91 88 11 88 98 12 93 76 53 74 76 1 7 74 74 45 40 89 94 11 55 
63 78 50 65 43 68 50 44 27 73 73 11 57 20 38 3 30 43 72 52 22 22 79 17 26 19 76 65 43 95 49 88 54 24 25 90 16 82 40 54 76 77 3 47 8 28 37 58 91 67 15 42 80 0 22 59 11 28 0 14 13 6 88 33 51 91 41 55 42 71 11 70 9 76 61 11 28 99 28 52 57 80 36 54 3 75 52 87 0 35 47 56 14 90 68 50 15 45 32 89 
78 63 42 43 47 0 36 2 4 98 26 63 30 13 48 57 56 36 93 4 74 1 6 28 67 44 25 46 98 54 49 59 19 87 8 92 42 6 26 79 13 26 26 44 31 86 43 32 32 22 5 96 34 22 0 77 97 4 69 30 38 9 63 77 40 24 1 5 68 35 23 13 22 67 80 27 78 82 21 23 52 40 76 10 91 82 40 21 74 27 89 29 83 56 76 99 44 52 50 1 
90 94 77 81 84 52 6 45 92 24 15 78 57 3 26 26 97 45 70 17 66 44 10 99 81 14 47 41 70 47 70 64 60 39 25 18 9 83 79 65 65 27 47 2 9 0 22 22 21 0 64 16 13 59 77 0 95 22 96 59 93 58 59 86 71 86 24 27 49 38 26 62 5 79 92 51 41 95 73 56 42 39 20 33 66 42 7 93 78 91 25 96 6 39 98 48 47 4 71 14 
62 72 23 10 74 49 71 50 65 13 91 84 42 89 71 98 57 39 9 47 9 95 40 41 61 67 89 47 66 5 19 37 35 3 83 17 94 61 11 56 52 30 93 89 16 58 23 66 90 76 92 9 19 11 97 95 0 94 27 81 26 66 34 9 78 97 66 87 15 21 49 2 33 12 63 3 16 54 20 14 80 15 18 78 41 35 97 28 98 0 91 74 77 69 10 75 24 18 33 38 
55 78 49 43 0 76 3 37 26 1 48 79 90 71 39 3 51 15 91 96 94 68 60 86 27 61 82 33 93 40 40 29 51 63 78 81 76 98 48 13 76 38 96 68 22 48 66 77 77 16 13 26 57 28 4 22 94 0 15 0 48 45 47 4 51 81 77 22 97 14 47 53 47 47 57 79 41 47 70 51 86 57 99 58 57 67 20 38 21 37 96 72 10 17 72 85 60 35 93 9 
92 47 61 40 58 67 36 58 93 80 59 20 59 45 55 75 0 54 47 43 52 80 29 31 77 66 47 60 40 94 90 56 92 49 72 72 72 4 63 95 28 43 51 97 34 25 75 16 90 69 60 92 59 0 69 96 27 15 0 31 1 89 80 56 78 40 2 43 29 1 83 22 87 61 59 69 2 26 69 77 8 23 49 98 32 62 76 26 73 14 75 52 22 52 84 21 99 19 20 31 
25 58 96 58 33 2 98 9 85 18 13 32 66 78 55 3 49 23 45 61 1 43 24 31 68 75 95 5 35 29 57 57 92 89 33 61 33 17 66 67 57 87 82 40 61 58 66 13 58 27 60 51 56 14 30 59 81 0 31 0 65 34 91 69 40 6 79 19 67 18 70 71 89 51 17 23 65 61 46 29 13 79 86 46 77 35 79 76 18 96 79 54 32 42 46 59 98 41 24 94 
5 46 81 10 14 20 29 29 1 49 69 88 29 78 81 8 63 65 47 82 94 16 12 33 94 35 13 29 86 18 65 0 18 6 32 52 13 61 5 67 23 99 92 24 54 32 17 93 67 35 4 25 89 13 38 93 26 48 1 65 0 42 77 68 55 16 3 59 84 90 33 86 53 74 77 12 6 27 10 8 2 9 23 56 25 1 0 26 53 93 14 54 89 82 47 66 91 36 17 49 
60 89 80 38 53 40 85 16 8 23 66 98 43 23 51 81 73 5 92 31 82 28 75 17 15 15 94 66 71 71 48 10 51 46 51 98 18 86 70 93 99 84 46 62 6 48 9 44 4 84 32 73 10 6 9 58 66 45 89 34 42 0 60 92 14 6 76 38 67 42 87 83 84 81 93 4 62 68 76 11 59 2 39 84 0 9 17 87 42 29 13 20 83 47 97 72 77 23 17 0 
68 52 26 33 7 79 75 90 11 51 25 94 79 60 64 34 83 90 91 72 31 83 93 68 32 19 13 86 29 12 10 26 98 61 45 16 88 44 10 47 98 41 94 59 99 31 24 80 19 8 86 81 3 88 63 59 34 47 80 91 77 60 0 14 89 55 70 0 15 58 10 42 26 44 33 0 74 8 1 19 52 76 1 47 57 39 96 14 4 0 5 37 66 11 54 76 89 19 72 45 
31 62 94 1 45 33 25 27 8 54 94 98 48 96 52 17 90 18 56 99 17 72 93 93 52 88 48 10 85 21 85 8 76 12 75 8 27 88 41 93 93 99 9 58 57 96 7 31 25 82 85 8 1 33 77 86 9 4 56 69 68 92 14 0 14 49 69 89 26 19 27 67 93 54 69 92 72 77 8 78 8 9 74 57 87 83 92 77 17 92 7 55 78 93 94 83 12 44 38 59 
2 98 75 79 84 36 60 67 19 93 37 18 8 83 65 45 54 27 91 46 20 50 25 51 99 6 77 55 34 30 76 28 28 12 75 30 68 58 50 27 24 72 75 50 63 45 45 71 92 89 2 32 87 51 40 71 78 51 78 40 55 14 89 14 0 97 92 36 53 42 18 82 90 51 16 25 60 28 59 79 39 4 13 81 77 70 61 46 51 76 1 21 12 57 21 63 89 20 79 3 
66 50 21 59 36 80 17 71 91 10 28 24 44 61 73 45 10 0 92 16 52 41 88 62 81 57 17 85 83 17 42 97 1 40 68 73 81 28 95 11 52 16 58 90 31 57 73 94 78 33 70 56 93 91 24 86 97 81 40 6 16 6 55 49 97 0 16 99 64 90 31 31 4 79 30 52 26 65 16 73 41 27 1 76 67 8 94 86 20 68 0 39 90 87 46 90 32 75 11 18 
52 49 15 69 79 24 40 45 42 2 26 41 59 42 35 73 79 41 0 78 47 18 78 44 31 31 77 41 76 21 17 55 2 93 16 85 13 9 23 18 44 11 84 9 68 32 31 5 75 46 24 0 37 41 1 24 66 77 2 79 3 76 70 69 92 16 0 5 6 78 15 35 6 76 66 98 6 52 93 74 40 96 83 93 82 9 40 63 22 4 80 59 53 99 87 51 73 67 4 48 
73 72 65 26 98 61 21 1 99 64 87 45 98 84 31 84 7 71 19 21 32 17 95 75 59 72 16 60 87 56 45 23 51 14 61 6 24 92 18 90 19 71 59 32 86 0 66 70 82 11 18 7 83 55 5 27 87 22 43 19 59 38 0 89 36 99 5 0 88 85 74 55 43 77 90 87 79 56 7 63 74 99 79 60 48 19 80 33 13 40 39 15 31 31 23 94 86 26 58 36 
28 62 72 14 77 39 99 22 1 97 65 93 35 70 97 15 9 88 0 43 74 98 40 64 70 23 32 89 98 76 84 81 35 9 1 4 16 68 71 69 91 83 98 63 71 17 46 71 26 21 56 28 58 42 68 49 15 97 29 67 84 67 15 26 53 64 6 88 0 10 73 92 27 4 46 99 57 44 27 68 46 58 59 84 88 87 62 12 74 30 60 60 85 5 11 55 64 27 37 91 
84 14 45 26 34 61 22 44 33 55 99 63 80 38 40 86 54 82 0 36 63 47 51 30 91 83 29 98 20 37 97 97 68 76 93 98 28 5 60 64 66 40 46 4 64 30 20 36 91 78 58 21 95 71 35 38 21 14 1 18 90 42 58 19 42 90 78 85 10 0 77 84 68 1 15 78 0 53 44 72 84 20 77 23 64 97 4 54 18 64 49 0 35 38 31 42 21 24 45 32 
46 15 88 5 68 47 18 33 75 14 93 58 6 56 55 75 35 46 67 10 56 48 22 11 26 0 68 17 19 60 4 99 47 19 79 63 21 33 47 3 48 49 59 68 12 2 78 85 31 63 89 54 76 11 23 26 49 47 83 70 33 87 10 27 18 31 15 74 73 77 0 46 69 56 59 24 43 63 8 27 82 64 51 42 84 93 30 69 0 82 23 74 92 86 57 10 40 61 82 2 
43 78 41 35 76 59 22 77 56 21 96 35 7 32 12 42 65 76 95 20 92 38 91 52 67 85 42 64 3 70 94 85 60 32 71 51 46 20 94 58 41 2 76 95 2 13 31 89 50 32 66 23 27 70 13 62 2 53 22 71 86 83 42 67 82 31 35 55 92 84 46 0 99 96 4 22 19 78 5 27 44 7 68 70 51 2 5 40 89 51 15 54 62 4 21 78 27 73 89 77 
89 16 25 26 37 60 31 76 46 42 50 47 74 48 47 91 10 81 12 24 13 85 93 20 3 85 45 32 51 68 99 80 68 62 81 17 19 12 62 71 85 41 3 53 53 24 40 87 95 41 82 69 89 9 22 5 33 47 87 89 53 84 26 93 90 4 6 43 27 68 69 99 0 51 14 27 12 27 2 40 35 38 48 9 6 51 25 31 40 87 60 23 89 25 46 85 32 99 91 76 
21 77 24 65 2 61 78 71 87 80 19 84 68 96 11 41 54 81 79 14 45 14 93 34 52 83 17 17 40 22 5 81 58 68 37 24 36 26 5 12 18 33 32 68 85 44 0 61 1 56 10 94 37 76 67 79 12 47 61 51 74 81 44 54 51 79 76 77 4 1 56 96 51 0 7 28 49 77 83 41 51 32 31 44 33 25 7 90 47 16 29 67 8 80 63 83 91 83 8 78 
91 57 32 81 75 93 98 75 69 25 46 40 23 52 98 67 59 56 64 24 4 3 86 36 54 69 77 45 13 68 61 92 35 36 48 88 45 1 65 93 60 65 86 12 56 52 77 36 4 16 93 9 93 61 80 92 63 57 59 17 77 93 33 69 16 30 66 90 46 15 59 4 14 7 0 94 25 39 24 85 4 24 91 59 12 91 77 78 22 38 12 47 8 28 32 98 92 31 6 18 
15 22 4 16 11 33 66 45 97 90 4 44 30 3 86 94 72 21 73 28 99 54 70 40 65 61 16 72 58 55 13 14 31 41 61 7 90 83 10 33 37 53 3 54 79 2 19 84 72 78 50 51 84 11 27 51 3 79 69 23 12 4 0 92 25 52 98 87 99 78 24 22 27 28 94 0 58 1 53 94 12 9 61 40 5 8 76 16 51 73 7 54 59 24 50 21 40 22 10 13 
97 68 0 6 64 38 65 53 68 80 52 50 64 60 47 69 22 23 89 80 65 88 20 19 74 89 34 80 12 90 95 60 64 97 83 29 99 51 16 52 57 67 89 55 0 32 37 42 54 73 86 58 68 28 78 41 16 41 2 65 6 62 74 72 60 26 6 79 57 0 43 19 12 49 25 58 0 22 48 85 40 83 2 48 88 31 13 16 36 68 29 11 35 75 30 89 5 43 81 10 
44 30 64 60 58 44 90 36 86 20 54 54 70 52 83 50 67 69 21 5 13 66 70 12 47 95 27 21 93 87 33 26 30 65 17 15 37 99 79 41 25 8 19 44 85 83 36 4 71 38 17 80 25 99 82 95 54 47 26 61 27 68 8 77 28 65 52 56 44 53 63 78 27 77 39 1 22 0 21 97 34 62 22 78 66 7 63 95 2 44 42 83 51 24 19 63 57 70 89 52 
86 61 71 17 99 30 84 64 92 34 31 5 58 59 68 51 18 72 46 4 56 20 5 39 60 47 7 77 89 97 90 6 47 88 0 44 64 17 64 44 78 33 52 17 3 87 38 51 20 15 43 41 39 28 21 73 20 70 69 46 10 76 1 8 59 16 93 7 27 44 8 5 2 83 24 53 48 21 0 94 91 20 33 26 48 69 47 13 17 99 18 66 76 68 25 18 2 30 68 32 
14 58 13 66 10 5 62 90 25 25 12 94 0 97 55 18 63 65 69 67 41 10 14 16 17 71 59 83 52 4 43 83 1 56 58 86 98 27 83 11 83 49 33 79 67 85 88 50 94 80 46 86 91 52 23 56 14 51 77 29 8 11 19 78 79 73 74 63 68 72 27 27 40 41 85 94 85 97 94 0 54 17 25 88 13 79 18 87 55 76 71 2 17 16 11 26 14 42 69 9 
98 45 53 75 60 30 64 23 64 22 84 64 17 57 12 64 73 98 48 72 81 61 11 2 99 31 39 32 97 77 17 46 56 10 98 34 98 36 91 33 60 88 58 9 94 93 39 99 3 26 56 56 88 57 52 42 80 86 8 13 2 59 52 8 39 41 40 74 46 84 82 44 35 51 4 12 40 34 91 54 0 63 28 20 79 82 2 34 22 56 51 35 96 77 91 76 33 76 77 62 
59 73 6 66 53 81 67 31 80 30 6 52 95 52 75 71 18 87 31 41 72 96 72 44 28 86 27 18 61 42 78 38 43 95 34 3 28 49 40 34 32 36 20 56 45 10 70 87 83 14 31 39 11 80 40 39 15 57 23 79 9 2 76 9 4 27 96 99 58 20 64 7 38 32 24 9 83 62 20 17 63 0 25 26 45 54 75 82 33 99 6 24 23 38 12 2 94 34 36 86 
90 53 28 26 68 25 73 11 94 41 43 52 27 85 61 85 38 23 72 32 92 53 64 90 41 29 49 56 42 6 63 46 11 68 16 19 32 24 63 14 73 89 69 80 65 48 92 88 72 54 83 99 88 36 76 20 18 99 49 86 23 39 1 74 13 1 83 79 59 77 51 68 48 31 91 61 2 22 33 25 28 25 0 15 70 48 86 18 24 0 79 49 66 70 1 14 79 82 38 65 
11 77 6 49 25 44 49 74 58 99 85 57 65 92 49 83 35 16 42 86 74 15 46 60 37 71 86 58 40 43 76 32 57 70 13 80 86 70 89 86 49 87 81 32 61 60 31 79 16 15 75 60 98 54 10 33 78 58 98 46 56 84 47 57 81 76 93 60 84 23 42 70 9 44 59 40 48 78 26 88 20 26 15 0 94 48 16 12 30 92 73 85 54 63 6 7 0 70 34 38 
78 38 96 96 73 38 23 8 23 55 1 76 72 21 41 42 16 16 26 97 5 63 3 71 86 75 27 81 35 79 39 19 14 34 87 60 12 52 20 39 68 66 93 84 7 45 57 16 84 42 63 46 12 3 91 66 41 57 32 77 25 0 57 87 77 67 82 48 88 64 84 51 6 33 12 5 88 66 48 13 79 45 70 94 0 30 47 40 50 40 27 97 27 82 6 54 91 98 23 52 
92 80 92 92 31 79 97 11 67 38 11 4 31 38 85 59 14 54 71 13 65 6 81 27 47 5 68 85 31 99 96 74 6 58 98 35 64 55 5 33 73 85 54 73 73 77 32 65 43 74 1 66 93 75 82 42 35 67 62 35 1 9 39 83 70 8 9 19 87 97 93 2 51 25 91 8 31 7 69 79 82 54 48 48 30 0 24 40 20 64 44 4 24 66 25 36 72 30 65 56 
94 64 65 65 97 6 61 12 54 54 90 55 31 34 68 28 56 61 80 37 54 64 34 68 90 83 98 0 77 6 87 54 36 9 58 22 72 45 38 77 35 47 48 55 36 23 24 69 87 13 52 41 76 52 40 7 97 20 76 79 0 17 96 92 61 94 40 80 62 4 30 5 25 7 77 76 13 63 47 18 2 75 86 16 47 24 0 6 22 80 93 3 7 67 96 63 81 55 60 13 
6 94 5 87 3 94 76 0 69 94 57 95 70 88 65 52 61 93 9 98 84 93 13 71 44 22 46 58 61 44 21 6 68 66 81 74 75 52 33 29 87 98 64 29 32 82 64 8 8 23 0 20 53 87 21 93 28 38 26 76 26 87 14 77 46 86 63 33 12 54 69 40 31 90 78 16 16 95 13 87 34 82 18 12 40 40 6 0 56 45 38 50 49 32 49 49 92 86 1 64 
24 83 40 46 30 31 14 40 20 21 15 0 18 73 73 36 60 27 29 87 17 34 74 48 28 14 52 64 53 96 99 44 74 36 4 71 87 68 59 46 62 67 85 25 73 49 60 37 49 37 99 34 74 0 74 78 98 21 73 18 53 42 4 17 51 20 22 13 74 18 0 89 40 47 22 51 36 2 17 55 22 33 24 30 50 20 22 56 0 85 34 15 32 36 73 96 81 83 31 8 
58 28 36 71 29 0 81 91 36 44 73 31 1 8 84 94 6 24 64 84 22 50 26 77 12 26 48 68 0 81 88 41 67 86 59 26 49 69 56 25 2 37 48 33 34 46 63 40 33 15 23 43 76 35 27 91 0 37 14 96 93 29 0 92 76 68 4 40 30 64 82 51 87 16 38 73 68 44 99 76 56 99 0 92 40 64 80 45 85 0 82 33 32 66 6 13 97 66 78 48 
88 58 13 73 55 2 14 65 21 76 4 7 52 76 53 92 9 64 43 17 18 65 37 22 19 46 49 76 80 37 40 0 7 95 66 61 39 18 13 4 12 21 20 95 4 89 33 53 44 38 88 9 1 47 89 25 91 96 75 79 14 13 5 7 1 0 80 39 60 49 23 15 60 29 12 7 29 42 18 71 51 6 79 73 27 44 93 38 34 82 0 27 64 9 87 51 35 12 73 75 
45 16 33 73 50 25 88 63 29 56 65 34 5 99 4 20 53 23 36 53 24 13 36 6 85 0 94 54 19 87 87 34 5 56 96 47 12 1 18 53 74 97 56 96 28 97 90 7 4 95 25 18 7 56 29 96 74 72 52 54 54 20 37 55 21 39 59 15 60 0 74 54 23 67 47 54 11 83 66 2 35 24 49 85 97 4 3 50 15 33 27 0 5 81 20 80 47 62 25 41 
93 23 6 9 27 91 63 36 15 86 30 5 12 86 69 54 11 72 22 89 21 54 51 7 0 7 76 29 5 8 23 28 45 43 84 67 5 80 62 46 18 74 72 45 28 26 43 30 50 4 55 67 74 14 83 6 77 10 22 32 89 83 66 78 12 90 53 31 85 35 92 62 89 8 8 59 35 51 76 17 96 23 66 54 27 24 7 49 32 32 64 5 0 66 38 51 99 96 56 8 
82 42 37 9 17 43 81 1 85 6 0 68 72 24 48 46 89 2 48 60 72 29 80 99 69 78 68 44 73 75 20 41 57 72 89 78 93 55 73 40 62 96 42 5 75 61 91 80 94 76 40 12 74 90 56 39 69 17 52 42 82 47 11 93 57 87 99 31 5 38 86 4 25 80 28 24 75 24 68 16 77 38 70 63 82 66 67 32 36 66 9 81 66 0 72 97 80 8 64 27 
63 85 20 70 92 60 53 38 28 33 96 15 6 23 39 3 91 58 70 70 14 96 73 50 54 60 52 52 27 8 32 35 16 82 18 67 9 56 41 62 64 28 72 45 26 90 36 80 1 78 70 36 45 68 76 98 10 72 84 46 47 97 54 94 21 46 87 23 11 31 57 21 46 63 32 50 30 19 25 11 91 12 1 6 6 25 96 49 73 6 87 20 38 72 0 74 56 48 0 29 
91 37 93 36 53 75 69 79 32 89 41 56 14 52 27 38 5 88 32 92 18 19 51 93 49 27 71 35 94 4 21 7 38 70 83 89 57 88 56 60 15 70 27 79 52 8 14 57 64 47 62 72 40 50 99 48 75 85 21 59 66 72 76 83 63 90 51 94 55 42 10 78 85 83 98 21 89 63 18 26 76 2 14 7 54 36 63 49 96 13 51 80 51 97 74 0 10 90 66 70 
37 31 51 22 81 2 5 92 50 42 42 22 94 97 66 33 46 60 32 37 28 40 88 8 61 65 8 98 86 65 49 57 80 87 19 51 79 88 0 3 31 1 50 80 55 23 92 37 97 48 72 12 89 15 44 47 24 60 99 98 91 77 89 12 89 32 73 86 64 21 40 27 32 91 92 40 5 57 2 14 33 94 79 0 91 72 81 92 81 97 35 47 99 80 56 10 0 50 53 54 
33 50 38 16 16 78 99 8 44 86 26 44 35 87 46 94 54 24 63 74 10 73 80 96 87 91 10 21 15 88 34 68 74 53 88 3 49 58 1 83 90 92 32 3 6 64 53 94 36 63 28 40 94 45 52 4 18 35 19 41 36 23 19 44 20 75 67 26 27 24 61 73 99 83 31 22 43 70 30 42 76 34 82 70 98 30 55 86 83 66 12 62 96 8 48 90 50 0 69 67 
51 74 12 26 32 48 88 4 16 30 10 50 40 45 19 90 82 96 99 18 6 36 49 15 44 21 97 29 66 29 87 19 8 0 53 39 73 58 4 33 97 41 90 77 60 97 52 12 74 80 93 94 11 32 50 71 33 93 20 24 17 17 72 38 79 11 4 58 37 45 82 89 91 8 6 10 81 89 68 69 77 36 38 34 23 65 60 1 31 78 73 25 56 64 0 66 53 69 0 62 
79 79 37 26 69 90 73 72 22 55 29 30 41 87 23 60 53 68 43 25 3 24 17 87 80 34 63 78 91 25 58 17 17 94 21 91 2 59 71 70 23 33 68 11 37 48 20 47 18 26 65 61 55 89 1 14 38 9 31 94 49 0 45 59 3 18 48 36 91 32 2 77 76 78 18 13 10 52 32 9 62 86 65 38 52 56 13 64 8 48 75 41 8 27 29 70 54 67 62 0 
0 84 54 93 73 42 41 42 28 98 17 23 41 80 78 26 3 55 4 47 30 89 69 50 36 31 1 18 31 80 18 47 16 58 99 79 22 23 3 62 71 54 4 70 87 37 29 29 8 22 83 85 96 33 8 97 0 88 49 84 31 87 66 92 0 17 56 20 55 35 23 83 87 14 44 34 16 6 52 84 37 40 59 91 50 89 85 84 22 9 97 89 61 36 97 45 60 45 34 8 
84 0 62 14 3 74 98 72 90 12 28 28 83 94 18 78 41 29 88 35 31 35 8 52 35 0 31 19 42 28 83 48 35 35 10 72 19 10 66 26 1 6 8 97 3 56 65 29 55 67 6 71 21 30 51 15 17 23 98 36 99 38 68 39 54 81 59 61 37 99 69 42 13 26 24 62 87 3 87 70 79 68 0 54 79 4 71 11 11 34 97 36 65 87 56 52 93 16 2 28 
54 62 0 51 70 12 94 31 49 15 0 35 20 24 6 14 29 49 58 47 83 3 1 76 65 13 2 27 70 96 74 63 11 30 45 94 47 89 43 12 17 20 67 40 52 69 15 57 24 48 81 40 21 39 22 31 56 70 66 51 99 77 7 87 51 54 42 60 2 43 88 52 53 63 58 41 23 92 31 72 85 67 86 83 47 80 8 85 78 69 30 94 83 81 73 56 29 80 11 44 
93 14 51 0 2 96 7 9 50 36 32 72 69 13 15 7 13 97 93 77 86 98 1 83 67 10 45 46 19 88 3 55 35 44 71 76 8 8 38 71 64 57 40 21 68 47 6 94 20 83 36 26 46 2 16 0 43 46 49 98 48 65 15 42 20 9 68 76 2 7 6 82 76 69 58 13 2 11 53 93 53 45 98 32 90 26 82 46 97 89 64 22 79 14 64 78 61 57 75 1 
73 3 70 2 0 99 65 94 19 82 41 32 77 33 21 47 82 24 42 16 59 59 6 5 26 80 24 10 47 13 30 90 47 16 15 23 76 71 2 64 21 95 33 53 5 79 6 37 59 2 33 32 18 43 45 20 76 33 49 62 27 42 22 43 53 30 64 70 35 31 2 91 55 30 72 9 71 49 27 81 52 24 74 54 25 49 69 29 53 27 95 84 85 39 9 65 6 67 80 30 
42 74 12 96 99 0 73 53 27 32 42 6 29 77 57 0 87 69 48 31 26 34 12 74 18 83 4 60 41 75 63 39 13 2 47 61 47 4 70 40 78 34 15 32 34 81 80 61 27 28 37 44 88 96 1 83 82 41 97 86 78 70 6 84 31 94 31 69 79 47 25 21 76 37 18 61 24 13 76 25 1 48 8 97 25 50 95 56 35 50 27 45 60 55 31 52 29 94 66 3 
41 98 94 7 65 73 0 85 1 61 55 68 11 57 11 69 0 75 68 12 83 13 68 55 71 24 51 83 13 83 95 39 89 87 58 81 50 56 54 4 47 70 41 86 43 72 92 11 53 3 16 46 41 74 91 1 2 97 69 89 22 80 13 60 83 84 44 13 1 26 71 31 39 1 36 80 7 68 29 82 57 6 68 6 12 91 20 38 97 54 31 16 39 74 16 12 11 69 3 8 
42 72 31 9 94 53 85 0 37 42 38 77 40 49 85 67 23 61 91 22 20 37 96 31 87 72 44 16 30 16 83 71 79 39 60 24 65 85 79 38 17 44 7 35 58 41 54 53 93 38 74 45 15 76 97 65 11 1 38 57 15 98 5 84 22 50 22 66 99 73 85 87 58 30 73 95 36 88 49 62 39 77 76 97 52 98 45 36 67 32 78 58 34 71 12 95 9 78 21 11 
28 90 49 50 19 27 1 37 0 95 21 66 82 21 33 13 62 81 12 12 58 28 2 69 0 0 36 51 76 70 97 36 19 94 14 70 96 78 7 74 49 2 14 63 96 93 66 88 61 16 79 50 3 48 32 0 62 54 99 54 71 94 79 9 72 62 57 28 73 76 68 19 14 18 94 56 54 28 5 66 60 96 8 55 91 72 75 27 53 48 86 5 28 43 67 38 42 80 40 90 
98 12 15 36 82 32 61 42 95 0 78 16 25 5 30 13 66 72 42 36 65 1 16 4 24 83 32 90 73 97 90 91 70 5 66 46 13 76 0 38 34 2 68 42 83 50 63 42 45 49 87 6 88 86 47 24 6 95 40 19 0 41 24 14 24 95 48 97 94 10 11 8 19 62 88 4 79 75 52 46 21 1 19 79 81 91 32 98 45 28 80 53 67 46 23 70 52 49 22 86 
17 28 0 32 41 42 55 38 21 78 0 79 37 69 38 25 0 3 85 11 41 52 69 93 71 22 17 6 91 19 77 76 3 32 18 96 89 99 61 87 22 45 48 47 8 92 55 67 77 97 56 12 54 29 77 56 77 95 50 93 97 93 86 90 53 37 11 39 0 0 71 88 1 15 78 88 29 19 3 80 70 44 58 65 83 21 21 20 35 53 34 8 74 52 82 68 37 23 14 92 
23 28 35 72 32 6 68 77 66 16 79 0 34 57 99 1 25 36 7 39 8 83 65 41 55 64 87 54 12 70 61 26 70 49 99 53 94 2 59 62 82 91 56 63 6 18 56 56 2 63 91 67 21 62 62 84 66 10 90 22 70 82 59 99 73 66 94 46 67 4 96 64 64 3 66 22 88 44 67 14 7 81 35 15 23 17 33 47 20 14 86 79 45 13 68 50 64 25 15 22 
41 83 20 69 77 29 11 40 82 25 37 34 0 22 32 41 49 86 36 47 32 25 51 75 13 33 91 96 90 43 27 20 9 38 97 72 41 0 74 41 48 89 66 16 54 66 8 45 76 62 37 66 94 69 18 48 86 20 31 40 93 54 88 7 76 82 94 37 18 14 57 23 91 44 1 80 83 87 75 62 57 71 68 43 77 97 59 97 87 3 12 45 45 54 23 49 77 67 83 77 
80 94 24 13 33 77 57 49 21 5 69 57 22 0 85 20 58 67 29 18 1 25 17 13 0 55 91 50 21 7 52 51 12 75 82 96 50 61 26 96 82 52 75 10 4 62 78 23 29 76 32 90 34 55 96 84 37 49 78 9 78 95 6 64 16 23 20 80 20 94 40 9 32 88 64 49 6 48 80 60 61 84 77 21 39 82 98 79 69 45 43 34 37 78 99 47 64 84 91 38 
78 18 6 15 21 57 11 85 33 30 38 99 32 85 0 19 83 95 84 7 2 97 21 61 33 90 58 19 7 60 41 74 82 9 23 32 56 65 36 79 26 63 40 12 69 44 39 4 9 31 53 21 26 78 70 7 29 60 67 43 69 22 71 96 78 84 64 28 6 95 5 52 66 4 27 94 45 64 39 68 69 87 63 35 18 59 37 98 76 55 82 13 30 32 98 30 11 6 18 28 
26 78 14 7 47 0 69 67 13 13 25 1 41 20 19 0 56 0 49 23 27 73 88 96 40 5 38 9 42 77 4 45 13 99 74 0 69 94 11 41 34 23 68 30 36 75 35 89 36 31 42 13 81 32 68 12 71 79 5 19 16 76 33 59 26 66 98 46 86 79 95 46 33 34 97 82 21 92 26 50 12 32 91 84 79 81 70 61 43 62 67 59 51 46 3 57 46 82 92 30 
3 41 29 13 82 87 0 23 62 66 0 25 49 58 83 56 0 85 76 45 29 42 51 85 79 23 42 82 71 14 97 97 22 63 14 19 34 40 0 12 48 19 83 73 39 13 23 1 54 86 95 97 67 3 2 95 66 27 13 42 12 77 10 42 27 76 6 90 88 15 87 79 15 69 65 16 39 60 70 10 58 30 41 17 22 28 90 52 80 44 35 55 86 67 78 11 69 48 89 29 
55 29 49 97 24 69 75 61 81 72 3 36 86 67 95 0 85 0 17 21 35 9 60 71 43 85 42 99 60 75 10 17 43 10 88 78 37 87 30 35 0 44 29 41 10 19 25 86 20 89 98 69 20 61 96 77 58 35 42 18 38 30 85 52 92 87 79 77 77 43 54 14 12 22 32 52 55 20 53 30 52 2 63 28 35 91 1 26 17 99 6 50 37 53 30 84 24 1 20 59 
4 88 58 93 42 48 68 91 12 42 85 7 36 29 84 49 76 17 0 38 30 85 3 68 98 53 16 94 62 25 78 43 36 68 69 58 66 71 75 84 1 41 22 42 84 64 84 0 60 97 76 54 82 77 27 46 5 76 71 92 58 7 10 56 91 10 85 78 51 39 67 12 85 37 98 5 17 67 66 36 80 54 10 27 18 15 43 48 48 66 41 2 86 53 36 28 35 42 3 68 
47 35 47 77 16 31 12 22 12 36 11 39 47 18 7 23 45 21 38 0 41 94 71 13 58 6 93 95 50 77 24 37 7 89 45 49 2 72 48 58 1 84 99 82 27 6 59 13 88 86 8 99 50 60 19 60 57 58 52 91 65 0 50 43 54 69 22 75 95 34 36 0 62 30 4 12 40 9 70 82 83 17 13 76 76 20 57 18 28 92 33 91 90 45 0 44 3 48 81 41 
30 31 83 86 59 26 83 20 58 65 41 8 32 1 2 27 29 35 30 41 0 26 85 68 2 69 72 42 80 22 89 59 86 75 58 77 43 14 98 78 10 75 72 37 52 15 80 79 9 60 71 13 37 76 13 69 4 17 77 47 75 70 75 31 60 79 44 36 79 59 15 45 38 74 28 95 61 16 19 38 54 52 47 66 63 41 63 87 32 30 89 1 90 83 42 0 2 42 55 97 
89 35 3 98 59 34 13 37 28 1 52 83 25 25 97 73 42 9 85 94 26 0 42 18 25 83 69 6 77 53 32 34 35 11 88 95 46 67 50 10 90 83 4 9 33 5 76 31 41 59 65 90 33 93 99 88 77 57 18 77 64 86 93 43 31 64 4 82 26 65 2 19 35 73 29 17 21 29 76 93 92 20 69 21 6 16 97 92 81 23 70 44 57 79 75 92 68 84 96 0 
69 8 1 1 6 12 68 96 2 16 69 65 51 17 21 88 51 60 3 71 85 42 0 34 96 83 91 77 4 23 40 90 2 26 76 69 75 10 33 79 50 90 32 34 68 9 78 13 9 55 57 73 59 42 92 74 56 9 23 92 12 45 21 89 23 85 23 82 4 93 80 19 42 16 17 42 69 37 25 95 28 44 49 12 18 57 93 52 28 61 17 64 73 79 52 27 91 22 19 98 
50 52 76 83 5 74 55 31 69 4 93 41 75 13 61 96 85 71 68 13 68 18 34 0 74 8 62 76 78 58 89 51 37 8 19 25 59 91 48 56 83 14 8 93 36 93 98 5 15 23 97 62 71 82 57 51 64 20 77 21 67 60 78 28 6 57 55 82 70 45 36 15 16 86 14 0 80 28 65 44 66 51 46 62 16 31 71 96 60 59 59 93 3 53 10 69 99 87 92 27 
36 35 65 67 26 18 71 87 0 24 71 55 13 0 33 40 79 43 98 58 2 25 96 74 0 27 9 68 38 38 44 0 66 7 54 70 63 91 84 60 7 73 45 66 41 96 47 11 80 93 96 71 91 82 75 27 54 80 47 5 46 8 62 71 13 34 28 52 42 33 79 71 96 60 37 76 41 48 7 75 4 41 23 97 61 0 91 23 68 78 0 43 79 53 68 82 78 74 17 24 
31 0 13 10 80 83 24 72 0 83 22 64 33 55 90 5 23 85 53 6 69 83 83 8 27 0 70 62 74 64 96 60 89 12 17 79 59 21 14 79 82 79 20 57 54 12 45 57 9 8 6 95 49 13 45 13 37 28 80 47 57 80 51 27 76 98 32 96 23 84 98 69 99 66 74 13 32 42 93 66 60 53 68 42 93 81 10 14 33 47 42 27 97 79 45 40 34 65 66 87 
1 31 2 45 24 4 51 44 36 32 17 87 91 91 58 38 42 42 16 93 72 69 91 62 9 70 0 10 41 43 75 49 43 78 19 3 81 66 23 54 57 15 13 99 26 98 90 77 24 67 10 93 16 77 31 62 94 81 7 51 37 13 18 23 98 4 15 94 70 83 49 20 91 77 59 26 62 86 87 81 30 82 55 77 66 24 39 93 60 28 17 90 23 21 12 71 29 51 88 79 
18 19 27 46 10 60 83 16 51 90 6 54 96 50 19 9 82 99 94 95 42 6 77 76 68 62 10 0 88 45 18 86 31 89 29 54 3 10 66 38 34 10 31 72 15 74 93 12 77 2 55 11 76 10 88 51 0 58 73 80 32 38 39 10 74 99 87 9 36 37 85 50 0 35 71 87 85 79 38 21 18 13 68 33 48 81 68 19 29 52 99 84 46 35 69 47 81 61 77 15 
31 42 70 19 47 41 13 30 76 73 91 12 90 21 7 42 71 60 62 50 80 77 4 78 38 74 41 88 0 95 14 33 68 16 70 61 27 8 71 75 58 43 65 37 84 30 94 70 98 78 63 89 83 99 3 67 7 59 19 22 37 85 7 54 26 26 42 84 86 26 82 7 16 40 75 15 56 79 63 67 24 65 5 87 51 41 15 84 10 97 30 56 15 33 57 52 7 13 36 11 
80 28 96 88 13 75 83 16 70 97 19 70 43 7 60 77 14 75 25 77 22 53 23 58 38 64 43 45 95 0 49 75 87 86 66 29 43 86 71 89 34 70 12 11 79 20 85 21 71 47 95 56 53 68 90 69 10 96 95 1 37 90 49 3 3 22 23 26 55 16 53 76 40 61 72 94 78 26 79 69 1 76 86 17 55 25 90 84 46 83 25 68 40 37 94 40 96 40 78 90 
18 83 74 3 30 63 95 83 97 90 77 61 27 52 41 4 97 10 78 24 89 32 40 89 44 96 75 18 14 49 0 48 93 79 38 9 44 8 46 36 51 68 0 23 18 61 73 87 42 40 13 9 10 28 5 77 66 80 10 20 99 46 98 87 22 47 54 3 30 94 13 80 78 78 79 93 21 13 68 15 76 48 13 30 79 61 45 20 65 3 55 79 97 5 75 9 30 90 59 13 
47 48 63 55 90 39 39 71 36 91 76 26 20 51 74 45 97 17 43 37 59 34 90 51 0 60 49 86 33 75 48 0 92 95 90 99 99 36 57 55 19 83 15 34 2 20 47 32 86 5 1 86 56 67 61 89 2 77 47 4 94 73 30 85 24 33 97 3 8 71 54 70 30 74 58 42 66 15 9 73 11 4 15 31 34 76 6 11 65 98 82 23 48 37 35 39 50 47 9 21 
16 35 11 35 47 13 89 79 19 70 3 70 9 12 82 13 22 43 36 7 86 35 2 37 66 89 43 31 68 87 93 92 0 32 78 11 77 15 22 61 30 71 73 40 46 75 87 32 91 78 94 25 82 65 63 29 86 63 53 60 44 7 10 52 88 28 18 89 70 99 90 59 17 36 71 54 38 46 21 19 29 58 20 66 9 92 70 11 87 53 74 75 39 54 51 26 8 34 56 36 
58 35 30 44 16 2 87 39 94 5 32 49 38 75 9 99 63 10 68 89 75 11 26 8 7 12 78 89 16 86 79 95 32 0 85 30 41 44 69 82 0 0 6 78 59 38 7 24 19 97 41 66 41 75 54 69 19 67 74 85 7 2 86 65 86 74 1 14 43 57 99 72 61 58 4 41 69 40 0 79 14 19 53 17 5 90 73 60 27 99 49 39 55 70 40 1 11 20 82 87 
99 10 45 71 15 47 58 60 14 66 18 99 97 82 23 74 14 88 69 45 58 88 76 19 54 17 19 29 70 66 38 90 78 85 0 19 56 72 89 71 3 8 59 15 35 56 14 42 20 52 24 71 21 0 99 76 70 43 95 45 24 77 81 46 6 35 76 74 86 13 55 46 58 24 37 3 78 59 4 85 28 4 13 9 5 23 73 10 65 98 55 99 87 41 45 27 59 77 35 56 
79 72 94 76 23 61 81 24 70 46 96 53 72 96 32 0 19 78 58 49 77 95 69 25 70 79 3 54 61 29 9 99 11 30 19 0 82 50 16 63 49 52 68 20 15 49 51 80 67 70 49 78 45 53 89 95 58 85 77 98 65 22 68 1 31 0 43 22 32 44 68 20 22 39 31 46 80 96 67 74 71 3 82 57 98 78 65 54 44 24 51 16 65 26 11 64 40 1 26 28 
22 19 47 8 76 47 50 65 96 13 89 94 41 50 56 69 34 37 66 2 43 46 75 59 63 59 81 3 27 43 44 99 77 41 56 82 0 3 94 96 35 80 34 43 32 24 48 44 48 94 54 11 38 47 15 69 98 51 10 36 5 54 44 71 41 78 56 63 26 84 60 78 70 36 90 16 78 72 58 82 57 10 40 77 20 73 94 98 45 3 76 10 42 99 75 80 72 86 25 9 
23 10 89 8 71 4 56 85 78 76 99 2 0 61 65 94 40 87 71 72 14 67 10 91 91 21 66 10 8 86 8 36 15 44 72 50 3 0 46 29 17 90 16 47 62 51 23 91 35 9 52 10 28 60 1 38 11 72 24 89 86 48 69 86 21 89 25 60 91 39 85 66 24 31 17 0 42 74 88 54 41 39 70 61 14 37 30 18 7 40 44 19 36 3 43 31 66 21 70 14 
3 66 43 38 2 70 54 79 7 0 61 59 74 26 36 11 0 30 75 48 98 50 33 48 84 14 23 66 71 71 46 57 22 69 89 16 94 46 0 95 92 80 92 59 42 88 11 27 23 65 31 16 61 18 71 59 31 40 74 90 16 89 17 85 73 0 20 69 46 58 92 85 79 7 61 63 15 15 3 40 62 43 96 7 9 13 55 33 8 5 77 46 46 90 35 61 85 92 23 20 
62 26 12 71 64 40 4 38 74 38 87 62 41 96 79 41 12 35 84 58 78 10 79 56 60 79 54 38 75 89 36 55 61 82 71 63 96 29 95 0 3 89 80 73 0 6 44 96 5 24 22 58 94 25 97 50 98 65 47 79 8 97 47 86 88 63 60 41 23 90 76 93 63 17 68 5 54 58 67 73 1 1 5 77 25 58 72 61 72 80 68 10 6 38 19 66 75 77 4 20 
71 1 17 64 21 78 47 17 49 34 22 82 48 82 26 34 48 0 1 1 10 90 50 83 7 82 57 34 58 34 51 19 30 0 3 49 35 17 92 3 0 36 85 24 49 11 7 87 3 40 28 65 50 38 14 88 97 99 26 14 4 42 86 12 92 52 53 71 97 11 29 23 30 71 51 74 65 34 23 22 82 15 1 56 55 70 30 16 71 48 22 54 41 98 4 61 3 5 31 4 
54 6 20 57 95 34 70 44 2 2 45 91 89 52 63 23 19 44 41 84 75 83 90 14 73 79 15 10 43 70 68 83 71 0 8 52 80 90 80 89 36 0 31 91 90 32 11 89 18 76 6 23 48 76 57 28 42 6 33 95 61 95 63 37 53 65 68 77 44 80 30 30 33 89 45 89 92 17 70 70 60 13 71 92 52 47 68 68 50 73 63 34 86 43 38 76 90 22 70 32 
4 8 67 40 33 15 41 7 14 68 48 56 66 75 40 68 83 29 22 99 72 4 32 8 45 20 13 31 65 12 0 15 73 6 59 68 34 16 92 80 85 31 0 50 84 48 27 74 96 28 19 79 51 95 30 65 13 57 7 22 35 1 45 94 11 18 86 9 76 42 93 44 21 31 57 79 43 24 8 94 20 7 96 94 38 57 29 84 14 97 44 64 5 23 52 93 68 70 89 52 
70 97 40 21 53 32 86 35 63 42 47 63 16 10 12 30 73 41 42 82 37 9 34 93 66 57 99 72 37 11 23 34 40 78 15 20 43 47 59 73 24 91 50 0 29 99 32 6 94 16 12 96 14 5 77 21 41 39 31 37 35 60 13 92 25 26 71 67 59 35 65 33 46 43 97 62 41 38 57 14 49 82 40 9 67 85 70 22 19 25 31 70 65 35 23 80 14 98 25 21 
87 3 52 68 5 34 43 58 96 83 8 6 54 4 69 36 39 10 84 27 52 33 68 36 41 54 26 15 84 79 18 2 46 59 35 15 32 62 42 0 49 90 84 29 0 95 71 90 0 65 87 79 39 93 39 82 13 41 66 34 65 42 72 78 26 28 92 32 48 68 68 0 61 6 82 81 67 41 8 24 81 61 0 53 82 74 19 92 53 7 39 91 51 53 63 66 95 26 99 75 
37 56 69 47 79 81 72 41 93 50 92 18 66 62 44 75 13 19 64 6 15 5 9 93 96 12 98 74 30 20 61 20 75 38 56 49 24 51 88 6 11 32 48 99 95 0 39 53 46 75 74 53 74 52 12 60 28 34 98 28 59 95 49 48 61 86 13 40 71 3 97 3 19 38 98 56 29 17 82 89 67 32 80 73 3 76 86 84 70 34 5 39 77 59 50 68 53 50 82 83 
29 65 15 6 6 80 92 54 66 63 55 56 8 78 39 35 23 25 84 59 80 76 78 98 47 45 90 93 94 85 73 47 87 7 14 51 48 23 11 44 7 11 27 32 71 39 0 31 0 74 32 87 67 29 99 30 49 47 54 86 22 22 96 1 42 69 63 93 9 11 58 19 12 67 51 2 8 66 29 13 67 0 96 39 12 39 24 15 39 79 22 37 66 3 54 46 92 89 62 14 
29 29 57 94 37 61 11 53 88 42 67 56 45 23 4 89 1 86 0 13 79 31 13 5 11 57 77 12 70 21 87 32 32 24 42 80 44 91 27 96 87 89 74 6 90 53 31 0 90 72 67 80 10 51 20 87 92 93 81 67 22 4 86 90 85 23 45 13 70 20 84 71 25 5 28 81 23 22 49 23 31 4 70 93 51 47 82 42 36 84 82 79 75 17 39 60 4 39 73 23 
8 55 24 20 59 27 53 93 61 45 77 2 76 29 9 36 54 20 60 88 9 41 9 15 80 9 24 77 98 71 42 86 91 19 20 67 48 35 23 5 3 18 96 94 0 46 0 90 0 99 54 5 99 70 69 53 7 70 91 29 75 56 66 33 17 47 79 62 80 54 46 68 2 6 11 86 90 71 34 66 38 97 30 56 24 68 69 41 89 59 54 83 31 42 64 11 8 29 41 51 
22 67 48 83 2 28 3 38 16 49 97 63 62 76 31 31 86 89 97 86 60 59 55 23 93 8 67 2 78 47 40 5 78 97 52 70 94 9 65 24 40 76 28 16 65 75 74 72 99 0 50 71 38 16 74 71 19 12 67 15 33 14 33 42 91 0 9 24 91 32 87 82 72 12 11 41 59 29 80 77 48 5 65 7 23 37 4 49 2 92 68 53 5 52 88 2 90 80 18 46 
83 6 81 36 33 37 16 74 79 87 56 91 37 32 53 42 95 98 76 8 71 65 57 97 96 6 10 55 63 95 13 1 94 41 24 49 54 52 31 22 28 6 19 12 87 74 32 67 54 50 0 6 9 0 92 70 84 7 69 33 69 83 54 26 62 65 53 71 37 22 35 73 0 63 52 6 51 24 10 16 45 6 9 66 35 62 58 5 60 24 30 50 21 99 99 13 90 68 51 12 
85 71 40 26 32 44 46 45 50 6 12 67 66 90 21 13 97 69 54 99 13 90 73 62 71 95 93 11 89 56 9 86 25 66 71 78 11 10 16 58 65 23 79 96 79 53 87 80 5 71 6 0 17 63 41 87 38 87 20 43 87 97 50 54 52 20 36 99 57 40 99 19 74 97 86 72 1 84 39 59 60 77 29 72 18 42 54 70 82 51 70 77 38 54 22 77 81 28 69 12 
96 21 21 46 18 88 41 15 3 88 54 21 94 34 26 81 67 20 82 50 37 33 59 71 91 49 16 76 83 53 10 56 82 41 21 45 38 28 61 94 50 48 51 14 39 74 67 10 99 38 9 17 0 81 40 43 62 68 40 70 22 8 11 54 14 22 71 92 59 55 49 63 92 16 94 81 99 99 62 81 72 9 83 13 46 63 57 89 83 18 5 25 55 37 59 77 83 83 48 80 
33 30 39 2 43 96 74 76 48 86 29 62 69 55 78 32 3 61 77 60 76 93 42 82 82 13 77 10 99 68 28 67 65 75 0 53 47 60 18 25 38 76 95 5 93 52 29 51 70 16 0 63 81 0 94 3 31 21 46 22 3 73 38 99 70 58 88 91 71 84 13 85 44 11 86 82 58 48 41 29 96 43 6 28 54 3 52 79 92 87 12 6 92 12 91 77 98 75 12 99 
8 51 22 16 45 1 91 97 32 47 77 62 18 96 70 68 2 96 27 19 13 99 92 57 75 45 31 88 3 90 5 61 63 54 99 89 15 1 71 97 14 57 30 77 39 12 99 20 69 74 92 41 40 94 0 30 45 12 77 88 54 24 20 80 85 94 36 38 97 10 45 65 74 22 25 66 71 80 14 43 31 91 43 64 55 70 91 79 10 71 63 22 12 82 11 63 13 59 16 80 
97 15 31 0 20 83 1 65 0 24 56 84 48 84 7 12 95 77 46 60 69 88 74 51 27 13 62 51 67 69 77 89 29 69 76 95 69 38 59 50 88 28 65 21 82 60 30 87 53 71 70 87 43 3 30 0 20 48 0 54 35 41 99 67 14 37 66 36 43 93 73 35 40 81 46 98 99 26 90 62 48 25 58 37 46 44 70 6 90 85 91 15 97 90 61 20 65 85 17 81 
0 17 56 43 76 82 2 11 62 6 77 66 86 37 29 71 66 58 5 57 4 77 56 64 54 37 94 0 7 10 66 2 86 19 70 58 98 11 31 98 97 42 13 41 13 28 49 92 7 19 84 38 62 31 45 20 0 2 55 74 21 96 0 30 68 91 7 76 85 3 22 35 45 64 36 9 2 33 56 35 99 13 40 5 96 92 86 80 50 21 85 7 70 36 39 11 61 77 60 84 
88 23 70 46 33 41 97 1 54 95 95 10 20 49 60 79 27 35 76 58 17 57 9 20 80 28 81 58 59 96 80 77 63 67 43 85 51 72 40 65 99 6 57 39 41 34 47 93 70 12 7 87 68 21 12 48 2 0 38 6 38 33 6 12 80 21 30 22 77 55 50 59 8 90 84 62 76 88 70 51 0 10 52 2 32 60 83 90 93 54 60 70 12 97 30 39 11 64 10 92 
49 98 66 49 49 97 69 38 99 40 50 90 31 78 67 5 13 42 71 52 77 18 23 77 47 80 7 73 19 95 10 47 53 74 95 77 10 24 74 47 26 33 7 31 66 98 54 81 91 67 69 20 40 46 77 0 55 38 0 91 82 12 99 17 34 37 48 50 52 30 39 38 67 63 58 93 38 37 26 18 74 61 85 32 38 64 99 43 46 71 46 84 72 15 67 76 25 35 33 85 
84 36 51 98 62 86 89 57 54 19 93 22 40 9 43 19 42 18 92 91 47 77 92 21 5 47 51 80 22 1 20 4 60 85 45 98 36 89 90 79 14 95 22 37 34 28 86 67 29 15 33 43 70 22 88 54 74 6 91 0 63 21 1 46 50 73 56 36 54 8 93 86 87 31 78 28 69 16 51 99 36 60 96 94 22 34 55 62 39 31 90 48 55 34 56 54 28 84 99 1 
31 99 99 48 27 78 22 15 71 0 97 70 93 78 69 16 12 38 58 65 75 64 12 67 46 57 37 32 37 37 99 94 44 7 24 65 5 86 16 8 4 61 35 35 65 59 22 22 75 33 69 87 22 3 54 35 21 38 82 63 0 90 38 57 20 47 3 74 12 72 36 74 0 93 13 67 76 27 38 53 72 68 9 14 80 71 28 60 23 93 65 87 88 54 47 14 1 0 24 36 
87 38 77 65 42 70 80 98 94 41 93 82 54 95 22 76 77 30 7 0 70 86 45 60 8 80 13 38 85 90 46 73 7 2 77 22 54 48 89 97 42 95 1 60 42 95 22 4 56 14 83 97 8 73 24 41 96 33 12 21 90 0 9 4 39 72 0 79 84 78 95 91 45 34 62 63 81 55 84 21 93 46 54 99 67 78 0 98 93 30 15 5 47 77 65 62 41 65 56 41 
66 68 7 15 22 6 13 5 79 24 86 59 88 6 71 33 10 85 10 50 75 93 21 78 62 51 18 39 7 49 98 30 10 86 81 68 44 69 17 47 86 63 45 13 72 49 96 86 66 33 54 50 11 38 20 99 0 6 99 1 38 9 0 76 84 22 20 43 54 86 43 71 55 58 30 55 41 76 87 33 91 8 49 26 73 68 96 36 54 64 87 87 7 86 61 88 6 50 35 39 
92 39 87 42 43 84 60 84 9 14 90 99 7 64 96 59 42 52 56 43 31 43 89 28 71 27 23 10 54 3 87 85 52 65 46 1 71 86 85 86 12 37 94 92 78 48 1 90 33 42 26 54 54 99 80 67 30 12 17 46 57 4 76 0 63 15 20 39 74 55 27 11 39 48 20 54 37 19 80 61 97 91 25 60 84 22 43 69 98 90 29 54 63 54 9 33 17 83 47 75 
0 54 51 20 53 31 83 22 72 24 53 73 76 16 78 26 27 92 91 54 60 31 23 6 13 76 98 74 26 3 22 24 88 86 6 31 41 21 73 88 92 53 11 25 26 61 42 85 17 91 62 52 14 70 85 14 68 80 34 50 20 39 84 63 0 62 8 21 27 60 14 1 83 92 40 15 87 74 65 51 52 53 11 91 79 3 52 97 36 22 14 30 17 95 47 94 33 87 37 25 
17 81 54 9 30 94 84 50 62 95 37 66 82 23 84 66 76 87 10 69 79 64 85 57 34 98 4 99 26 22 47 33 28 74 35 0 78 89 0 63 52 65 18 26 28 86 69 23 47 0 65 20 22 58 94 37 91 21 37 73 47 72 22 15 62 0 48 37 2 70 6 82 47 82 32 98 26 6 67 1 42 74 23 99 7 26 58 21 21 83 13 89 26 1 74 26 16 36 38 64 
56 59 42 68 64 31 44 22 57 48 11 94 94 20 64 98 6 79 85 22 44 4 23 55 28 32 15 87 42 23 54 97 18 1 76 43 56 25 20 60 53 68 86 71 92 13 63 45 79 9 53 36 71 88 36 66 7 30 48 56 3 0 20 20 8 48 0 29 82 66 79 28 23 24 47 25 90 46 22 95 37 30 85 90 7 95 50 66 50 92 46 34 10 70 15 70 45 22 28 20 
20 61 60 76 70 69 13 66 28 97 39 46 37 80 28 46 90 77 78 75 36 82 82 82 52 96 94 9 84 26 3 3 89 14 74 22 63 60 69 41 71 77 9 67 32 40 93 13 62 24 71 99 92 91 38 36 76 22 50 36 74 79 43 39 21 37 29 0 11 95 86 56 86 51 43 79 53 76 17 77 22 64 11 23 70 85 83 68 42 54 67 27 38 0 42 9 83 39 97 82 
55 37 2 2 35 79 1 99 73 94 0 67 18 20 6 86 88 77 51 95 79 26 4 70 42 23 70 36 86 55 30 8 70 43 86 32 26 91 46 23 97 44 76 59 48 71 9 70 80 91 37 57 59 71 97 43 85 77 52 54 12 84 54 74 27 2 82 11 0 45 34 95 31 58 87 76 37 79 87 27 55 30 18 64 26 49 72 31 68 97 15 87 69 21 67 17 81 74 70 58 
35 99 43 7 31 47 26 73 76 10 0 4 14 94 95 79 15 43 39 34 59 65 93 45 33 84 83 37 26 16 94 71 99 57 13 44 84 39 58 90 11 80 42 35 68 3 11 20 54 32 22 40 55 84 10 93 3 55 30 8 72 78 86 55 60 70 66 95 45 0 52 18 8 16 82 58 10 58 28 9 89 98 8 66 6 39 41 40 38 76 39 70 49 10 4 25 0 45 61 23 
23 69 88 6 2 25 71 85 68 11 71 96 57 40 5 95 87 54 67 36 15 2 80 36 79 98 49 85 82 53 13 54 90 99 55 68 60 85 92 76 29 30 93 65 68 97 58 84 46 87 35 99 49 13 45 73 22 50 39 93 36 95 43 27 14 6 79 86 34 52 0 53 52 20 76 97 0 3 68 78 7 74 82 86 17 66 16 9 63 93 40 67 69 46 66 53 54 76 56 36 
83 42 52 82 91 21 31 87 19 8 88 64 23 9 52 46 79 14 12 0 45 19 19 15 71 69 20 50 7 76 80 70 59 72 46 20 78 66 85 93 23 30 44 33 0 3 19 71 68 82 73 19 63 85 65 35 35 59 38 86 74 91 71 11 1 82 28 56 95 18 53 0 60 95 51 23 7 5 84 3 49 65 7 35 76 48 70 82 43 24 85 88 58 18 88 78 41 32 74 96 
87 13 53 76 55 76 39 58 14 19 1 64 91 32 66 33 15 12 85 62 38 35 42 16 96 99 91 0 16 40 78 30 17 61 58 22 70 24 79 63 30 33 21 46 61 19 12 25 2 72 0 74 92 44 74 40 45 8 67 87 0 45 55 39 83 47 23 86 31 8 52 60 0 46 62 48 25 15 27 77 36 87 67 63 27 75 18 63 55 81 81 0 86 26 85 12 56 12 17 23 
14 26 63 69 30 37 1 30 18 62 15 3 44 88 4 34 69 22 37 30 74 73 16 86 60 66 77 35 40 61 78 74 36 58 24 39 36 31 7 17 71 89 31 43 6 38 67 5 6 12 63 97 16 11 22 81 64 90 63 31 93 34 58 48 92 82 24 51 58 16 20 95 46 0 71 8 41 79 74 75 43 48 11 87 85 6 27 83 58 93 67 50 65 58 43 77 12 29 68 51 
44 24 58 58 72 18 36 73 94 88 78 66 1 64 27 97 65 32 98 4 28 29 17 14 37 74 59 71 75 72 79 58 71 4 37 31 90 17 61 68 51 45 57 97 82 98 51 28 11 11 52 86 94 86 25 46 36 84 58 78 13 62 30 20 40 32 47 43 87 82 76 51 62 71 0 69 40 40 22 9 20 70 98 43 64 10 31 12 14 37 23 97 2 95 90 80 47 85 1 25 
34 62 41 13 9 61 80 95 56 4 88 22 80 49 94 82 16 52 5 12 95 17 42 0 76 13 26 87 15 94 93 42 54 41 3 46 16 0 63 5 74 89 79 62 81 56 2 81 86 41 6 72 81 82 66 98 9 62 93 28 67 63 55 54 15 98 25 79 76 58 97 23 48 8 69 0 9 91 66 26 85 44 95 62 12 98 11 22 74 86 27 3 98 81 5 79 4 33 71 8 
16 87 23 2 71 24 7 36 54 79 29 88 83 6 45 21 39 55 17 40 61 21 69 80 41 32 62 85 56 78 21 66 38 69 78 80 78 42 15 54 65 92 43 41 67 29 8 23 90 59 51 1 99 58 71 99 2 76 38 69 76 81 41 37 87 26 90 53 37 10 0 7 25 41 40 9 0 94 15 10 45 83 92 26 3 81 89 52 8 33 8 77 86 7 63 6 20 50 96 20 
6 3 92 11 49 13 68 88 28 75 19 44 87 48 64 92 60 20 67 9 16 29 37 28 48 42 86 79 79 26 13 15 46 40 59 96 72 74 15 58 34 17 24 38 41 17 66 22 71 29 24 84 99 48 80 26 33 88 37 16 27 55 76 19 74 6 46 76 79 58 3 5 15 79 40 91 94 0 99 71 26 62 86 61 38 10 4 72 62 80 58 65 94 65 95 32 34 66 39 89 
52 87 31 53 27 76 29 49 5 52 3 67 75 80 39 26 70 53 66 70 19 76 25 65 7 93 87 38 63 79 68 9 21 0 4 67 58 88 3 67 23 70 8 57 8 82 29 49 34 80 10 39 62 41 14 90 56 70 26 51 38 84 87 80 65 67 22 17 87 28 68 84 27 74 22 66 15 99 0 36 51 41 30 60 79 65 21 56 93 49 29 51 39 31 99 35 79 57 87 33 
84 70 72 93 81 25 82 62 66 46 80 14 62 60 68 50 10 30 36 82 38 93 95 44 75 66 81 21 67 69 15 73 19 79 85 74 82 54 40 73 22 70 94 14 24 89 13 23 66 77 16 59 81 29 43 62 35 51 18 99 53 21 33 61 51 1 95 77 27 9 78 3 77 75 9 26 10 71 36 0 84 50 19 17 1 1 10 78 31 8 64 70 93 90 71 61 69 53 66 9 
37 79 85 53 52 1 57 39 60 21 70 7 57 61 69 12 58 52 80 83 54 92 28 66 4 60 30 18 24 1 76 11 29 14 28 71 57 41 62 1 82 60 20 49 81 67 67 31 38 48 45 60 72 96 31 48 99 0 74 36 72 93 91 97 52 42 37 22 55 89 7 49 36 43 20 85 45 26 51 84 0 64 93 37 32 85 67 91 76 30 54 44 22 7 57 41 7 54 23 98 
40 68 67 45 24 48 6 77 96 1 44 81 71 84 87 32 30 2 54 17 52 20 44 51 41 53 82 13 65 76 48 4 58 19 4 3 10 39 43 1 15 13 7 82 61 32 0 4 97 5 6 77 9 43 91 25 13 10 61 60 68 46 8 91 53 74 30 64 30 98 74 65 87 48 70 44 83 62 41 50 64 0 48 0 69 45 99 97 26 8 37 8 72 3 21 86 54 43 72 75 
59 0 86 98 74 8 68 76 8 19 58 35 68 77 63 91 41 63 10 13 47 69 49 46 23 68 55 68 5 86 13 15 20 53 13 82 40 70 96 5 1 71 96 40 0 80 96 70 30 65 9 29 83 6 43 58 40 52 85 96 9 54 49 25 11 23 85 11 18 8 82 7 67 11 98 95 92 86 30 19 93 48 0 48 70 81 20 36 45 63 67 25 34 0 65 57 41 65 19 37 
91 54 83 32 54 97 6 97 55 79 65 15 43 21 35 84 17 28 27 76 66 21 12 62 97 42 77 33 87 17 30 31 66 17 9 57 77 61 7 77 56 92 94 9 53 73 39 93 56 7 66 72 13 28 64 37 5 2 32 94 14 99 26 60 91 99 90 23 64 66 86 35 63 87 43 62 26 61 60 17 37 0 48 0 28 73 54 27 64 44 19 40 78 16 16 12 4 29 78 40 
50 79 47 90 25 25 12 52 91 81 83 23 77 39 18 79 22 35 18 76 63 6 18 16 61 93 66 48 51 55 79 34 9 5 5 98 20 14 9 25 55 52 38 67 82 3 12 51 24 23 35 18 46 54 55 46 96 32 38 22 80 67 73 84 79 7 7 70 26 6 17 76 27 85 64 12 3 38 79 1 32 69 70 28 0 90 8 36 43 1 63 96 74 6 54 20 85 1 27 26 
89 4 80 26 49 50 91 98 72 91 21 17 97 82 59 81 28 91 15 20 41 16 57 31 0 81 24 81 41 25 61 76 92 90 23 78 73 37 13 58 70 47 57 85 74 76 39 47 68 37 62 42 63 3 70 44 92 60 64 34 71 78 68 22 3 26 95 85 49 39 66 48 75 6 10 98 81 10 65 1 85 45 81 73 90 0 94 34 24 74 1 36 39 96 56 38 42 12 0 26 
85 71 8 82 69 95 20 45 75 32 21 33 59 98 37 70 90 1 43 57 63 97 93 71 91 10 39 68 15 90 45 6 70 73 73 65 94 30 55 72 30 68 29 70 19 86 24 82 69 4 58 54 57 52 91 70 86 83 99 55 28 0 96 43 52 58 50 83 72 41 16 70 18 27 31 11 89 4 21 10 67 99 20 54 8 94 0 50 34 35 9 20 7 17 13 17 95 13 96 20 
84 11 85 46 29 56 38 36 27 98 20 47 97 79 98 61 52 26 48 18 87 92 52 96 23 14 93 19 84 84 20 11 11 60 10 54 98 18 33 61 16 68 84 22 92 84 15 42 41 49 5 70 89 79 79 6 80 90 43 62 60 98 36 69 97 21 66 68 31 40 9 82 63 83 12 22 52 72 56 78 91 97 36 27 36 34 50 0 25 53 22 25 3 31 20 76 13 91 74 28 
22 11 78 97 53 35 97 67 53 45 35 20 87 69 76 43 80 17 48 28 32 81 28 60 68 33 60 29 10 46 65 65 87 27 65 44 45 7 8 72 71 50 14 19 53 70 39 36 89 2 60 82 83 92 10 90 50 93 46 39 23 93 54 98 36 21 50 42 68 38 63 43 55 58 14 74 8 62 93 31 76 26 45 64 43 24 34 25 0 59 2 51 64 49 12 97 60 4 5 71 
9 34 69 89 27 50 54 32 48 28 53 14 3 45 55 62 44 99 66 92 30 23 61 59 78 47 28 52 97 83 3 98 53 99 98 24 3 40 5 80 48 73 97 25 7 34 79 84 59 92 24 51 18 87 71 85 21 54 71 31 93 30 64 90 22 83 92 54 97 76 93 24 81 93 37 86 33 80 49 8 30 8 63 44 1 74 35 53 59 0 88 67 40 90 76 50 56 57 0 67 
97 97 30 64 95 27 31 78 86 80 34 86 12 43 82 67 35 6 41 33 89 70 17 59 0 42 17 99 30 25 55 82 74 49 55 51 76 44 77 68 22 63 44 31 39 5 22 82 54 68 30 70 5 12 63 91 85 60 46 90 65 15 87 29 14 13 46 67 15 39 40 85 81 67 23 27 8 58 29 64 54 37 67 19 63 1 9 22 2 88 0 10 80 36 56 95 3 4 54 77 
89 36 94 22 84 45 16 58 5 53 8 79 45 34 13 59 55 50 2 91 1 44 64 93 43 27 90 84 56 68 79 23 75 39 99 16 10 19 46 10 54 34 64 70 91 39 37 79 83 53 50 77 25 6 22 15 7 70 84 48 87 5 87 54 30 89 34 27 87 70 67 88 0 50 97 3 77 65 51 70 44 8 25 40 96 36 20 25 51 67 10 0 3 91 40 16 19 12 29 97 
61 65 83 79 85 60 39 34 28 67 74 45 45 37 30 51 86 37 86 90 90 57 73 3 79 97 23 46 15 40 97 48 39 55 87 65 42 36 46 6 41 86 5 65 51 77 66 75 31 5 21 38 55 92 12 97 70 12 72 55 88 47 7 63 17 26 10 38 69 49 69 58 86 65 2 98 86 94 39 93 22 72 34 78 74 39 7 3 64 40 80 3 0 21 35 62 77 71 24 71 
36 87 81 14 39 55 74 71 43 46 52 13 54 78 32 46 67 53 53 45 83 79 79 53 53 79 21 35 33 37 5 37 54 70 41 26 99 3 90 38 98 43 23 35 53 59 3 17 42 52 99 54 37 12 82 90 36 97 15 34 54 77 86 54 95 1 70 0 21 10 46 18 26 58 95 81 7 65 31 90 7 3 0 16 6 96 17 31 49 90 36 91 21 0 66 2 12 98 50 90 
97 56 73 64 9 31 16 12 67 23 82 68 23 99 98 3 78 30 36 0 42 75 52 10 68 45 12 69 57 94 75 35 51 40 45 11 75 43 35 19 4 38 52 23 63 50 54 39 64 88 99 22 59 91 11 61 39 30 67 56 47 65 61 9 47 74 15 42 67 4 66 88 85 43 90 5 63 95 99 71 57 21 65 16 54 56 13 20 12 76 56 40 35 66 0 82 76 97 62 30 
45 52 56 78 65 52 12 95 38 70 68 50 49 47 30 57 11 84 28 44 0 92 27 69 82 40 71 47 52 40 9 39 26 1 27 64 80 31 61 66 61 76 93 80 66 68 46 60 11 2 13 77 77 77 63 20 11 39 76 54 14 62 88 33 94 26 70 9 17 25 53 78 12 77 80 79 6 32 35 61 41 86 57 12 20 38 17 76 97 50 95 16 62 2 82 0 19 6 32 44 
60 93 29 61 6 29 11 9 42 52 37 64 77 64 11 46 69 24 35 3 2 68 91 99 78 34 29 81 7 96 30 50 8 11 59 40 72 66 85 75 3 90 68 14 95 53 92 4 8 90 90 81 83 98 13 65 61 11 25 28 1 41 6 17 33 16 45 83 81 0 54 41 56 12 47 4 20 34 79 69 7 54 41 4 85 42 95 13 60 56 3 19 77 12 76 19 0 0 27 40 
45 16 80 57 67 94 69 78 80 49 23 25 67 84 6 82 48 1 42 48 42 84 22 87 74 65 51 61 13 40 90 47 34 20 77 1 86 21 92 77 5 22 70 98 26 50 89 39 29 80 68 28 83 75 59 85 77 64 35 84 0 65 50 83 87 36 22 39 74 45 76 32 12 29 85 33 50 66 57 53 54 43 65 29 1 12 13 91 4 57 4 12 71 98 97 6 0 0 88 34 
34 2 11 75 80 66 3 21 40 22 14 15 83 91 18 92 89 20 3 81 55 96 19 92 17 66 88 77 36 78 59 9 56 82 35 26 25 70 23 4 31 70 89 25 99 82 62 73 41 18 51 69 48 12 16 17 60 10 33 99 24 56 35 47 37 38 28 97 70 61 56 74 17 68 1 71 96 39 87 66 23 72 19 78 27 0 96 74 5 0 54 29 24 50 62 32 27 88 0 72 
8 28 44 1 30 3 8 11 90 86 92 22 77 38 28 30 29 59 68 41 97 0 98 27 24 87 79 15 11 90 13 21 36 87 56 28 9 14 20 20 4 32 52 21 75 83 14 23 51 46 12 12 80 99 80 81 84 92 85 1 36 41 39 75 25 64 20 82 58 23 36 96 23 51 25 8 20 89 33 9 98 75 37 40 26 26 20 28 71 67 77 97 71 90 30 44 40 34 72 0 
