80
0 83 19 30 28 83 40 63 17 99 55 35 96 50 98 87 1 13 74 62 8 51 4 53 36 15 10 8 71 28 80 95 88 19 43 97 33 21 34 70 54 88 58 77 42 82 99 37 2 85 43 45 46 5 47 6 94 34 97 55 52 36 89 90 59 81 31 96 80 75 37 83 8 55 49 75 11 24 25 95 
83 0 49 94 49 22 13 98 25 40 48 15 95 12 94 20 16 18 92 78 69 68 44 74 26 80 57 4 57 42 59 49 30 48 87 3 84 18 47 85 29 72 63 78 41 86 81 3 23 81 3 68 56 68 52 39 47 17 27 50 87 6 29 57 31 84 48 36 48 15 72 47 29 48 86 83 53 76 24 58 
19 49 0 60 44 27 29 0 92 83 98 87 33 91 19 78 91 53 53 84 42 67 3 45 0 95 80 65 27 88 65 14 88 41 50 93 7 4 56 7 85 91 32 95 12 89 42 76 50 96 82 7 89 71 61 9 32 96 16 91 17 91 25 23 95 10 65 67 80 94 55 17 11 65 12 39 29 94 94 98 
30 94 60 0 28 8 19 74 10 88 20 46 74 31 50 99 86 8 66 82 49 43 78 79 54 18 25 98 25 18 63 78 71 42 71 45 21 4 30 91 60 74 69 53 83 27 15 42 56 58 17 29 5 91 24 7 62 39 53 80 22 69 30 26 1 12 34 7 52 98 86 3 29 13 42 57 70 97 70 30 
28 49 44 28 0 44 92 44 55 68 25 83 35 63 97 42 91 77 38 80 26 97 57 54 93 54 99 98 74 10 35 43 66 17 46 16 78 7 27 41 90 28 49 72 2 80 58 34 25 44 92 96 96 20 36 58 78 80 96 97 65 79 94 33 74 67 90 54 21 76 69 37 30 33 95 10 95 67 45 99 
83 22 27 8 44 0 5 22 25 44 12 20 0 92 8 30 0 21 31 84 76 51 56 17 12 57 68 21 19 15 32 79 94 73 23 53 10 9 38 66 12 39 33 98 8 19 31 0 23 87 48 5 88 88 51 26 77 56 39 9 40 21 53 44 4 89 87 98 29 18 84 58 72 17 5 92 88 32 71 1 
40 13 29 19 92 5 0 38 39 76 98 31 96 69 38 96 99 42 97 76 32 88 70 74 33 60 84 37 31 96 55 59 63 56 77 26 11 31 71 52 65 9 75 33 6 51 9 27 91 7 8 33 13 59 34 9 98 63 53 40 6 41 25 17 35 45 66 90 49 72 5 30 72 79 22 90 24 51 88 53 
63 98 0 74 44 22 38 0 61 20 6 57 4 11 20 51 55 6 70 83 51 70 94 87 91 62 25 28 13 11 43 36 51 16 94 62 43 44 29 0 79 81 7 39 56 13 30 24 46 74 50 37 2 15 37 3 38 98 19 8 36 13 71 97 71 6 69 84 55 95 82 75 46 77 34 73 78 37 56 61 
17 25 92 10 55 25 39 61 0 59 49 71 53 36 20 91 42 6 36 2 9 58 79 58 23 64 45 34 66 48 30 84 22 69 71 51 88 93 33 83 0 88 35 89 57 4 10 41 24 65 99 3 23 79 57 11 34 41 49 91 11 76 57 11 43 32 55 94 21 84 79 22 55 54 58 62 62 59 54 74 
99 40 83 88 68 44 76 20 59 0 72 89 5 84 96 22 22 58 35 17 81 96 54 37 46 66 79 90 79 0 13 71 32 63 38 39 96 12 70 59 98 74 9 63 34 22 75 79 29 54 97 20 91 8 43 31 71 33 75 6 53 39 94 8 97 50 87 7 59 10 4 88 83 93 67 81 59 78 96 87 
55 48 98 20 25 12 98 6 49 72 0 38 28 76 64 49 43 48 19 73 5 40 40 21 4 76 7 64 24 39 46 2 15 17 64 64 79 67 6 9 77 99 27 51 70 82 46 45 63 99 18 88 98 13 59 10 64 60 27 82 30 2 18 13 78 88 61 77 26 64 94 12 24 18 98 15 39 99 10 7 
35 15 87 46 83 20 31 57 71 89 38 0 99 27 1 71 44 32 27 58 37 30 52 23 58 69 2 92 76 19 81 20 64 67 55 67 79 46 30 39 39 41 39 42 33 13 7 91 71 72 35 51 21 14 31 49 33 83 0 12 18 61 79 5 4 39 0 29 91 34 84 65 4 47 97 61 1 43 1 50 
96 95 33 74 35 0 96 4 53 5 28 99 0 10 56 28 45 73 44 16 53 1 64 40 87 72 12 41 82 35 71 65 59 4 22 35 88 61 87 81 84 65 77 45 27 87 87 54 66 39 9 11 92 22 69 72 78 99 84 33 89 84 43 93 48 14 37 78 12 57 75 74 40 12 46 13 72 80 78 17 
50 12 91 31 63 92 69 11 36 84 76 27 10 0 7 28 10 53 21 48 90 17 20 58 90 8 50 95 0 7 10 15 55 81 27 10 20 25 27 28 7 79 86 41 35 49 17 12 99 99 65 28 61 72 43 21 74 16 33 4 98 99 95 64 38 81 68 89 77 42 82 50 29 0 54 82 56 30 12 33 
98 94 19 50 97 8 38 20 20 96 64 1 56 7 0 38 87 92 51 51 24 29 43 67 38 87 82 67 89 60 18 30 2 0 99 89 54 62 14 59 26 93 52 51 55 70 55 3 0 76 13 53 86 19 21 47 57 48 87 94 25 24 20 48 47 78 25 85 45 68 42 20 96 56 87 26 92 87 91 99 
87 20 78 99 42 30 96 51 91 22 49 71 28 28 38 0 69 71 20 1 43 32 52 53 92 86 62 61 98 43 32 71 71 4 89 84 88 38 15 74 47 27 76 0 42 36 27 22 32 41 72 21 72 45 55 49 30 59 1 80 72 53 83 13 39 60 89 89 82 72 56 42 73 78 49 12 12 75 59 39 
1 16 91 86 91 0 99 55 42 22 43 44 45 10 87 69 0 17 31 72 19 22 89 24 54 70 2 45 51 8 80 91 72 66 52 29 2 59 81 67 72 3 80 63 14 32 62 56 42 92 60 5 3 35 95 66 18 88 52 2 23 13 67 71 99 38 46 47 71 21 47 33 62 92 71 50 26 76 38 60 
13 18 53 8 77 21 42 6 6 58 48 32 73 53 92 71 17 0 15 47 64 17 20 76 64 89 26 62 40 5 74 81 4 18 68 85 92 37 94 66 56 97 74 52 4 4 76 48 37 68 31 78 18 16 59 93 5 96 32 29 39 39 93 98 41 70 38 33 23 76 74 25 80 44 78 78 32 10 21 23 
74 92 53 66 38 31 97 70 36 35 19 27 44 21 51 20 31 15 0 38 86 57 28 17 21 81 38 2 14 18 24 32 16 59 13 37 58 52 79 82 22 31 18 90 30 90 52 52 44 67 26 53 53 86 97 80 72 24 28 27 73 3 78 10 27 5 97 76 42 61 20 0 8 19 17 27 8 2 95 77 
62 78 84 82 80 84 76 83 2 17 73 58 16 48 51 1 72 47 38 0 68 78 37 44 44 54 74 66 86 60 99 59 40 97 19 83 85 53 59 81 64 33 66 46 83 49 43 41 25 6 98 54 42 0 53 96 13 40 81 71 74 73 61 16 62 65 99 56 82 82 6 79 69 66 92 86 25 35 67 20 
8 69 42 49 26 76 32 51 9 81 5 37 53 90 24 43 19 64 86 68 0 56 42 84 90 67 46 33 92 9 90 46 88 5 18 52 78 44 14 98 36 81 76 5 42 3 25 17 33 50 23 27 19 63 68 69 63 42 28 48 83 12 96 77 44 94 0 97 2 95 13 64 48 10 8 52 13 59 6 61 
51 68 67 43 97 51 88 70 58 96 40 30 1 17 29 32 22 17 57 78 56 0 2 27 67 12 53 4 77 53 84 61 54 9 7 31 88 30 53 47 2 85 25 87 91 32 55 71 67 1 22 80 8 24 47 51 48 98 87 5 70 70 75 77 30 96 0 33 87 0 21 99 63 71 36 37 29 91 85 93 
4 44 3 78 57 56 70 94 79 54 40 52 64 20 43 52 89 20 28 37 42 2 0 40 51 26 41 66 10 28 19 48 38 35 50 26 47 84 47 62 50 8 11 41 7 34 20 93 8 45 15 60 70 13 96 91 27 6 97 19 79 63 28 68 36 66 3 7 15 19 2 67 88 75 28 35 10 91 30 3 
53 74 45 79 54 17 74 87 58 37 21 23 40 58 67 53 24 76 17 44 84 27 40 0 87 91 17 81 94 55 64 31 85 20 36 89 56 89 99 75 26 89 38 47 36 71 75 26 18 85 92 32 58 56 16 9 1 26 28 26 25 52 80 7 83 58 60 91 37 82 60 72 36 28 66 32 65 52 34 97 
36 26 0 54 93 12 33 91 23 46 4 58 87 90 38 92 54 64 21 44 90 67 51 87 0 35 76 43 27 3 51 16 69 39 39 44 31 87 87 35 51 14 36 75 89 70 31 75 53 33 42 19 67 88 39 18 93 39 80 4 16 86 92 7 83 32 92 52 78 98 13 31 20 23 76 20 63 63 10 33 
15 80 95 18 54 57 60 62 64 66 76 69 72 8 87 86 70 89 81 54 67 12 26 91 35 0 96 18 60 61 36 66 24 15 0 82 37 97 70 33 5 93 26 17 12 49 75 2 64 45 76 34 75 96 69 9 31 90 71 41 45 41 77 42 52 70 60 35 34 30 33 11 84 42 31 67 43 66 20 42 
10 57 80 25 99 68 84 25 45 79 7 2 12 50 82 62 2 26 38 74 46 53 41 17 76 96 0 29 67 81 46 52 14 16 75 8 38 77 47 1 56 39 41 78 48 62 42 52 47 60 91 78 65 40 5 16 99 65 42 85 51 39 64 99 3 13 35 12 54 22 85 92 34 27 85 39 28 10 53 62 
8 4 65 98 98 21 37 28 34 90 64 92 41 95 67 61 45 62 2 66 33 4 66 81 43 18 29 0 91 51 70 82 9 42 62 90 12 76 69 57 6 98 64 84 79 49 50 63 40 37 75 23 32 35 40 33 95 92 16 69 40 39 94 16 57 79 22 56 40 98 63 82 35 45 40 57 45 97 41 63 
71 57 27 25 74 19 31 13 66 79 24 76 82 0 89 98 51 40 14 86 92 77 10 94 27 60 67 91 0 46 34 3 80 59 1 50 85 37 7 40 91 39 0 86 13 20 67 92 78 75 17 15 2 5 92 4 32 24 77 71 90 55 13 89 26 67 20 4 54 70 29 5 92 50 78 97 76 87 48 59 
28 42 88 18 10 15 96 11 48 0 39 19 35 7 60 43 8 5 18 60 9 53 28 55 3 61 81 51 46 0 3 96 0 21 72 18 50 43 60 19 49 96 65 82 45 66 25 59 6 68 73 9 78 73 6 77 92 12 96 90 84 0 82 33 93 22 68 6 95 67 40 4 39 12 96 58 86 60 30 64 
80 59 65 63 35 32 55 43 30 13 46 81 71 10 18 32 80 74 24 99 90 84 19 64 51 36 46 70 34 3 0 21 0 18 30 21 41 8 78 88 68 61 73 39 20 60 35 69 57 2 73 38 24 76 60 39 61 55 4 47 63 50 64 20 35 46 40 6 95 97 94 11 80 15 94 39 32 19 40 39 
95 49 14 78 43 79 59 36 84 71 2 20 65 15 30 71 91 81 32 59 46 61 48 31 16 66 52 82 3 96 21 0 12 10 1 80 56 39 15 24 6 14 13 7 76 76 78 9 50 29 58 54 20 29 82 34 55 58 41 45 71 62 40 90 51 30 58 31 9 0 15 7 67 69 76 10 52 5 5 89 
88 30 88 71 66 94 63 51 22 32 15 64 59 55 2 71 72 4 16 40 88 54 38 85 69 24 14 9 80 0 0 12 0 61 72 1 47 29 5 84 20 88 82 68 3 39 88 50 65 80 13 51 64 87 93 70 67 32 60 37 75 97 45 73 37 39 78 44 31 32 54 78 13 97 60 95 39 45 69 12 
19 48 41 42 17 73 56 16 69 63 17 67 4 81 0 4 66 18 59 97 5 9 35 20 39 15 16 42 59 21 18 10 61 0 6 0 86 0 96 83 58 20 68 51 13 8 49 81 95 24 66 9 65 25 69 40 16 31 83 19 91 50 20 35 7 50 83 28 14 62 59 28 90 16 36 20 42 78 68 68 
43 87 50 71 46 23 77 94 71 38 64 55 22 27 99 89 52 68 13 19 18 7 50 36 39 0 75 62 1 72 30 1 72 6 0 80 82 72 35 28 8 96 61 24 54 70 16 87 86 38 66 48 25 43 92 87 94 65 56 97 95 49 35 67 66 36 47 13 72 89 67 33 53 23 78 71 62 23 35 64 
97 3 93 45 16 53 26 62 51 39 64 67 35 10 89 84 29 85 37 83 52 31 26 89 44 82 8 90 50 18 21 80 1 0 80 0 86 67 26 52 14 49 38 44 81 86 54 41 8 38 15 61 5 76 4 84 94 9 84 91 84 50 1 87 65 69 96 41 93 9 82 51 2 41 93 46 12 38 5 25 
33 84 7 21 78 10 11 43 88 96 79 79 88 20 54 88 2 92 58 85 78 88 47 56 31 37 38 12 85 50 41 56 47 86 82 86 0 47 17 54 80 90 35 5 15 30 11 70 35 87 53 73 16 30 60 51 50 5 3 48 28 1 40 52 52 29 67 64 14 23 44 1 95 86 63 94 85 57 0 91 
21 18 4 4 7 9 31 44 93 12 67 46 61 25 62 38 59 37 52 53 44 30 84 89 87 97 77 76 37 43 8 39 29 0 72 67 47 0 34 10 13 93 84 75 53 83 76 85 27 39 23 79 20 38 33 41 52 62 12 5 93 13 52 44 78 67 44 84 10 56 67 53 89 35 13 4 71 57 78 91 
34 47 56 30 27 38 71 29 33 70 6 30 87 27 14 15 81 94 79 59 14 53 47 99 87 70 47 69 7 60 78 15 5 96 35 26 17 34 0 44 5 42 35 40 2 82 22 29 2 96 82 23 43 47 77 29 44 18 15 20 74 98 99 95 83 80 27 5 41 31 57 59 46 29 89 61 41 9 17 18 
70 85 7 91 41 66 52 0 83 59 9 39 81 28 59 74 67 66 82 81 98 47 62 75 35 33 1 57 40 19 88 24 84 83 28 52 54 10 44 0 21 36 83 47 34 69 54 32 96 39 83 58 71 60 2 80 90 26 81 39 74 77 27 56 59 50 87 53 29 79 6 16 79 72 83 15 27 54 0 93 
54 29 85 60 90 12 65 79 0 98 77 39 84 7 26 47 72 56 22 64 36 2 50 26 51 5 56 6 91 49 68 6 20 58 8 14 80 13 5 21 0 46 7 75 89 93 29 16 94 21 50 14 22 14 49 65 39 35 40 69 5 6 37 97 76 21 45 30 23 93 73 34 16 15 28 73 96 48 94 84 
88 72 91 74 28 39 9 81 88 74 99 41 65 79 93 27 3 97 31 33 81 85 8 89 14 93 39 98 39 96 61 14 88 20 96 49 90 93 42 36 46 0 37 82 37 9 22 76 10 3 58 65 19 12 71 18 94 32 13 95 14 15 69 68 29 44 51 85 8 86 54 67 3 48 14 5 14 98 91 78 
58 63 32 69 49 33 75 7 35 9 27 39 77 86 52 76 80 74 18 66 76 25 11 38 36 26 41 64 0 65 73 13 82 68 61 38 35 84 35 83 7 37 0 41 42 17 4 59 71 58 36 8 42 16 39 59 89 84 12 44 49 31 3 20 56 70 20 43 36 81 60 8 10 11 1 82 78 12 58 37 
77 78 95 53 72 98 33 39 89 63 51 42 45 41 51 0 63 52 90 46 5 87 41 47 75 17 78 84 86 82 39 7 68 51 24 44 5 75 40 47 75 82 41 0 89 69 67 25 70 0 25 28 75 14 4 61 43 69 89 26 25 29 96 68 17 56 41 55 50 89 26 10 26 70 51 96 49 48 98 64 
42 41 12 83 2 8 6 56 57 34 70 33 27 35 55 42 14 4 30 83 42 91 7 36 89 12 48 79 13 45 20 76 3 13 54 81 15 53 2 34 89 37 42 89 0 36 1 17 14 37 96 14 24 91 80 29 11 82 22 68 85 18 17 11 74 9 62 96 90 98 73 58 12 64 15 58 7 92 30 15 
82 86 89 27 80 19 51 13 4 22 82 13 87 49 70 36 32 4 90 49 3 32 34 71 70 49 62 49 20 66 60 76 39 8 70 86 30 83 82 69 93 9 17 69 36 0 68 49 85 63 84 32 69 42 50 25 79 98 6 19 81 8 59 49 90 19 11 43 99 54 28 28 31 24 51 17 99 95 56 31 
99 81 42 15 58 31 9 30 10 75 46 7 87 17 55 27 62 76 52 43 25 55 20 75 31 75 42 50 67 25 35 78 88 49 16 54 11 76 22 54 29 22 4 67 1 68 0 92 95 89 32 22 84 38 89 40 53 95 17 84 43 64 54 55 6 93 64 23 21 96 95 93 20 46 13 51 15 72 84 75 
37 3 76 42 34 0 27 24 41 79 45 91 54 12 3 22 56 48 52 41 17 71 93 26 75 2 52 63 92 59 69 9 50 81 87 41 70 85 29 32 16 76 59 25 17 49 92 0 80 64 51 58 53 53 36 37 71 79 31 35 6 87 44 36 14 70 85 87 59 14 48 93 70 58 80 1 59 62 33 90 
2 23 50 56 25 23 91 46 24 29 63 71 66 99 0 32 42 37 44 25 33 67 8 18 53 64 47 40 78 6 57 50 65 95 86 8 35 27 2 96 94 10 71 70 14 85 95 80 0 75 12 21 3 6 68 6 23 36 65 64 50 88 44 13 0 73 50 23 21 87 58 75 35 48 51 36 12 97 68 65 
85 81 96 58 44 87 7 74 65 54 99 72 39 99 76 41 92 68 67 6 50 1 45 85 33 45 60 37 75 68 2 29 80 24 38 38 87 39 96 39 21 3 58 0 37 63 89 64 75 0 7 65 75 48 43 36 85 32 62 56 89 6 24 61 45 10 82 34 40 60 12 79 75 2 64 58 3 14 9 87 
43 3 82 17 92 48 8 50 99 97 18 35 9 65 13 72 60 31 26 98 23 22 15 92 42 76 91 75 17 73 73 58 13 66 66 15 53 23 82 83 50 58 36 25 96 84 32 51 12 7 0 27 62 50 41 93 33 42 60 60 91 38 46 32 1 93 63 93 73 48 49 94 85 89 53 50 45 52 68 57 
45 68 7 29 96 5 33 37 3 20 88 51 11 28 53 21 5 78 53 54 27 80 60 32 19 34 78 23 15 9 38 54 51 9 48 61 73 79 23 58 14 65 8 28 14 32 22 58 21 65 27 0 29 61 26 55 53 52 75 79 92 83 75 36 43 2 35 69 56 24 15 52 6 96 51 78 53 19 11 55 
46 56 89 5 96 88 13 2 23 91 98 21 92 61 86 72 3 18 53 42 19 8 70 58 67 75 65 32 2 78 24 20 64 65 25 5 16 20 43 71 22 19 42 75 24 69 84 53 3 75 62 29 0 49 67 34 68 81 47 44 3 65 59 40 15 10 82 38 2 0 69 12 72 62 6 79 79 45 43 40 
5 68 71 91 20 88 59 15 79 8 13 14 22 72 19 45 35 16 86 0 63 24 13 56 88 96 40 35 5 73 76 29 87 25 43 76 30 38 47 60 14 12 16 14 91 42 38 53 6 48 50 61 49 0 91 61 86 97 7 39 57 4 49 11 86 81 19 71 40 35 63 58 61 22 3 19 33 64 81 88 
47 52 61 24 36 51 34 37 57 43 59 31 69 43 21 55 95 59 97 53 68 47 96 16 39 69 5 40 92 6 60 82 93 69 92 4 60 33 77 2 49 71 39 4 80 50 89 36 68 43 41 26 67 91 0 18 42 28 50 55 72 23 98 84 47 56 74 32 1 65 79 80 79 50 49 64 85 69 58 44 
6 39 9 7 58 26 9 3 11 31 10 49 72 21 47 49 66 93 80 96 69 51 91 9 18 9 16 33 4 77 39 34 70 40 87 84 51 41 29 80 65 18 59 61 29 25 40 37 6 36 93 55 34 61 18 0 27 27 81 19 69 57 97 2 13 59 65 5 71 0 82 94 35 22 40 5 66 74 13 42 
94 47 32 62 78 77 98 38 34 71 64 33 78 74 57 30 18 5 72 13 63 48 27 1 93 31 99 95 32 92 61 55 67 16 94 94 50 52 44 90 39 94 89 43 11 79 53 71 23 85 33 53 68 86 42 27 0 75 44 23 72 82 91 26 22 18 2 76 52 28 9 27 97 82 9 26 60 2 95 23 
34 17 96 39 80 56 63 98 41 33 60 83 99 16 48 59 88 96 24 40 42 98 6 26 39 90 65 92 24 12 55 58 32 31 65 9 5 62 18 26 35 32 84 69 82 98 95 79 36 32 42 52 81 97 28 27 75 0 63 82 82 94 40 37 71 74 74 72 9 69 41 83 80 47 51 40 21 57 6 61 
97 27 16 53 96 39 53 19 49 75 27 0 84 33 87 1 52 32 28 81 28 87 97 28 80 71 42 16 77 96 4 41 60 83 56 84 3 12 15 81 40 13 12 89 22 6 17 31 65 62 60 75 47 7 50 81 44 63 0 39 62 7 28 66 35 65 94 13 23 46 99 90 16 94 86 75 24 88 34 47 
55 50 91 80 97 9 40 8 91 6 82 12 33 4 94 80 2 29 27 71 48 5 19 26 4 41 85 69 71 90 47 45 37 19 97 91 48 5 20 39 69 95 44 26 68 19 84 35 64 56 60 79 44 39 55 19 23 82 39 0 38 93 42 47 30 19 80 92 20 79 94 97 10 53 48 80 49 5 76 66 
52 87 17 22 65 40 6 36 11 53 30 18 89 98 25 72 23 39 73 74 83 70 79 25 16 45 51 40 90 84 63 71 75 91 95 84 28 93 74 74 5 14 49 25 85 81 43 6 50 89 91 92 3 57 72 69 72 82 62 38 0 34 94 85 77 6 61 80 43 16 32 3 23 15 3 75 7 45 7 65 
36 6 91 69 79 21 41 13 76 39 2 61 84 99 24 53 13 39 3 73 12 70 63 52 86 41 39 39 55 0 50 62 97 50 49 50 1 13 98 77 6 15 31 29 18 8 64 87 88 6 38 83 65 4 23 57 82 94 7 93 34 0 7 11 27 15 30 99 28 86 53 97 79 31 65 42 53 33 81 10 
89 29 25 30 94 53 25 71 57 94 18 79 43 95 20 83 67 93 78 61 96 75 28 80 92 77 64 94 13 82 64 40 45 20 35 1 40 52 99 27 37 69 3 96 17 59 54 44 44 24 46 75 59 49 98 97 91 40 28 42 94 7 0 30 91 88 69 8 53 92 0 32 66 5 13 44 70 40 77 38 
90 57 23 26 33 44 17 97 11 8 13 5 93 64 48 13 71 98 10 16 77 77 68 7 7 42 99 16 89 33 20 90 73 35 67 87 52 44 95 56 97 68 20 68 11 49 55 36 13 61 32 36 40 11 84 2 26 37 66 47 85 11 30 0 91 11 18 5 21 54 67 47 49 63 36 25 48 97 2 46 
59 31 95 1 74 4 35 71 43 97 78 4 48 38 47 39 99 41 27 62 44 30 36 83 83 52 3 57 26 93 35 51 37 7 66 65 52 78 83 59 76 29 56 17 74 90 6 14 0 45 1 43 15 86 47 13 22 71 35 30 77 27 91 91 0 87 78 61 5 99 68 99 80 39 14 0 78 63 18 45 
81 84 10 12 67 89 45 6 32 50 88 39 14 81 78 60 38 70 5 65 94 96 66 58 32 70 13 79 67 22 46 30 39 50 36 69 29 67 80 50 21 44 70 56 9 19 93 70 73 10 93 2 10 81 56 59 18 74 65 19 6 15 88 11 87 0 67 42 94 36 71 77 30 38 30 1 21 75 45 0 
31 48 65 34 90 87 66 69 55 87 61 0 37 68 25 89 46 38 97 99 0 0 3 60 92 60 35 22 20 68 40 58 78 83 47 96 67 44 27 87 45 51 20 41 62 11 64 85 50 82 63 35 82 19 74 65 2 74 94 80 61 30 69 18 78 67 0 97 98 60 36 14 11 99 17 57 95 54 67 23 
96 36 67 7 54 98 90 84 94 7 77 29 78 89 85 89 47 33 76 56 97 33 7 91 52 35 12 56 4 6 6 31 44 28 13 41 64 84 5 53 30 85 43 55 96 43 23 87 23 34 93 69 38 71 32 5 76 72 13 92 80 99 8 5 61 42 97 0 11 93 97 10 56 37 88 71 6 1 31 9 
80 48 80 52 21 29 49 55 21 59 26 91 12 77 45 82 71 23 42 82 2 87 15 37 78 34 54 40 54 95 95 9 31 14 72 93 14 10 41 29 23 8 36 50 90 99 21 59 21 40 73 56 2 40 1 71 52 9 23 20 43 28 53 21 5 94 98 11 0 65 19 45 49 32 48 39 87 49 72 94 
75 15 94 98 76 18 72 95 84 10 64 34 57 42 68 72 21 76 61 82 95 0 19 82 98 30 22 98 70 67 97 0 32 62 89 9 23 56 31 79 93 86 81 89 98 54 96 14 87 60 48 24 0 35 65 0 28 69 46 79 16 86 92 54 99 36 60 93 65 0 26 39 49 51 64 35 75 14 77 68 
37 72 55 86 69 84 5 82 79 4 94 84 75 82 42 56 47 74 20 6 13 21 2 60 13 33 85 63 29 40 94 15 54 59 67 82 44 67 57 6 73 54 60 26 73 28 95 48 58 12 49 15 69 63 79 82 9 41 99 94 32 53 0 67 68 71 36 97 19 26 0 97 47 21 49 49 59 24 89 25 
83 47 17 3 37 58 30 75 22 88 12 65 74 50 20 42 33 25 0 79 64 99 67 72 31 11 92 82 5 4 11 7 78 28 33 51 1 53 59 16 34 67 8 10 58 28 93 93 75 79 94 52 12 58 80 94 27 83 90 97 3 97 32 47 99 77 14 10 45 39 97 0 93 78 43 59 56 50 47 28 
8 29 11 29 30 72 72 46 55 83 24 4 40 29 96 73 62 80 8 69 48 63 88 36 20 84 34 35 92 39 80 67 13 90 53 2 95 89 46 79 16 3 10 26 12 31 20 70 35 75 85 6 72 61 79 35 97 80 16 10 23 79 66 49 80 30 11 56 49 49 47 93 0 80 77 58 41 18 27 28 
55 48 65 13 33 17 79 77 54 93 18 47 12 0 56 78 92 44 19 66 10 71 75 28 23 42 27 45 50 12 15 69 97 16 23 41 86 35 29 72 15 48 11 70 64 24 46 58 48 2 89 96 62 22 50 22 82 47 94 53 15 31 5 63 39 38 99 37 32 51 21 78 80 0 43 38 39 37 96 2 
49 86 12 42 95 5 22 34 58 67 98 97 46 54 87 49 71 78 17 92 8 36 28 66 76 31 85 40 78 96 94 76 60 36 78 93 63 13 89 83 28 14 1 51 15 51 13 80 51 64 53 51 6 3 49 40 9 51 86 48 3 65 13 36 14 30 17 88 48 64 49 43 77 43 0 4 80 26 88 17 
75 83 39 57 10 92 90 73 62 81 15 61 13 82 26 12 50 78 27 86 52 37 35 32 20 67 39 57 97 58 39 10 95 20 71 46 94 4 61 15 73 5 82 96 58 17 51 1 36 58 50 78 79 19 64 5 26 40 75 80 75 42 44 25 0 1 57 71 39 35 49 59 58 38 4 0 39 49 43 42 
11 53 29 70 95 88 24 78 62 59 39 1 72 56 92 12 26 32 8 25 13 29 10 65 63 43 28 45 76 86 32 52 39 42 62 12 85 71 41 27 96 14 78 49 7 99 15 59 12 3 45 53 79 33 85 66 60 21 24 49 7 53 70 48 78 21 95 6 87 75 59 56 41 39 80 39 0 30 28 45 
24 76 94 97 67 32 51 37 59 78 99 43 80 30 87 75 76 10 2 35 59 91 91 52 63 66 10 97 87 60 19 5 45 78 23 38 57 57 9 54 48 98 12 48 92 95 72 62 97 14 52 19 45 64 69 74 2 57 88 5 45 33 40 97 63 75 54 1 49 14 24 50 18 37 26 49 30 0 76 32 
25 24 94 70 45 71 88 56 54 96 10 1 78 12 91 59 38 21 95 67 6 85 30 34 10 20 53 41 48 30 40 5 69 68 35 5 0 78 17 0 94 91 58 98 30 56 84 33 68 9 68 11 43 81 58 13 95 6 34 76 7 81 77 2 18 45 67 31 72 77 89 47 27 96 88 43 28 76 0 55 
95 58 98 30 99 1 53 61 74 87 7 50 17 33 99 39 60 23 77 20 61 93 3 97 33 42 62 63 59 64 39 89 12 68 64 25 91 91 18 93 84 78 37 64 15 31 75 90 65 87 57 55 40 88 44 42 23 61 47 66 65 10 38 46 45 0 23 9 94 68 25 28 28 2 17 42 45 32 55 0 
0 56 37 96 24 77 76 43 17 13 72 96 60 53 41 89 64 41 25 45 86 13 64 42 82 95 86 78 31 5 70 13 1 57 59 68 46 42 62 7 75 60 43 62 44 17 39 11 2 82 85 4 71 36 3 26 48 83 39 75 50 4 98 21 40 53 32 49 57 53 43 86 47 54 71 12 77 9 91 3 
56 0 21 0 39 8 96 9 51 62 26 70 53 98 41 55 64 84 99 7 8 21 67 26 45 57 22 82 50 64 55 67 78 39 9 26 15 85 78 82 71 76 39 51 21 31 19 7 42 3 43 6 75 90 44 29 85 70 92 19 91 86 76 93 69 87 50 35 41 79 95 6 56 3 71 84 4 57 35 31 
37 21 0 78 18 31 66 67 65 77 62 72 96 50 60 41 6 99 70 72 62 54 16 68 22 99 71 73 97 31 21 74 41 45 13 1 0 97 99 91 15 39 56 45 63 60 58 81 51 35 10 42 14 78 6 4 49 22 69 17 54 11 48 34 92 51 84 72 65 14 28 19 59 98 53 1 76 95 91 98 
96 0 78 0 47 86 6 53 25 36 13 97 7 36 37 44 79 29 86 57 37 79 49 48 52 67 26 33 60 47 95 18 86 40 49 51 99 36 91 80 4 26 10 18 35 41 78 12 12 39 39 71 81 90 79 57 84 95 10 83 9 86 33 88 69 30 24 22 42 95 97 16 15 12 20 89 37 41 50 99 
24 39 18 47 0 89 58 69 89 82 4 28 94 21 18 19 33 83 37 70 0 40 90 71 59 29 49 7 48 20 46 53 93 59 58 4 75 18 14 32 55 59 66 44 10 77 93 70 96 47 8 40 95 44 52 66 85 59 63 95 86 90 48 95 16 33 96 85 55 9 68 85 59 8 82 92 98 35 9 86 
77 8 31 86 89 0 31 82 40 58 13 36 10 86 14 59 28 16 65 43 54 23 59 22 74 48 17 84 72 67 31 47 91 97 76 67 69 71 97 29 48 63 37 67 16 0 23 69 27 80 40 25 26 47 84 48 21 88 31 97 32 45 42 40 64 44 57 23 44 56 59 86 47 14 23 23 44 18 33 66 
76 96 66 6 58 31 0 53 80 32 29 36 74 27 53 70 77 2 21 75 16 7 75 65 65 11 65 95 51 30 42 0 74 7 42 97 17 53 50 19 44 58 54 23 30 68 85 24 5 39 20 11 22 66 79 64 87 60 46 85 80 66 83 88 23 2 46 4 72 88 94 71 37 62 39 93 88 71 76 7 
43 9 67 53 69 82 53 0 22 90 40 18 15 75 77 14 70 7 95 86 86 17 64 21 74 34 33 23 80 83 57 19 33 50 54 67 57 42 3 50 46 79 82 32 4 20 94 70 23 68 15 94 5 24 93 78 13 11 28 17 59 45 59 45 29 16 26 96 55 63 59 71 95 51 53 35 72 26 9 27 
17 51 65 25 89 40 80 22 0 76 10 11 63 55 89 94 94 22 96 0 39 83 20 90 99 39 8 78 21 87 34 35 28 10 53 1 79 43 76 46 54 86 75 41 61 0 52 66 88 10 32 39 43 44 30 6 65 96 61 55 46 81 8 56 16 98 73 67 72 24 12 27 13 31 50 96 62 93 13 14 
13 62 77 36 82 58 32 90 76 0 43 48 25 44 20 4 29 85 92 37 79 25 38 61 99 63 70 67 91 54 15 57 86 55 52 19 86 18 27 33 54 53 71 43 54 32 64 6 32 58 49 42 0 75 91 24 94 34 18 47 77 4 36 87 80 39 9 46 79 10 52 1 58 9 12 35 90 47 6 33 
72 26 62 13 4 13 29 40 10 43 0 33 30 14 39 11 73 84 36 52 54 12 92 96 43 46 61 86 97 89 65 41 19 86 99 11 11 47 80 17 17 89 58 46 83 88 59 51 1 52 61 4 34 10 75 52 4 75 51 84 44 4 95 90 42 57 48 31 98 36 11 19 41 26 69 42 14 62 69 58 
96 70 72 97 28 36 36 18 11 48 33 0 25 66 0 92 26 12 57 51 94 65 41 98 86 2 64 73 14 69 17 27 62 45 40 10 97 29 77 34 18 6 59 40 67 46 64 59 58 7 92 1 15 1 4 64 67 25 22 70 87 43 84 65 23 22 51 9 83 3 66 72 20 86 75 22 56 30 20 31 
60 53 96 7 94 10 74 15 63 25 30 25 0 53 3 51 67 78 54 96 66 45 62 14 67 19 4 75 80 52 14 73 83 32 50 36 92 58 88 61 15 83 63 77 3 7 84 99 10 10 61 91 31 6 80 59 89 88 74 56 93 15 92 82 61 9 41 64 27 29 35 4 32 91 49 95 68 76 14 74 
53 98 50 36 21 86 27 75 55 44 14 66 53 0 21 23 22 19 94 29 41 77 95 40 1 73 94 58 23 23 30 33 7 62 31 7 87 43 53 62 34 57 16 80 71 11 23 25 35 41 74 40 8 29 15 71 57 99 17 30 44 80 26 20 16 31 96 81 51 29 53 42 72 6 15 39 6 89 63 74 
41 41 60 37 18 14 53 77 89 20 39 0 3 21 0 9 44 79 11 63 59 83 90 76 45 44 59 76 43 13 96 9 69 1 8 5 38 84 32 63 58 1 81 67 58 29 62 40 93 39 45 15 69 46 41 90 56 90 73 34 35 31 81 59 99 37 1 21 15 30 10 52 59 94 48 33 55 77 88 68 
89 55 41 44 19 59 70 14 94 4 11 92 51 23 9 0 82 70 76 36 68 33 87 20 29 92 69 8 10 22 58 81 20 6 5 51 20 73 17 22 66 18 51 74 97 64 9 80 65 65 22 69 8 36 16 12 92 14 59 14 33 58 61 37 75 64 27 87 83 92 56 31 77 94 82 93 6 36 36 0 
64 64 6 79 33 28 77 70 94 29 73 26 67 22 44 82 0 46 61 28 25 84 29 38 41 79 84 32 8 0 6 13 73 34 24 14 66 24 24 69 87 62 61 91 47 39 44 20 33 50 25 7 36 55 17 61 23 19 4 12 42 43 46 10 24 8 58 64 11 50 31 67 88 2 2 35 10 21 20 87 
41 84 99 29 83 16 2 7 22 85 84 12 78 19 79 70 46 0 79 29 52 39 20 40 19 51 19 69 46 74 73 45 72 29 35 7 79 61 33 17 60 36 84 70 83 47 90 15 54 79 91 45 13 43 73 36 19 88 15 3 66 65 98 6 99 56 7 24 89 35 30 38 39 77 17 13 62 82 57 61 
25 99 70 86 37 65 21 95 96 92 36 57 54 94 11 76 61 79 0 8 87 66 5 27 85 91 33 18 14 72 47 76 99 21 0 55 28 98 80 7 60 70 84 51 23 14 54 79 1 44 7 67 34 51 40 70 24 31 7 75 40 47 84 20 38 56 76 26 98 5 11 13 11 9 32 36 52 65 86 85 
45 7 72 57 70 43 75 86 0 37 52 51 96 29 63 36 28 29 8 0 44 43 0 65 80 46 87 56 95 30 68 7 97 45 68 99 28 51 10 68 91 85 9 11 61 45 93 71 61 73 34 16 25 36 31 52 72 87 2 73 59 2 19 69 70 27 19 28 33 26 63 63 95 30 4 62 63 81 38 6 
86 8 62 37 0 54 16 86 39 79 54 94 66 41 59 68 25 52 87 44 0 82 95 84 4 89 65 48 5 33 12 14 28 78 54 27 12 26 18 53 26 97 37 70 61 37 44 78 73 49 5 0 32 25 91 15 9 71 66 7 88 3 94 35 55 21 68 46 20 87 11 51 30 14 84 51 9 70 3 10 
13 21 54 79 40 23 7 17 83 25 12 65 45 77 83 33 84 39 66 43 82 0 43 75 16 49 18 8 62 77 32 80 45 2 17 27 0 91 6 21 75 38 53 80 19 19 76 51 39 96 27 57 73 7 69 60 64 87 88 69 43 61 53 94 76 24 77 99 0 30 25 80 60 77 77 78 71 30 19 14 
64 67 16 49 90 59 75 64 20 38 92 41 62 95 90 87 29 20 5 0 95 43 0 0 5 22 10 88 16 6 22 97 18 12 74 65 19 21 22 32 51 40 93 29 41 57 22 10 60 98 57 49 85 53 6 28 88 38 59 56 79 62 81 77 38 2 81 81 34 27 95 3 95 20 24 63 63 60 49 90 
42 26 68 48 71 22 65 21 90 61 96 98 14 40 76 20 38 40 27 65 84 75 0 0 59 89 54 16 19 78 2 50 87 10 7 16 70 22 7 27 58 42 22 75 60 64 19 66 34 25 32 44 14 2 83 13 89 17 44 62 85 10 82 44 2 47 92 82 72 28 95 9 77 25 24 44 32 24 25 92 
82 45 22 52 59 74 65 74 99 99 43 86 67 1 45 29 41 19 85 80 4 16 5 59 0 24 76 67 55 67 65 97 98 31 2 70 43 33 49 82 4 36 36 1 2 16 25 23 87 57 99 30 26 36 70 37 97 83 4 86 33 48 79 80 72 52 32 19 2 9 17 34 74 30 34 62 61 64 51 5 
95 57 99 67 29 48 11 34 39 63 46 2 19 73 44 92 79 51 91 46 89 49 22 89 24 0 33 63 68 52 12 8 4 33 64 86 86 40 20 8 93 14 43 99 60 6 72 61 24 34 66 73 67 82 42 49 8 53 44 21 91 45 85 19 50 14 9 88 75 83 26 37 2 2 66 87 30 39 73 15 
86 22 71 26 49 17 65 33 8 70 61 64 4 94 59 69 84 19 33 87 65 18 10 54 76 33 0 99 86 69 93 26 59 85 64 70 85 3 71 32 78 33 67 4 63 46 70 87 80 38 70 0 43 71 52 84 47 54 27 44 26 36 82 14 34 26 71 28 65 78 18 19 13 69 62 86 9 58 84 78 
78 82 73 33 7 84 95 23 78 67 86 73 75 58 76 8 32 69 18 56 48 8 88 16 67 63 99 0 32 46 50 95 88 16 26 43 35 62 82 80 45 85 67 21 56 27 27 5 20 42 93 1 98 82 67 63 32 55 96 96 36 13 74 68 85 68 85 92 66 88 74 7 78 80 4 72 92 57 51 15 
31 50 97 60 48 72 51 80 21 91 97 14 80 23 43 10 8 46 14 95 5 62 16 19 55 68 86 32 0 2 88 60 4 48 37 22 93 28 51 20 29 22 1 4 17 47 51 98 70 73 50 7 92 91 27 62 26 26 72 96 84 16 56 2 55 53 9 89 71 26 70 24 63 41 33 53 91 13 53 69 
5 64 31 47 20 67 30 83 87 54 89 69 52 23 13 22 0 74 72 30 33 77 6 78 67 52 69 46 2 0 45 91 19 21 67 46 52 83 65 82 63 8 55 94 87 93 22 51 61 35 14 93 66 97 73 88 40 57 29 82 30 81 56 63 60 53 72 99 22 54 92 97 69 62 76 16 82 44 92 41 
70 55 21 95 46 31 42 57 34 15 65 17 14 30 96 58 6 73 47 68 12 32 22 2 65 12 93 50 88 45 0 13 13 71 45 15 26 67 93 3 30 43 14 31 90 26 92 34 98 73 5 41 11 98 47 67 53 3 91 74 79 85 78 74 91 96 1 32 28 98 48 42 81 41 30 2 80 99 67 66 
13 67 74 18 53 47 0 19 35 57 41 27 73 33 9 81 13 45 76 7 14 80 97 50 97 8 26 95 60 91 13 0 77 45 39 80 48 56 1 23 68 38 49 65 42 40 68 37 7 31 37 15 13 84 63 31 68 44 81 3 51 57 97 71 19 48 46 46 91 88 81 79 83 78 36 93 14 64 22 88 
1 78 41 86 93 91 74 33 28 86 19 62 83 7 69 20 73 72 99 97 28 45 18 87 98 4 59 88 4 19 13 77 0 57 35 47 38 7 83 68 62 39 74 96 85 34 65 10 67 73 62 90 76 97 59 60 70 15 12 3 68 19 81 44 34 84 75 51 59 63 96 84 85 48 65 24 26 25 27 5 
57 39 45 40 59 97 7 50 10 55 86 45 32 62 1 6 34 29 21 45 78 2 12 10 31 33 85 16 48 21 71 45 57 0 77 62 67 72 57 66 36 33 8 79 27 33 66 45 81 35 90 98 53 72 35 78 50 57 76 53 85 53 73 70 82 4 85 7 9 81 33 18 46 59 66 24 39 19 61 39 
59 9 13 49 58 76 42 54 53 52 99 40 50 31 8 5 24 35 0 68 54 17 74 7 2 64 64 26 37 67 45 39 35 77 0 73 40 56 19 22 18 25 28 74 80 27 72 86 35 27 57 22 14 25 58 89 28 30 18 5 89 3 21 53 34 41 77 23 52 52 27 15 55 72 96 90 24 0 89 35 
68 26 1 51 4 67 97 67 1 19 11 10 36 7 5 51 14 7 55 99 27 27 65 16 70 86 70 43 22 46 15 80 47 62 73 0 68 46 1 0 57 65 0 35 81 4 48 52 39 48 25 74 34 37 26 49 57 44 54 61 86 86 51 79 87 2 18 94 66 40 35 92 49 88 63 2 99 57 29 57 
46 15 0 99 75 69 17 57 79 86 11 97 92 87 38 20 66 79 28 28 12 0 19 70 43 86 85 35 93 52 26 48 38 67 40 68 0 31 78 49 91 35 73 73 95 95 37 17 99 30 47 77 82 26 12 30 33 71 31 22 6 5 83 27 46 62 93 44 36 20 54 28 25 9 70 20 20 59 91 38 
42 85 97 36 18 71 53 42 43 18 47 29 58 43 84 73 24 61 98 51 26 91 21 22 33 40 3 62 28 83 67 56 7 72 56 46 31 0 16 43 45 37 42 59 55 73 58 30 49 20 31 63 47 15 75 74 50 93 2 81 45 57 50 48 37 27 73 9 92 15 53 92 95 52 29 97 50 31 33 52 
62 78 99 91 14 97 50 3 76 27 80 77 88 53 32 17 24 33 80 10 18 6 22 7 49 20 71 82 51 65 93 1 83 57 19 1 78 16 0 96 66 93 18 95 54 38 70 23 80 72 48 38 18 94 64 48 58 99 98 86 64 14 32 35 64 51 70 8 9 68 66 99 4 86 12 29 31 95 61 83 
7 82 91 80 32 29 19 50 46 33 17 34 61 62 63 22 69 17 7 68 53 21 32 27 82 8 32 80 20 82 3 23 68 66 22 0 49 43 96 0 31 41 48 57 54 67 92 23 33 67 10 15 89 43 50 81 99 48 73 76 65 71 55 87 18 28 4 44 77 15 13 39 64 95 33 85 20 75 38 82 
75 71 15 4 55 48 44 46 54 54 17 18 15 34 58 66 87 60 60 91 26 75 51 58 4 93 78 45 29 63 30 68 62 36 18 57 91 45 66 31 0 42 2 28 50 46 58 66 98 10 50 3 71 51 50 37 79 2 24 50 54 4 38 91 54 11 90 91 10 89 91 8 42 75 37 47 47 73 9 87 
60 76 39 26 59 63 58 79 86 53 89 6 83 57 1 18 62 36 70 85 97 38 40 42 36 14 33 85 22 8 43 38 39 33 25 65 35 37 93 41 42 0 4 52 87 92 34 84 4 77 92 43 35 24 25 30 24 6 85 64 54 8 68 4 94 8 90 35 13 23 28 7 4 85 77 90 28 48 25 6 
43 39 56 10 66 37 54 82 75 71 58 59 63 16 81 51 61 84 84 9 37 53 93 22 36 43 67 67 1 55 14 49 74 8 28 0 73 42 18 48 2 4 0 82 48 6 34 14 15 30 88 95 71 29 87 30 81 90 97 52 72 14 0 38 73 79 85 80 51 61 68 16 81 53 89 12 97 27 22 65 
62 51 45 18 44 67 23 32 41 43 46 40 77 80 67 74 91 70 51 11 70 80 29 75 1 99 4 21 4 94 31 65 96 79 74 35 73 59 95 57 28 52 82 0 73 10 64 69 43 26 72 18 56 52 42 50 87 66 87 88 2 48 71 36 48 69 65 75 98 40 53 22 25 42 96 53 60 34 7 38 
44 21 63 35 10 16 30 4 61 54 83 67 3 71 58 97 47 83 23 61 61 19 41 60 2 60 63 56 17 87 90 42 85 27 80 81 95 55 54 54 50 87 48 73 0 42 44 15 19 4 22 30 45 78 82 71 3 81 53 40 79 3 89 84 97 70 67 12 69 93 87 19 75 76 84 57 66 2 98 40 
17 31 60 41 77 0 68 20 0 32 88 46 7 11 29 64 39 47 14 45 37 19 57 64 16 6 46 27 47 93 26 40 34 33 27 4 95 73 38 67 46 92 6 10 42 0 51 24 74 90 39 58 81 91 16 79 35 18 20 55 35 90 63 65 14 3 58 48 25 98 31 66 55 89 23 30 11 41 70 35 
39 19 58 78 93 23 85 94 52 64 59 64 84 23 62 9 44 90 54 93 44 76 22 19 25 72 70 27 51 22 92 68 65 66 72 48 37 58 70 92 58 34 34 64 44 51 0 80 7 96 50 91 31 32 64 35 52 74 82 95 4 43 96 28 1 26 80 28 68 54 29 52 61 27 54 68 46 62 75 56 
11 7 81 12 70 69 24 70 66 6 51 59 99 25 40 80 20 15 79 71 78 51 10 66 23 61 87 5 98 51 34 37 10 45 86 52 17 30 23 23 66 84 14 69 15 24 80 0 39 75 52 36 64 65 6 97 83 4 71 24 50 5 11 85 22 87 43 51 60 47 97 80 60 4 0 18 85 43 56 62 
2 42 51 12 96 27 5 23 88 32 1 58 10 35 93 65 33 54 1 61 73 39 60 34 87 24 80 20 70 61 98 7 67 81 35 39 99 49 80 33 98 4 15 43 19 74 7 39 0 97 36 77 83 85 1 43 70 23 76 84 82 85 46 8 21 95 89 56 23 76 6 33 86 10 88 99 27 41 12 72 
82 3 35 39 47 80 39 68 10 58 52 7 10 41 39 65 50 79 44 73 49 96 98 25 57 34 38 42 73 35 73 31 73 35 27 48 30 20 72 67 10 77 30 26 4 90 96 75 97 0 12 36 92 8 28 53 9 91 42 40 64 74 0 16 81 74 69 61 81 31 74 8 0 67 35 28 92 56 45 99 
85 43 10 39 8 40 20 15 32 49 61 92 61 74 45 22 25 91 7 34 5 27 57 32 99 66 70 93 50 14 5 37 62 90 57 25 47 31 48 10 50 92 88 72 22 39 50 52 36 12 0 62 60 53 43 13 8 72 39 77 66 86 19 78 82 65 18 72 69 93 49 52 33 53 61 22 92 66 76 57 
4 6 42 71 40 25 11 94 39 42 4 1 91 40 15 69 7 45 67 16 0 57 49 44 30 73 0 1 7 93 41 15 90 98 22 74 77 63 38 15 3 43 95 18 30 58 91 36 77 36 62 0 37 4 82 63 2 55 80 44 63 70 29 40 1 28 43 69 8 35 92 89 17 90 52 64 4 12 73 96 
71 75 14 81 95 26 22 5 43 0 34 15 31 8 69 8 36 13 34 25 32 73 85 14 26 67 43 98 92 66 11 13 76 53 14 34 82 47 18 89 71 35 71 56 45 81 31 64 83 92 60 37 0 85 29 67 70 6 43 30 20 64 45 74 57 66 74 40 6 92 95 9 94 90 57 9 70 72 8 94 
36 90 78 90 44 47 66 24 44 75 10 1 6 29 46 36 55 43 51 36 25 7 53 2 36 82 71 82 91 97 98 84 97 72 25 37 26 15 94 43 51 24 29 52 78 91 32 65 85 8 53 4 85 0 14 71 22 33 37 30 90 49 79 37 79 7 3 89 74 30 31 39 27 49 47 0 37 65 72 37 
3 44 6 79 52 84 79 93 30 91 75 4 80 15 41 16 17 73 40 31 91 69 6 83 70 42 52 67 27 73 47 63 59 35 58 26 12 75 64 50 50 25 87 42 82 16 64 6 1 28 43 82 29 14 0 40 79 78 21 55 15 67 41 65 76 15 20 76 60 11 63 57 70 67 76 49 21 0 11 38 
26 29 4 57 66 48 64 78 6 24 52 64 59 71 90 12 61 36 70 52 15 60 28 13 37 49 84 63 62 88 67 31 60 78 89 49 30 74 48 81 37 30 30 50 71 79 35 97 43 53 13 63 67 71 40 0 5 47 66 53 95 89 0 77 93 26 86 20 29 80 38 16 43 56 55 40 73 44 1 5 
48 85 49 84 85 21 87 13 65 94 4 67 89 57 56 92 23 19 24 72 9 64 88 89 97 8 47 32 26 40 53 68 70 50 28 57 33 50 58 99 79 24 81 87 3 35 52 83 70 9 8 2 70 22 79 5 0 58 59 89 21 73 49 51 73 26 70 12 38 97 53 48 25 74 60 44 34 54 98 13 
83 70 22 95 59 88 60 11 96 34 75 25 88 99 90 14 19 88 31 87 71 87 38 17 83 53 54 55 26 57 3 44 15 57 30 44 71 93 99 48 2 6 90 66 81 18 74 4 23 91 72 55 6 33 78 47 58 0 56 51 64 32 56 98 97 20 35 55 2 68 7 2 66 68 10 73 74 28 60 8 
39 92 69 10 63 31 46 28 61 18 51 22 74 17 73 59 4 15 7 2 66 88 59 44 4 44 27 96 72 29 91 81 12 76 18 54 31 2 98 73 24 85 97 87 53 20 82 71 76 42 39 80 43 37 21 66 59 56 0 27 73 61 49 20 11 81 16 12 36 2 57 53 6 77 86 7 68 2 74 22 
75 19 17 83 95 97 85 17 55 47 84 70 56 30 34 14 12 3 75 73 7 69 56 62 86 21 44 96 96 82 74 3 3 53 5 61 22 81 86 76 50 64 52 88 40 55 95 24 84 40 77 44 30 30 55 53 89 51 27 0 18 67 36 44 37 35 49 60 3 70 59 52 99 19 49 80 5 7 94 41 
50 91 54 9 86 32 80 59 46 77 44 87 93 44 35 33 42 66 40 59 88 43 79 85 33 91 26 36 84 30 79 51 68 85 89 86 6 45 64 65 54 54 72 2 79 35 4 50 82 64 66 63 20 90 15 95 21 64 73 18 0 39 49 83 74 90 29 50 11 34 85 21 20 95 27 27 83 88 58 85 
4 86 11 86 90 45 66 45 81 4 4 43 15 80 31 58 43 65 47 2 3 61 62 10 48 45 36 13 16 81 85 57 19 53 3 86 5 57 14 71 4 8 14 48 3 90 43 5 85 74 86 70 64 49 67 89 73 32 61 67 39 0 43 86 31 70 41 63 65 31 89 51 34 69 8 17 27 75 51 89 
98 76 48 33 48 42 83 59 8 36 95 84 92 26 81 61 46 98 84 19 94 53 81 82 79 85 82 74 56 56 78 97 81 73 21 51 83 50 32 55 38 68 0 71 89 63 96 11 46 0 19 29 45 79 41 0 49 56 49 36 49 43 0 9 90 96 97 58 25 6 26 74 82 42 23 92 83 97 36 82 
21 93 34 88 95 40 88 45 56 87 90 65 82 20 59 37 10 6 20 69 35 94 77 44 80 19 14 68 2 63 74 71 44 70 53 79 27 48 35 87 91 4 38 36 84 65 28 85 8 16 78 40 74 37 65 77 51 98 20 44 83 86 9 0 55 71 0 16 86 99 64 90 7 63 9 5 38 2 60 4 
40 69 92 69 16 64 23 29 16 80 42 23 61 16 99 75 24 99 38 70 55 76 38 2 72 50 34 85 55 60 91 19 34 82 34 87 46 37 64 18 54 94 73 48 97 14 1 22 21 81 82 1 57 79 76 93 73 97 11 37 74 31 90 55 0 24 35 45 33 60 24 82 6 10 25 42 30 44 6 21 
53 87 51 30 33 44 2 16 98 39 57 22 9 31 37 64 8 56 56 27 21 24 2 47 52 14 26 68 53 53 96 48 84 4 41 2 62 27 51 28 11 8 79 69 70 3 26 87 95 74 65 28 66 7 15 26 26 20 81 35 90 70 96 71 24 0 57 88 90 26 13 96 76 86 49 19 42 98 56 13 
32 50 84 24 96 57 46 26 73 9 48 51 41 96 1 27 58 7 76 19 68 77 81 92 32 9 71 85 9 72 1 46 75 85 77 18 93 73 70 4 90 90 85 65 67 58 80 43 89 69 18 43 74 3 20 86 70 35 16 49 29 41 97 0 35 57 0 95 77 89 7 58 41 12 48 4 24 2 1 47 
49 35 72 22 85 23 4 96 67 46 31 9 64 81 21 87 64 24 26 28 46 99 81 82 19 88 28 92 89 99 32 46 51 7 23 94 44 9 8 44 91 35 80 75 12 48 28 51 56 61 72 69 40 89 76 20 12 55 12 60 50 63 58 16 45 88 95 0 19 77 89 35 48 24 90 74 13 93 83 45 
57 41 65 42 55 44 72 55 72 79 98 83 27 51 15 83 11 89 98 33 20 0 34 72 2 75 65 66 71 22 28 91 59 9 52 66 36 92 9 77 10 13 51 98 69 25 68 60 23 81 69 8 6 74 60 29 38 2 36 3 11 65 25 86 33 90 77 19 0 15 83 26 60 84 30 37 1 52 64 40 
53 79 14 95 9 56 88 63 24 10 36 3 29 29 30 92 50 35 5 26 87 30 27 28 9 83 78 88 26 54 98 88 63 81 52 40 20 15 68 15 89 23 61 40 93 98 54 47 76 31 93 35 92 30 11 80 97 68 2 70 34 31 6 99 60 26 89 77 15 0 46 17 87 57 34 23 28 29 45 64 
43 95 28 97 68 59 94 59 12 52 11 66 35 53 10 56 31 30 11 63 11 25 95 95 17 26 18 74 70 92 48 81 96 33 27 35 54 53 66 13 91 28 68 53 87 31 29 97 6 74 49 92 95 31 63 38 53 7 57 59 85 89 26 64 24 13 7 89 83 46 0 66 67 16 82 69 27 15 0 2 
86 6 19 16 85 86 71 71 27 1 19 72 4 42 52 31 67 38 13 63 51 80 3 9 34 37 19 7 24 97 42 79 84 18 15 92 28 92 99 39 8 7 16 22 19 66 52 80 33 8 52 89 9 39 57 16 48 2 53 52 21 51 74 90 82 96 58 35 26 17 66 0 74 76 15 89 40 39 71 28 
47 56 59 15 59 47 37 95 13 58 41 20 32 72 59 77 88 39 11 95 30 60 95 77 74 2 13 78 63 69 81 83 85 46 55 49 25 95 4 64 42 4 81 25 75 55 61 60 86 0 33 17 94 27 70 43 25 66 6 99 20 34 82 7 6 76 41 48 60 87 67 74 0 16 73 50 35 98 16 73 
54 3 98 12 8 14 62 51 31 9 26 86 91 6 94 94 2 77 9 30 14 77 20 25 30 2 69 80 41 62 41 78 48 59 72 88 9 52 86 95 75 85 53 42 76 89 27 4 10 67 53 90 90 49 67 56 74 68 77 19 95 69 42 63 10 86 12 24 84 57 16 76 16 0 9 67 1 63 29 24 
71 71 53 20 82 23 39 53 50 12 69 75 49 15 48 82 2 17 32 4 84 77 24 24 34 66 62 4 33 76 30 36 65 66 96 63 70 29 12 33 37 77 89 96 84 23 54 0 88 35 61 52 57 47 76 55 60 10 86 49 27 8 23 9 25 49 48 90 30 34 82 15 73 9 0 19 78 24 70 63 
12 84 1 89 92 23 93 35 96 35 42 22 95 39 33 93 35 13 36 62 51 78 63 44 62 87 86 72 53 16 2 93 24 24 90 2 20 97 29 85 47 90 12 53 57 30 68 18 99 28 22 64 9 0 49 40 44 73 7 80 27 17 92 5 42 19 4 74 37 23 69 89 50 67 19 0 76 98 74 47 
77 4 76 37 98 44 88 72 62 90 14 56 68 6 55 6 10 62 52 63 9 71 63 32 61 30 9 92 91 82 80 14 26 39 24 99 20 50 31 20 47 28 97 60 66 11 46 85 27 92 92 4 70 37 21 73 34 74 68 5 83 27 83 38 30 42 24 13 1 28 27 40 35 1 78 76 0 78 5 25 
9 57 95 41 35 18 71 26 93 47 62 30 76 89 77 36 21 82 65 81 70 30 60 24 64 39 58 57 13 44 99 64 25 19 0 57 59 31 95 75 73 48 27 34 2 41 62 43 41 56 66 12 72 65 0 44 54 28 2 7 88 75 97 2 44 98 2 93 52 29 15 39 98 63 24 98 78 0 33 73 
91 35 91 50 9 33 76 9 13 6 69 20 14 63 88 36 20 57 86 38 3 19 49 25 51 73 84 51 53 92 67 22 27 61 89 29 91 33 61 38 9 25 22 7 98 70 75 56 12 45 76 73 8 72 11 1 98 60 74 94 58 51 36 60 6 56 1 83 64 45 0 71 16 29 70 74 5 33 0 96 
3 31 98 99 86 66 7 27 14 33 58 31 74 74 68 0 87 61 85 6 10 14 90 92 5 15 78 15 69 41 66 88 5 39 35 57 38 52 83 82 87 6 65 38 40 35 56 62 72 99 57 96 94 37 38 5 13 8 22 41 85 89 82 4 21 13 47 45 40 64 2 28 73 24 63 47 25 73 96 0 
