80
0 32 44 15 41 46 42 44 91 57 76 59 55 15 23 79 71 8 8 67 93 53 63 71 1 95 30 39 50 4 68 4 43 13 14 18 49 91 67 13 27 36 40 42 89 10 50 7 69 44 39 92 49 12 21 59 50 20 56 58 86 60 8 32 13 41 57 77 48 95 34 53 89 20 35 5 87 2 85 11 
32 0 12 8 75 61 60 85 24 85 11 21 36 92 65 65 1 65 63 44 74 98 52 85 83 98 90 59 94 18 90 26 65 49 50 74 4 75 0 67 78 38 12 79 98 52 77 85 87 87 92 54 22 84 82 5 8 3 52 72 83 69 80 44 69 83 95 22 12 56 21 11 64 81 77 24 13 61 62 90 
44 12 0 76 95 44 84 9 20 55 71 65 64 62 80 36 84 70 37 96 53 39 98 45 39 42 84 43 59 28 47 4 57 26 97 67 86 11 19 86 32 43 85 88 86 59 12 53 50 85 57 97 29 56 34 65 65 37 36 37 8 37 80 2 63 64 50 45 49 44 73 74 23 17 90 66 32 19 61 47 
15 8 76 0 27 19 47 16 2 78 85 9 54 28 68 41 33 79 95 19 60 88 73 10 64 16 51 92 7 75 72 47 3 0 20 65 55 62 84 63 95 88 23 66 78 79 37 9 95 91 15 52 72 48 54 74 67 93 66 32 96 49 75 54 46 35 8 45 68 60 21 96 2 28 54 58 5 19 4 86 
41 75 95 27 0 89 78 16 67 91 35 92 18 39 6 5 18 31 89 86 20 85 50 56 74 52 24 79 67 18 87 68 16 44 47 17 80 25 35 72 88 31 79 98 61 5 10 40 67 95 58 38 59 70 80 6 36 49 17 12 72 47 31 46 46 10 6 42 78 44 35 31 35 78 92 84 19 87 6 65 
46 61 44 19 89 0 50 60 4 48 96 35 8 54 23 29 77 47 91 52 42 58 60 91 41 97 25 8 26 20 62 18 32 27 28 64 8 99 43 51 67 70 12 84 56 78 33 79 21 10 41 33 17 76 73 43 26 35 33 42 47 97 28 42 58 96 55 98 4 11 96 51 77 5 34 1 28 63 47 16 
42 60 84 47 78 50 0 39 70 45 51 14 91 48 39 49 10 97 88 71 52 27 33 45 15 53 31 70 10 59 77 4 15 36 19 53 52 50 16 51 6 55 24 75 77 43 74 41 51 18 38 7 43 17 76 1 5 23 80 37 44 86 31 81 31 64 10 80 64 51 35 97 9 65 22 89 69 86 64 63 
44 85 9 16 16 60 39 0 56 50 66 38 7 23 54 59 58 12 17 85 28 91 63 80 34 29 82 48 77 7 35 30 54 14 41 47 69 84 86 89 34 99 49 10 57 63 30 24 63 50 19 46 58 63 71 98 35 48 72 48 26 95 77 13 80 92 26 92 32 16 9 7 93 55 18 75 60 74 98 68 
91 24 20 2 67 4 70 56 0 29 48 37 81 54 10 53 7 45 21 18 22 4 90 36 69 3 5 10 61 61 57 92 77 98 3 71 35 5 79 65 63 61 38 49 45 18 14 24 99 21 54 68 42 63 58 26 60 92 5 73 23 0 6 83 75 51 53 66 92 95 93 59 71 3 23 41 3 23 58 91 
57 85 55 78 91 48 45 50 29 0 78 65 6 33 49 53 92 11 48 12 33 67 6 53 91 39 12 41 37 8 95 27 94 6 26 45 64 41 59 39 24 54 6 88 18 41 14 50 73 4 98 63 88 82 93 24 18 1 56 2 92 29 91 50 67 21 11 21 10 51 66 21 73 30 63 65 59 95 87 16 
76 11 71 85 35 96 51 66 48 78 0 73 20 26 3 84 90 42 32 52 78 25 44 89 21 37 50 81 51 15 70 46 65 19 99 5 87 99 15 64 57 84 59 34 40 88 77 24 44 29 98 61 51 91 75 33 78 85 10 2 51 48 72 37 9 18 34 97 4 21 99 54 58 91 62 41 21 94 7 78 
59 21 65 9 92 35 14 38 37 65 73 0 14 55 39 58 24 39 64 65 34 42 99 91 49 52 48 5 73 5 63 8 27 80 18 59 16 80 91 87 3 68 88 36 93 46 42 5 76 41 21 10 64 42 66 91 62 93 58 99 10 62 29 97 75 57 85 60 54 53 90 91 60 18 88 63 14 29 0 67 
55 36 64 54 18 8 91 7 81 6 20 14 0 34 76 99 61 29 88 1 65 85 71 57 20 53 61 49 27 74 11 43 41 81 32 22 24 50 32 27 7 34 34 70 51 77 41 78 10 29 68 32 13 75 92 35 69 92 67 25 91 71 57 52 79 41 57 15 42 90 92 56 85 75 17 95 32 1 72 45 
15 92 62 28 39 54 48 23 54 33 26 55 34 0 66 93 89 70 95 78 97 30 26 60 63 43 68 63 18 35 47 54 61 86 70 48 35 36 44 14 7 31 59 47 88 83 47 24 79 75 65 20 9 72 19 86 96 54 29 67 76 4 14 71 0 26 12 16 85 50 85 84 51 2 87 41 13 60 29 8 
23 65 80 68 6 23 39 54 10 49 3 39 76 66 0 90 29 62 81 45 9 28 46 47 62 57 68 22 34 54 93 26 21 9 37 53 80 53 33 96 95 98 67 64 1 9 31 68 79 16 33 52 99 83 19 7 12 10 64 90 34 24 5 48 24 7 73 63 99 49 15 95 53 23 20 97 66 99 45 5 
79 65 36 41 5 29 49 59 53 53 84 58 99 93 90 0 13 64 32 56 89 73 96 99 4 56 86 17 22 57 36 79 50 57 55 44 31 47 95 32 26 91 10 2 7 90 5 60 90 13 72 25 72 34 64 33 86 75 41 9 2 7 93 11 66 15 19 19 73 75 27 59 32 31 45 23 44 84 61 16 
71 1 84 33 18 77 10 58 7 92 90 24 61 89 29 13 0 48 4 24 10 33 15 1 60 50 28 66 76 12 58 66 22 8 68 60 19 92 92 15 37 39 47 29 63 22 78 3 91 16 84 63 75 1 50 8 48 25 68 14 4 32 49 45 50 40 45 6 55 95 68 56 50 56 35 67 54 50 78 83 
8 65 70 79 31 47 97 12 45 11 42 39 29 70 62 64 48 0 69 7 84 47 60 19 88 99 49 7 44 42 64 36 30 37 10 67 86 62 42 27 6 82 60 58 67 37 96 52 79 62 27 59 0 57 50 10 69 36 80 72 27 99 45 83 92 70 98 19 43 45 35 93 60 7 37 71 45 17 91 61 
8 63 37 95 89 91 88 17 21 48 32 64 88 95 81 32 4 69 0 29 40 74 55 63 19 72 47 61 24 33 52 22 33 92 15 14 79 53 17 51 16 14 24 77 33 9 99 13 17 42 49 25 50 53 23 73 65 69 99 57 88 40 55 70 63 88 42 93 53 97 76 29 96 5 24 33 37 56 52 18 
67 44 96 19 86 52 71 85 18 12 52 65 1 78 45 56 24 7 29 0 14 53 55 89 26 6 85 30 35 47 69 29 88 52 49 0 51 68 45 23 42 1 70 2 11 62 75 19 0 91 97 82 23 80 77 38 3 20 43 87 50 27 0 83 43 79 23 23 98 33 54 68 66 69 88 54 68 4 42 82 
93 74 53 60 20 42 52 28 22 33 78 34 65 97 9 89 10 84 40 14 0 17 53 21 88 72 8 67 35 42 67 38 44 98 28 35 60 89 32 15 62 33 42 27 5 44 44 77 32 88 30 75 85 69 68 58 61 32 55 99 13 57 58 46 88 14 4 91 99 32 2 15 70 50 83 62 12 96 45 82 
53 98 39 88 85 58 27 91 4 67 25 42 85 30 28 73 33 47 74 53 17 0 28 93 75 45 15 29 33 92 52 44 59 44 79 15 77 16 93 36 76 90 89 72 69 55 16 40 14 60 28 67 26 25 90 51 59 57 43 45 99 55 83 1 45 79 94 83 76 73 16 27 91 24 8 54 20 33 98 57 
63 52 98 73 50 60 33 63 90 6 44 99 71 26 46 96 15 60 55 55 53 28 0 92 19 9 3 62 43 56 68 80 67 23 3 21 67 47 71 17 64 68 84 47 2 29 54 14 7 13 25 19 87 85 67 68 91 98 66 41 82 40 18 77 88 81 95 96 30 61 18 61 53 41 27 15 77 84 79 82 
71 85 45 10 56 91 45 80 36 53 89 91 57 60 47 99 1 19 63 89 21 93 92 0 63 96 30 64 20 44 57 95 49 54 80 21 18 91 33 5 61 10 11 48 97 29 63 63 53 82 27 19 33 25 83 91 5 73 41 95 45 97 2 90 4 84 8 4 95 86 34 95 96 48 23 88 98 96 8 82 
1 83 39 64 74 41 15 34 69 91 21 49 20 63 62 4 60 88 19 26 88 75 19 63 0 22 72 52 20 9 72 79 48 35 7 61 10 86 70 29 90 83 77 42 29 59 7 47 42 91 65 75 94 40 74 15 15 27 11 43 44 16 58 14 88 45 63 18 80 93 19 27 5 17 91 65 48 25 70 89 
95 98 42 16 52 97 53 29 3 39 37 52 53 43 57 56 50 99 72 6 72 45 9 96 22 0 82 85 4 5 84 89 9 76 40 9 14 99 40 86 89 49 63 54 57 86 8 81 67 9 64 82 79 53 13 82 13 87 27 83 86 14 71 68 1 90 45 48 64 32 41 84 73 10 19 82 89 13 40 81 
30 90 84 51 24 25 31 82 5 12 50 48 61 68 68 86 28 49 47 85 8 15 3 30 72 82 0 58 91 35 67 43 32 82 26 57 30 44 45 85 47 11 94 3 59 68 81 91 63 59 28 2 35 97 5 13 20 15 87 93 68 96 92 68 5 59 68 87 88 73 75 21 25 5 64 20 45 2 34 27 
39 59 43 92 79 8 70 48 10 41 81 5 49 63 22 17 66 7 61 30 67 29 62 64 52 85 58 0 37 42 88 1 63 33 78 70 21 96 43 11 47 18 45 5 66 30 21 28 59 0 39 28 94 71 83 66 21 87 95 39 73 73 88 68 8 83 61 83 68 31 0 63 20 31 31 45 55 70 92 55 
50 94 59 7 67 26 10 77 61 37 51 73 27 18 34 22 76 44 24 35 35 33 43 20 20 4 91 37 0 9 27 33 48 78 38 42 75 8 15 34 58 45 23 68 92 0 11 85 54 10 24 43 28 25 22 30 31 43 82 31 68 11 52 76 70 75 24 34 63 40 69 58 52 93 69 2 65 29 7 29 
4 18 28 75 18 20 59 7 61 8 15 5 74 35 54 57 12 42 33 47 42 92 56 44 9 5 35 42 9 0 38 90 17 56 4 17 61 53 0 19 99 75 7 8 23 18 84 54 63 75 79 11 37 64 18 10 43 72 32 13 14 24 40 8 78 28 18 92 25 52 18 87 17 71 73 14 24 98 4 73 
68 90 47 72 87 62 77 35 57 95 70 63 11 47 93 36 58 64 52 69 67 52 68 57 72 84 67 88 27 38 0 74 32 26 53 18 72 1 1 25 12 94 71 57 94 97 88 45 74 89 49 75 27 55 25 86 57 66 4 96 95 20 72 67 62 88 65 60 74 43 70 86 97 69 48 1 48 78 76 22 
4 26 4 47 68 18 4 30 92 27 46 8 43 54 26 79 66 36 22 29 38 44 80 95 79 89 43 1 33 90 74 0 54 44 54 39 38 73 85 10 30 0 54 71 29 91 12 24 60 73 96 62 23 48 0 71 92 34 71 72 11 40 13 81 31 48 78 71 38 7 12 65 0 43 79 99 66 42 11 81 
43 65 57 3 16 32 15 54 77 94 65 27 41 61 21 50 22 30 33 88 44 59 67 49 48 9 32 63 48 17 32 54 0 70 82 58 91 65 70 2 5 33 30 65 89 32 88 22 59 22 80 60 40 34 1 68 21 37 17 40 94 45 72 74 80 81 36 4 87 69 19 36 86 17 61 71 21 60 24 64 
13 49 26 0 44 27 36 14 98 6 19 80 81 86 9 57 8 37 92 52 98 44 23 54 35 76 82 33 78 56 26 44 70 0 46 11 78 16 33 1 81 12 88 74 39 22 35 76 76 28 87 20 71 13 67 2 29 22 64 72 89 75 37 15 44 23 22 95 30 36 28 27 67 97 9 71 33 64 4 61 
14 50 97 20 47 28 19 41 3 26 99 18 32 70 37 55 68 10 15 49 28 79 3 80 7 40 26 78 38 4 53 54 82 46 0 19 21 88 59 1 78 83 8 28 77 37 1 71 98 80 29 74 7 22 43 4 69 54 34 32 53 82 81 99 51 77 63 49 25 31 8 7 92 21 9 4 51 40 61 56 
18 74 67 65 17 64 53 47 71 45 5 59 22 48 53 44 60 67 14 0 35 15 21 21 61 9 57 70 42 17 18 39 58 11 19 0 15 92 65 98 25 23 8 76 28 10 14 19 46 61 43 28 21 87 85 66 28 44 75 16 51 73 2 26 7 56 16 16 60 55 27 23 72 43 88 29 59 70 1 44 
49 4 86 55 80 8 52 69 35 64 87 16 24 35 80 31 19 86 79 51 60 77 67 18 10 14 30 21 75 61 72 38 91 78 21 15 0 97 47 22 96 91 39 38 63 64 76 21 20 23 77 47 27 84 34 34 59 46 44 1 40 8 38 74 73 95 0 14 0 70 91 15 55 52 50 42 74 12 6 90 
91 75 11 62 25 99 50 84 5 41 99 80 50 36 53 47 92 62 53 68 89 16 47 91 86 99 44 96 8 53 1 73 65 16 88 92 97 0 88 2 92 66 34 18 14 79 30 88 11 82 86 72 57 23 3 9 58 98 18 79 92 3 56 1 9 6 92 86 94 61 33 83 44 51 68 71 1 58 60 34 
67 0 19 84 35 43 16 86 79 59 15 91 32 44 33 95 92 42 17 45 32 93 71 33 70 40 45 43 15 0 1 85 70 33 59 65 47 88 0 80 9 96 70 13 28 19 27 81 22 87 65 46 80 17 39 55 54 72 85 28 88 11 4 40 58 46 30 98 36 53 17 51 45 67 18 3 0 40 37 19 
13 67 86 63 72 51 51 89 65 39 64 87 27 14 96 32 15 27 51 23 15 36 17 5 29 86 85 11 34 19 25 10 2 1 1 98 22 2 80 0 82 94 58 67 78 47 84 26 9 27 29 9 1 35 81 24 6 93 12 43 76 13 7 18 18 69 29 24 99 87 24 13 35 12 13 12 4 67 64 92 
27 78 32 95 88 67 6 34 63 24 57 3 7 7 95 26 37 6 16 42 62 76 64 61 90 89 47 47 58 99 12 30 5 81 78 25 96 92 9 82 0 23 60 38 97 6 90 41 62 39 2 43 73 2 69 58 10 84 84 74 5 41 13 7 82 27 5 23 21 52 20 15 92 29 54 56 55 97 14 38 
36 38 43 88 31 70 55 99 61 54 84 68 34 31 98 91 39 82 14 1 33 90 68 10 83 49 11 18 45 75 94 0 33 12 83 23 91 66 96 94 23 0 4 72 46 64 14 91 65 99 49 34 27 1 71 49 10 31 9 52 49 9 77 69 69 18 55 70 60 47 4 16 45 9 38 95 68 7 80 4 
40 12 85 23 79 12 24 49 38 6 59 88 34 59 67 10 47 60 24 70 42 89 84 11 77 63 94 45 23 7 71 54 30 88 8 8 39 34 70 58 60 4 0 86 18 55 75 71 69 49 93 49 72 20 76 48 31 85 36 44 79 35 81 4 7 44 45 91 53 42 93 48 56 94 30 17 33 98 66 2 
42 79 88 66 98 84 75 10 49 88 34 36 70 47 64 2 29 58 77 2 27 72 47 48 42 54 3 5 68 8 57 71 65 74 28 76 38 18 13 67 38 72 86 0 81 99 4 64 14 74 32 63 49 32 66 40 99 6 89 33 68 60 7 6 83 50 93 76 64 58 43 1 91 80 3 77 87 20 93 97 
89 98 86 78 61 56 77 57 45 18 40 93 51 88 1 7 63 67 33 11 5 69 2 97 29 57 59 66 92 23 94 29 89 39 77 28 63 14 28 78 97 46 18 81 0 16 83 47 23 23 98 94 29 14 52 31 46 17 57 18 87 31 49 36 31 94 40 30 33 67 31 54 43 24 85 23 1 39 88 78 
10 52 59 79 5 78 43 63 18 41 88 46 77 83 9 90 22 37 9 62 44 55 29 29 59 86 68 30 0 18 97 91 32 22 37 10 64 79 19 47 6 64 55 99 16 0 15 86 13 55 95 54 62 7 69 99 32 83 27 8 80 90 51 35 21 57 63 97 0 27 6 24 71 96 98 78 89 77 74 32 
50 77 12 37 10 33 74 30 14 14 77 42 41 47 31 5 78 96 99 75 44 16 54 63 7 8 81 21 11 84 88 12 88 35 1 14 76 30 27 84 90 14 75 4 83 15 0 35 53 73 1 92 99 10 6 31 71 92 58 41 58 20 10 16 71 16 49 43 77 56 98 24 79 83 26 14 86 90 30 17 
7 85 53 9 40 79 41 24 24 50 24 5 78 24 68 60 3 52 13 19 77 40 14 63 47 81 91 28 85 54 45 24 22 76 71 19 21 88 81 26 41 91 71 64 47 86 35 0 68 72 48 11 10 62 52 94 56 26 6 29 40 68 64 27 12 81 60 76 1 69 36 49 27 38 99 28 67 48 54 8 
69 87 50 95 67 21 51 63 99 73 44 76 10 79 79 90 91 79 17 0 32 14 7 53 42 67 63 59 54 63 74 60 59 76 98 46 20 11 22 9 62 65 69 14 23 13 53 68 0 11 88 5 99 69 61 59 8 57 82 80 84 55 45 42 75 90 3 15 10 88 53 96 21 24 51 87 72 55 24 12 
44 87 85 91 95 10 18 50 21 4 29 41 29 75 16 13 16 62 42 91 88 60 13 82 91 9 59 0 10 75 89 73 22 28 80 61 23 82 87 27 39 99 49 74 23 55 73 72 11 0 91 82 28 69 31 51 48 42 84 40 86 2 72 99 31 24 42 54 53 49 21 35 28 35 86 0 10 41 81 26 
39 92 57 15 58 41 38 19 54 98 98 21 68 65 33 72 84 27 49 97 30 28 25 27 65 64 28 39 24 79 49 96 80 87 29 43 77 86 65 29 2 49 93 32 98 95 1 48 88 91 0 15 29 27 17 98 29 14 92 90 15 5 91 29 97 13 35 9 13 14 70 48 17 10 53 57 41 15 0 59 
92 54 97 52 38 33 7 46 68 63 61 10 32 20 52 25 63 59 25 82 75 67 19 19 75 82 2 28 43 11 75 62 60 20 74 28 47 72 46 9 43 34 49 63 94 54 92 11 5 82 15 0 80 49 35 95 1 66 63 80 77 87 12 35 13 49 24 10 3 57 16 72 48 70 68 60 18 83 33 73 
49 22 29 72 59 17 43 58 42 88 51 64 13 9 99 72 75 0 50 23 85 26 87 33 94 79 35 94 28 37 27 23 40 71 7 21 27 57 80 1 73 27 72 49 29 62 99 10 99 28 29 80 0 82 0 72 46 6 76 88 4 5 48 97 62 2 73 64 85 85 28 90 68 96 72 0 19 50 92 67 
12 84 56 48 70 76 17 63 63 82 91 42 75 72 83 34 1 57 53 80 69 25 85 25 40 53 97 71 25 64 55 48 34 13 22 87 84 23 17 35 2 1 20 32 14 7 10 62 69 69 27 49 82 0 69 74 19 86 68 86 8 9 47 90 1 80 0 9 40 17 99 27 69 76 30 37 85 85 45 10 
21 82 34 54 80 73 76 71 58 93 75 66 92 19 19 64 50 50 23 77 68 90 67 83 74 13 5 83 22 18 25 0 1 67 43 85 34 3 39 81 69 71 76 66 52 69 6 52 61 31 17 35 0 69 0 42 85 10 81 41 71 32 61 66 52 37 86 45 50 3 55 94 76 65 50 79 78 91 80 88 
59 5 65 74 6 43 1 98 26 24 33 91 35 86 7 33 8 10 73 38 58 51 68 91 15 82 13 66 30 10 86 71 68 2 4 66 34 9 55 24 58 49 48 40 31 99 31 94 59 51 98 95 72 74 42 0 32 11 39 46 70 73 22 41 92 83 98 17 38 62 66 21 35 17 30 47 81 35 88 84 
50 8 65 67 36 26 5 35 60 18 78 62 69 96 12 86 48 69 65 3 61 59 91 5 15 13 20 21 31 43 57 92 21 29 69 28 59 58 54 6 10 10 31 99 46 32 71 56 8 48 29 1 46 19 85 32 0 47 46 63 34 54 8 86 39 94 89 23 6 63 36 6 66 23 4 83 95 48 54 56 
20 3 37 93 49 35 23 48 92 1 85 93 92 54 10 75 25 36 69 20 32 57 98 73 27 87 15 87 43 72 66 34 37 22 54 44 46 98 72 93 84 31 85 6 17 83 92 26 57 42 14 66 6 86 10 11 47 0 36 61 80 52 32 82 56 64 34 63 40 42 67 38 54 4 54 45 90 65 90 50 
56 52 36 66 17 33 80 72 5 56 10 58 67 29 64 41 68 80 99 43 55 43 66 41 11 27 87 95 82 32 4 71 17 64 34 75 44 18 85 12 84 9 36 89 57 27 58 6 82 84 92 63 76 68 81 39 46 36 0 26 55 10 85 11 8 92 94 69 87 95 6 35 23 84 5 6 58 89 28 25 
58 72 37 32 12 42 37 48 73 2 2 99 25 67 90 9 14 72 57 87 99 45 41 95 43 83 93 39 31 13 96 72 40 72 32 16 1 79 28 43 74 52 44 33 18 8 41 29 80 40 90 80 88 86 41 46 63 61 26 0 91 73 59 86 45 33 97 98 77 37 37 55 38 41 40 63 83 44 82 58 
86 83 8 96 72 47 44 26 23 92 51 10 91 76 34 2 4 27 88 50 13 99 82 45 44 86 68 73 68 14 95 11 94 89 53 51 40 92 88 76 5 49 79 68 87 80 58 40 84 86 15 77 4 8 71 70 34 80 55 91 0 70 65 59 19 47 17 75 59 46 70 20 13 45 70 88 30 18 55 49 
60 69 37 49 47 97 86 95 0 29 48 62 71 4 24 7 32 99 40 27 57 55 40 97 16 14 96 73 11 24 20 40 45 75 82 73 8 3 11 13 41 9 35 60 31 90 20 68 55 2 5 87 5 9 32 73 54 52 10 73 70 0 5 46 37 41 67 76 53 89 99 31 71 4 78 24 94 2 94 75 
8 80 80 75 31 28 31 77 6 91 72 29 57 14 5 93 49 45 55 0 58 83 18 2 58 71 92 88 52 40 72 13 72 37 81 2 38 56 4 7 13 77 81 7 49 51 10 64 45 72 91 12 48 47 61 22 8 32 85 59 65 5 0 39 82 30 86 27 52 50 81 2 84 77 93 66 39 52 22 4 
32 44 2 54 46 42 81 13 83 50 37 97 52 71 48 11 45 83 70 83 46 1 77 90 14 68 68 68 76 8 67 81 74 15 99 26 74 1 40 18 7 69 4 6 36 35 16 27 42 99 29 35 97 90 66 41 86 82 11 86 59 46 39 0 83 65 28 96 60 80 40 45 36 68 90 80 15 42 29 85 
13 69 63 46 46 58 31 80 75 67 9 75 79 0 24 66 50 92 63 43 88 45 88 4 88 1 5 8 70 78 62 31 80 44 51 7 73 9 58 18 82 69 7 83 31 21 71 12 75 31 97 13 62 1 52 92 39 56 8 45 19 37 82 83 0 93 85 81 58 91 95 21 98 10 4 74 65 11 14 48 
41 83 64 35 10 96 64 92 51 21 18 57 41 26 7 15 40 70 88 79 14 79 81 84 45 90 59 83 75 28 88 48 81 23 77 56 95 6 46 69 27 18 44 50 94 57 16 81 90 24 13 49 2 80 37 83 94 64 92 33 47 41 30 65 93 0 36 62 32 24 21 48 34 23 42 33 66 20 4 2 
57 95 50 8 6 55 10 26 53 11 34 85 57 12 73 19 45 98 42 23 4 94 95 8 63 45 68 61 24 18 65 78 36 22 63 16 0 92 30 29 5 55 45 93 40 63 49 60 3 42 35 24 73 0 86 98 89 34 94 97 17 67 86 28 85 36 0 37 74 85 64 76 4 25 17 45 16 59 52 63 
77 22 45 45 42 98 80 92 66 21 97 60 15 16 63 19 6 19 93 23 91 83 96 4 18 48 87 83 34 92 60 71 4 95 49 16 14 86 98 24 23 70 91 76 30 97 43 76 15 54 9 10 64 9 45 17 23 63 69 98 75 76 27 96 81 62 37 0 91 95 81 22 85 33 38 25 46 82 16 71 
48 12 49 68 78 4 64 32 92 10 4 54 42 85 99 73 55 43 53 98 99 76 30 95 80 64 88 68 63 25 74 38 87 30 25 60 0 94 36 99 21 60 53 64 33 0 77 1 10 53 13 3 85 40 50 38 6 40 87 77 59 53 52 60 58 32 74 91 0 79 59 26 95 96 83 46 47 63 1 72 
95 56 44 60 44 11 51 16 95 51 21 53 90 50 49 75 95 45 97 33 32 73 61 86 93 32 73 31 40 52 43 7 69 36 31 55 70 61 53 87 52 47 42 58 67 27 56 69 88 49 14 57 85 17 3 62 63 42 95 37 46 89 50 80 91 24 85 95 79 0 98 38 64 0 52 5 74 43 32 25 
34 21 73 21 35 96 35 9 93 66 99 90 92 85 15 27 68 35 76 54 2 16 18 34 19 41 75 0 69 18 70 12 19 28 8 27 91 33 17 24 20 4 93 43 31 6 98 36 53 21 70 16 28 99 55 66 36 67 6 37 70 99 81 40 95 21 64 81 59 98 0 21 43 35 31 85 9 45 67 41 
53 11 74 96 31 51 97 7 59 21 54 91 56 84 95 59 56 93 29 68 15 27 61 95 27 84 21 63 58 87 86 65 36 27 7 23 15 83 51 13 15 16 48 1 54 24 24 49 96 35 48 72 90 27 94 21 6 38 35 55 20 31 2 45 21 48 76 22 26 38 21 0 70 81 54 2 67 71 63 18 
89 64 23 2 35 77 9 93 71 73 58 60 85 51 53 32 50 60 96 66 70 91 53 96 5 73 25 20 52 17 97 0 86 67 92 72 55 44 45 35 92 45 56 91 43 71 79 27 21 28 17 48 68 69 76 35 66 54 23 38 13 71 84 36 98 34 4 85 95 64 43 70 0 44 59 83 36 45 17 65 
20 81 17 28 78 5 65 55 3 30 91 18 75 2 23 31 56 7 5 69 50 24 41 48 17 10 5 31 93 71 69 43 17 97 21 43 52 51 67 12 29 9 94 80 24 96 83 38 24 35 10 70 96 76 65 17 23 4 84 41 45 4 77 68 10 23 25 33 96 0 35 81 44 0 37 61 88 55 55 66 
35 77 90 54 92 34 22 18 23 63 62 88 17 87 20 45 35 37 24 88 83 8 27 23 91 19 64 31 69 73 48 79 61 9 9 88 50 68 18 13 54 38 30 3 85 98 26 99 51 86 53 68 72 30 50 30 4 54 5 40 70 78 93 90 4 42 17 38 83 52 31 54 59 37 0 86 61 11 94 9 
5 24 66 58 84 1 89 75 41 65 41 63 95 41 97 23 67 71 33 54 62 54 15 88 65 82 20 45 2 14 1 99 71 71 4 29 42 71 3 12 56 95 17 77 23 78 14 28 87 0 57 60 0 37 79 47 83 45 6 63 88 24 66 80 74 33 45 25 46 5 85 2 83 61 86 0 98 38 93 16 
87 13 32 5 19 28 69 60 3 59 21 14 32 13 66 44 54 45 37 68 12 20 77 98 48 89 45 55 65 24 48 66 21 33 51 59 74 1 0 4 55 68 33 87 1 89 86 67 72 10 41 18 19 85 78 81 95 90 58 83 30 94 39 15 65 66 16 46 47 74 9 67 36 88 61 98 0 90 13 79 
2 61 19 19 87 63 86 74 23 95 94 29 1 60 99 84 50 17 56 4 96 33 84 96 25 13 2 70 29 98 78 42 60 64 40 70 12 58 40 67 97 7 98 20 39 77 90 48 55 41 15 83 50 85 91 35 48 65 89 44 18 2 52 42 11 20 59 82 63 43 45 71 45 55 11 38 90 0 59 44 
85 62 61 4 6 47 64 98 58 87 7 0 72 29 45 61 78 91 52 42 45 98 79 8 70 40 34 92 7 4 76 11 24 4 61 1 6 60 37 64 14 80 66 93 88 74 30 54 24 81 0 33 92 45 80 88 54 90 28 82 55 94 22 29 14 4 52 16 1 32 67 63 17 55 94 93 13 59 0 41 
11 90 47 86 65 16 63 68 91 16 78 67 45 8 5 16 83 61 18 82 82 57 82 82 89 81 27 55 29 73 22 81 64 61 56 44 90 34 19 92 38 4 2 97 78 32 17 8 12 26 59 73 67 10 88 84 56 50 25 58 49 75 4 85 48 2 63 71 72 25 41 18 65 66 9 16 79 44 41 0 
0 63 19 27 96 73 2 36 72 34 99 3 83 97 78 43 34 70 71 41 35 75 58 59 22 28 6 54 7 80 6 7 61 19 32 38 12 46 7 60 48 98 3 8 12 59 69 10 97 96 50 40 83 69 19 67 68 1 79 98 67 90 36 76 48 70 19 30 33 36 71 99 54 20 9 47 30 72 2 37 
63 0 68 9 13 46 51 44 35 49 7 1 1 19 76 84 74 24 73 13 70 84 3 15 61 75 97 34 12 68 18 34 89 19 50 38 65 90 14 16 76 68 26 73 48 81 43 8 18 63 71 43 16 29 21 0 95 10 14 66 77 74 22 88 18 12 13 93 94 35 81 70 26 84 28 3 30 35 22 12 
19 68 0 20 82 23 15 31 1 32 38 73 35 32 46 85 19 34 36 32 28 90 23 37 20 93 28 51 28 46 73 87 57 64 23 90 95 95 22 91 97 48 41 34 69 88 23 69 21 99 82 60 53 83 99 32 63 5 78 62 6 28 67 78 98 34 8 71 1 84 78 97 86 61 27 54 99 90 36 55 
27 9 20 0 56 96 6 56 8 15 25 81 5 10 66 52 44 90 45 87 60 20 42 25 20 74 35 21 31 73 1 92 90 39 93 78 74 19 89 37 58 16 6 74 57 4 76 40 18 35 58 14 6 85 83 44 58 62 54 54 43 1 19 28 31 83 95 0 6 88 40 53 1 77 83 87 84 20 1 91 
96 13 82 56 0 95 43 97 23 92 63 27 0 85 80 14 8 85 81 69 6 18 3 24 24 14 13 28 7 88 98 33 85 26 16 7 13 45 87 93 20 4 71 81 48 80 84 26 53 65 17 50 60 85 49 46 53 84 77 67 22 73 78 50 72 38 84 61 1 52 95 11 60 15 6 53 54 62 45 17 
73 46 23 96 95 0 33 85 80 79 37 52 9 87 27 21 82 36 49 46 11 92 48 34 60 26 88 35 32 60 65 36 87 61 51 12 78 18 35 71 52 32 13 14 21 97 29 38 40 93 24 10 45 28 73 26 47 65 12 8 40 57 80 54 12 5 35 38 10 33 5 48 70 80 89 80 35 53 42 22 
2 51 15 6 43 33 0 13 84 64 55 67 26 88 72 98 50 98 31 7 97 75 68 75 20 28 52 36 9 97 38 81 92 13 2 36 45 75 88 76 22 38 31 50 18 37 13 96 68 32 4 97 17 0 59 27 83 91 55 98 69 35 72 83 23 1 69 78 89 57 59 24 63 55 73 80 47 54 24 47 
36 44 31 56 97 85 13 0 89 21 32 56 39 15 64 65 19 84 77 74 19 89 22 45 22 72 26 32 34 81 6 8 31 98 43 22 15 94 11 81 39 74 55 26 71 83 95 12 24 73 56 97 20 42 35 18 28 90 62 51 72 3 66 46 13 92 92 42 15 59 51 89 63 5 92 6 53 63 19 93 
72 35 1 8 23 80 84 89 0 81 15 83 1 91 66 52 73 7 1 77 47 31 51 66 49 83 29 92 37 54 27 54 6 95 11 73 41 96 38 30 58 40 87 18 89 70 6 30 99 51 75 44 70 76 43 45 11 16 89 94 0 79 3 58 44 29 27 57 19 54 43 67 84 74 46 22 61 25 66 34 
34 49 32 15 92 79 64 21 81 0 11 37 51 72 26 1 11 66 17 85 96 50 9 60 3 23 83 72 12 1 41 26 63 3 39 73 59 21 84 58 44 28 97 49 15 52 85 66 76 67 42 2 5 75 14 6 90 64 49 70 67 86 2 13 47 0 69 5 4 63 67 52 73 61 38 84 38 97 19 12 
99 7 38 25 63 37 55 32 15 11 0 85 60 87 95 11 40 92 88 51 66 91 80 55 84 60 28 20 27 67 7 19 38 27 24 52 2 20 62 2 53 98 79 45 26 73 75 9 57 0 44 4 4 36 78 92 5 71 85 37 53 20 96 82 61 40 55 22 21 90 59 34 21 94 8 12 59 21 63 3 
3 1 73 81 27 52 67 56 83 37 85 0 95 66 80 13 64 98 78 0 99 85 88 12 9 10 73 16 87 11 63 45 18 84 70 42 0 69 69 91 24 86 26 24 95 40 86 11 37 66 65 64 48 61 43 10 29 98 96 91 0 82 77 17 99 36 83 11 8 46 51 35 86 3 92 47 94 7 5 12 
83 1 35 5 0 9 26 39 1 51 60 95 0 31 58 34 10 85 74 24 99 32 12 95 1 70 53 96 86 85 88 17 10 12 2 13 14 72 31 5 57 57 20 36 76 37 25 29 20 30 3 68 87 95 37 86 26 17 37 19 93 7 32 62 30 40 43 65 40 16 86 79 9 18 28 73 42 59 88 49 
97 19 32 10 85 87 88 15 91 72 87 66 31 0 99 71 91 46 24 49 58 32 19 4 39 30 58 70 74 97 89 43 18 33 15 22 19 76 64 40 71 28 91 47 58 1 35 50 60 9 91 96 74 8 28 62 75 41 76 86 30 3 91 93 29 55 0 73 87 96 34 91 99 23 22 88 8 57 93 94 
78 76 46 66 80 27 72 64 66 26 95 80 58 99 0 96 16 66 43 77 36 12 95 31 18 78 83 78 4 47 58 81 45 19 79 61 10 28 57 85 87 70 79 51 25 52 48 74 65 0 41 12 46 46 71 38 4 12 19 6 3 8 44 79 95 33 79 53 55 75 45 95 91 24 41 36 61 75 60 59 
43 84 85 52 14 21 98 65 52 1 11 13 34 71 96 0 26 2 13 4 93 86 69 57 94 26 86 38 24 49 82 52 6 49 18 96 12 61 98 64 56 75 42 93 24 34 77 4 51 87 69 38 11 41 63 42 16 9 94 45 81 47 26 93 85 70 77 17 85 70 31 6 54 10 28 28 96 14 30 53 
34 74 19 44 8 82 50 19 73 11 40 64 10 91 16 26 0 25 59 36 54 53 93 74 45 35 27 83 17 88 76 58 57 51 94 89 94 19 36 0 30 11 69 17 72 77 31 70 57 24 89 64 87 79 27 4 75 30 64 31 52 67 2 36 5 57 58 28 77 94 1 51 4 27 78 31 28 19 42 9 
70 24 34 90 85 36 98 84 7 66 92 98 85 46 66 2 25 0 83 36 38 73 33 35 41 26 9 22 82 13 24 58 1 29 64 3 68 58 83 77 23 23 0 76 28 37 66 90 82 14 36 45 91 95 36 21 70 89 94 20 23 90 35 60 89 80 92 7 57 96 64 85 98 20 91 80 43 88 6 78 
71 73 36 45 81 49 31 77 1 17 88 78 74 24 43 13 59 83 0 0 43 68 94 69 96 85 93 99 83 84 87 10 43 4 91 99 96 68 74 30 44 28 3 6 85 96 60 61 2 37 9 33 93 40 6 88 50 39 42 80 32 89 83 51 28 20 49 93 83 96 37 62 46 85 82 61 90 40 34 75 
41 13 32 87 69 46 7 74 77 85 51 0 24 49 77 4 36 36 0 0 71 7 32 22 16 31 46 62 54 96 33 74 21 56 98 77 85 50 5 74 27 49 10 75 91 22 32 52 90 5 66 88 66 0 68 42 84 2 13 47 60 68 69 2 80 12 91 6 85 39 60 8 95 57 22 52 48 3 4 32 
35 70 28 60 6 11 97 19 47 96 66 99 99 58 36 93 54 38 43 71 0 6 61 46 2 59 68 88 13 78 30 30 42 88 54 73 68 24 70 42 33 63 40 41 3 43 86 38 33 91 33 96 30 68 37 73 52 94 23 72 3 22 24 94 17 20 42 46 63 80 38 17 10 52 7 81 82 57 19 33 
75 84 90 20 18 92 75 89 31 50 91 85 32 32 12 86 53 73 68 7 6 0 83 56 47 97 16 84 59 96 47 91 59 29 53 75 91 62 67 20 87 41 76 44 19 17 10 30 37 35 4 37 49 77 63 33 49 18 8 43 1 52 48 54 82 80 8 15 14 49 39 74 65 58 22 14 19 74 54 46 
58 3 23 42 3 48 68 22 51 9 80 88 12 19 95 69 93 33 94 32 61 83 0 66 8 4 83 2 83 77 94 47 33 51 0 90 23 64 35 96 81 60 81 36 74 31 37 53 13 74 34 51 7 72 99 43 98 73 82 88 97 35 40 33 39 69 49 24 34 90 43 46 55 77 58 27 10 89 83 72 
59 15 37 25 24 34 75 45 66 60 55 12 95 4 31 57 74 35 69 22 46 56 66 0 51 43 84 86 70 33 44 13 98 63 22 45 98 59 49 21 27 16 11 2 44 55 91 14 7 60 14 25 88 21 46 77 26 75 74 84 83 7 9 17 7 47 78 68 35 97 53 8 96 95 54 21 27 9 41 8 
22 61 20 20 24 60 20 22 49 3 84 9 1 39 18 94 45 41 96 16 2 47 8 51 0 73 66 80 76 40 98 12 42 89 82 40 88 66 3 56 19 56 13 44 4 31 24 32 27 70 62 12 58 12 98 69 27 34 84 55 23 96 93 67 78 29 6 35 91 58 81 14 12 12 7 38 29 36 74 10 
28 75 93 74 14 26 28 72 83 23 60 10 70 30 78 26 35 26 85 31 59 97 4 43 73 0 95 31 37 80 17 98 13 81 4 20 71 46 62 49 18 93 36 1 4 3 16 96 37 81 25 65 63 78 73 27 17 60 82 88 20 27 19 50 14 65 55 87 72 84 26 15 72 23 10 95 87 13 31 61 
6 97 28 35 13 88 52 26 29 83 28 73 53 58 83 86 27 9 93 46 68 16 83 84 66 95 0 63 36 19 82 75 39 34 72 27 44 80 91 16 56 80 56 75 9 30 11 45 81 99 87 54 20 19 75 93 36 38 66 30 54 68 61 72 36 12 90 91 61 63 56 94 53 30 9 85 74 51 72 32 
54 34 51 21 28 35 36 32 92 72 20 16 96 70 78 38 83 22 99 62 88 84 2 86 80 31 63 0 92 46 30 94 57 49 62 13 6 56 38 67 93 76 14 73 87 30 67 19 19 76 94 69 11 12 21 87 40 65 88 88 3 20 26 55 16 33 18 40 72 14 49 21 20 53 33 55 7 52 1 23 
7 12 28 31 7 32 9 34 37 12 27 87 86 74 4 24 17 82 83 54 13 59 83 70 76 37 36 92 0 17 50 54 27 27 22 18 57 34 8 30 47 89 41 20 98 23 53 75 35 3 66 90 33 61 90 31 74 66 97 49 72 91 79 26 46 70 51 43 0 77 85 60 66 59 45 39 36 48 85 71 
80 68 46 73 88 60 97 81 54 1 67 11 85 97 47 49 88 13 84 96 78 96 77 33 40 80 19 46 17 0 8 23 27 23 47 10 51 23 55 20 97 23 52 78 68 99 3 18 33 22 19 77 25 59 9 82 46 94 90 56 39 52 4 99 17 16 74 26 11 84 12 64 50 69 76 69 83 56 4 19 
6 18 73 1 98 65 38 6 27 41 7 63 88 89 58 82 76 24 87 33 30 47 94 44 98 17 82 30 50 8 0 80 60 24 28 88 54 15 5 33 43 49 60 46 3 98 84 66 18 70 26 57 4 92 22 81 91 80 47 85 56 31 57 53 42 52 71 94 76 38 61 55 19 76 59 35 81 32 10 88 
7 34 87 92 33 36 81 8 54 26 19 45 17 43 81 52 58 58 10 74 30 91 47 13 12 98 75 94 54 23 80 0 65 90 81 83 77 79 21 48 19 7 60 44 72 49 8 55 4 42 8 89 86 92 78 77 33 84 79 79 64 78 32 37 22 77 59 45 51 60 79 86 36 26 34 96 56 76 42 66 
61 89 57 90 85 87 92 31 6 63 38 18 10 18 45 6 57 1 43 21 42 59 33 98 42 13 39 57 27 27 60 65 0 25 81 85 75 16 46 62 89 23 48 44 64 79 83 14 18 85 46 47 38 0 89 23 36 59 76 52 74 40 6 1 74 68 70 18 26 12 34 69 44 68 22 16 56 39 1 21 
19 19 64 39 26 61 13 98 95 3 27 84 12 33 19 49 51 29 4 56 88 29 51 63 89 81 34 49 27 23 24 90 25 0 49 75 9 42 62 62 77 12 81 89 91 98 57 55 34 80 33 94 76 97 19 67 59 9 39 44 23 23 89 45 95 47 51 52 66 88 21 92 73 52 63 0 39 79 58 58 
32 50 23 93 16 51 2 43 11 39 24 70 2 15 79 18 94 64 91 98 54 53 0 22 82 4 72 62 22 47 28 81 81 49 0 79 0 8 52 65 83 3 68 47 46 87 90 79 51 88 28 82 52 34 38 31 51 1 81 14 27 33 15 4 1 79 47 2 92 27 73 95 64 32 84 21 72 94 99 28 
38 38 90 78 7 12 36 22 73 73 52 42 13 22 61 96 89 3 99 77 73 75 90 45 40 20 27 13 18 10 88 83 85 75 79 0 54 29 95 55 79 58 60 78 64 24 78 80 49 10 16 93 10 70 80 48 12 89 31 71 70 36 77 63 60 56 86 67 48 8 94 66 49 70 62 6 4 73 52 8 
12 65 95 74 13 78 45 15 41 59 2 0 14 19 10 12 94 68 96 85 68 91 23 98 88 71 44 6 57 51 54 77 75 9 0 54 0 86 53 73 79 46 73 14 81 53 5 57 12 99 77 18 20 67 51 93 22 22 2 70 45 56 55 1 69 56 6 57 73 81 60 98 51 0 59 68 65 7 49 39 
46 90 95 19 45 18 75 94 96 21 20 69 72 76 28 61 19 58 68 50 24 62 64 59 66 46 80 56 34 23 15 79 16 42 8 29 86 0 35 4 63 98 61 27 98 95 89 81 62 83 84 93 83 68 97 29 19 15 84 2 95 5 6 98 37 79 29 18 7 68 78 94 15 61 71 55 84 51 19 35 
7 14 22 89 87 35 88 11 38 84 62 69 31 64 57 98 36 83 74 5 70 67 35 49 3 62 91 38 8 55 5 21 46 62 52 95 53 35 0 64 52 36 34 58 19 80 26 12 20 93 6 54 30 55 61 79 4 43 37 73 36 47 25 1 82 86 97 53 38 79 16 2 45 68 68 55 36 52 61 73 
60 16 91 37 93 71 76 81 30 58 2 91 5 40 85 64 0 77 30 74 42 20 96 21 56 49 16 67 30 20 33 48 62 62 65 55 73 4 64 0 95 61 6 13 13 49 35 96 8 2 37 35 11 56 78 62 72 55 85 9 0 37 33 19 38 97 39 63 55 88 48 59 92 38 97 67 83 0 90 42 
48 76 97 58 20 52 22 39 58 44 53 24 57 71 87 56 30 23 44 27 33 87 81 27 19 18 56 93 47 97 43 19 89 77 83 79 79 63 52 95 0 46 12 45 5 54 76 22 51 38 99 65 46 64 51 26 1 99 6 34 77 80 51 48 8 49 85 7 26 27 90 98 30 56 29 9 25 7 4 8 
98 68 48 16 4 32 38 74 40 28 98 86 57 28 70 75 11 23 28 49 63 41 60 16 56 93 80 76 89 23 49 7 23 12 3 58 46 98 36 61 46 0 88 94 56 53 91 65 54 12 82 23 18 79 15 80 23 50 78 68 2 14 29 45 80 97 87 45 50 42 8 42 40 87 77 19 13 33 97 27 
3 26 41 6 71 13 31 55 87 97 79 26 20 91 79 42 69 0 3 10 40 76 81 11 13 36 56 14 41 52 60 60 48 81 68 60 73 61 34 6 12 88 0 41 77 31 1 31 3 77 15 93 12 31 46 24 66 97 9 13 47 4 37 4 74 33 31 48 4 45 50 9 36 10 17 53 53 95 58 41 
8 73 34 74 81 14 50 26 18 49 45 24 36 47 51 93 17 76 6 75 41 44 36 2 44 1 75 73 20 78 46 44 44 89 47 78 14 27 58 13 45 94 41 0 66 40 58 97 85 73 21 65 78 85 64 20 28 14 45 43 22 6 78 85 42 14 91 88 91 92 47 10 23 72 39 40 32 15 15 73 
12 48 69 57 48 21 18 71 89 15 26 95 76 58 25 24 72 28 85 91 3 19 74 44 4 4 9 87 98 68 3 72 64 91 46 64 81 98 19 13 5 56 77 66 0 19 71 64 93 16 74 49 32 3 43 13 62 16 26 24 12 87 18 7 85 25 7 60 96 63 90 11 68 95 22 17 7 20 59 69 
59 81 88 4 80 97 37 83 70 52 73 40 37 1 52 34 77 37 96 22 43 17 31 55 31 3 30 30 23 99 98 49 79 98 87 24 53 95 80 49 54 53 31 40 19 0 7 48 19 50 60 5 21 10 82 31 84 86 90 0 80 82 26 47 40 66 26 2 72 57 15 97 20 66 43 89 18 46 29 91 
69 43 23 76 84 29 13 95 6 85 75 86 25 35 48 77 31 66 60 32 86 10 37 91 24 16 11 67 53 3 84 8 83 57 90 78 5 89 26 35 76 91 1 58 71 7 0 46 49 47 39 90 70 46 92 23 31 77 54 80 10 13 43 90 21 1 19 47 51 83 97 20 88 26 19 25 87 86 9 41 
10 8 69 40 26 38 96 12 30 66 9 11 29 50 74 4 70 90 61 52 38 30 53 14 32 96 45 19 75 18 66 55 14 55 79 80 57 81 12 96 22 65 31 97 64 48 46 0 30 51 71 10 6 22 4 54 86 28 10 54 61 70 62 61 49 95 95 18 48 31 76 73 99 44 5 36 73 94 81 17 
97 18 21 18 53 40 68 24 99 76 57 37 20 60 65 51 57 82 2 90 33 37 13 7 27 37 81 19 35 33 18 4 18 34 51 49 12 62 20 8 51 54 3 85 93 19 49 30 0 24 34 45 12 14 25 84 63 89 28 90 80 15 71 83 75 88 99 49 10 68 85 98 51 81 82 18 39 14 98 2 
96 63 99 35 65 93 32 73 51 67 0 66 30 9 0 87 24 14 37 5 91 35 74 60 70 81 99 76 3 22 70 42 85 80 88 10 99 83 93 2 38 12 77 73 16 50 47 51 24 0 89 48 87 85 76 32 80 8 73 30 22 14 18 61 18 94 44 40 64 83 44 72 84 97 61 80 13 51 99 43 
50 71 82 58 17 24 4 56 75 42 44 65 3 91 41 69 89 36 9 66 33 4 34 14 62 25 87 94 66 19 26 8 46 33 28 16 77 84 6 37 99 82 15 21 74 60 39 71 34 89 0 46 15 27 64 45 77 70 38 51 38 67 69 42 98 42 18 23 11 77 77 88 97 45 80 22 51 2 51 74 
40 43 60 14 50 10 97 97 44 2 4 64 68 96 12 38 64 45 33 88 96 37 51 25 12 65 54 69 90 77 57 89 47 94 82 93 18 93 54 35 65 23 93 65 49 5 90 10 45 48 46 0 95 77 21 67 99 25 7 61 35 17 61 61 59 55 26 4 77 51 67 95 93 29 33 86 69 77 72 88 
83 16 53 6 60 45 17 20 70 5 4 48 87 74 46 11 87 91 93 66 30 49 7 88 58 63 20 11 33 25 4 86 38 76 52 10 20 83 30 11 46 18 12 78 32 21 70 6 12 87 15 95 0 67 89 20 28 28 72 30 35 57 10 23 54 21 88 77 36 48 8 44 48 58 15 51 34 0 42 62 
69 29 83 85 85 28 0 42 76 75 36 61 95 8 46 41 79 95 40 0 68 77 72 21 12 78 19 12 61 59 92 92 0 97 34 70 67 68 55 56 64 79 31 85 3 10 46 22 14 85 27 77 67 0 18 35 75 73 29 59 23 41 43 78 66 21 23 47 44 98 93 2 10 59 13 3 21 33 32 91 
19 21 99 83 49 73 59 35 43 14 78 43 37 28 71 63 27 36 6 68 37 63 99 46 98 73 75 21 90 9 22 78 89 19 38 80 51 97 61 78 51 15 46 64 43 82 92 4 25 76 64 21 89 18 0 71 2 72 30 80 93 24 60 14 14 5 43 80 43 88 15 66 35 67 19 28 66 33 18 37 
67 0 32 44 46 26 27 18 45 6 92 10 86 62 38 42 4 21 88 42 73 33 43 77 69 27 93 87 31 82 81 77 23 67 31 48 93 29 79 62 26 80 24 20 13 31 23 54 84 32 45 67 20 35 71 0 44 15 72 38 87 72 5 82 80 68 76 92 28 91 76 44 54 47 79 14 3 25 2 38 
68 95 63 58 53 47 83 28 11 90 5 29 26 75 4 16 75 70 50 84 52 49 98 26 27 17 36 40 74 46 91 33 36 59 51 12 22 19 4 72 1 23 66 28 62 84 31 86 63 80 77 99 28 75 2 44 0 6 14 65 26 17 5 7 21 72 53 63 0 7 86 65 93 96 42 62 51 66 92 70 
1 10 5 62 84 65 91 90 16 64 71 98 17 41 12 9 30 89 39 2 94 18 73 75 34 60 38 65 66 94 80 84 59 9 1 89 22 15 43 55 99 50 97 14 16 86 77 28 89 8 70 25 28 73 72 15 6 0 41 13 94 50 99 85 26 84 11 26 39 72 77 57 44 55 48 22 91 92 38 53 
79 14 78 54 77 12 55 62 89 49 85 96 37 76 19 94 64 94 42 13 23 8 82 74 84 82 66 88 97 90 47 79 76 39 81 31 2 84 37 85 6 78 9 45 26 90 54 10 28 73 38 7 72 29 30 72 14 41 0 11 78 77 32 70 35 83 14 88 3 88 81 39 36 2 79 77 79 36 58 35 
98 66 62 54 67 8 98 51 94 70 37 91 19 86 6 45 31 20 80 47 72 43 88 84 55 88 30 88 49 56 85 79 52 44 14 71 70 2 73 9 34 68 13 43 24 0 80 54 90 30 51 61 30 59 80 38 65 13 11 0 48 30 23 90 41 56 44 33 72 98 18 82 94 82 27 60 11 45 74 77 
67 77 6 43 22 40 69 72 0 67 53 0 93 30 3 81 52 23 32 60 3 1 97 83 23 20 54 3 72 39 56 64 74 23 27 70 45 95 36 0 77 2 47 22 12 80 10 61 80 22 38 35 35 23 93 87 26 94 78 48 0 79 1 80 27 9 68 21 11 17 85 34 63 23 10 58 23 3 67 30 
90 74 28 1 73 57 35 3 79 86 20 82 7 3 8 47 67 90 89 68 22 52 35 7 96 27 68 20 91 52 31 78 40 23 33 36 56 5 47 37 80 14 4 6 87 82 13 70 15 14 67 17 57 41 24 72 17 50 77 30 79 0 3 47 4 69 38 83 66 39 20 8 97 42 80 58 37 23 32 54 
36 22 67 19 78 80 72 66 3 2 96 77 32 91 44 26 2 35 83 69 24 48 40 9 93 19 61 26 79 4 57 32 6 89 15 77 55 6 25 33 51 29 37 78 18 26 43 62 71 18 69 61 10 43 60 5 5 99 32 23 1 3 0 32 49 5 71 8 16 25 92 28 33 58 39 52 28 31 94 38 
76 88 78 28 50 54 83 46 58 13 82 17 62 93 79 93 36 60 51 2 94 54 33 17 67 50 72 55 26 99 53 37 1 45 4 63 1 98 1 19 48 45 4 85 7 47 90 61 83 61 42 61 23 78 14 82 7 85 70 90 80 47 32 0 21 2 11 59 44 96 24 65 72 94 64 72 68 14 37 9 
48 18 98 31 72 12 23 13 44 47 61 99 30 29 95 85 5 89 28 80 17 82 39 7 78 14 36 16 46 17 42 22 74 95 1 60 69 37 82 38 8 80 74 42 85 40 21 49 75 18 98 59 54 66 14 80 21 26 35 41 27 4 49 21 0 31 5 89 92 12 44 23 74 4 23 37 51 53 72 96 
70 12 34 83 38 5 1 92 29 0 40 36 40 55 33 70 57 80 20 12 20 80 69 47 29 65 12 33 70 16 52 77 68 47 79 56 56 79 86 97 49 97 33 14 25 66 1 95 88 94 42 55 21 21 5 68 72 84 83 56 9 69 5 2 31 0 90 92 82 40 34 62 57 86 0 86 95 82 50 26 
19 13 8 95 84 35 69 92 27 69 55 83 43 0 79 77 58 92 49 91 42 8 49 78 6 55 90 18 51 74 71 59 70 51 47 86 6 29 97 39 85 87 31 91 7 26 19 95 99 44 18 26 88 23 43 76 53 11 14 44 68 38 71 11 5 90 0 71 95 33 69 75 43 83 57 34 47 94 91 90 
30 93 71 0 61 38 78 42 57 5 22 11 65 73 53 17 28 7 93 6 46 15 24 68 35 87 91 40 43 26 94 45 18 52 2 67 57 18 53 63 7 45 48 88 60 2 47 18 49 40 23 4 77 47 80 92 63 26 88 33 21 83 8 59 89 92 71 0 38 33 66 20 89 32 13 48 48 73 33 61 
33 94 1 6 1 10 89 15 19 4 21 8 40 87 55 85 77 57 83 85 63 14 34 35 91 72 61 72 0 11 76 51 26 66 92 48 73 7 38 55 26 50 4 91 96 72 51 48 10 64 11 77 36 44 43 28 0 39 3 72 11 66 16 44 92 82 95 38 0 18 76 74 35 45 40 98 87 68 81 4 
36 35 84 88 52 33 57 59 54 63 90 46 16 96 75 70 94 96 96 39 80 49 90 97 58 84 63 14 77 84 38 60 12 88 27 8 81 68 79 88 27 42 45 92 63 57 83 31 68 83 77 51 48 98 88 91 7 72 88 98 17 39 25 96 12 40 33 33 18 0 21 49 40 23 35 76 75 36 84 6 
71 81 78 40 95 5 59 51 43 67 59 51 86 34 45 31 1 64 37 60 38 39 43 53 81 26 56 49 85 12 61 79 34 21 73 94 60 78 16 48 90 8 50 47 90 15 97 76 85 44 77 67 8 93 15 76 86 77 81 18 85 20 92 24 44 34 69 66 76 21 0 14 19 6 25 59 93 33 6 58 
99 70 97 53 11 48 24 89 67 52 34 35 79 91 95 6 51 85 62 8 17 74 46 8 14 15 94 21 60 64 55 86 69 92 95 66 98 94 2 59 98 42 9 10 11 97 20 73 98 72 88 95 44 2 66 44 65 57 39 82 34 8 28 65 23 62 75 20 74 49 14 0 39 72 20 83 74 50 42 91 
54 26 86 1 60 70 63 63 84 73 21 86 9 99 91 54 4 98 46 95 10 65 55 96 12 72 53 20 66 50 19 36 44 73 64 49 51 15 45 92 30 40 36 23 68 20 88 99 51 84 97 93 48 10 35 54 93 44 36 94 63 97 33 72 74 57 43 89 35 40 19 39 0 1 36 85 25 30 86 28 
20 84 61 77 15 80 55 5 74 61 94 3 18 23 24 10 27 20 85 57 52 58 77 95 12 23 30 53 59 69 76 26 68 52 32 70 0 61 68 38 56 87 10 72 95 66 26 44 81 97 45 29 58 59 67 47 96 55 2 82 23 42 58 94 4 86 83 32 45 23 6 72 1 0 4 22 94 18 88 70 
9 28 27 83 6 89 73 92 46 38 8 92 28 22 41 28 78 91 82 22 7 22 58 54 7 10 9 33 45 76 59 34 22 63 84 62 59 71 68 97 29 77 17 39 22 43 19 5 82 61 80 33 15 13 19 79 42 48 79 27 10 80 39 64 23 0 57 13 40 35 25 20 36 4 0 28 60 30 99 77 
47 3 54 87 53 80 80 6 22 84 12 47 73 88 36 28 31 80 61 52 81 14 27 21 38 95 85 55 39 69 35 96 16 0 21 6 68 55 55 67 9 19 53 40 17 89 25 36 18 80 22 86 51 3 28 14 62 22 77 60 58 58 52 72 37 86 34 48 98 76 59 83 85 22 28 0 64 48 95 79 
30 30 99 84 54 35 47 53 61 38 59 94 42 8 61 96 28 43 90 48 82 19 10 27 29 87 74 7 36 83 81 56 56 39 72 4 65 84 36 83 25 13 53 32 7 18 87 73 39 13 51 69 34 21 66 3 51 91 79 11 23 37 28 68 51 95 47 48 87 75 93 74 25 94 60 64 0 81 28 15 
72 35 90 20 62 53 54 63 25 97 21 7 59 57 75 14 19 88 40 3 57 74 89 9 36 13 51 52 48 56 32 76 39 79 94 73 7 51 52 0 7 33 95 15 20 46 86 94 14 51 2 77 0 33 33 25 66 92 36 45 3 23 31 14 53 82 94 73 68 36 33 50 30 18 30 48 81 0 99 64 
2 22 36 1 45 42 24 19 66 19 63 5 88 93 60 30 42 6 34 4 19 54 83 41 74 31 72 1 85 4 10 42 1 58 99 52 49 19 61 90 4 97 58 15 59 29 9 81 98 99 51 72 42 32 18 2 92 38 58 74 67 32 94 37 72 50 91 33 81 84 6 42 86 88 99 95 28 99 0 0 
37 12 55 91 17 22 47 93 34 12 3 12 49 94 59 53 9 78 75 32 33 46 72 8 10 61 32 23 71 19 88 66 21 58 28 8 39 35 73 42 8 27 41 73 69 91 41 17 2 43 74 88 62 91 37 38 70 53 35 77 30 54 38 9 96 26 90 61 4 6 58 91 28 70 77 79 15 64 0 0 
