100
0 61 30 85 59 12 88 46 19 94 63 14 69 95 45 76 4 41 7 37 94 19 7 13 72 48 93 84 22 46 73 55 85 77 42 48 76 55 94 36 46 90 15 29 35 40 92 40 29 13 47 51 54 17 15 57 90 21 92 80 71 73 63 52 3 35 29 79 92 70 34 93 25 53 97 76 56 90 73 55 26 19 30 37 23 9 11 22 47 31 50 50 48 49 8 82 87 38 93 86 
61 0 4 93 20 44 3 71 43 50 87 48 0 43 63 7 82 44 75 68 48 29 75 78 35 74 35 83 74 63 88 29 60 76 19 88 95 50 41 58 12 17 44 20 60 80 32 59 27 73 80 55 82 93 7 7 61 46 78 68 96 53 81 33 41 78 46 94 20 23 99 25 49 46 64 39 30 24 97 78 38 61 35 32 62 37 99 15 1 43 48 2 75 42 80 2 27 22 19 8 
30 4 0 28 20 85 55 38 1 37 59 6 61 23 41 95 6 58 24 70 55 20 90 83 78 79 77 41 58 52 71 66 45 83 1 26 43 72 5 42 60 98 81 31 54 48 95 11 79 24 33 79 23 1 97 98 46 94 87 81 86 37 71 56 12 41 84 25 57 16 9 82 80 55 42 67 9 1 11 4 17 21 56 48 55 70 90 24 44 46 10 82 39 67 14 3 85 62 2 38 
85 93 28 0 44 71 39 89 0 75 56 32 93 49 13 71 10 64 83 10 73 92 20 33 72 63 29 0 9 41 43 8 76 16 14 49 42 53 47 40 24 83 7 19 15 18 97 17 48 96 2 76 82 64 59 34 14 22 74 77 32 86 62 67 7 62 61 5 33 85 7 29 83 86 56 43 56 19 47 74 96 46 25 3 79 76 96 59 29 97 33 87 10 15 94 87 10 88 27 89 
59 20 20 44 0 93 35 80 33 31 9 92 75 21 97 83 35 29 27 75 85 17 12 9 56 48 72 83 81 59 70 95 13 17 81 98 82 78 58 84 9 35 72 95 21 97 24 17 44 2 47 11 18 56 35 55 45 92 23 1 94 57 95 85 72 31 73 77 7 33 24 97 84 28 66 16 60 63 55 11 91 28 6 69 78 29 32 43 68 23 28 95 43 44 93 87 14 77 50 22 
12 44 85 71 93 0 4 37 18 78 60 52 20 59 73 68 29 34 31 98 55 95 9 9 96 82 38 26 48 77 51 92 0 64 69 24 5 95 87 22 18 49 41 12 54 55 67 63 3 39 67 61 84 18 76 59 90 84 73 22 28 70 55 41 17 55 99 9 9 76 93 72 26 25 0 79 3 89 85 82 56 49 13 65 27 20 17 59 17 36 93 24 89 27 13 12 24 35 94 21 
88 3 55 39 35 4 0 50 56 91 91 3 79 10 47 58 19 59 5 93 28 85 0 2 2 17 76 40 59 10 0 54 65 49 86 42 40 86 82 83 51 84 53 81 87 53 51 49 12 35 75 39 37 73 45 1 34 2 0 11 98 33 93 9 97 13 14 90 20 65 10 43 17 36 68 50 17 57 14 26 43 81 45 65 90 98 72 72 14 30 8 21 66 59 25 86 91 70 83 43 
46 71 38 89 80 37 50 0 29 78 16 17 73 9 42 26 41 12 90 29 69 19 79 73 26 80 61 55 94 66 96 54 18 49 60 52 70 17 82 63 72 70 25 17 7 91 98 27 2 7 8 76 2 92 13 16 34 47 90 1 88 45 48 39 20 13 86 28 3 99 75 2 59 35 51 81 19 27 59 39 41 7 74 3 29 79 48 71 83 15 94 89 69 50 43 14 67 24 3 90 
19 43 1 0 33 18 56 29 0 91 60 95 58 43 51 39 89 81 16 20 18 65 30 65 65 71 85 62 0 3 16 0 79 53 65 68 40 38 44 43 41 71 78 25 73 74 32 80 41 19 96 6 97 16 96 89 52 61 16 12 57 16 39 81 6 39 98 43 18 59 58 45 88 14 46 29 53 27 95 45 10 28 14 94 43 53 45 37 23 99 98 42 74 50 13 98 15 85 36 3 
94 50 37 75 31 78 91 78 91 0 56 12 88 72 70 28 22 81 97 14 83 30 73 0 70 3 29 65 50 1 61 43 20 56 48 19 98 17 2 7 0 36 55 2 39 4 99 29 44 77 77 2 2 35 6 72 27 71 88 93 21 19 58 14 15 40 24 12 60 45 12 35 66 77 97 87 57 85 1 35 94 93 96 79 61 53 30 23 98 4 17 15 14 18 71 33 76 59 86 98 
63 87 59 56 9 60 91 16 60 56 0 35 29 34 46 65 6 35 72 8 63 48 54 44 17 88 7 63 26 61 40 35 0 49 64 31 77 83 64 65 53 35 6 11 43 19 19 14 34 84 73 81 76 31 83 71 68 96 33 69 85 91 74 99 80 3 34 85 13 30 71 98 78 59 62 53 76 51 94 98 70 25 26 62 96 64 55 10 85 27 1 17 41 26 58 44 64 54 31 40 
14 48 6 32 92 52 3 17 95 12 35 0 99 45 80 14 86 92 45 29 42 52 32 10 35 19 4 61 20 91 0 76 64 77 61 63 16 68 21 13 92 87 72 54 11 51 74 1 89 12 25 4 95 56 67 59 21 58 94 98 82 57 60 89 68 59 98 42 54 72 4 76 41 52 92 98 64 91 30 98 83 56 39 96 56 37 52 48 46 26 17 46 64 83 63 74 39 75 6 98 
69 0 61 93 75 20 79 73 58 88 29 99 0 74 8 4 96 14 99 51 24 73 94 46 57 22 61 34 17 42 5 9 77 85 38 51 90 46 38 8 92 12 75 73 59 31 37 47 61 61 97 54 21 87 84 18 96 7 68 89 80 7 98 82 55 28 81 40 84 25 0 22 34 94 38 32 16 90 17 43 86 2 90 79 75 78 69 91 28 18 53 93 68 30 63 74 17 85 29 86 
95 43 23 49 21 59 10 9 43 72 34 45 74 0 26 84 76 52 88 80 83 28 6 15 80 94 20 82 19 80 19 50 64 9 58 20 91 19 39 28 45 28 29 22 70 44 32 22 71 48 60 94 93 80 88 77 70 98 35 67 39 54 93 5 72 36 17 18 56 7 66 99 43 40 20 70 13 49 29 63 46 81 4 57 18 92 2 67 5 31 95 10 4 4 76 72 41 85 68 21 
45 63 41 13 97 73 47 42 51 70 46 80 8 26 0 54 26 70 87 69 72 62 61 27 62 82 96 18 6 17 66 0 19 84 41 15 45 92 47 67 10 87 84 66 34 61 94 78 15 76 17 8 2 97 34 8 81 28 34 37 34 35 99 17 38 17 23 62 59 37 59 24 91 31 88 94 55 46 59 86 92 8 13 68 1 13 17 8 76 82 93 13 2 83 61 2 52 17 69 54 
76 7 95 71 83 68 58 26 39 28 65 14 4 84 54 0 45 61 45 97 9 31 38 48 40 35 85 54 6 30 76 19 43 45 19 46 32 30 20 58 17 54 80 72 7 7 49 97 32 40 89 39 35 11 93 85 34 47 31 47 82 88 22 27 35 62 77 90 27 33 29 82 15 59 63 57 59 9 56 89 14 60 92 45 19 1 50 98 10 75 26 14 35 85 25 44 43 42 49 62 
4 82 6 10 35 29 19 41 89 22 6 86 96 76 26 45 0 2 5 8 70 16 40 13 51 3 77 55 42 90 21 74 75 54 22 34 89 28 63 75 41 66 24 76 33 30 42 21 88 58 17 95 30 89 42 96 6 0 41 90 65 10 4 41 70 7 23 36 88 91 79 98 10 3 68 39 73 14 18 92 68 96 92 41 58 84 97 59 1 37 89 23 83 32 26 60 36 25 32 56 
41 44 58 64 29 34 59 12 81 81 35 92 14 52 70 61 2 0 99 99 81 93 26 8 68 98 36 59 37 12 59 6 65 59 51 95 96 14 42 89 79 27 70 52 33 53 35 14 30 34 34 33 16 73 29 96 37 18 66 61 47 62 54 76 16 42 12 81 78 33 61 17 6 24 82 16 87 93 77 56 84 31 63 45 5 80 99 79 96 4 8 59 71 25 17 95 74 96 50 69 
7 75 24 83 27 31 5 90 16 97 72 45 99 88 87 45 5 99 0 18 91 28 54 1 49 57 10 70 52 99 90 52 4 89 28 13 96 46 97 31 8 49 47 20 22 36 12 61 59 14 19 93 43 43 22 42 53 82 43 28 13 60 78 37 38 42 68 18 40 45 38 40 65 69 23 38 44 64 50 1 57 2 26 8 57 83 64 75 11 16 63 6 11 42 53 79 76 10 17 72 
37 68 70 10 75 98 93 29 20 14 8 29 51 80 69 97 8 99 18 0 11 67 38 16 66 16 83 49 80 37 45 75 12 33 2 23 19 63 2 54 16 8 91 55 78 66 62 34 77 32 16 19 11 34 8 64 86 56 94 7 68 86 8 2 72 17 68 90 65 21 66 62 82 13 6 4 55 63 82 0 11 72 81 8 13 11 46 47 11 41 4 8 88 48 41 32 77 53 97 66 
94 48 55 73 85 55 28 69 18 83 63 42 24 83 72 9 70 81 91 11 0 63 53 42 14 30 72 60 88 84 10 29 49 5 84 99 98 68 4 27 87 44 14 14 97 63 48 65 8 87 67 64 91 8 45 15 9 12 6 37 58 90 37 55 14 91 84 40 78 99 5 32 43 62 18 57 76 62 66 4 36 62 77 44 25 67 22 94 87 92 33 31 55 58 42 13 65 54 3 34 
19 29 20 92 17 95 85 19 65 30 48 52 73 28 62 31 16 93 28 67 63 0 15 67 81 47 98 6 30 21 19 6 59 23 24 51 44 98 95 1 50 83 37 92 82 36 4 82 75 33 51 15 8 64 33 41 50 60 61 66 15 30 0 14 78 85 27 88 77 11 55 60 80 32 3 48 53 26 69 95 70 46 50 14 7 66 22 75 58 84 10 67 11 7 87 9 6 77 64 72 
7 75 90 20 12 9 0 79 30 73 54 32 94 6 61 38 40 26 54 38 53 15 0 6 94 49 64 53 22 69 84 53 51 84 96 21 50 42 84 19 61 94 39 65 33 6 55 59 78 65 89 37 98 69 51 49 37 96 3 83 9 19 42 47 18 30 91 9 69 88 23 57 77 51 47 26 53 44 29 6 35 1 35 55 35 1 88 75 52 40 49 39 6 67 75 2 31 85 90 90 
13 78 83 33 9 9 2 73 65 0 44 10 46 15 27 48 13 8 1 16 42 67 6 0 43 72 6 65 95 67 16 62 45 73 28 96 20 37 61 32 72 88 86 75 93 56 14 6 24 71 21 53 66 2 0 17 24 20 61 27 21 27 54 34 44 57 90 37 45 83 55 27 78 65 98 18 68 14 6 95 73 32 37 56 77 56 75 86 47 86 95 67 14 19 96 54 18 93 90 37 
72 35 78 72 56 96 2 26 65 70 17 35 57 80 62 40 51 68 49 66 14 81 94 43 0 17 35 76 14 62 92 95 82 66 57 12 79 31 83 28 60 43 87 37 10 8 93 89 71 8 32 5 85 66 63 94 23 44 2 22 30 30 54 3 77 71 56 85 70 93 87 81 35 75 60 9 97 10 82 46 18 39 91 37 68 16 84 99 2 90 20 17 62 28 31 72 75 33 41 26 
48 74 79 63 48 82 17 80 71 3 88 19 22 94 82 35 3 98 57 16 30 47 49 72 17 0 33 84 74 68 33 38 69 30 27 57 11 1 29 77 92 28 50 95 75 86 0 67 18 92 54 29 14 97 28 5 18 21 55 52 69 24 33 90 43 32 40 29 17 95 85 19 51 96 48 9 76 21 20 65 69 94 30 80 1 73 57 80 12 54 25 8 26 56 17 52 44 48 55 89 
93 35 77 29 72 38 76 61 85 29 7 4 61 20 96 85 77 36 10 83 72 98 64 6 35 33 0 93 95 81 22 98 84 80 2 49 14 54 19 5 54 81 59 18 85 59 23 89 56 17 58 1 65 36 65 38 95 10 87 84 94 86 47 43 81 57 96 46 12 92 75 50 41 68 35 99 69 38 14 62 22 1 54 42 7 12 21 0 26 74 84 77 19 76 99 4 56 84 60 91 
84 83 41 0 83 26 40 55 62 65 63 61 34 82 18 54 55 59 70 49 60 6 53 65 76 84 93 0 56 47 97 84 42 44 82 48 51 50 0 92 25 78 47 60 95 15 71 95 32 71 80 70 60 14 75 65 18 6 36 1 21 43 52 15 71 27 59 81 63 44 31 37 13 98 93 73 12 99 80 15 35 27 21 44 31 92 63 23 64 80 42 5 30 22 54 21 82 37 63 25 
22 74 58 9 81 48 59 94 0 50 26 20 17 19 6 6 42 37 52 80 88 30 22 95 14 74 95 56 0 48 37 65 49 59 65 67 77 61 43 19 36 44 97 91 65 66 56 85 28 35 78 18 94 93 73 97 88 77 29 93 81 9 29 0 25 32 96 1 31 67 56 7 43 26 84 20 26 63 76 28 89 59 84 62 37 41 18 24 16 74 64 68 68 78 33 55 42 66 46 32 
46 63 52 41 59 77 10 66 3 1 61 91 42 80 17 30 90 12 99 37 84 21 69 67 62 68 81 47 48 0 79 99 71 42 74 77 30 87 95 68 96 61 92 59 96 31 81 74 32 29 99 47 51 32 11 25 47 68 57 39 4 18 98 37 76 35 16 25 33 5 56 93 97 76 45 56 66 55 55 10 82 58 88 3 73 83 88 35 0 45 67 14 65 16 89 58 55 26 13 72 
73 88 71 43 70 51 0 96 16 61 40 0 5 19 66 76 21 59 90 45 10 19 84 16 92 33 22 97 37 79 0 19 57 98 76 38 98 22 15 94 48 62 14 5 53 96 91 17 53 24 20 23 72 65 29 72 64 96 45 43 6 98 14 91 0 40 20 69 46 50 13 0 79 60 53 50 51 3 67 16 58 56 94 34 8 59 81 72 40 42 93 36 80 10 28 43 88 66 43 10 
55 29 66 8 95 92 54 54 0 43 35 76 9 50 0 19 74 6 52 75 29 6 53 62 95 38 98 84 65 99 19 0 12 6 29 0 94 49 63 54 78 57 30 54 78 24 96 34 0 91 33 94 89 61 23 92 17 90 12 51 52 68 82 10 20 15 58 74 42 68 7 86 79 52 90 10 35 72 67 76 98 85 52 33 97 0 44 15 46 21 90 22 20 87 58 11 83 76 94 95 
85 60 45 76 13 0 65 18 79 20 0 64 77 64 19 43 75 65 4 12 49 59 51 45 82 69 84 42 49 71 57 12 0 99 76 97 96 85 18 13 56 58 62 20 83 12 77 16 36 92 2 10 49 92 69 14 15 86 19 47 64 32 60 38 12 11 32 39 97 93 13 87 69 50 53 80 75 57 73 20 19 66 40 12 74 24 96 44 59 22 25 75 46 35 28 53 62 69 97 92 
77 76 83 16 17 64 49 49 53 56 49 77 85 9 84 45 54 59 89 33 5 23 84 73 66 30 80 44 59 42 98 6 99 0 69 41 82 11 8 46 30 47 87 24 55 7 30 40 4 95 23 3 9 75 25 77 50 27 27 14 7 52 2 85 91 35 40 5 4 27 74 93 18 28 2 33 45 6 29 3 94 5 11 21 77 40 21 81 69 73 33 31 22 99 81 94 2 59 86 44 
42 19 1 14 81 69 86 60 65 48 64 61 38 58 41 19 22 51 28 2 84 24 96 28 57 27 2 82 65 74 76 29 76 69 0 6 17 85 42 73 72 41 93 68 88 64 24 76 49 48 63 97 90 39 36 83 4 79 57 42 8 84 54 5 7 64 33 74 16 89 35 82 88 13 4 97 29 37 67 54 10 15 11 10 39 46 64 79 8 45 2 84 81 52 27 4 8 19 97 3 
48 88 26 49 98 24 42 52 68 19 31 63 51 20 15 46 34 95 13 23 99 51 21 96 12 57 49 48 67 77 38 0 97 41 6 0 15 78 78 21 53 88 19 78 50 34 50 59 89 5 4 38 48 90 37 58 42 52 62 16 27 7 45 3 55 92 81 34 25 99 70 91 31 35 72 64 97 52 92 94 53 11 66 37 98 93 2 17 32 8 7 22 87 67 30 35 50 58 35 76 
76 95 43 42 82 5 40 70 40 98 77 16 90 91 45 32 89 96 96 19 98 44 50 20 79 11 14 51 77 30 98 94 96 82 17 15 0 76 32 51 75 6 99 18 71 11 8 25 85 49 99 90 64 62 68 52 29 15 34 96 37 5 15 69 58 32 72 32 87 72 60 56 54 78 57 61 35 62 65 8 26 3 17 30 65 57 29 58 15 33 54 54 84 24 50 18 73 33 36 66 
55 50 72 53 78 95 86 17 38 17 83 68 46 19 92 30 28 14 46 63 68 98 42 37 31 1 54 50 61 87 22 49 85 11 85 78 76 0 66 58 51 89 20 55 91 14 2 81 9 95 30 46 23 25 66 35 6 52 8 97 84 84 8 39 23 38 36 47 90 70 68 81 61 18 76 0 34 25 76 31 86 4 40 30 70 88 41 13 26 90 50 96 43 48 16 94 90 17 11 43 
94 41 5 47 58 87 82 82 44 2 64 21 38 39 47 20 63 42 97 2 4 95 84 61 83 29 19 0 43 95 15 63 18 8 42 78 32 66 0 6 28 47 44 76 41 54 3 89 65 10 31 32 57 4 24 89 90 34 81 45 14 46 25 89 27 6 34 54 5 93 69 42 98 98 38 22 63 66 30 61 32 8 53 63 78 39 99 19 89 88 95 73 31 89 83 21 90 75 0 6 
36 58 42 40 84 22 83 63 43 7 65 13 8 28 67 58 75 89 31 54 27 1 19 32 28 77 5 92 19 68 94 54 13 46 73 21 51 58 6 0 58 13 15 80 95 83 70 44 91 51 24 87 79 31 33 8 93 57 83 72 23 78 71 2 71 30 29 64 28 43 11 97 47 58 71 13 31 29 52 56 10 43 25 40 87 86 43 53 31 79 35 7 58 37 20 64 41 66 17 54 
46 12 60 24 9 18 51 72 41 0 53 92 92 45 10 17 41 79 8 16 87 50 61 72 60 92 54 25 36 96 48 78 56 30 72 53 75 51 28 58 0 49 94 8 68 78 31 83 14 59 22 33 27 28 59 11 46 9 55 86 62 84 42 50 46 47 10 88 87 44 46 66 31 48 89 3 12 38 11 71 31 75 66 96 22 24 74 5 66 97 53 48 1 66 97 14 40 42 80 71 
90 17 98 83 35 49 84 70 71 36 35 87 12 28 87 54 66 27 49 8 44 83 94 88 43 28 81 78 44 61 62 57 58 47 41 88 6 89 47 13 49 0 50 31 80 33 84 47 24 1 36 23 77 20 59 28 91 32 80 23 33 64 83 66 94 84 3 84 51 8 37 26 68 73 37 36 18 40 15 47 65 33 2 73 41 20 11 20 38 28 15 84 4 39 61 13 69 7 65 52 
15 44 81 7 72 41 53 25 78 55 6 72 75 29 84 80 24 70 47 91 14 37 39 86 87 50 59 47 97 92 14 30 62 87 93 19 99 20 44 15 94 50 0 98 51 89 40 73 26 34 19 31 5 43 97 42 27 37 91 22 7 79 92 82 27 44 80 60 16 51 45 69 80 38 37 80 68 60 49 67 56 29 98 49 62 96 96 59 71 21 57 61 88 95 36 67 46 52 51 40 
29 20 31 19 95 12 81 17 25 2 11 54 73 22 66 72 76 52 20 55 14 92 65 75 37 95 18 60 91 59 5 54 20 24 68 78 18 55 76 80 8 31 98 0 33 22 36 51 89 36 94 71 68 96 75 12 26 81 28 83 85 75 82 34 14 86 16 77 67 39 86 76 7 95 53 22 57 82 53 77 15 55 70 0 93 70 57 92 55 29 47 6 30 77 57 45 18 64 64 50 
35 60 54 15 21 54 87 7 73 39 43 11 59 70 34 7 33 33 22 78 97 82 33 93 10 75 85 95 65 96 53 78 83 55 88 50 71 91 41 95 68 80 51 33 0 59 89 67 86 42 92 51 62 42 52 55 93 68 22 15 94 39 38 91 5 5 42 35 22 99 91 12 14 1 79 19 29 77 0 81 52 20 98 55 22 4 93 6 30 74 31 85 39 92 90 74 15 79 78 28 
40 80 48 18 97 55 53 91 74 4 19 51 31 44 61 7 30 53 36 66 63 36 6 56 8 86 59 15 66 31 96 24 12 7 64 34 11 14 54 83 78 33 89 22 59 0 35 23 50 27 7 3 58 19 87 9 3 60 41 12 30 36 50 76 18 20 71 39 78 64 53 94 5 29 33 58 85 35 7 32 69 15 45 29 6 81 73 9 34 32 18 86 63 76 80 10 86 85 32 66 
92 32 95 97 24 67 51 98 32 99 19 74 37 32 94 49 42 35 12 62 48 4 55 14 93 0 23 71 56 81 91 96 77 30 24 50 8 2 3 70 31 84 40 36 89 35 0 40 7 80 30 65 67 12 50 63 98 17 24 58 40 68 4 55 69 47 5 57 84 73 38 25 31 44 86 24 99 46 44 77 69 81 74 2 23 97 10 42 52 60 35 81 52 31 31 11 11 20 36 55 
40 59 11 17 17 63 49 27 80 29 14 1 47 22 78 97 21 14 61 34 65 82 59 6 89 67 89 95 85 74 17 34 16 40 76 59 25 81 89 44 83 47 73 51 67 23 40 0 24 88 8 60 84 89 27 64 12 10 0 22 63 91 18 74 45 6 54 72 58 74 40 53 90 27 5 55 30 68 77 20 56 73 69 64 93 69 50 65 93 42 93 87 25 26 72 96 91 73 87 18 
29 27 79 48 44 3 12 2 41 44 34 89 61 71 15 32 88 30 59 77 8 75 78 24 71 18 56 32 28 32 53 0 36 4 49 89 85 9 65 91 14 24 26 89 86 50 7 24 0 93 33 49 81 17 31 77 69 84 3 83 95 1 64 15 33 1 39 2 10 47 70 61 17 55 16 1 91 12 42 14 6 92 98 21 68 23 60 18 9 21 41 71 1 47 19 43 66 38 15 87 
13 73 24 96 2 39 35 7 19 77 84 12 61 48 76 40 58 34 14 32 87 33 65 71 8 92 17 71 35 29 24 91 92 95 48 5 49 95 10 51 59 1 34 36 42 27 80 88 93 0 35 22 46 6 79 50 78 88 32 20 55 92 34 24 23 19 89 34 34 46 6 89 12 18 12 23 46 2 71 19 81 92 2 38 46 48 26 75 38 47 72 7 50 97 76 75 92 8 0 8 
47 80 33 2 47 67 75 8 96 77 73 25 97 60 17 89 17 34 19 16 67 51 89 21 32 54 58 80 78 99 20 33 2 23 63 4 99 30 31 24 22 36 19 94 92 7 30 8 33 35 0 43 89 15 19 41 25 17 24 17 56 93 0 98 86 69 47 49 2 20 13 94 87 31 96 72 47 55 79 19 69 17 99 75 91 39 2 10 44 44 59 60 68 94 73 72 78 72 48 86 
51 55 79 76 11 61 39 76 6 2 81 4 54 94 8 39 95 33 93 19 64 15 37 53 5 29 1 70 18 47 23 94 10 3 97 38 90 46 32 87 33 23 31 71 51 3 65 60 49 22 43 0 15 42 13 89 71 71 60 71 50 19 74 23 53 29 99 71 44 22 93 43 3 68 67 79 31 52 68 20 72 46 0 4 3 74 94 12 95 60 14 54 80 56 94 30 37 37 31 57 
54 82 23 82 18 84 37 2 97 2 76 95 21 93 2 35 30 16 43 11 91 8 98 66 85 14 65 60 94 51 72 89 49 9 90 48 64 23 57 79 27 77 5 68 62 58 67 84 81 46 89 15 0 62 68 16 37 77 77 96 46 86 43 82 20 76 48 47 1 11 18 43 28 13 88 63 97 79 82 92 38 91 33 88 28 45 10 18 86 90 37 19 71 39 22 42 99 40 85 94 
17 93 1 64 56 18 73 92 16 35 31 56 87 80 97 11 89 73 43 34 8 64 69 2 66 97 36 14 93 32 65 61 92 75 39 90 62 25 4 31 28 20 43 96 42 19 12 89 17 6 15 42 62 0 7 7 63 96 10 55 90 87 50 66 40 28 2 44 37 54 76 40 25 12 36 50 80 92 10 45 11 91 84 30 13 86 61 17 21 59 57 20 20 18 70 44 81 43 15 83 
15 7 97 59 35 76 45 13 96 6 83 67 84 88 34 93 42 29 22 8 45 33 51 0 63 28 65 75 73 11 29 23 69 25 36 37 68 66 24 33 59 59 97 75 52 87 50 27 31 79 19 13 68 7 0 54 1 99 78 30 93 4 62 26 36 51 9 48 8 56 62 76 89 68 6 97 14 33 29 69 37 33 75 36 23 49 79 49 85 70 44 19 68 30 66 45 75 93 46 10 
57 7 98 34 55 59 1 16 89 72 71 59 18 77 8 85 96 96 42 64 15 41 49 17 94 5 38 65 97 25 72 92 14 77 83 58 52 35 89 8 11 28 42 12 55 9 63 64 77 50 41 89 16 7 54 0 89 28 40 39 95 36 30 58 43 11 50 24 62 95 9 59 54 79 74 42 77 38 17 53 77 28 74 46 43 20 0 43 20 92 67 80 19 48 5 81 37 2 16 0 
90 61 46 14 45 90 34 34 52 27 68 21 96 70 81 34 6 37 53 86 9 50 37 24 23 18 95 18 88 47 64 17 15 50 4 42 29 6 90 93 46 91 27 26 93 3 98 12 69 78 25 71 37 63 1 89 0 5 63 62 94 74 53 56 7 44 32 68 63 0 76 85 10 33 77 23 48 2 83 32 20 18 94 80 17 76 19 62 39 28 15 16 53 89 40 2 22 30 76 24 
21 46 94 22 92 84 2 47 61 71 96 58 7 98 28 47 0 18 82 56 12 60 96 20 44 21 10 6 77 68 96 90 86 27 79 52 15 52 34 57 9 32 37 81 68 60 17 10 84 88 17 71 77 96 99 28 5 0 32 94 29 17 62 63 87 82 90 78 84 70 99 66 39 36 38 31 47 26 71 87 67 36 6 29 39 27 54 17 27 56 52 36 32 82 6 39 52 69 90 42 
92 78 87 74 23 73 0 90 16 88 33 94 68 35 34 31 41 66 43 94 6 61 3 61 2 55 87 36 29 57 45 12 19 27 57 62 34 8 81 83 55 80 91 28 22 41 24 0 3 32 24 60 77 10 78 40 63 32 0 15 58 92 47 41 73 83 93 76 86 4 98 96 53 59 59 91 93 85 94 80 18 61 49 82 4 28 11 36 15 79 16 41 93 91 67 23 33 95 92 84 
80 68 81 77 1 22 11 1 12 93 69 98 89 67 37 47 90 61 28 7 37 66 83 27 22 52 84 1 93 39 43 51 47 14 42 16 96 97 45 72 86 23 22 83 15 12 58 22 83 20 17 71 96 55 30 39 62 94 15 0 99 95 75 38 77 28 61 66 99 25 55 69 9 92 91 99 60 14 29 38 71 42 1 80 39 15 42 0 10 17 27 27 59 51 59 12 26 58 63 79 
71 96 86 32 94 28 98 88 57 21 85 82 80 39 34 82 65 47 13 68 58 15 9 21 30 69 94 21 81 4 6 52 64 7 8 27 37 84 14 23 62 33 7 85 94 30 40 63 95 55 56 50 46 90 93 95 94 29 58 99 0 11 54 92 23 95 25 55 0 22 32 18 26 4 51 16 64 4 8 17 67 79 38 29 55 66 61 77 15 70 98 90 56 83 27 98 50 36 19 66 
73 53 37 86 57 70 33 45 16 19 91 57 7 54 35 88 10 62 60 86 90 30 19 27 30 24 86 43 9 18 98 68 32 52 84 7 5 84 46 78 84 64 79 75 39 36 68 91 1 92 93 19 86 87 4 36 74 17 92 95 11 0 27 69 56 41 46 52 70 46 75 25 52 85 66 38 71 68 56 51 59 6 69 92 66 66 6 13 90 73 72 79 90 31 53 65 31 41 71 53 
63 81 71 62 95 55 93 48 39 58 74 60 98 93 99 22 4 54 78 8 37 0 42 54 54 33 47 52 29 98 14 82 60 2 54 45 15 8 25 71 42 83 92 82 38 50 4 18 64 34 0 74 43 50 62 30 53 62 47 75 54 27 0 5 98 25 1 28 58 63 92 96 57 0 38 36 11 59 12 65 51 45 41 28 38 98 46 0 79 83 91 54 34 80 79 28 99 64 12 42 
52 33 56 67 85 41 9 39 81 14 99 89 82 5 17 27 41 76 37 2 55 14 47 34 3 90 43 15 0 37 91 10 38 85 5 3 69 39 89 2 50 66 82 34 91 76 55 74 15 24 98 23 82 66 26 58 56 63 41 38 92 69 5 0 93 53 20 35 22 20 24 61 49 0 88 34 56 52 70 18 81 24 80 9 74 90 1 78 86 35 70 90 3 1 44 53 31 93 24 23 
3 41 12 7 72 17 97 20 6 15 80 68 55 72 38 35 70 16 38 72 14 78 18 44 77 43 81 71 25 76 0 20 12 91 7 55 58 23 27 71 46 94 27 14 5 18 69 45 33 23 86 53 20 40 36 43 7 87 73 77 23 56 98 93 0 81 44 74 97 15 91 57 13 23 71 85 27 89 21 52 39 90 55 61 99 23 24 34 15 10 2 41 4 93 26 39 57 10 96 25 
35 78 41 62 31 55 13 13 39 40 3 59 28 36 17 62 7 42 42 17 91 85 30 57 71 32 57 27 32 35 40 15 11 35 64 92 32 38 6 30 47 84 44 86 5 20 47 6 1 19 69 29 76 28 51 11 44 82 83 28 95 41 25 53 81 0 73 30 73 96 16 76 9 39 57 55 45 54 62 84 40 18 42 57 77 79 50 6 45 21 88 86 18 63 81 92 96 83 12 16 
29 46 84 61 73 99 14 86 98 24 34 98 81 17 23 77 23 12 68 68 84 27 91 90 56 40 96 59 96 16 20 58 32 40 33 81 72 36 34 29 10 3 80 16 42 71 5 54 39 89 47 99 48 2 9 50 32 90 93 61 25 46 1 20 44 73 0 7 90 87 51 88 11 88 11 2 26 1 81 53 55 66 38 60 37 46 55 95 16 98 78 27 48 54 1 49 53 69 67 54 
79 94 25 5 77 9 90 28 43 12 85 42 40 18 62 90 36 81 18 90 40 88 9 37 85 29 46 81 1 25 69 74 39 5 74 34 32 47 54 64 88 84 60 77 35 39 57 72 2 34 49 71 47 44 48 24 68 78 76 66 55 52 28 35 74 30 7 0 66 64 84 96 67 97 83 73 43 74 70 51 6 25 76 21 88 49 75 80 19 72 6 79 44 77 27 51 64 55 15 91 
92 20 57 33 7 9 20 3 18 60 13 54 84 56 59 27 88 78 40 65 78 77 69 45 70 17 12 63 31 33 46 42 97 4 16 25 87 90 5 28 87 51 16 67 22 78 84 58 10 34 2 44 1 37 8 62 63 84 86 99 0 70 58 22 97 73 90 66 0 20 55 48 91 23 73 76 19 30 27 49 3 34 35 1 73 31 65 87 5 70 31 85 45 26 71 8 8 91 2 63 
70 23 16 85 33 76 65 99 59 45 30 72 25 7 37 33 91 33 45 21 99 11 88 83 93 95 92 44 67 5 50 68 93 27 89 99 72 70 93 43 44 8 51 39 99 64 73 74 47 46 20 22 11 54 56 95 0 70 4 25 22 46 63 20 15 96 87 64 20 0 72 78 10 35 83 43 96 19 8 34 73 7 45 95 95 95 60 53 66 70 85 71 81 88 62 16 0 4 90 49 
34 99 9 7 24 93 10 75 58 12 71 4 0 66 59 29 79 61 38 66 5 55 23 55 87 85 75 31 56 56 13 7 13 74 35 70 60 68 69 11 46 37 45 86 91 53 38 40 70 6 13 93 18 76 62 9 76 99 98 55 32 75 92 24 91 16 51 84 55 72 0 64 53 38 20 78 1 83 20 41 34 52 64 73 1 31 21 62 1 79 50 31 26 84 3 79 61 91 59 88 
93 25 82 29 97 72 43 2 45 35 98 76 22 99 24 82 98 17 40 62 32 60 57 27 81 19 50 37 7 93 0 86 87 93 82 91 56 81 42 97 66 26 69 76 12 94 25 53 61 89 94 43 43 40 76 59 85 66 96 69 18 25 96 61 57 76 88 96 48 78 64 0 98 7 25 68 69 25 40 34 74 80 10 26 95 26 59 71 80 74 74 88 80 16 26 10 95 95 87 53 
25 49 80 83 84 26 17 59 88 66 78 41 34 43 91 15 10 6 65 82 43 80 77 78 35 51 41 13 43 97 79 79 69 18 88 31 54 61 98 47 31 68 80 7 14 5 31 90 17 12 87 3 28 25 89 54 10 39 53 9 26 52 57 49 13 9 11 67 91 10 53 98 0 66 94 21 54 39 60 14 76 60 37 58 40 4 55 64 90 57 38 47 1 86 58 2 77 25 46 29 
53 46 55 86 28 25 36 35 14 77 59 52 94 40 31 59 3 24 69 13 62 32 51 65 75 96 68 98 26 76 60 52 50 28 13 35 78 18 98 58 48 73 38 95 1 29 44 27 55 18 31 68 13 12 68 79 33 36 59 92 4 85 0 0 23 39 88 97 23 35 38 7 66 0 37 16 89 11 83 28 76 5 94 31 93 2 33 42 40 64 91 31 57 90 98 6 82 74 54 46 
97 64 42 56 66 0 68 51 46 97 62 92 38 20 88 63 68 82 23 6 18 3 47 98 60 48 35 93 84 45 53 90 53 2 4 72 57 76 38 71 89 37 37 53 79 33 86 5 16 12 96 67 88 36 6 74 77 38 59 91 51 66 38 88 71 57 11 83 73 83 20 25 94 37 0 5 25 92 91 49 13 78 4 19 42 72 56 27 7 92 75 2 16 74 72 57 92 59 53 84 
76 39 67 43 16 79 50 81 29 87 53 98 32 70 94 57 39 16 38 4 57 48 26 18 9 9 99 73 20 56 50 10 80 33 97 64 61 0 22 13 3 36 80 22 19 58 24 55 1 23 72 79 63 50 97 42 23 31 91 99 16 38 36 34 85 55 2 73 76 43 78 68 21 16 5 0 34 31 47 23 26 35 9 25 60 5 44 43 99 75 43 62 8 6 47 17 19 52 67 19 
56 30 9 56 60 3 17 19 53 57 76 64 16 13 55 59 73 87 44 55 76 53 53 68 97 76 69 12 26 66 51 35 75 45 29 97 35 34 63 31 12 18 68 57 29 85 99 30 91 46 47 31 97 80 14 77 48 47 93 60 64 71 11 56 27 45 26 43 19 96 1 69 54 89 25 34 0 80 99 88 63 43 64 80 39 98 20 8 89 64 44 7 74 6 15 88 57 51 61 64 
90 24 1 19 63 89 57 27 27 85 51 91 90 49 46 9 14 93 64 63 62 26 44 14 10 21 38 99 63 55 3 72 57 6 37 52 62 25 66 29 38 40 60 82 77 35 46 68 12 2 55 52 79 92 33 38 2 26 85 14 4 68 59 52 89 54 1 74 30 19 83 25 39 11 92 31 80 0 12 94 48 79 96 70 4 69 21 72 50 68 35 15 83 62 72 90 45 80 59 81 
73 97 11 47 55 85 14 59 95 1 94 30 17 29 59 56 18 77 50 82 66 69 29 6 82 20 14 80 76 55 67 67 73 29 67 92 65 76 30 52 11 15 49 53 0 7 44 77 42 71 79 68 82 10 29 17 83 71 94 29 8 56 12 70 21 62 81 70 27 8 20 40 60 83 91 47 99 12 0 76 53 46 99 60 98 8 61 16 99 71 74 79 23 3 8 80 29 56 36 83 
55 78 4 74 11 82 26 39 45 35 98 98 43 63 86 89 92 56 1 0 4 95 6 95 46 65 62 15 28 10 16 76 20 3 54 94 8 31 61 56 71 47 67 77 81 32 77 20 14 19 19 20 92 45 69 53 32 87 80 38 17 51 65 18 52 84 53 51 49 34 41 34 14 28 49 23 88 94 76 0 6 5 84 31 60 14 6 66 90 43 91 96 35 54 40 39 64 93 51 74 
26 38 17 96 91 56 43 41 10 94 70 83 86 46 92 14 68 84 57 11 36 70 35 73 18 69 22 35 89 82 58 98 19 94 10 53 26 86 32 10 31 65 56 15 52 69 69 56 6 81 69 72 38 11 37 77 20 67 18 71 67 59 51 81 39 40 55 6 3 73 34 74 76 76 13 26 63 48 53 6 0 73 45 19 72 60 47 66 88 68 53 59 15 83 64 53 65 29 5 65 
19 61 21 46 28 49 81 7 28 93 25 56 2 81 8 60 96 31 2 72 62 46 1 32 39 94 1 27 59 58 56 85 66 5 15 11 3 4 8 43 75 33 29 55 20 15 81 73 92 92 17 46 91 91 33 28 18 36 61 42 79 6 45 24 90 18 66 25 34 7 52 80 60 5 78 35 43 79 46 5 73 0 77 38 25 39 22 26 65 15 99 27 41 52 60 96 94 54 18 4 
30 35 56 25 6 13 45 74 14 96 26 39 90 4 13 92 92 63 26 81 77 50 35 37 91 30 54 21 84 88 94 52 40 11 11 66 17 40 53 25 66 2 98 70 98 45 74 69 98 2 99 0 33 84 75 74 94 6 49 1 38 69 41 80 55 42 38 76 35 45 64 10 37 94 4 9 64 96 99 84 45 77 0 75 68 39 24 22 19 50 0 31 71 15 67 79 38 90 58 68 
37 32 48 3 69 65 65 3 94 79 62 96 79 57 68 45 41 45 8 8 44 14 55 56 37 80 42 44 62 3 34 33 12 21 10 37 30 30 63 40 96 73 49 0 55 29 2 64 21 38 75 4 88 30 36 46 80 29 82 80 29 92 28 9 61 57 60 21 1 95 73 26 58 31 19 25 80 70 60 31 19 38 75 0 22 58 25 62 33 63 47 84 64 97 26 13 94 38 71 20 
23 62 55 79 78 27 90 29 43 61 96 56 75 18 1 19 58 5 57 13 25 7 35 77 68 1 7 31 37 73 8 97 74 77 39 98 65 70 78 87 22 41 62 93 22 6 23 93 68 46 91 3 28 13 23 43 17 39 4 39 55 66 38 74 99 77 37 88 73 95 1 95 40 93 42 60 39 4 98 60 72 25 68 22 0 77 34 98 63 37 92 16 96 53 82 50 17 72 70 74 
9 37 70 76 29 20 98 79 53 53 64 37 78 92 13 1 84 80 83 11 67 66 1 56 16 73 12 92 41 83 59 0 24 40 46 93 57 88 39 86 24 20 96 70 4 81 97 69 23 48 39 74 45 86 49 20 76 27 28 15 66 66 98 90 23 79 46 49 31 95 31 26 4 2 72 5 98 69 8 14 60 39 39 58 77 0 17 29 61 20 52 7 52 47 15 20 8 30 89 33 
11 99 90 96 32 17 72 48 45 30 55 52 69 2 17 50 97 99 64 46 22 22 88 75 84 57 21 63 18 88 81 44 96 21 64 2 29 41 99 43 74 11 96 57 93 73 10 50 60 26 2 94 10 61 79 0 19 54 11 42 61 6 46 1 24 50 55 75 65 60 21 59 55 33 56 44 20 21 61 6 47 22 24 25 34 17 0 77 44 3 80 65 53 88 22 30 36 70 76 13 
22 15 24 59 43 59 72 71 37 23 10 48 91 67 8 98 59 79 75 47 94 75 75 86 99 80 0 23 24 35 72 15 44 81 79 17 58 13 19 53 5 20 59 92 6 9 42 65 18 75 10 12 18 17 49 43 62 17 36 0 77 13 0 78 34 6 95 80 87 53 62 71 64 42 27 43 8 72 16 66 66 26 22 62 98 29 77 0 61 93 71 20 16 84 4 67 82 0 28 90 
47 1 44 29 68 17 14 83 23 98 85 46 28 5 76 10 1 96 11 11 87 58 52 47 2 12 26 64 16 0 40 46 59 69 8 32 15 26 89 31 66 38 71 55 30 34 52 93 9 38 44 95 86 21 85 20 39 27 15 10 15 90 79 86 15 45 16 19 5 66 1 80 90 40 7 99 89 50 99 90 88 65 19 33 63 61 44 61 0 45 97 45 60 15 1 31 71 88 91 43 
31 43 46 97 23 36 30 15 99 4 27 26 18 31 82 75 37 4 16 41 92 84 40 86 90 54 74 80 74 45 42 21 22 73 45 8 33 90 88 79 97 28 21 29 74 32 60 42 21 47 44 60 90 59 70 92 28 56 79 17 70 73 83 35 10 21 98 72 70 70 79 74 57 64 92 75 64 68 71 43 68 15 50 63 37 20 3 93 45 0 6 88 31 98 2 90 45 96 53 33 
50 48 10 33 28 93 8 94 98 17 1 17 53 95 93 26 89 8 63 4 33 10 49 95 20 25 84 42 64 67 93 90 25 33 2 7 54 50 95 35 53 15 57 47 31 18 35 93 41 72 59 14 37 57 44 67 15 52 16 27 98 72 91 70 2 88 78 6 31 85 50 74 38 91 75 43 44 35 74 91 53 99 0 47 92 52 80 71 97 6 0 75 5 52 24 78 20 22 74 53 
50 2 82 87 95 24 21 89 42 15 17 46 93 10 13 14 23 59 6 8 31 67 39 67 17 8 77 5 68 14 36 22 75 31 84 22 54 96 73 7 48 84 61 6 85 86 81 87 71 7 60 54 19 20 19 80 16 36 41 27 90 79 54 90 41 86 27 79 85 71 31 88 47 31 2 62 7 15 79 96 59 27 31 84 16 7 65 20 45 88 75 0 65 29 42 65 19 86 20 76 
48 75 39 10 43 89 66 69 74 14 41 64 68 4 2 35 83 71 11 88 55 11 6 14 62 26 19 30 68 65 80 20 46 22 81 87 84 43 31 58 1 4 88 30 39 63 52 25 1 50 68 80 71 20 68 19 53 32 93 59 56 90 34 3 4 18 48 44 45 81 26 80 1 57 16 8 74 83 23 35 15 41 71 64 96 52 53 16 60 31 5 65 0 75 23 35 13 26 6 76 
49 42 67 15 44 27 59 50 50 18 26 83 30 4 83 85 32 25 42 48 58 7 67 19 28 56 76 22 78 16 10 87 35 99 52 67 24 48 89 37 66 39 95 77 92 76 31 26 47 97 94 56 39 18 30 48 89 82 91 51 83 31 80 1 93 63 54 77 26 88 84 16 86 90 74 6 6 62 3 54 83 52 15 97 53 47 88 84 15 98 52 29 75 0 9 97 68 82 21 1 
8 80 14 94 93 13 25 43 13 71 58 63 63 76 61 25 26 17 53 41 42 87 75 96 31 17 99 54 33 89 28 58 28 81 27 30 50 16 83 20 97 61 36 57 90 80 31 72 19 76 73 94 22 70 66 5 40 6 67 59 27 53 79 44 26 81 1 27 71 62 3 26 58 98 72 47 15 72 8 40 64 60 67 26 82 15 22 4 1 2 24 42 23 9 0 84 68 52 67 18 
82 2 3 87 87 12 86 14 98 33 44 74 74 72 2 44 60 95 79 32 13 9 2 54 72 52 4 21 55 58 43 11 53 94 4 35 18 94 21 64 14 13 67 45 74 10 11 96 43 75 72 30 42 44 45 81 2 39 23 12 98 65 28 53 39 92 49 51 8 16 79 10 2 6 57 17 88 90 80 39 53 96 79 13 50 20 30 67 31 90 78 65 35 97 84 0 64 63 55 48 
87 27 85 10 14 24 91 67 15 76 64 39 17 41 52 43 36 74 76 77 65 6 31 18 75 44 56 82 42 55 88 83 62 2 8 50 73 90 90 41 40 69 46 18 15 86 11 91 66 92 78 37 99 81 75 37 22 52 33 26 50 31 99 31 57 96 53 64 8 0 61 95 77 82 92 19 57 45 29 64 65 94 38 94 17 8 36 82 71 45 20 19 13 68 68 64 0 79 48 89 
38 22 62 88 77 35 70 24 85 59 54 75 85 85 17 42 25 96 10 53 54 77 85 93 33 48 84 37 66 26 66 76 69 59 19 58 33 17 75 66 42 7 52 64 79 85 20 73 38 8 72 37 40 43 93 2 30 69 95 58 36 41 64 93 10 83 69 55 91 4 91 95 25 74 59 52 51 80 56 93 29 54 90 38 72 30 70 0 88 96 22 86 26 82 52 63 79 0 95 59 
93 19 2 27 50 94 83 3 36 86 31 6 29 68 69 49 32 50 17 97 3 64 90 90 41 55 60 63 46 13 43 94 97 86 97 35 36 11 0 17 80 65 51 64 78 32 36 87 15 0 48 31 85 15 46 16 76 90 92 63 19 71 12 24 96 12 67 15 2 90 59 87 46 54 53 67 61 59 36 51 5 18 58 71 70 89 76 28 91 53 74 20 6 21 67 55 48 95 0 61 
86 8 38 89 22 21 43 90 3 98 40 98 86 21 54 62 56 69 72 66 34 72 90 37 26 89 91 25 32 72 10 95 92 44 3 76 66 43 6 54 71 52 40 50 28 66 55 18 87 8 86 57 94 83 10 0 24 42 84 79 66 53 42 23 25 16 54 91 63 49 88 53 29 46 84 19 64 81 83 74 65 4 68 20 74 33 13 90 43 33 53 76 76 1 18 48 89 59 61 0 
0 81 52 64 49 38 12 85 51 7 24 66 69 0 91 79 25 79 95 6 18 66 41 93 69 0 18 62 76 35 38 22 37 13 52 96 79 9 75 51 11 45 3 72 89 94 73 72 76 38 73 94 39 97 73 87 53 84 30 81 40 89 75 5 33 42 77 45 30 95 5 28 85 75 34 87 26 44 99 54 5 41 43 71 90 60 85 37 80 1 58 60 54 95 64 83 13 58 33 73 
81 0 2 94 9 37 60 56 2 86 99 71 58 31 27 45 83 99 3 20 82 10 57 56 77 31 62 92 22 6 71 34 76 38 70 16 70 10 25 66 54 64 57 81 62 87 12 15 67 33 7 9 18 76 19 97 90 69 73 87 88 9 2 45 44 31 45 70 67 27 38 32 36 4 37 34 41 30 77 14 87 12 92 76 32 14 98 8 17 57 96 23 74 77 13 68 71 3 78 50 
52 2 0 33 6 18 75 84 63 71 93 9 52 79 98 79 76 15 20 17 2 67 81 31 21 17 85 76 95 38 20 67 75 93 74 21 94 80 29 79 67 31 24 17 72 86 17 46 50 49 63 82 34 84 49 75 41 82 48 51 49 6 13 96 95 67 50 57 57 73 61 63 18 22 62 24 86 33 77 13 68 30 34 79 0 53 86 46 61 86 34 32 82 82 43 84 10 26 47 86 
64 94 33 0 35 8 96 84 25 77 18 37 60 60 37 48 35 81 20 52 71 72 53 70 80 69 26 50 34 8 42 24 6 46 67 32 95 39 71 57 50 83 69 24 51 70 76 82 77 30 7 65 51 57 67 9 84 49 53 52 65 64 63 80 97 43 47 13 16 5 59 35 62 1 45 13 67 91 65 65 33 70 28 84 83 60 12 53 75 19 23 83 47 13 1 39 16 80 34 24 
49 9 6 35 0 24 74 96 19 22 41 83 37 58 74 48 1 24 87 55 81 73 10 43 7 85 14 11 44 74 95 59 99 52 88 66 25 98 44 52 9 70 10 30 92 61 39 61 41 21 87 23 10 81 57 68 79 84 47 17 79 14 50 24 21 5 14 13 54 28 63 78 68 46 52 38 97 92 94 59 80 32 78 78 22 55 61 12 50 77 40 89 90 26 76 36 24 73 36 56 
38 37 18 8 24 0 16 36 53 94 36 53 45 0 6 27 59 73 0 71 88 68 65 22 96 8 84 69 44 41 54 17 99 31 26 31 79 22 10 86 46 37 56 29 62 78 24 40 74 89 23 83 76 45 94 52 52 64 63 20 86 96 15 63 94 4 89 98 13 99 57 97 18 93 62 72 0 9 74 99 31 84 90 82 16 29 81 0 54 72 15 99 86 80 78 79 62 23 80 49 
12 60 75 96 74 16 0 86 18 39 79 20 76 37 61 61 65 30 28 96 87 89 68 80 87 2 60 59 53 66 16 40 67 58 30 70 94 84 1 30 8 54 41 57 1 49 60 81 15 32 10 47 10 56 15 65 90 40 61 89 85 48 95 6 99 63 88 39 99 0 72 53 43 73 41 50 9 61 79 61 26 9 23 37 86 26 23 46 6 38 31 83 3 94 45 53 19 67 66 1 
85 56 84 84 96 36 86 0 0 48 91 33 78 9 62 70 23 35 46 34 37 87 20 34 26 30 70 78 47 78 77 93 4 42 53 11 32 0 87 86 76 67 82 28 34 10 35 3 26 28 73 37 5 88 26 69 38 78 47 80 28 11 22 74 93 93 68 81 65 57 12 50 38 14 39 45 21 22 74 39 12 93 60 78 58 98 43 96 86 55 36 86 94 65 76 25 63 76 35 6 
51 2 63 25 19 53 18 0 0 33 56 33 48 6 71 92 24 55 5 58 2 8 29 54 77 5 50 95 74 98 24 39 80 12 75 57 66 96 42 21 68 27 61 4 20 18 84 49 62 71 13 50 65 51 89 55 82 8 50 79 35 77 3 57 67 67 5 39 55 99 67 67 36 94 67 92 26 78 93 48 69 76 83 17 12 73 90 1 56 59 4 71 25 43 13 42 26 57 73 92 
7 86 71 77 22 94 39 48 33 0 61 38 2 89 86 61 81 82 2 64 76 25 81 10 14 92 7 95 39 69 44 27 79 90 0 53 92 2 84 13 30 81 31 82 55 92 74 92 51 46 63 83 60 19 87 85 20 17 75 80 38 88 63 12 54 57 69 84 6 98 3 1 68 66 97 2 58 1 89 20 45 29 85 88 31 6 76 84 6 58 25 96 82 37 92 30 42 71 61 87 
24 99 93 18 41 36 79 91 56 61 0 53 91 13 43 17 45 36 70 33 70 89 44 32 26 68 0 32 9 19 82 8 53 65 58 44 68 96 83 80 78 94 65 67 22 77 3 3 56 62 66 22 93 74 36 37 96 29 15 47 79 1 67 94 2 15 76 27 59 66 25 0 21 45 74 45 54 76 92 84 91 95 25 69 9 23 19 38 56 83 2 17 90 7 5 77 6 39 41 45 
66 71 9 37 83 53 20 33 33 38 53 0 32 49 21 58 6 68 71 68 60 22 27 80 66 71 72 7 44 86 66 49 73 77 65 88 99 31 18 15 81 50 85 33 60 38 49 54 56 67 40 79 36 8 5 16 6 85 19 30 83 86 96 52 96 89 96 21 9 56 94 46 81 36 22 80 63 21 62 15 11 6 13 47 53 93 15 16 45 61 0 2 28 4 31 14 59 91 29 64 
69 58 52 60 37 45 76 78 48 2 91 32 0 57 37 42 3 10 4 48 24 9 56 93 74 90 45 96 22 99 14 9 26 28 66 74 1 29 47 51 18 0 21 16 86 88 4 15 24 96 94 9 30 66 41 90 62 60 94 98 25 5 22 3 57 7 12 39 75 48 8 40 59 5 7 12 39 98 34 46 49 29 55 37 54 9 8 87 65 67 97 45 8 87 63 25 11 21 61 78 
0 31 79 60 58 0 37 9 6 89 13 49 57 0 42 72 55 22 72 58 77 21 63 46 42 22 63 45 32 36 85 26 41 56 43 69 51 44 87 95 93 78 98 22 89 30 89 86 68 97 56 57 64 21 13 65 62 33 84 0 42 22 70 88 84 22 76 60 21 55 87 87 32 5 65 98 13 31 83 55 89 86 98 66 98 24 78 43 75 49 95 69 94 19 41 66 13 47 5 1 
91 27 98 37 74 6 61 62 71 86 43 21 37 42 0 88 6 35 11 74 44 46 31 9 26 40 69 25 6 86 96 33 59 41 74 21 68 50 43 31 76 67 93 8 73 2 32 99 4 17 13 83 34 71 21 95 53 42 92 82 16 37 59 36 16 54 3 84 28 77 84 95 53 91 71 30 14 2 77 88 63 8 99 94 37 16 20 16 56 91 23 55 87 11 83 32 75 67 53 62 
79 45 79 48 48 27 61 70 92 61 17 58 42 72 88 0 76 41 3 2 23 24 13 64 59 52 58 23 83 34 26 93 62 75 81 9 21 93 21 19 60 71 95 12 46 75 4 51 8 16 8 81 41 78 37 80 56 84 34 61 64 78 81 33 33 74 8 72 38 74 46 81 97 3 8 73 21 47 75 22 33 32 62 2 34 88 12 76 97 50 6 94 26 92 75 8 31 62 8 75 
25 83 76 35 1 59 65 23 24 81 45 6 3 55 6 76 0 21 63 4 55 14 40 44 91 48 85 78 88 41 82 85 54 17 21 73 23 15 36 47 39 59 88 82 0 68 15 61 46 61 52 55 12 98 94 39 53 46 18 62 45 61 45 40 99 47 67 99 62 30 31 45 45 91 54 85 15 82 69 61 14 98 84 0 80 77 84 32 89 40 40 78 45 27 71 42 42 31 54 45 
79 99 15 81 24 73 30 35 55 82 36 68 10 22 35 41 21 0 70 13 52 97 38 17 38 99 74 80 66 32 13 90 48 25 16 58 6 99 8 9 48 39 20 58 54 21 56 57 71 35 29 76 22 7 39 66 21 26 33 12 18 20 35 91 97 79 65 56 97 60 70 60 75 17 32 65 54 25 21 8 22 18 32 71 11 72 43 23 70 84 77 31 28 51 25 82 30 80 39 64 
95 3 20 20 87 0 28 46 5 2 70 71 4 72 11 3 63 70 0 10 9 24 15 10 77 86 1 81 12 0 44 88 52 6 84 79 83 76 27 17 30 88 99 43 58 50 11 66 31 70 65 61 52 54 10 31 41 1 69 88 76 86 96 49 83 60 50 64 20 64 4 89 4 52 41 14 40 91 39 81 45 75 80 24 62 77 14 28 23 76 53 67 20 56 13 3 22 86 53 76 
6 20 17 52 55 71 96 34 58 64 33 68 48 58 74 2 4 13 10 0 26 99 50 80 67 81 17 36 39 18 41 56 86 31 81 26 67 71 61 91 31 66 50 21 3 84 64 9 55 75 5 77 61 31 40 48 32 55 25 75 80 35 84 95 69 56 41 26 54 22 77 18 96 13 44 91 93 16 73 80 18 38 56 17 39 17 17 0 64 12 98 31 10 12 88 43 83 66 58 92 
18 82 2 71 81 88 87 37 2 76 70 60 24 77 44 23 55 52 9 26 0 70 78 30 54 61 56 9 32 16 8 89 58 92 93 58 69 32 63 40 57 26 66 52 38 6 98 82 32 68 53 39 16 9 74 5 20 82 7 38 22 56 41 84 70 6 81 55 59 9 39 88 70 17 86 83 71 84 82 73 61 32 23 95 89 41 55 90 96 95 16 32 62 24 73 7 93 1 12 44 
66 10 67 72 73 68 89 87 8 25 89 22 9 21 46 24 14 97 24 99 70 0 51 66 86 86 95 56 98 67 87 19 50 79 56 18 99 85 4 20 33 16 18 20 10 45 13 4 87 76 17 38 21 90 16 36 5 14 48 19 84 54 15 38 17 99 94 9 53 40 50 97 96 56 0 10 68 76 86 86 17 36 66 12 77 73 65 30 24 30 70 12 51 98 99 25 84 58 37 53 
41 57 81 53 10 65 68 20 29 81 44 27 56 63 31 13 40 38 15 50 78 51 0 86 14 71 37 68 99 73 91 41 19 16 63 10 39 65 13 83 19 40 75 2 61 6 78 17 40 60 7 8 82 19 46 10 72 34 28 67 71 60 37 11 23 42 56 54 36 98 17 15 60 4 62 97 14 39 17 97 90 94 46 55 29 36 67 22 79 26 61 86 88 23 97 97 42 58 30 88 
93 56 31 70 43 22 80 34 54 10 32 80 93 46 9 64 44 17 10 80 30 66 86 0 18 17 58 67 26 68 54 1 76 5 9 53 67 21 12 3 97 29 42 82 20 26 30 3 47 21 78 54 79 26 19 76 59 44 71 33 52 4 4 70 75 33 43 98 64 47 41 37 7 3 9 12 64 92 89 58 49 15 11 99 40 37 28 69 37 73 1 52 52 24 40 30 85 72 80 4 
69 77 21 80 7 96 87 26 77 14 26 66 74 42 26 59 91 38 77 67 54 86 14 18 0 71 50 94 77 49 60 67 61 4 26 11 17 62 89 33 18 40 22 43 36 65 16 71 92 79 80 43 90 68 68 45 23 55 34 21 82 20 62 95 64 16 11 27 37 16 7 10 71 5 20 71 70 76 41 98 97 25 39 17 57 52 61 10 29 96 45 50 71 39 0 49 33 60 93 88 
0 31 17 69 85 8 2 30 5 92 68 71 90 22 40 52 48 99 86 81 61 86 71 17 71 0 74 43 45 76 49 43 30 11 63 6 15 89 44 0 34 74 18 18 46 99 10 31 93 56 9 31 3 5 39 54 14 59 26 50 18 87 13 97 64 88 60 70 12 77 69 95 43 25 14 56 66 84 11 76 94 41 7 2 26 34 43 12 11 80 91 72 65 76 45 6 61 9 70 69 
18 62 85 26 14 84 60 70 50 7 0 72 45 63 69 58 85 74 1 17 56 95 37 58 50 74 0 25 77 49 80 92 85 95 62 92 55 91 26 32 83 66 88 24 17 89 57 4 6 85 7 5 71 61 2 31 50 80 2 81 91 71 2 56 25 83 9 46 63 78 1 15 68 60 19 15 43 17 64 42 2 76 10 31 36 14 16 44 38 13 41 95 20 41 80 12 8 34 26 72 
62 92 76 50 11 69 59 78 95 95 32 7 96 45 25 23 78 80 81 36 9 56 68 67 94 43 25 0 41 32 80 45 30 28 76 93 46 58 45 25 36 25 70 8 2 23 71 94 4 16 37 40 52 69 70 39 75 31 56 17 93 82 32 19 78 90 90 66 62 39 82 35 37 41 31 78 87 80 90 74 21 47 20 51 81 94 18 36 23 33 69 91 84 4 76 4 1 31 90 76 
76 22 95 34 44 44 53 47 74 39 9 44 22 32 6 83 88 66 12 39 32 98 99 26 77 45 77 41 0 68 28 84 24 14 93 56 34 67 94 38 96 8 83 45 66 17 35 21 29 81 18 43 28 8 63 80 90 56 44 90 17 53 91 35 57 60 71 19 13 90 34 5 35 6 3 23 7 52 53 18 68 61 49 62 54 21 30 87 32 28 61 83 17 64 86 82 53 69 97 95 
35 6 38 8 74 41 66 78 98 69 19 86 99 36 86 34 41 32 0 18 16 67 73 68 49 76 49 32 68 0 65 50 75 50 35 11 44 68 82 91 47 96 4 86 22 47 22 92 35 12 23 61 27 34 59 92 34 66 9 37 72 36 5 22 25 98 31 6 74 15 56 27 17 88 33 85 3 95 86 92 97 60 80 75 86 45 90 91 67 32 75 56 75 82 79 62 43 79 44 5 
38 71 20 42 95 54 16 77 24 44 82 66 14 85 96 26 82 13 44 41 8 87 91 54 60 49 80 80 28 65 0 51 15 80 26 40 81 86 49 11 39 32 91 29 75 90 35 20 47 19 15 82 8 50 71 99 56 93 87 34 14 58 29 84 45 56 58 34 31 58 82 33 29 94 9 42 70 32 41 5 68 29 23 20 62 82 38 57 78 75 0 17 93 20 31 60 63 96 74 31 
22 34 67 24 59 17 40 93 39 27 8 49 9 26 33 93 85 90 88 56 89 19 41 1 67 43 92 45 84 50 51 0 30 89 87 33 59 17 32 42 92 77 69 61 18 29 32 22 1 7 23 32 53 14 40 83 86 48 25 6 92 43 62 76 84 16 91 43 7 32 35 93 26 77 50 22 95 29 5 1 7 78 43 95 61 68 78 99 19 86 27 65 92 68 37 5 9 29 45 33 
37 76 75 6 99 99 67 4 80 79 53 73 26 41 59 62 54 48 52 86 58 50 19 76 61 30 85 30 24 75 15 30 0 30 74 83 56 62 52 88 18 92 25 7 24 19 77 12 82 84 42 15 66 60 57 25 21 8 81 47 59 40 31 51 3 1 53 17 35 94 89 3 83 77 90 25 96 87 93 30 22 68 62 54 96 17 20 37 63 49 24 61 28 1 12 9 70 94 18 18 
13 38 93 46 52 31 58 42 12 90 65 77 28 56 41 75 17 25 6 31 92 79 16 5 4 11 95 28 14 50 80 89 30 0 81 24 35 79 92 69 86 52 8 83 66 80 27 17 98 16 70 26 84 77 43 71 30 24 90 56 27 18 50 46 49 4 60 41 89 90 30 21 82 98 17 95 89 27 44 51 67 14 39 4 39 97 27 75 83 50 49 23 38 9 18 94 59 56 51 21 
52 70 74 67 88 26 30 53 75 0 58 65 66 43 74 81 21 16 84 81 93 56 63 9 26 63 62 76 93 35 26 87 74 81 0 17 69 64 27 28 55 39 36 92 53 94 88 35 85 77 52 54 2 31 7 53 68 16 6 75 42 70 95 65 72 68 61 39 99 86 46 59 14 97 37 35 59 23 62 18 1 46 40 97 8 16 69 74 9 18 17 37 95 3 79 98 44 2 22 99 
96 16 21 32 66 31 70 11 57 53 44 88 74 69 21 9 73 58 79 26 58 18 10 53 11 6 92 93 56 11 40 33 83 24 17 0 48 82 93 31 1 47 78 15 17 97 60 32 53 23 58 62 34 79 13 20 15 81 40 44 96 52 70 6 34 84 1 32 59 36 70 4 61 30 14 17 29 68 71 76 20 82 86 28 51 46 78 89 33 68 13 9 2 3 61 31 6 26 30 64 
79 70 94 95 25 79 94 32 66 92 68 99 1 51 68 21 23 6 83 67 69 99 39 67 17 15 55 46 34 44 81 59 56 35 69 48 0 44 89 65 24 37 85 95 63 8 89 11 84 97 46 98 14 6 83 66 47 94 88 28 55 83 10 37 73 42 28 80 74 37 80 25 64 20 35 89 35 85 95 17 27 21 80 60 57 75 58 78 27 77 59 18 87 89 23 80 88 17 36 2 
9 10 80 39 98 22 84 0 96 2 96 31 29 44 50 93 15 99 76 71 32 85 65 21 62 89 91 58 67 68 86 17 62 79 64 82 44 0 35 82 99 5 82 47 39 41 65 33 25 39 12 39 27 84 78 94 18 5 24 57 78 83 36 29 90 35 85 22 7 47 3 42 22 54 73 70 28 76 44 15 91 84 80 43 75 47 75 85 36 40 31 19 17 92 25 91 21 17 35 28 
75 25 29 71 44 10 1 87 42 84 83 18 47 87 43 21 36 8 27 61 63 4 13 12 89 44 26 45 94 82 49 32 52 92 27 93 89 35 0 92 28 36 82 88 25 3 59 88 67 28 94 23 73 56 37 2 74 63 29 41 45 40 62 34 84 35 30 72 65 9 88 26 90 66 51 44 20 41 9 74 64 40 10 2 93 13 30 94 94 26 41 75 5 88 2 29 87 45 49 93 
51 66 79 57 52 86 30 86 21 13 80 15 51 95 31 19 47 9 17 91 40 20 83 3 33 0 32 25 38 91 11 42 88 69 28 31 65 82 92 0 94 96 72 98 94 4 6 87 89 57 35 41 37 92 42 69 8 63 42 27 41 16 61 82 22 23 78 29 24 83 96 66 96 74 45 22 89 72 55 35 72 60 98 76 30 25 12 35 7 71 26 72 46 79 76 34 89 61 58 77 
11 54 67 50 9 46 8 76 68 30 78 81 18 93 76 60 39 48 30 31 57 33 19 97 18 34 83 36 96 47 39 92 18 86 55 1 24 99 28 94 0 94 15 96 42 37 90 82 99 91 84 0 77 53 44 53 80 43 85 6 35 79 68 38 73 88 66 47 11 40 10 95 22 40 85 38 26 94 12 93 56 52 76 97 98 21 29 72 24 9 60 68 40 37 37 86 39 14 89 87 
45 64 31 83 70 37 54 67 27 81 94 50 0 78 67 71 59 39 88 66 26 16 40 29 40 74 66 25 8 96 32 77 92 52 39 47 37 5 36 96 94 0 27 67 54 67 49 10 91 65 15 27 38 79 76 28 85 43 38 0 15 23 15 89 68 68 16 95 10 52 10 35 85 38 16 28 89 39 61 9 86 13 14 43 9 42 80 68 45 26 52 1 31 27 2 96 64 72 83 12 
3 57 24 69 10 56 41 82 61 31 65 85 21 98 93 95 88 20 99 50 66 18 75 42 22 18 88 70 83 4 91 69 25 8 36 78 85 82 82 72 15 27 0 26 96 36 61 10 82 85 25 14 91 33 20 0 14 21 21 76 82 15 37 68 74 76 47 53 90 78 36 8 99 40 4 65 84 13 64 53 29 47 17 38 55 33 48 83 99 31 54 77 59 18 58 16 82 84 86 0 
72 81 17 24 30 29 57 28 4 82 67 33 16 22 8 12 82 58 43 21 52 20 2 82 43 18 24 8 45 86 29 61 7 83 92 15 95 47 88 98 96 67 26 0 42 60 90 44 77 14 59 86 54 85 15 23 99 85 40 99 31 85 92 1 11 38 35 23 10 71 45 48 19 20 75 16 84 1 16 77 67 36 31 34 0 76 76 69 57 19 16 46 74 19 71 36 28 31 13 70 
89 62 72 51 92 62 1 34 20 55 22 60 86 89 73 46 0 54 58 3 38 10 61 20 36 46 17 2 66 22 75 18 24 66 53 17 63 39 25 94 42 54 96 42 0 44 89 37 25 81 96 12 87 24 74 3 47 41 41 11 87 67 47 53 28 99 3 11 55 67 11 57 83 28 84 5 1 79 21 69 53 29 80 34 11 45 76 42 70 22 25 9 34 70 21 91 38 18 41 62 
94 87 86 70 61 78 49 10 18 92 77 38 88 30 2 75 68 21 50 84 6 45 6 26 65 99 89 23 17 47 90 29 19 80 94 97 8 41 3 4 37 67 36 60 44 0 84 14 23 36 60 54 22 29 85 88 17 5 5 27 32 42 16 29 79 85 96 56 10 45 82 37 19 91 64 24 65 15 89 19 89 74 3 57 91 93 91 13 91 16 58 60 11 70 60 58 24 36 13 46 
73 12 17 76 39 24 60 35 84 74 3 49 4 89 32 4 15 56 11 64 98 13 78 30 16 10 57 71 35 22 35 32 77 27 88 60 89 65 59 6 90 49 61 90 89 84 0 46 8 79 13 45 20 16 97 42 2 93 67 75 98 52 85 76 3 0 70 64 43 18 60 26 12 41 27 96 18 57 94 49 41 84 54 28 93 37 64 27 10 40 16 48 50 53 54 12 82 30 38 0 
72 15 46 82 61 40 81 3 49 92 3 54 15 86 99 51 61 57 66 9 82 4 17 3 71 31 4 94 21 92 20 22 12 17 35 32 11 33 88 87 82 10 10 44 37 14 46 0 89 52 81 30 21 65 24 58 10 52 1 94 41 7 48 73 95 61 86 60 91 44 18 95 84 79 15 43 1 4 86 75 64 30 81 6 8 45 47 74 73 12 61 87 53 21 73 49 7 12 52 38 
76 67 50 77 41 74 15 26 62 51 56 56 24 68 4 8 46 71 31 55 32 87 40 47 92 93 6 4 29 35 47 1 82 98 85 53 84 25 67 89 99 91 82 77 25 23 8 89 0 52 17 62 75 20 86 49 87 72 26 2 46 82 12 35 89 50 45 31 57 87 77 53 67 39 63 54 97 7 29 56 52 67 91 55 24 2 1 80 92 20 56 56 19 82 50 8 79 42 4 90 
38 33 49 30 21 89 32 28 71 46 62 67 96 97 17 16 61 35 70 75 68 76 60 21 79 56 85 16 81 12 19 7 84 16 77 23 97 39 28 57 91 65 85 14 81 36 79 52 52 0 2 7 65 60 26 60 15 6 78 57 34 92 47 94 76 82 68 82 78 90 19 78 52 32 77 46 70 98 93 74 83 92 76 19 69 90 50 71 19 95 95 26 63 65 60 69 4 21 62 20 
73 7 63 7 87 23 10 73 13 63 66 40 94 56 13 8 52 29 65 5 53 17 7 78 80 9 7 37 18 23 15 23 42 70 52 58 46 12 94 35 84 15 25 59 96 60 13 81 17 2 0 76 23 39 98 97 57 66 41 20 47 91 97 64 66 20 17 68 30 33 79 20 63 51 65 97 8 6 41 83 79 35 62 16 71 2 27 78 5 3 53 8 34 72 39 85 73 79 50 61 
94 9 82 65 23 83 47 37 50 83 22 79 9 57 83 81 55 76 61 77 39 38 8 54 43 31 5 40 43 61 82 32 15 26 54 62 98 39 23 41 0 27 14 86 12 54 45 30 62 7 76 0 20 72 6 60 93 44 14 37 57 45 91 25 53 55 64 21 66 99 28 97 72 23 94 51 17 14 84 89 15 22 63 63 89 94 58 16 11 85 60 66 9 88 80 19 77 1 22 46 
39 18 34 51 10 76 10 5 65 60 93 36 30 64 34 41 12 22 52 61 16 21 82 79 90 3 71 52 28 27 8 53 66 84 2 34 14 27 73 37 77 38 91 54 87 22 20 21 75 65 23 20 0 42 12 45 12 45 1 79 3 99 58 90 26 85 53 45 11 78 23 87 77 47 45 14 36 7 1 68 46 39 18 48 42 12 91 37 45 43 8 7 39 29 31 94 21 4 86 65 
97 76 84 57 81 45 56 88 51 19 74 8 66 21 71 78 98 7 54 31 9 90 19 26 68 5 61 69 8 34 50 14 60 77 31 79 6 84 56 92 53 79 33 85 24 29 16 65 20 60 39 72 42 0 59 30 90 60 72 53 22 44 26 68 77 47 5 67 27 39 25 71 22 53 91 38 36 52 58 27 0 15 30 60 5 6 22 90 5 53 45 89 47 96 14 55 55 21 32 42 
73 19 49 67 57 94 15 26 89 87 36 5 41 13 21 37 94 39 10 40 74 16 46 19 68 39 2 70 63 59 71 40 57 43 7 13 83 78 37 42 44 76 20 15 74 85 97 24 86 26 98 6 12 59 0 52 96 21 61 83 91 48 18 17 45 80 98 1 74 73 34 40 86 99 2 85 30 95 89 35 97 3 98 42 12 20 0 7 35 73 26 25 74 45 19 68 23 58 2 16 
87 97 75 9 68 52 65 69 55 85 37 16 90 65 95 80 39 66 31 48 5 36 10 76 45 54 31 39 80 92 99 83 25 71 53 20 66 94 2 69 53 28 0 23 3 88 42 58 49 60 97 60 45 30 52 0 35 53 68 30 63 55 25 92 60 32 82 83 71 44 63 79 5 96 37 49 33 96 94 77 37 1 11 71 93 54 46 56 52 49 96 80 30 69 6 34 43 18 52 34 
53 90 41 84 79 52 90 38 82 20 96 6 62 62 53 56 53 21 41 32 20 5 72 59 23 14 50 75 90 34 56 86 21 30 68 15 47 18 74 8 80 85 14 99 47 17 2 10 87 15 57 93 12 90 96 35 0 39 45 28 82 41 32 89 14 83 58 55 77 10 76 28 23 47 18 63 11 87 26 30 13 48 12 99 26 50 33 0 24 71 41 70 18 0 3 86 78 57 50 33 
84 69 82 49 84 64 40 78 8 17 29 85 60 33 42 84 46 26 1 55 82 14 34 44 55 59 80 31 56 66 93 48 8 24 16 81 94 5 63 63 43 43 21 85 41 5 93 52 72 6 66 44 45 60 21 53 39 0 63 49 79 51 78 21 45 64 30 8 63 42 23 55 25 2 42 30 3 61 62 79 22 57 41 63 42 77 83 93 64 4 84 91 19 9 8 48 85 44 12 90 
30 73 48 53 47 63 61 47 50 75 15 19 94 84 92 34 18 33 69 25 7 48 28 71 34 26 2 56 44 9 87 25 81 90 6 40 88 24 29 42 85 38 21 40 41 5 67 1 26 78 41 14 1 72 61 68 45 63 0 11 48 56 3 31 31 63 16 72 83 1 83 3 1 95 49 6 3 45 77 68 69 38 62 21 3 97 4 20 28 0 74 45 65 9 98 73 37 63 76 7 
81 87 51 52 17 20 89 80 79 80 47 30 98 0 82 61 62 12 88 75 38 19 67 33 21 50 81 17 90 37 34 6 47 56 75 44 28 57 41 27 6 0 76 99 11 27 75 94 2 57 20 37 79 53 83 30 28 49 11 0 77 38 63 18 58 60 36 51 3 62 54 43 90 23 30 88 94 95 1 46 96 28 13 58 80 22 65 81 52 69 46 84 27 14 63 19 99 73 37 2 
40 88 49 65 79 86 85 28 35 38 79 83 25 42 16 64 45 18 76 80 22 84 71 52 82 18 91 93 17 72 14 92 59 27 42 96 55 78 45 41 35 15 82 31 87 32 98 41 46 34 47 57 3 22 91 63 82 79 48 77 0 4 7 59 54 45 81 60 57 80 82 73 46 61 31 17 33 50 79 49 5 74 35 78 10 5 96 5 80 58 36 92 22 54 50 45 30 84 47 32 
89 9 6 64 14 96 48 11 77 88 1 86 5 22 37 78 61 20 86 35 56 54 60 4 20 87 71 82 53 36 58 43 40 18 70 52 83 83 40 16 79 23 15 85 67 42 52 7 82 92 91 45 99 44 48 55 41 51 56 38 4 0 83 76 44 99 71 7 48 20 10 61 34 13 69 58 81 86 20 96 80 33 37 74 50 40 39 72 99 23 99 71 25 18 52 81 97 78 70 18 
75 2 13 63 50 15 95 22 3 63 67 96 22 70 59 81 45 35 96 84 41 15 37 4 62 13 2 32 91 5 29 62 31 50 95 70 10 36 62 61 68 15 37 92 47 16 85 48 12 47 97 91 58 26 18 25 32 78 3 63 7 83 0 8 90 44 61 94 46 53 80 13 16 21 20 33 8 84 44 41 10 2 41 15 75 47 57 70 96 92 88 80 1 29 19 23 16 99 59 47 
5 45 96 80 24 63 6 74 57 12 94 52 3 88 36 33 40 91 49 95 84 38 11 70 95 97 56 19 35 22 84 76 51 46 65 6 37 29 34 82 38 89 68 1 53 29 76 73 35 94 64 25 90 68 17 92 89 21 31 18 59 76 8 0 6 69 71 96 43 18 75 97 96 21 13 54 74 38 59 3 74 95 98 28 93 81 67 0 49 12 43 35 46 11 63 15 18 72 3 26 
33 44 95 97 21 94 99 93 67 54 2 96 57 84 16 33 99 97 83 69 70 17 23 75 64 64 25 78 57 25 45 84 3 49 72 34 73 90 84 22 73 68 74 11 28 79 3 95 89 76 66 53 26 77 45 60 14 45 31 58 54 44 90 6 0 9 13 39 61 2 62 42 7 46 70 66 77 86 62 52 5 72 66 45 12 94 62 2 83 72 19 56 27 38 89 98 65 59 19 79 
42 31 67 43 5 4 63 93 67 57 15 89 7 22 54 74 47 79 60 56 6 99 42 33 16 88 83 90 60 98 56 16 1 4 68 84 42 35 35 23 88 68 76 38 99 85 0 61 50 82 20 55 85 47 80 32 83 64 63 60 45 99 44 69 9 0 17 20 10 96 43 85 30 12 33 48 86 80 49 6 15 40 98 25 93 36 61 43 66 97 46 69 44 1 83 49 47 4 34 56 
77 45 50 47 14 89 88 68 5 69 76 96 12 76 3 8 67 65 50 41 81 94 56 43 11 60 9 90 71 31 58 91 53 60 61 1 28 85 30 78 66 16 47 35 3 96 70 86 45 68 17 64 53 5 98 82 58 30 16 36 81 71 61 71 13 17 0 18 94 3 38 94 34 15 51 29 52 89 46 40 30 35 37 88 54 41 23 56 58 25 89 57 39 60 9 71 8 23 60 4 
45 70 57 13 13 98 39 81 39 84 27 21 39 60 84 72 99 56 64 26 55 9 54 98 27 70 46 66 19 6 34 43 17 41 39 32 80 22 72 29 47 95 53 23 11 56 64 60 31 82 68 21 45 67 1 83 55 8 72 51 60 7 94 96 39 20 18 0 45 93 68 92 91 53 54 4 74 81 45 63 91 11 37 20 22 89 39 89 27 37 41 91 63 65 20 27 40 5 9 81 
30 67 57 16 54 13 99 65 55 6 59 9 75 21 28 38 62 97 20 54 59 53 36 64 37 12 63 62 13 74 31 7 35 89 99 59 74 7 65 24 11 10 90 10 55 10 43 91 57 78 30 66 11 27 74 71 77 63 83 3 57 48 46 43 61 10 94 45 0 62 56 71 20 11 12 86 50 44 2 9 42 29 79 71 36 19 56 42 87 15 79 89 21 74 90 72 15 71 76 56 
95 27 73 5 28 99 0 57 99 98 66 56 48 55 77 74 30 60 64 22 9 40 98 47 16 77 78 39 90 15 58 32 94 90 86 36 37 47 9 83 40 52 78 71 67 45 18 44 87 90 33 99 78 39 73 44 10 42 1 62 80 20 53 18 2 96 3 93 62 0 61 53 79 52 65 39 65 60 21 36 94 43 22 28 31 72 73 64 17 3 38 35 28 15 67 70 17 28 68 39 
5 38 61 59 63 57 72 12 67 3 25 94 8 87 84 46 31 70 4 77 39 50 17 41 7 69 1 82 34 56 82 35 89 30 46 70 80 3 88 96 10 10 36 45 11 82 60 18 77 19 79 28 23 25 34 63 76 23 83 54 82 10 80 75 62 43 38 68 56 61 0 23 1 1 6 84 29 51 49 70 62 68 92 3 27 20 99 76 61 56 14 9 83 0 84 40 65 65 23 91 
28 32 63 35 78 97 53 50 67 1 0 46 40 87 95 81 45 60 89 18 88 97 15 37 10 95 15 35 5 27 33 93 3 21 59 4 25 42 26 66 95 35 8 48 57 37 26 95 53 78 20 97 87 71 40 79 28 55 3 43 73 61 13 97 42 85 94 92 71 53 23 0 82 3 29 63 5 82 70 65 78 49 86 59 21 31 22 99 68 71 85 12 48 62 92 27 49 5 16 44 
85 36 18 62 68 18 43 38 36 68 21 81 59 32 53 97 45 75 4 96 70 96 60 7 71 43 68 37 35 17 29 26 83 82 14 61 64 22 90 96 22 85 99 19 83 19 12 84 67 52 63 72 77 22 86 5 23 25 1 90 46 34 16 96 7 30 34 91 20 79 1 82 0 19 62 92 21 64 67 41 18 18 11 70 84 58 58 1 56 35 64 56 21 16 9 12 40 5 34 22 
75 4 22 1 46 93 73 14 94 66 45 36 5 5 91 3 91 17 52 13 17 56 4 3 5 25 60 41 6 88 94 77 77 98 97 30 20 54 66 74 40 38 40 20 28 91 41 79 39 32 51 23 47 53 99 96 47 2 95 23 61 13 21 21 46 12 15 53 11 52 1 3 19 0 43 50 24 70 21 93 53 9 55 43 12 40 44 48 14 18 27 96 41 61 45 30 70 35 80 53 
34 37 62 45 52 62 41 39 67 97 74 22 7 65 71 8 54 32 41 44 86 0 62 9 20 14 19 31 3 33 9 50 90 17 37 14 35 73 51 45 85 16 4 75 84 64 27 15 63 77 65 94 45 91 2 37 18 42 49 30 31 69 20 13 70 33 51 54 12 65 6 29 62 43 0 31 65 95 96 10 31 23 87 60 22 80 92 40 23 9 67 81 9 46 53 77 94 51 11 14 
87 34 24 13 38 72 50 45 92 2 45 80 12 98 30 73 85 65 14 91 83 10 97 12 71 56 15 78 23 85 42 22 25 95 35 17 89 70 44 22 38 28 65 16 5 24 96 43 54 46 97 51 14 38 85 49 63 30 6 88 17 58 33 54 66 48 29 4 86 39 84 63 92 50 31 0 63 5 77 33 40 27 42 26 33 13 62 89 62 38 50 5 92 38 69 7 49 85 1 55 
26 41 86 67 97 0 9 21 26 58 54 63 39 13 14 21 15 54 40 93 71 68 14 64 70 66 43 87 7 3 70 95 96 89 59 29 35 28 20 89 26 89 84 84 1 65 18 1 97 70 8 17 36 36 30 33 11 3 3 94 33 81 8 74 77 86 52 74 50 65 29 5 21 24 65 63 0 3 69 3 63 66 28 85 46 51 52 33 29 30 6 31 55 2 21 1 36 26 56 99 
44 30 33 91 92 9 61 22 78 1 76 21 98 31 2 47 82 25 91 16 84 76 39 92 76 84 17 80 52 95 32 29 87 27 23 68 85 76 41 72 94 39 13 1 79 15 57 4 7 98 6 14 7 52 95 96 87 61 45 95 50 86 84 38 86 80 89 81 44 60 51 82 64 70 95 5 3 0 6 44 21 96 13 37 97 56 95 24 19 45 44 5 46 95 99 79 29 69 11 61 
99 77 77 65 94 74 79 74 93 89 92 62 34 83 77 75 69 21 39 73 82 86 17 89 41 11 64 90 53 86 41 5 93 44 62 71 95 44 9 55 12 61 64 16 21 89 94 86 29 93 41 84 1 58 89 94 26 62 77 1 79 20 44 59 62 49 46 45 2 21 49 70 67 21 96 77 69 6 0 67 69 34 30 66 76 97 62 6 29 25 49 65 15 6 34 22 27 72 13 15 
54 14 13 65 59 99 61 39 48 20 84 15 46 55 88 22 61 8 81 80 73 86 97 58 98 76 42 74 18 92 5 1 30 51 18 76 17 15 74 35 93 9 53 77 69 19 49 75 56 74 83 89 68 27 35 77 30 79 68 46 49 96 41 3 52 6 40 63 9 36 70 65 41 93 10 33 3 44 67 0 13 84 16 65 33 92 53 87 43 24 30 6 5 39 22 2 4 20 9 18 
5 87 68 33 80 31 26 12 69 45 91 11 49 89 63 33 14 22 45 18 61 17 90 49 97 94 2 21 68 97 68 7 22 67 1 20 27 91 64 72 56 86 29 67 53 89 41 64 52 83 79 15 46 0 97 37 13 22 69 96 5 80 10 74 5 15 30 91 42 94 62 78 18 53 31 40 63 21 69 13 0 40 57 67 46 93 31 41 20 23 28 48 98 83 8 35 85 60 74 26 
41 12 30 70 32 84 9 93 76 29 95 6 29 86 8 32 98 18 75 38 32 36 94 15 25 41 76 47 61 60 29 78 68 14 46 82 21 84 40 60 52 13 47 36 29 74 84 30 67 92 35 22 39 15 3 1 48 57 38 28 74 33 2 95 72 40 35 11 29 43 68 49 18 9 23 27 66 96 34 84 40 0 48 92 39 24 12 26 68 15 89 39 65 60 80 24 7 11 88 61 
43 92 34 28 78 90 23 60 83 85 25 13 55 98 99 62 84 32 80 56 23 66 46 11 39 7 10 20 49 80 23 43 62 39 40 86 80 80 10 98 76 14 17 31 80 3 54 81 91 76 62 63 18 30 98 11 12 41 62 13 35 37 41 98 66 98 37 37 79 22 92 86 11 55 87 42 28 13 30 16 57 48 0 62 47 79 21 0 80 18 52 85 92 86 47 38 45 48 97 25 
71 76 79 84 78 82 37 78 17 88 69 47 37 66 94 2 0 71 24 17 95 12 55 99 17 2 31 51 62 75 20 95 54 4 97 28 60 43 2 76 97 43 38 34 34 57 28 6 55 19 16 63 48 60 42 71 99 63 21 58 78 74 15 28 45 25 88 20 71 28 3 59 70 43 60 26 85 37 66 65 67 92 62 0 39 75 22 58 48 25 86 16 9 20 80 59 43 34 41 0 
90 32 0 83 22 16 86 58 12 31 9 53 54 98 37 34 80 11 62 39 89 77 29 40 57 26 36 81 54 86 62 61 96 39 8 51 57 75 93 30 98 9 55 0 11 91 93 8 24 69 71 89 42 5 12 93 26 42 3 80 10 50 75 93 12 93 54 22 36 31 27 21 84 12 22 33 46 97 76 33 46 39 47 39 0 96 54 64 68 65 73 84 37 89 2 90 35 96 86 25 
60 14 53 60 55 29 26 98 73 6 23 93 9 24 16 88 77 72 77 17 41 73 36 37 52 34 14 94 21 45 82 68 17 97 16 46 75 47 13 25 21 42 33 76 45 93 37 45 2 90 2 94 12 6 20 54 50 77 97 22 5 40 47 81 94 36 41 89 19 72 20 31 58 40 80 13 51 56 97 92 93 24 79 75 96 0 20 7 20 89 57 96 64 48 12 37 98 44 14 48 
85 98 86 12 61 81 23 43 90 76 19 15 8 78 20 12 84 43 14 17 55 65 67 28 61 43 16 18 30 90 38 78 20 27 69 78 58 75 30 12 29 80 48 76 76 91 64 47 1 50 27 58 91 22 0 46 33 83 4 65 96 39 57 67 62 61 23 39 56 73 99 22 58 44 92 62 52 95 62 53 31 12 21 22 54 20 0 71 96 33 80 65 36 28 99 70 87 66 82 67 
37 8 46 53 12 0 46 96 1 84 38 16 87 43 16 76 32 23 28 0 90 30 22 69 10 12 44 36 87 91 57 99 37 75 74 89 78 85 94 35 72 68 83 69 42 13 27 74 80 71 78 16 37 90 7 56 0 93 20 81 5 72 70 0 2 43 56 89 42 64 76 99 1 48 40 89 33 24 6 87 41 26 0 58 64 7 71 0 97 80 62 58 56 65 22 57 2 97 41 15 
80 17 61 75 50 54 6 86 56 6 56 45 65 75 56 97 89 70 23 64 96 24 79 37 29 11 38 23 32 67 78 19 63 83 9 33 27 36 94 7 24 45 99 57 70 91 10 73 92 19 5 11 45 5 35 52 24 64 28 52 80 99 96 49 83 66 58 27 87 17 61 68 56 14 23 62 29 19 29 43 20 68 80 48 68 20 96 97 0 93 9 14 6 21 87 51 96 81 61 9 
1 57 86 19 77 72 38 55 59 58 83 61 67 49 91 50 40 84 76 12 95 30 26 73 96 80 13 33 28 32 75 86 49 50 18 68 77 40 26 71 9 26 31 19 22 16 40 12 20 95 3 85 43 53 73 49 71 4 0 69 58 23 92 12 72 97 25 37 15 3 56 71 35 18 9 38 30 45 25 24 23 15 18 25 65 89 33 80 93 0 50 21 82 51 31 32 18 43 18 24 
58 96 34 23 40 15 31 36 4 25 2 0 97 95 23 6 40 77 53 98 16 70 61 1 45 91 41 69 61 75 0 27 24 49 17 13 59 31 41 26 60 52 54 16 25 58 16 61 56 95 53 60 8 45 26 96 41 84 74 46 36 99 88 43 19 46 89 41 79 38 14 85 64 27 67 50 6 44 49 30 28 89 52 86 73 57 80 62 9 50 0 35 28 55 96 7 6 64 24 12 
60 23 32 83 89 99 83 86 71 96 17 2 45 69 55 94 78 31 67 31 32 12 86 52 50 72 95 91 83 56 17 65 61 23 37 9 18 19 75 72 68 1 77 46 9 60 48 87 56 26 8 66 7 89 25 80 70 91 45 84 92 71 80 35 56 69 57 91 89 35 9 12 56 96 81 5 31 5 65 6 48 39 85 16 84 96 65 58 14 21 35 0 97 73 70 90 34 38 19 52 
54 74 82 47 90 86 3 94 25 82 90 28 8 94 87 26 45 28 20 10 62 51 88 52 71 65 20 84 17 75 93 92 28 38 95 2 87 17 5 46 40 31 59 74 34 11 50 53 19 63 34 9 39 47 74 30 18 19 65 27 22 25 1 46 27 44 39 63 21 28 83 48 21 41 9 92 55 46 15 5 98 65 92 9 37 64 36 56 6 82 28 97 0 33 91 29 52 95 50 84 
95 77 82 13 26 80 94 65 43 37 7 4 87 19 11 92 27 51 56 12 24 98 23 24 39 76 41 4 64 82 20 68 1 9 3 3 89 92 88 79 37 27 18 19 70 70 53 21 82 65 72 88 29 96 45 69 0 9 9 14 54 18 29 11 38 1 60 65 74 15 0 62 16 61 46 38 2 95 6 39 83 60 86 20 89 48 28 65 21 51 55 73 33 0 1 57 69 10 97 6 
64 13 43 1 76 78 45 76 13 92 5 31 63 41 83 75 71 25 13 88 73 99 97 40 0 45 80 76 86 79 31 37 12 18 79 61 23 25 2 76 37 2 58 71 21 60 54 73 50 60 39 80 31 14 19 6 3 8 98 63 50 52 19 63 89 83 9 20 90 67 84 92 9 45 53 69 21 99 34 22 8 80 47 80 2 12 99 22 87 31 96 70 91 1 0 67 73 78 64 24 
83 68 84 39 36 79 53 25 42 30 77 14 25 66 32 8 42 82 3 43 7 25 97 30 49 6 12 4 82 62 60 5 9 94 98 31 80 91 29 34 86 96 16 36 91 58 12 49 8 69 85 19 94 55 68 34 86 48 73 19 45 81 23 15 98 49 71 27 72 70 40 27 12 30 77 7 1 79 22 2 35 24 38 59 90 37 70 57 51 32 7 90 29 57 67 0 91 12 28 21 
13 71 10 16 24 62 19 63 26 42 6 59 11 13 75 31 42 30 22 83 93 84 42 85 33 61 8 1 53 43 63 9 70 59 44 6 88 21 87 89 39 64 82 28 38 24 82 7 79 4 73 77 21 55 23 43 78 85 37 99 30 97 16 18 65 47 8 40 15 17 65 49 40 70 94 49 36 29 27 4 85 7 45 43 35 98 87 2 96 18 6 34 52 69 73 91 0 66 0 9 
58 3 26 80 73 23 67 76 57 71 39 91 21 47 67 62 31 80 86 66 1 58 58 72 60 9 34 31 69 79 96 29 94 56 2 26 17 17 45 61 14 72 84 31 18 36 30 12 42 21 79 1 4 21 58 18 57 44 63 73 84 78 99 72 59 4 23 5 71 28 65 5 5 35 51 85 26 69 72 20 60 11 48 34 96 44 66 97 81 43 64 38 95 10 78 12 66 0 78 79 
33 78 47 34 36 80 66 35 73 61 41 29 61 5 53 8 54 39 53 58 12 37 30 80 93 70 26 90 97 44 74 45 18 51 22 30 36 35 49 58 89 83 86 13 41 13 38 52 4 62 50 22 86 32 2 52 50 12 76 37 47 70 59 3 19 34 60 9 76 68 23 16 34 80 11 1 56 11 13 9 74 88 97 41 86 14 82 41 61 18 24 19 50 97 64 28 0 78 0 87 
73 50 86 24 56 49 1 6 92 87 45 64 78 1 62 75 45 64 76 92 44 53 88 4 88 69 72 76 95 5 31 33 18 21 99 64 2 28 93 77 87 12 0 70 62 46 0 38 90 20 61 46 65 42 16 34 33 90 7 2 32 18 47 26 79 56 4 81 56 39 91 44 22 53 14 55 99 61 15 18 26 61 25 0 25 48 67 15 9 24 12 52 84 6 24 21 9 79 87 0 
