100
0 98 76 98 50 29 58 63 85 14 39 31 93 68 18 45 14 91 17 35 18 88 7 20 27 76 73 8 22 73 4 86 94 39 11 99 4 71 86 13 95 40 72 6 41 88 19 31 50 57 25 94 20 94 54 41 98 7 67 55 97 68 53 40 25 65 5 69 33 31 67 92 29 8 65 74 45 53 86 84 38 74 28 91 97 83 24 0 8 76 95 46 22 7 41 43 66 96 43 6 
98 0 2 32 15 91 85 17 62 74 32 28 2 94 49 81 48 88 30 67 19 76 33 59 90 77 36 59 16 65 29 18 82 5 59 63 91 52 52 64 52 90 88 99 20 69 29 11 51 25 87 37 50 41 67 77 41 44 98 37 51 79 25 28 31 20 30 84 16 12 60 49 31 23 4 22 15 93 13 10 61 0 21 28 51 98 51 50 66 28 2 96 88 76 26 57 24 41 79 55 
76 2 0 4 20 24 54 75 30 73 99 2 99 77 7 66 0 72 31 38 47 10 32 9 20 46 84 53 54 45 32 32 57 5 18 83 40 44 74 26 90 51 46 75 93 87 65 60 68 72 89 43 55 6 27 16 59 4 74 69 81 47 63 23 19 6 10 92 78 89 44 78 34 14 99 13 73 19 86 80 49 80 58 37 73 82 96 22 96 97 32 96 77 94 5 11 41 80 50 58 
98 32 4 0 19 83 91 94 51 38 40 18 1 66 20 24 64 88 25 95 93 20 58 2 63 47 75 45 39 79 32 29 71 62 19 92 66 26 92 63 66 96 32 14 27 12 91 94 34 26 2 18 9 3 22 2 26 63 17 24 50 55 46 34 57 85 24 70 35 43 1 60 98 16 61 80 90 62 36 56 83 97 89 62 39 55 4 11 76 99 39 28 17 30 79 41 83 57 50 50 
50 15 20 19 0 98 47 32 28 53 44 71 0 54 47 50 4 84 25 6 99 90 69 78 58 45 96 22 96 53 16 5 37 34 35 61 35 31 45 70 78 82 82 25 25 80 72 16 44 36 89 5 16 76 43 87 50 84 4 67 74 21 64 64 93 59 30 29 45 41 87 11 64 40 75 66 76 60 82 64 20 32 42 26 76 64 57 82 68 23 5 66 24 56 58 95 48 22 87 73 
29 91 24 83 98 0 52 19 24 7 16 4 40 96 11 89 42 7 8 63 95 64 75 96 16 83 81 34 75 43 98 79 81 66 71 9 18 86 54 45 16 47 1 90 14 21 66 65 96 82 77 75 41 26 83 84 35 3 97 5 14 97 24 35 32 49 12 37 39 89 63 90 47 40 21 36 29 77 76 68 30 9 55 96 72 24 74 4 80 66 49 61 93 58 49 85 30 87 70 83 
58 85 54 91 47 52 0 13 55 67 63 0 50 83 26 0 30 92 64 95 50 93 42 6 93 53 56 80 39 66 49 57 57 80 45 29 61 73 73 19 45 49 14 98 89 73 62 86 52 66 48 27 16 89 59 75 88 0 26 60 66 50 30 3 94 28 6 76 5 49 61 41 43 27 7 86 22 42 82 67 19 62 92 26 50 29 86 9 87 14 92 95 34 2 81 42 39 15 60 64 
63 17 75 94 32 19 13 0 64 22 94 6 37 58 80 77 94 84 37 83 99 6 25 53 81 5 27 20 42 48 93 99 60 69 33 11 57 26 97 38 16 99 13 3 61 86 47 27 59 44 64 83 83 25 86 94 40 2 55 53 32 1 24 48 70 40 45 21 52 72 43 20 0 12 29 41 69 61 59 59 52 56 66 84 10 3 2 83 84 49 69 49 10 96 71 1 43 88 87 21 
85 62 30 51 28 24 55 64 0 72 75 71 90 54 40 49 42 77 74 10 15 22 71 12 5 1 15 11 98 4 4 71 88 95 69 70 37 56 24 52 50 80 5 62 26 66 72 89 45 77 44 87 79 26 91 57 98 68 86 41 60 32 99 35 84 81 54 16 25 83 35 21 80 6 47 76 23 53 14 81 58 82 22 45 65 93 43 56 48 85 69 7 92 15 70 77 84 33 52 50 
14 74 73 38 53 7 67 22 72 0 81 40 10 68 79 0 62 57 93 44 60 31 64 6 4 73 22 24 36 93 77 54 54 0 35 75 63 93 61 92 13 63 85 74 50 48 65 43 66 55 85 98 69 87 27 90 84 18 31 94 97 63 98 45 21 26 98 1 78 65 34 26 95 26 68 63 33 51 81 14 94 3 39 11 7 34 23 66 30 35 0 69 83 15 23 30 30 34 55 14 
39 32 99 40 44 16 63 94 75 81 0 77 88 7 88 59 84 70 44 38 10 90 84 50 95 56 80 8 14 44 77 5 61 63 90 23 26 91 15 36 5 11 3 19 85 14 67 78 76 13 95 44 57 76 14 69 68 72 43 55 51 21 29 67 32 71 9 90 98 87 50 82 98 48 31 34 89 83 52 33 38 9 24 24 70 71 82 6 32 26 48 84 33 17 13 55 18 95 74 1 
31 28 2 18 71 4 0 6 71 40 77 0 12 9 70 75 91 75 14 3 43 49 18 1 50 71 3 46 76 38 97 37 27 96 17 65 64 46 83 38 58 29 83 95 11 13 97 54 37 12 66 85 21 5 34 89 81 53 19 11 79 66 63 89 68 11 85 95 88 18 10 44 2 4 8 13 40 32 61 72 86 94 33 81 17 7 44 82 50 85 92 5 77 85 66 90 72 55 71 10 
93 2 99 1 0 40 50 37 90 10 88 12 0 31 97 22 76 35 44 9 80 84 94 77 31 75 2 47 15 27 31 28 83 68 79 16 18 48 42 52 45 75 10 20 72 83 63 45 47 89 4 68 61 86 5 47 30 46 77 92 62 47 5 48 36 14 25 69 32 40 72 92 28 82 29 47 35 44 53 87 87 80 31 47 38 9 8 98 43 31 84 82 16 78 4 72 54 91 56 88 
68 94 77 66 54 96 83 58 54 68 7 9 31 0 72 37 15 63 57 5 67 63 59 59 80 7 19 83 82 62 33 35 2 60 69 31 90 95 54 41 83 70 10 4 37 47 11 1 72 40 9 6 14 16 79 30 44 77 55 52 7 25 42 53 49 68 65 91 44 53 33 39 92 18 25 69 83 92 58 22 29 43 52 82 31 78 87 76 75 87 14 79 49 36 55 16 9 16 0 77 
18 49 7 20 47 11 26 80 40 79 88 70 97 72 0 41 5 15 13 65 52 90 13 78 78 56 35 52 96 44 61 26 86 28 91 61 93 52 73 64 34 7 12 89 93 95 54 66 59 88 76 98 39 65 5 65 94 83 31 27 82 62 96 54 98 17 84 46 5 37 8 46 84 31 13 26 23 34 40 31 61 53 17 95 49 32 99 39 91 45 37 28 56 10 42 80 48 63 98 70 
45 81 66 24 50 89 0 77 49 0 59 75 22 37 41 0 92 28 54 54 48 79 58 67 54 27 78 9 88 44 2 95 77 4 78 25 56 53 10 34 62 64 49 89 95 24 61 45 95 34 13 19 91 62 51 44 72 75 14 8 22 3 80 94 31 14 81 58 0 78 96 12 14 33 28 85 97 14 82 49 59 59 52 42 66 40 50 5 22 37 23 22 68 96 49 71 37 90 21 90 
14 48 0 64 4 42 30 94 42 62 84 91 76 15 5 92 0 57 89 91 21 94 99 91 56 56 90 79 94 13 90 22 40 15 4 61 10 4 85 0 91 45 84 53 61 26 67 23 76 81 82 93 12 28 40 36 39 25 46 31 50 44 58 4 51 73 77 70 11 98 83 63 36 79 48 50 58 33 55 18 74 50 75 33 25 55 67 38 81 13 22 25 29 7 45 39 40 21 73 55 
91 88 72 88 84 7 92 84 77 57 70 75 35 63 15 28 57 0 8 7 60 37 11 34 28 58 21 68 51 74 97 32 81 64 26 29 63 33 95 50 13 55 81 3 13 8 98 99 21 9 21 4 75 38 82 9 43 96 17 89 91 0 16 51 4 74 41 41 40 74 54 69 48 62 55 39 82 1 35 81 60 59 87 28 81 7 99 67 85 3 83 19 24 66 96 90 97 95 38 30 
17 30 31 25 25 8 64 37 74 93 44 14 44 57 13 54 89 8 0 26 89 38 85 60 72 67 37 55 24 98 11 56 89 85 70 33 51 23 6 10 54 15 67 28 1 91 68 15 98 72 30 59 22 56 53 90 93 66 84 87 30 53 70 87 5 48 71 52 9 41 58 29 75 46 59 8 48 13 23 77 79 78 46 60 52 63 48 6 65 20 80 87 82 23 23 94 37 63 65 98 
35 67 38 95 6 63 95 83 10 44 38 3 9 5 65 54 91 7 26 0 8 48 58 12 90 53 80 28 45 32 74 48 76 17 17 21 25 24 33 96 94 77 89 45 34 12 23 37 0 89 74 28 63 85 4 50 39 73 98 54 28 95 28 66 65 23 77 15 22 44 71 50 66 13 44 38 69 64 53 27 40 60 24 60 96 29 22 58 11 61 35 94 97 1 83 92 44 90 54 12 
18 19 47 93 99 95 50 99 15 60 10 43 80 67 52 48 21 60 89 8 0 42 39 43 32 88 73 27 43 17 3 18 43 61 35 80 99 49 21 46 40 17 36 51 56 92 94 95 38 22 72 51 13 69 94 19 28 94 42 68 83 16 67 32 75 32 22 53 81 57 66 45 79 68 12 5 48 98 44 38 77 8 26 20 55 48 17 68 5 57 89 84 49 89 2 57 76 4 81 56 
88 76 10 20 90 64 93 6 22 31 90 49 84 63 90 79 94 37 38 48 42 0 14 86 24 45 87 66 3 49 81 65 30 16 12 62 35 37 65 45 99 49 69 57 12 38 34 62 25 38 16 29 81 70 12 58 64 72 77 64 63 5 25 20 0 1 15 8 95 31 12 93 32 64 62 64 74 42 73 32 2 83 91 23 31 72 46 1 62 68 61 53 97 35 64 26 33 24 27 25 
7 33 32 58 69 75 42 25 71 64 84 18 94 59 13 58 99 11 85 58 39 14 0 96 23 87 35 31 5 9 80 67 50 71 89 29 70 60 87 23 96 61 57 94 31 95 3 11 22 39 69 51 85 99 94 51 9 67 89 23 66 65 36 12 16 86 42 30 22 65 90 41 40 95 14 98 14 18 44 60 58 16 40 6 62 83 98 67 95 84 34 83 62 93 14 35 97 56 63 45 
20 59 9 2 78 96 6 53 12 6 50 1 77 59 78 67 91 34 60 12 43 86 96 0 83 53 93 82 80 15 62 4 48 73 42 61 60 71 82 1 90 21 70 75 14 30 51 72 24 96 15 24 43 97 75 85 69 4 54 37 78 25 77 83 95 6 64 2 84 95 13 62 62 22 9 77 69 16 21 29 85 2 34 26 47 8 76 88 4 64 22 77 74 47 44 56 84 64 60 43 
27 90 20 63 58 16 93 81 5 4 95 50 31 80 78 54 56 28 72 90 32 24 23 83 0 98 35 64 73 38 6 73 30 82 78 16 63 84 8 53 34 26 72 0 65 22 71 60 48 86 73 70 7 80 3 97 28 97 28 61 79 76 5 98 68 30 37 50 50 6 60 66 82 4 18 89 74 1 6 23 75 61 47 68 10 45 55 73 63 82 63 74 50 69 68 80 59 13 99 86 
76 77 46 47 45 83 53 5 1 73 56 71 75 7 56 27 56 58 67 53 88 45 87 53 98 0 37 55 88 96 65 3 93 86 27 80 51 51 2 19 54 14 43 42 14 98 78 3 87 74 46 45 53 3 57 81 82 63 11 90 81 54 55 99 16 20 71 29 79 46 55 26 22 21 89 10 50 48 35 93 32 60 38 79 15 85 78 71 96 90 97 92 75 32 47 20 27 26 59 46 
73 36 84 75 96 81 56 27 15 22 80 3 2 19 35 78 90 21 37 80 73 87 35 93 35 37 0 96 49 18 32 80 58 74 81 66 86 7 32 49 94 73 85 97 37 39 10 32 22 67 62 95 94 38 63 23 42 18 93 24 74 0 32 16 76 89 33 50 23 11 94 69 5 3 51 29 68 49 83 0 26 72 79 82 38 92 16 67 51 35 0 37 27 76 96 1 84 25 86 99 
8 59 53 45 22 34 80 20 11 24 8 46 47 83 52 9 79 68 55 28 27 66 31 82 64 55 96 0 86 28 99 84 19 27 1 15 32 1 44 58 14 66 60 3 62 41 95 91 44 96 76 60 49 34 21 35 14 13 15 25 72 11 10 18 5 57 80 16 33 18 36 50 51 18 91 0 70 71 53 5 82 47 51 3 33 16 26 73 88 23 11 24 83 11 79 17 90 99 8 45 
22 16 54 39 96 75 39 42 98 36 14 76 15 82 96 88 94 51 24 45 43 3 5 80 73 88 49 86 0 28 29 69 13 46 79 21 98 21 13 83 18 52 80 2 0 27 14 34 62 98 84 6 84 72 70 34 98 63 94 16 32 56 65 6 95 94 2 89 63 57 91 70 55 70 79 87 73 46 65 97 39 66 25 96 23 64 37 11 81 80 40 62 67 28 2 66 29 34 88 35 
73 65 45 79 53 43 66 48 4 93 44 38 27 62 44 44 13 74 98 32 17 49 9 15 38 96 18 28 28 0 90 1 52 69 25 12 11 96 87 54 26 47 47 3 55 44 46 42 54 62 59 59 94 78 5 6 86 71 10 59 45 53 20 88 82 4 6 9 82 5 62 15 34 22 10 16 94 3 92 72 28 75 54 95 33 16 11 34 63 9 58 46 35 96 24 91 53 75 66 69 
4 29 32 32 16 98 49 93 4 77 77 97 31 33 61 2 90 97 11 74 3 81 80 62 6 65 32 99 29 90 0 7 17 18 38 49 65 41 3 15 93 2 22 52 91 48 96 51 37 13 1 57 61 16 46 82 76 73 12 38 42 48 58 89 16 60 73 90 42 25 47 25 32 29 86 0 24 38 25 92 43 56 44 93 33 66 83 34 20 63 84 47 14 29 78 97 97 80 30 67 
86 18 32 29 5 79 57 99 71 54 5 37 28 35 26 95 22 32 56 48 18 65 67 4 73 3 80 84 69 1 7 0 32 29 1 22 87 90 51 41 22 85 1 94 30 92 26 63 31 82 32 21 60 37 64 0 60 76 23 84 7 25 11 44 79 80 31 59 47 16 67 14 73 16 92 85 56 57 20 19 9 50 52 8 97 56 63 26 16 38 50 67 98 74 4 47 85 34 47 52 
94 82 57 71 37 81 57 60 88 54 61 27 83 2 86 77 40 81 89 76 43 30 50 48 30 93 58 19 13 52 17 32 0 8 91 80 43 82 26 82 37 45 80 12 0 36 30 54 14 41 5 4 7 46 42 6 66 39 34 11 48 38 26 93 17 93 35 97 49 79 1 41 38 68 7 9 39 94 64 27 4 10 21 19 88 0 20 90 18 47 69 20 27 24 59 85 84 95 21 67 
39 5 5 62 34 66 80 69 95 0 63 96 68 60 28 4 15 64 85 17 61 16 71 73 82 86 74 27 46 69 18 29 8 0 44 39 88 32 66 55 15 81 29 32 19 94 25 10 58 58 37 95 63 27 36 41 19 73 88 69 27 43 39 6 86 3 69 69 62 34 64 5 40 89 48 41 96 48 31 77 71 22 49 18 23 4 5 2 98 69 39 56 30 97 56 78 72 39 48 46 
11 59 18 19 35 71 45 33 69 35 90 17 79 69 91 78 4 26 70 17 35 12 89 42 78 27 81 1 79 25 38 1 91 44 0 10 88 33 58 23 85 45 75 30 19 87 78 97 47 89 15 80 65 40 45 91 11 66 53 47 89 59 2 62 64 66 16 50 63 50 99 79 42 25 29 2 95 32 42 10 5 71 71 45 31 40 96 35 31 17 25 32 12 73 54 90 58 66 16 28 
99 63 83 92 61 9 29 11 70 75 23 65 16 31 61 25 61 29 33 21 80 62 29 61 16 80 66 15 21 12 49 22 80 39 10 0 66 17 67 70 23 27 52 22 38 28 64 65 98 87 85 67 36 1 98 5 3 0 33 65 98 32 11 34 75 40 8 74 80 83 5 11 78 4 3 83 31 40 38 6 16 61 22 5 17 1 71 33 32 50 86 95 72 33 80 17 37 17 87 35 
4 91 40 66 35 18 61 57 37 63 26 64 18 90 93 56 10 63 51 25 99 35 70 60 63 51 86 32 98 11 65 87 43 88 88 66 0 73 77 30 92 20 98 14 85 87 6 80 59 11 10 30 29 68 28 2 76 3 84 92 39 99 0 30 99 2 19 65 56 18 39 7 13 97 19 18 27 82 14 23 80 70 0 16 71 24 47 10 96 19 41 45 50 85 96 59 51 54 36 62 
71 52 44 26 31 86 73 26 56 93 91 46 48 95 52 53 4 33 23 24 49 37 60 71 84 51 7 1 21 96 41 90 82 32 33 17 73 0 5 47 85 85 83 36 85 9 3 38 88 54 88 59 60 68 68 23 80 26 80 68 59 40 51 27 85 36 1 46 97 85 9 79 68 44 63 24 16 45 57 90 7 63 31 20 37 87 12 34 94 55 61 83 73 25 32 51 68 85 84 2 
86 52 74 92 45 54 73 97 24 61 15 83 42 54 73 10 85 95 6 33 21 65 87 82 8 2 32 44 13 87 3 51 26 66 58 67 77 5 0 59 58 48 39 63 34 68 49 36 87 35 96 43 41 20 84 76 84 43 97 56 53 18 9 5 50 3 71 53 35 16 79 74 92 76 9 16 92 7 62 27 51 10 45 71 64 47 0 94 66 7 98 53 28 42 94 12 31 34 17 19 
13 64 26 63 70 45 19 38 52 92 36 38 52 41 64 34 0 50 10 96 46 45 23 1 53 19 49 58 83 54 15 41 82 55 23 70 30 47 59 0 48 85 11 95 44 10 94 44 77 24 32 93 52 26 11 35 49 0 13 12 72 40 4 54 61 49 50 28 30 49 82 54 75 9 36 12 1 99 93 12 47 62 58 93 75 7 67 38 98 31 99 9 74 35 19 75 30 30 78 6 
95 52 90 66 78 16 45 16 50 13 5 58 45 83 34 62 91 13 54 94 40 99 96 90 34 54 94 14 18 26 93 22 37 15 85 23 92 85 58 48 0 17 39 17 36 83 89 12 40 42 42 20 1 87 48 43 42 7 91 94 92 22 95 68 64 17 26 8 37 58 97 31 37 81 26 87 65 78 15 55 75 34 95 92 7 35 88 26 12 83 54 38 49 30 12 83 76 55 29 79 
40 90 51 96 82 47 49 99 80 63 11 29 75 70 7 64 45 55 15 77 17 49 61 21 26 14 73 66 52 47 2 85 45 81 45 27 20 85 48 85 17 0 81 44 6 91 32 57 54 87 46 2 85 14 54 1 60 87 76 17 69 65 91 14 52 69 12 27 81 1 45 63 64 97 47 89 47 43 87 91 41 37 57 63 30 89 44 45 30 92 72 35 17 30 0 66 13 28 59 50 
72 88 46 32 82 1 14 13 5 85 3 83 10 10 12 49 84 81 67 89 36 69 57 70 72 43 85 60 80 47 22 1 80 29 75 52 98 83 39 11 39 81 0 34 3 85 71 28 85 37 27 4 8 91 35 73 63 9 7 48 85 14 54 53 58 91 4 72 5 56 17 94 16 73 98 59 77 29 61 30 33 54 4 76 98 69 23 43 1 68 35 71 72 78 26 77 87 8 31 34 
6 99 75 14 25 90 98 3 62 74 19 95 20 4 89 89 53 3 28 45 51 57 94 75 0 42 97 3 2 3 52 94 12 32 30 22 14 36 63 95 17 44 34 0 29 29 52 49 70 65 13 7 75 20 14 32 78 1 8 83 95 2 66 95 47 68 60 84 39 19 43 15 3 44 92 32 48 60 48 42 53 2 42 26 6 43 81 86 21 71 97 91 43 92 64 8 2 69 40 60 
41 20 93 27 25 14 89 61 26 50 85 11 72 37 93 95 61 13 1 34 56 12 31 14 65 14 37 62 0 55 91 30 0 19 19 38 85 85 34 44 36 6 3 29 0 79 36 61 12 45 60 8 26 23 71 73 28 31 5 93 47 22 54 24 82 75 25 51 62 26 17 16 3 51 32 93 95 68 40 83 62 74 73 93 41 3 51 18 62 7 30 51 34 76 21 91 87 76 42 79 
88 69 87 12 80 21 73 86 66 48 14 13 83 47 95 24 26 8 91 12 92 38 95 30 22 98 39 41 27 44 48 92 36 94 87 28 87 9 68 10 83 91 85 29 79 0 48 46 61 90 17 36 86 71 44 5 54 89 97 42 37 97 2 80 31 52 78 48 83 22 86 60 27 86 16 5 17 46 7 21 0 14 51 56 35 97 63 36 9 43 61 66 57 28 26 68 1 99 4 94 
19 29 65 91 72 66 62 47 72 65 67 97 63 11 54 61 67 98 68 23 94 34 3 51 71 78 10 95 14 46 96 26 30 25 78 64 6 3 49 94 89 32 71 52 36 48 0 15 54 35 92 96 48 41 59 8 27 96 63 68 10 60 17 56 0 99 62 56 5 55 77 33 94 28 91 94 4 93 8 32 82 8 89 48 20 22 59 89 53 54 42 74 55 72 22 53 98 54 9 60 
31 11 60 94 16 65 86 27 89 43 78 54 45 1 66 45 23 99 15 37 95 62 11 72 60 3 32 91 34 42 51 63 54 10 97 65 80 38 36 44 12 57 28 49 61 46 15 0 81 41 24 63 87 57 12 78 20 60 41 33 78 27 19 54 61 82 82 74 33 32 1 51 7 37 99 58 79 26 91 87 69 75 13 43 16 54 43 54 66 25 35 64 97 90 42 39 61 76 54 78 
50 51 68 34 44 96 52 59 45 66 76 37 47 72 59 95 76 21 98 0 38 25 22 24 48 87 22 44 62 54 37 31 14 58 47 98 59 88 87 77 40 54 85 70 12 61 54 81 0 22 16 27 88 81 37 88 7 53 68 76 6 94 17 12 9 68 37 54 20 46 32 84 44 7 86 24 63 72 3 33 46 69 0 45 26 41 54 71 52 44 97 28 89 31 75 85 24 78 9 32 
57 25 72 26 36 82 66 44 77 55 13 12 89 40 88 34 81 9 72 89 22 38 39 96 86 74 67 96 98 62 13 82 41 58 89 87 11 54 35 24 42 87 37 65 45 90 35 41 22 0 81 77 82 85 22 40 6 96 50 21 53 51 53 34 46 84 80 28 71 23 54 68 48 98 73 22 52 98 62 37 28 19 60 48 21 1 56 67 50 85 27 1 76 53 16 18 55 12 41 75 
25 87 89 2 89 77 48 64 44 85 95 66 4 9 76 13 82 21 30 74 72 16 69 15 73 46 62 76 84 59 1 32 5 37 15 85 10 88 96 32 42 46 27 13 60 17 92 24 16 81 0 78 45 69 36 34 59 64 25 28 15 99 96 64 26 13 89 49 85 63 58 16 21 80 14 30 53 96 40 7 25 55 56 0 56 11 57 38 1 63 27 21 11 41 66 85 57 56 59 55 
94 37 43 18 5 75 27 83 87 98 44 85 68 6 98 19 93 4 59 28 51 29 51 24 70 45 95 60 6 59 57 21 4 95 80 67 30 59 43 93 20 2 4 7 8 36 96 63 27 77 78 0 10 84 88 7 34 65 16 50 18 12 66 29 68 5 16 92 59 97 89 46 63 97 46 29 36 10 44 53 20 43 75 97 70 41 65 14 81 11 18 65 57 73 11 96 40 34 76 24 
20 50 55 9 16 41 16 83 79 69 57 21 61 14 39 91 12 75 22 63 13 81 85 43 7 53 94 49 84 94 61 60 7 63 65 36 29 60 41 52 1 85 8 75 26 86 48 87 88 82 45 10 0 90 34 84 47 53 28 98 33 11 55 39 44 42 44 40 13 28 87 41 31 61 22 35 59 19 19 34 49 41 1 46 40 3 37 80 56 37 84 87 21 82 18 80 76 91 63 34 
94 41 6 3 76 26 89 25 26 87 76 5 86 16 65 62 28 38 56 85 69 70 99 97 80 3 38 34 72 78 16 37 46 27 40 1 68 68 20 26 87 14 91 20 23 71 41 57 81 85 69 84 90 0 5 74 22 80 11 14 93 57 25 54 52 94 3 80 18 49 23 58 15 72 47 27 62 60 3 1 46 53 47 62 13 35 22 60 22 24 24 75 36 91 62 14 98 70 29 3 
54 67 27 22 43 83 59 86 91 27 14 34 5 79 5 51 40 82 53 4 94 12 94 75 3 57 63 21 70 5 46 64 42 36 45 98 28 68 84 11 48 54 35 14 71 44 59 12 37 22 36 88 34 5 0 57 72 37 23 62 19 29 41 32 49 93 75 92 77 29 60 1 23 85 37 81 37 49 60 95 88 71 13 56 66 85 41 97 32 53 98 50 93 59 23 82 46 22 2 78 
41 77 16 2 87 84 75 94 57 90 69 89 47 30 65 44 36 9 90 50 19 58 51 85 97 81 23 35 34 6 82 0 6 41 91 5 2 23 76 35 43 1 73 32 73 5 8 78 88 40 34 7 84 74 57 0 36 64 25 6 97 51 24 87 28 38 1 45 88 34 32 26 96 75 10 18 56 68 98 1 1 62 93 85 52 15 93 23 53 82 89 59 33 82 23 80 0 30 24 95 
98 41 59 26 50 35 88 40 98 84 68 81 30 44 94 72 39 43 93 39 28 64 9 69 28 82 42 14 98 86 76 60 66 19 11 3 76 80 84 49 42 60 63 78 28 54 27 20 7 6 59 34 47 22 72 36 0 12 56 5 75 70 6 17 75 37 62 32 31 18 53 5 28 14 79 63 85 39 19 48 37 8 17 67 91 33 62 70 84 14 49 81 4 83 32 36 37 33 0 36 
7 44 4 63 84 3 0 2 68 18 72 53 46 77 83 75 25 96 66 73 94 72 67 4 97 63 18 13 63 71 73 76 39 73 66 0 3 26 43 0 7 87 9 1 31 89 96 60 53 96 64 65 53 80 37 64 12 0 37 87 45 97 61 0 38 58 68 75 41 29 24 80 21 78 60 73 48 96 9 34 65 46 63 20 60 38 3 99 73 70 2 75 57 37 93 37 10 5 63 16 
67 98 74 17 4 97 26 55 86 31 43 19 77 55 31 14 46 17 84 98 42 77 89 54 28 11 93 15 94 10 12 23 34 88 53 33 84 80 97 13 91 76 7 8 5 97 63 41 68 50 25 16 28 11 23 25 56 37 0 82 59 95 8 4 46 54 37 53 61 23 3 56 53 56 91 86 78 30 32 2 81 89 6 50 31 22 1 75 12 78 96 36 18 21 6 17 83 37 93 92 
55 37 69 24 67 5 60 53 41 94 55 11 92 52 27 8 31 89 87 54 68 64 23 37 61 90 24 25 16 59 38 84 11 69 47 65 92 68 56 12 94 17 48 83 93 42 68 33 76 21 28 50 98 14 62 6 5 87 82 0 1 53 51 17 27 10 56 16 26 70 38 54 14 51 90 32 49 8 38 75 49 40 66 85 2 56 67 27 61 31 44 46 67 0 81 28 4 26 14 21 
97 51 81 50 74 14 66 32 60 97 51 79 62 7 82 22 50 91 30 28 83 63 66 78 79 81 74 72 32 45 42 7 48 27 89 98 39 59 53 72 92 69 85 95 47 37 10 78 6 53 15 18 33 93 19 97 75 45 59 1 0 25 61 96 30 37 70 30 46 26 36 42 85 30 40 17 9 26 28 37 42 34 11 26 33 61 22 29 58 69 38 68 91 3 68 9 96 7 88 77 
68 79 47 55 21 97 50 1 32 63 21 66 47 25 62 3 44 0 53 95 16 5 65 25 76 54 0 11 56 53 48 25 38 43 59 32 99 40 18 40 22 65 14 2 22 97 60 27 94 51 99 12 11 57 29 51 70 97 95 53 25 0 68 29 18 67 42 82 87 94 98 25 76 77 31 97 17 59 42 11 2 91 39 99 29 65 9 77 93 99 18 41 94 33 23 47 88 35 29 28 
53 25 63 46 64 24 30 24 99 98 29 63 5 42 96 80 58 16 70 28 67 25 36 77 5 55 32 10 65 20 58 11 26 39 2 11 0 51 9 4 95 91 54 66 54 2 17 19 17 53 96 66 55 25 41 24 6 61 8 51 61 68 0 48 29 52 61 30 54 93 32 33 69 13 90 25 89 52 41 98 35 8 5 26 99 55 77 1 56 23 64 48 19 29 67 43 10 64 69 26 
40 28 23 34 64 35 3 48 35 45 67 89 48 53 54 94 4 51 87 66 32 20 12 83 98 99 16 18 6 88 89 44 93 6 62 34 30 27 5 54 68 14 53 95 24 80 56 54 12 34 64 29 39 54 32 87 17 0 4 17 96 29 48 0 1 92 58 57 52 25 37 71 14 69 40 27 5 23 35 63 69 2 73 9 83 35 60 99 67 25 60 18 5 30 21 48 72 14 34 93 
25 31 19 57 93 32 94 70 84 21 32 68 36 49 98 31 51 4 5 65 75 0 16 95 68 16 76 5 95 82 16 79 17 86 64 75 99 85 50 61 64 52 58 47 82 31 0 61 9 46 26 68 44 52 49 28 75 38 46 27 30 18 29 1 0 31 4 66 68 93 48 18 86 65 46 84 79 45 93 40 70 32 0 39 22 93 20 2 72 41 60 78 15 43 40 97 63 27 52 14 
65 20 6 85 59 49 28 40 81 26 71 11 14 68 17 14 73 74 48 23 32 1 86 6 30 20 89 57 94 4 60 80 93 3 66 40 2 36 3 49 17 69 91 68 75 52 99 82 68 84 13 5 42 94 93 38 37 58 54 10 37 67 52 92 31 0 45 70 50 94 9 58 89 59 57 92 32 3 24 82 15 91 46 27 80 82 21 7 17 32 25 16 36 75 33 18 49 89 12 36 
5 30 10 24 30 12 6 45 54 98 9 85 25 65 84 81 77 41 71 77 22 15 42 64 37 71 33 80 2 6 73 31 35 69 16 8 19 1 71 50 26 12 4 60 25 78 62 82 37 80 89 16 44 3 75 1 62 68 37 56 70 42 61 58 4 45 0 52 3 21 55 60 52 82 66 4 75 84 14 52 66 31 57 52 31 72 11 1 92 51 46 79 14 25 9 39 26 19 74 9 
69 84 92 70 29 37 76 21 16 1 90 95 69 91 46 58 70 41 52 15 53 8 30 2 50 29 50 16 89 9 90 59 97 69 50 74 65 46 53 28 8 27 72 84 51 48 56 74 54 28 49 92 40 80 92 45 32 75 53 16 30 82 30 57 66 70 52 0 35 75 70 75 72 17 16 36 71 98 21 7 46 96 43 41 10 18 53 1 31 73 11 18 18 48 6 75 50 72 1 77 
33 16 78 35 45 39 5 52 25 78 98 88 32 44 5 0 11 40 9 22 81 95 22 84 50 79 23 33 63 82 42 47 49 62 63 80 56 97 35 30 37 81 5 39 62 83 5 33 20 71 85 59 13 18 77 88 31 41 61 26 46 87 54 52 68 50 3 35 0 97 35 46 31 19 33 86 38 12 30 93 78 71 37 17 73 51 99 53 90 58 38 13 75 78 13 29 12 30 96 2 
31 12 89 43 41 89 49 72 83 65 87 18 40 53 37 78 98 74 41 44 57 31 65 95 6 46 11 18 57 5 25 16 79 34 50 83 18 85 16 49 58 1 56 19 26 22 55 32 46 23 63 97 28 49 29 34 18 29 23 70 26 94 93 25 93 94 21 75 97 0 24 31 59 18 54 75 13 64 26 7 51 43 92 62 85 41 37 66 34 17 41 56 56 92 98 62 30 71 87 66 
67 60 44 1 87 63 61 43 35 34 50 10 72 33 8 96 83 54 58 71 66 12 90 13 60 55 94 36 91 62 47 67 1 64 99 5 39 9 79 82 97 45 17 43 17 86 77 1 32 54 58 89 87 23 60 32 53 24 3 38 36 98 32 37 48 9 55 70 35 24 0 56 4 13 58 42 31 32 36 71 80 65 72 86 59 2 46 52 45 79 81 39 25 25 10 46 81 0 19 12 
92 49 78 60 11 90 41 20 21 26 82 44 92 39 46 12 63 69 29 50 45 93 41 62 66 26 69 50 70 15 25 14 41 5 79 11 7 79 74 54 31 63 94 15 16 60 33 51 84 68 16 46 41 58 1 26 5 80 56 54 42 25 33 71 18 58 60 75 46 31 56 0 79 12 51 64 77 74 3 44 1 89 38 22 80 41 58 63 54 12 95 12 83 51 62 58 52 89 2 33 
29 31 34 98 64 47 43 0 80 95 98 2 28 92 84 14 36 48 75 66 79 32 40 62 82 22 5 51 55 34 32 73 38 40 42 78 13 68 92 75 37 64 16 3 3 27 94 7 44 48 21 63 31 15 23 96 28 21 53 14 85 76 69 14 86 89 52 72 31 59 4 79 0 67 71 2 85 81 39 1 84 88 81 14 57 81 71 5 26 43 91 90 35 14 89 66 59 94 24 27 
8 23 14 16 40 40 27 12 6 26 48 4 82 18 31 33 79 62 46 13 68 64 95 22 4 21 3 18 70 22 29 16 68 89 25 4 97 44 76 9 81 97 73 44 51 86 28 37 7 98 80 97 61 72 85 75 14 78 56 51 30 77 13 69 65 59 82 17 19 18 13 12 67 0 37 24 98 72 33 44 20 17 14 42 9 45 34 59 57 38 24 1 14 32 81 63 15 12 32 0 
65 4 99 61 75 21 7 29 47 68 31 8 29 25 13 28 48 55 59 44 12 62 14 9 18 89 51 91 79 10 86 92 7 48 29 3 19 63 9 36 26 47 98 92 32 16 91 99 86 73 14 46 22 47 37 10 79 60 91 90 40 31 90 40 46 57 66 16 33 54 58 51 71 37 0 47 45 88 92 94 53 21 79 31 8 89 1 5 54 31 72 14 14 41 20 69 66 38 53 92 
74 22 13 80 66 36 86 41 76 63 34 13 47 69 26 85 50 39 8 38 5 64 98 77 89 10 29 0 87 16 0 85 9 41 2 83 18 24 16 12 87 89 59 32 93 5 94 58 24 22 30 29 35 27 81 18 63 73 86 32 17 97 25 27 84 92 4 36 86 75 42 64 2 24 47 0 36 23 29 35 58 44 0 55 78 23 48 17 93 17 94 0 12 79 54 17 31 22 50 23 
45 15 73 90 76 29 22 69 23 33 89 40 35 83 23 97 58 82 48 69 48 74 14 69 74 50 68 70 73 94 24 56 39 96 95 31 27 16 92 1 65 47 77 48 95 17 4 79 63 52 53 36 59 62 37 56 85 48 78 49 9 17 89 5 79 32 75 71 38 13 31 77 85 98 45 36 0 78 30 19 12 78 52 31 8 14 57 81 85 65 99 46 14 49 81 31 93 0 92 73 
53 93 19 62 60 77 42 61 53 51 83 32 44 92 34 14 33 1 13 64 98 42 18 16 1 48 49 71 46 3 38 57 94 48 32 40 82 45 7 99 78 43 29 60 68 46 93 26 72 98 96 10 19 60 49 68 39 96 30 8 26 59 52 23 45 3 84 98 12 64 32 74 81 72 88 23 78 0 5 34 19 82 51 47 44 16 60 59 56 18 50 94 51 3 54 4 5 7 2 79 
86 13 86 36 82 76 82 59 14 81 52 61 53 58 40 82 55 35 23 53 44 73 44 21 6 35 83 53 65 92 25 20 64 31 42 38 14 57 62 93 15 87 61 48 40 7 8 91 3 62 40 44 19 3 60 98 19 9 32 38 28 42 41 35 93 24 14 21 30 26 36 3 39 33 92 29 30 5 0 6 23 34 15 20 95 26 6 41 27 40 47 70 36 9 98 26 56 59 20 60 
84 10 80 56 64 68 67 59 81 14 33 72 87 22 31 49 18 81 77 27 38 32 60 29 23 93 0 5 97 72 92 19 27 77 10 6 23 90 27 12 55 91 30 42 83 21 32 87 33 37 7 53 34 1 95 1 48 34 2 75 37 11 98 63 40 82 52 7 93 7 71 44 1 44 94 35 19 34 6 0 87 74 46 51 94 42 15 34 73 70 24 1 34 96 59 79 37 61 8 0 
38 61 49 83 20 30 19 52 58 94 38 86 87 29 61 59 74 60 79 40 77 2 58 85 75 32 26 82 39 28 43 9 4 71 5 16 80 7 51 47 75 41 33 53 62 0 82 69 46 28 25 20 49 46 88 1 37 65 81 49 42 2 35 69 70 15 66 46 78 51 80 1 84 20 53 58 12 19 23 87 0 68 1 1 31 46 38 24 9 67 73 2 55 32 13 98 85 5 77 46 
74 0 80 97 32 9 62 56 82 3 9 94 80 43 53 59 50 59 78 60 8 83 16 2 61 60 72 47 66 75 56 50 10 22 71 61 70 63 10 62 34 37 54 2 74 14 8 75 69 19 55 43 41 53 71 62 8 46 89 40 34 91 8 2 32 91 31 96 71 43 65 89 88 17 21 44 78 82 34 74 68 0 89 44 73 78 4 81 55 30 65 64 46 80 75 4 77 64 27 0 
28 21 58 89 42 55 92 66 22 39 24 33 31 52 17 52 75 87 46 24 26 91 40 34 47 38 79 51 25 54 44 52 21 49 71 22 0 31 45 58 95 57 4 42 73 51 89 13 0 60 56 75 1 47 13 93 17 63 6 66 11 39 5 73 0 46 57 43 37 92 72 38 81 14 79 0 52 51 15 46 1 89 0 44 65 25 77 66 17 55 80 68 95 13 52 94 56 57 12 87 
91 28 37 62 26 96 26 84 45 11 24 81 47 82 95 42 33 28 60 60 20 23 6 26 68 79 82 3 96 95 93 8 19 18 45 5 16 20 71 93 92 63 76 26 93 56 48 43 45 48 0 97 46 62 56 85 67 20 50 85 26 99 26 9 39 27 52 41 17 62 86 22 14 42 31 55 31 47 20 51 1 44 44 0 45 92 20 79 41 47 64 92 44 31 4 3 92 25 43 39 
97 51 73 39 76 72 50 10 65 7 70 17 38 31 49 66 25 81 52 96 55 31 62 47 10 15 38 33 23 33 33 97 88 23 31 17 71 37 64 75 7 30 98 6 41 35 20 16 26 21 56 70 40 13 66 52 91 60 31 2 33 29 99 83 22 80 31 10 73 85 59 80 57 9 8 78 8 44 95 94 31 73 65 45 0 87 77 7 29 61 10 85 26 92 45 15 65 26 78 53 
83 98 82 55 64 24 29 3 93 34 71 7 9 78 32 40 55 7 63 29 48 72 83 8 45 85 92 16 64 16 66 56 0 4 40 1 24 87 47 7 35 89 69 43 3 97 22 54 41 1 11 41 3 35 85 15 33 38 22 56 61 65 55 35 93 82 72 18 51 41 2 41 81 45 89 23 14 16 26 42 46 78 25 92 87 0 30 70 52 46 3 95 50 76 30 91 40 16 66 42 
24 51 96 4 57 74 86 2 43 23 82 44 8 87 99 50 67 99 48 22 17 46 98 76 55 78 16 26 37 11 83 63 20 5 96 71 47 12 0 67 88 44 23 81 51 63 59 43 54 56 57 65 37 22 41 93 62 3 1 67 22 9 77 60 20 21 11 53 99 37 46 58 71 34 1 48 57 60 6 15 38 4 77 20 77 30 0 97 95 5 91 54 19 27 18 77 31 95 92 26 
0 50 22 11 82 4 9 83 56 66 6 82 98 76 39 5 38 67 6 58 68 1 67 88 73 71 67 73 11 34 34 26 90 2 35 33 10 34 94 38 26 45 43 86 18 36 89 54 71 67 38 14 80 60 97 23 70 99 75 27 29 77 1 99 2 7 1 1 53 66 52 63 5 59 5 17 81 59 41 34 24 81 66 79 7 70 97 0 7 1 66 84 93 85 44 28 84 40 45 62 
8 66 96 76 68 80 87 84 48 30 32 50 43 75 91 22 81 85 65 11 5 62 95 4 63 96 51 88 81 63 20 16 18 98 31 32 96 94 66 98 12 30 1 21 62 9 53 66 52 50 1 81 56 22 32 53 84 73 12 61 58 93 56 67 72 17 92 31 90 34 45 54 26 57 54 93 85 56 27 73 9 55 17 41 29 52 95 7 0 21 46 58 51 8 60 39 9 79 87 69 
76 28 97 99 23 66 14 49 85 35 26 85 31 87 45 37 13 3 20 61 57 68 84 64 82 90 35 23 80 9 63 38 47 69 17 50 19 55 7 31 83 92 68 71 7 43 54 25 44 85 63 11 37 24 53 82 14 70 78 31 69 99 23 25 41 32 51 73 58 17 79 12 43 38 31 17 65 18 40 70 67 30 55 47 61 46 5 1 21 0 87 38 98 46 24 7 23 4 6 86 
95 2 32 39 5 49 92 69 69 0 48 92 84 14 37 23 22 83 80 35 89 61 34 22 63 97 0 11 40 58 84 50 69 39 25 86 41 61 98 99 54 72 35 97 30 61 42 35 97 27 27 18 84 24 98 89 49 2 96 44 38 18 64 60 60 25 46 11 38 41 81 95 91 24 72 94 99 50 47 24 73 65 80 64 10 3 91 66 46 87 0 20 28 67 79 65 66 50 24 0 
46 96 96 28 66 61 95 49 7 69 84 5 82 79 28 22 25 19 87 94 84 53 83 77 74 92 37 24 62 46 47 67 20 56 32 95 45 83 53 9 38 35 71 91 51 66 74 64 28 1 21 65 87 75 50 59 81 75 36 46 68 41 48 18 78 16 79 18 13 56 39 12 90 1 14 0 46 94 70 1 2 64 68 92 85 95 54 84 58 38 20 0 10 77 22 12 89 92 47 69 
22 88 77 17 24 93 34 10 92 83 33 77 16 49 56 68 29 24 82 97 49 97 62 74 50 75 27 83 67 35 14 98 27 30 12 72 50 73 28 74 49 17 72 43 34 57 55 97 89 76 11 57 21 36 93 33 4 57 18 67 91 94 19 5 15 36 14 18 75 56 25 83 35 14 14 12 14 51 36 34 55 46 95 44 26 50 19 93 51 98 28 10 0 72 58 0 3 21 37 51 
7 76 94 30 56 58 2 96 15 15 17 85 78 36 10 96 7 66 23 1 89 35 93 47 69 32 76 11 28 96 29 74 24 97 73 33 85 25 42 35 30 30 78 92 76 28 72 90 31 53 41 73 82 91 59 82 83 37 21 0 3 33 29 30 43 75 25 48 78 92 25 51 14 32 41 79 49 3 9 96 32 80 13 31 92 76 27 85 8 46 67 77 72 0 53 92 45 36 8 89 
41 26 5 79 58 49 81 71 70 23 13 66 4 55 42 49 45 96 23 83 2 64 14 44 68 47 96 79 2 24 78 4 59 56 54 80 96 32 94 19 12 0 26 64 21 26 22 42 75 16 66 11 18 62 23 23 32 93 6 81 68 23 67 21 40 33 9 6 13 98 10 62 89 81 20 54 81 54 98 59 13 75 52 4 45 30 18 44 60 24 79 22 58 53 0 43 69 66 90 26 
43 57 11 41 95 85 42 1 77 30 55 90 72 16 80 71 39 90 94 92 57 26 35 56 80 20 1 17 66 91 97 47 85 78 90 17 59 51 12 75 83 66 77 8 91 68 53 39 85 18 85 96 80 14 82 80 36 37 17 28 9 47 43 48 97 18 39 75 29 62 46 58 66 63 69 17 31 4 26 79 98 4 94 3 15 91 77 28 39 7 65 12 0 92 43 0 37 12 61 81 
66 24 41 83 48 30 39 43 84 30 18 72 54 9 48 37 40 97 37 44 76 33 97 84 59 27 84 90 29 53 97 85 84 72 58 37 51 68 31 30 76 13 87 2 87 1 98 61 24 55 57 40 76 98 46 0 37 10 83 4 96 88 10 72 63 49 26 50 12 30 81 52 59 15 66 31 93 5 56 37 85 77 56 92 65 40 31 84 9 23 66 89 3 45 69 37 0 25 57 46 
96 41 80 57 22 87 15 88 33 34 95 55 91 16 63 90 21 95 63 90 4 24 56 64 13 26 25 99 34 75 80 34 95 39 66 17 54 85 34 30 55 28 8 69 76 99 54 76 78 12 56 34 91 70 22 30 33 5 37 26 7 35 64 14 27 89 19 72 30 71 0 89 94 12 38 22 0 7 59 61 5 64 57 25 26 16 95 40 79 4 50 92 21 36 66 12 25 0 32 23 
43 79 50 50 87 70 60 87 52 55 74 71 56 0 98 21 73 38 65 54 81 27 63 60 99 59 86 8 88 66 30 47 21 48 16 87 36 84 17 78 29 59 31 40 42 4 9 54 9 41 59 76 63 29 2 24 0 63 93 14 88 29 69 34 52 12 74 1 96 87 19 2 24 32 53 50 92 2 20 8 77 27 12 43 78 66 92 45 87 6 24 47 37 8 90 61 57 32 0 54 
6 55 58 50 73 83 64 21 50 14 1 10 88 77 70 90 55 30 98 12 56 25 45 43 86 46 99 45 35 69 67 52 67 46 28 35 62 2 19 6 79 50 34 60 79 94 60 78 32 75 55 24 34 3 78 95 36 16 92 21 77 28 26 93 14 36 9 77 2 66 12 33 27 0 92 23 73 79 60 0 46 0 87 39 53 42 26 62 69 86 0 69 51 89 26 81 46 23 54 0 
0 83 89 47 14 87 11 48 11 5 38 23 80 69 93 72 10 88 70 3 81 36 5 37 16 27 10 48 27 42 66 45 1 4 99 68 8 10 69 38 74 68 9 95 93 36 34 48 13 27 42 55 47 15 12 89 83 98 30 21 0 47 15 9 75 65 86 4 88 18 51 36 10 46 97 9 26 75 4 41 65 49 39 23 43 19 56 8 82 95 99 78 95 61 70 9 51 66 55 77 
83 0 51 21 3 27 98 68 48 54 61 84 25 99 37 45 44 68 74 22 56 75 27 90 60 22 61 58 62 82 3 69 55 76 53 86 0 71 31 5 35 46 75 26 94 37 18 53 69 47 34 1 84 20 45 95 49 64 30 81 55 94 92 39 44 26 34 91 71 39 84 52 2 60 28 14 49 92 47 10 86 47 17 45 60 90 3 8 1 53 6 85 3 19 38 76 25 65 82 22 
89 51 0 91 59 21 7 16 86 36 74 25 35 5 45 0 41 65 70 20 31 35 15 92 96 57 18 97 74 55 40 29 10 55 76 98 94 17 88 60 54 85 98 27 96 43 71 26 87 57 69 80 20 45 87 84 70 83 74 39 15 55 13 24 24 18 60 2 53 86 32 92 57 84 62 66 56 79 47 42 42 40 95 94 31 59 50 62 46 24 29 72 62 47 84 88 37 5 74 38 
47 21 91 0 87 60 43 82 42 58 53 3 7 47 76 80 79 58 38 18 11 81 26 63 34 23 39 59 94 79 23 89 43 69 38 31 74 24 25 49 69 34 81 72 99 13 75 35 18 1 12 28 37 18 74 19 80 92 39 66 75 15 20 84 81 78 49 98 86 2 44 20 97 15 36 70 66 42 5 85 35 21 94 20 87 18 71 65 12 22 99 55 95 12 58 58 53 69 59 51 
14 3 59 87 0 65 3 12 41 33 12 82 83 1 89 38 31 24 19 41 66 7 37 33 49 11 1 73 82 81 49 76 73 46 34 42 0 90 46 77 49 94 10 11 36 19 41 96 69 6 66 84 29 53 95 72 38 19 56 45 58 67 29 17 66 64 72 50 35 98 77 60 77 14 5 0 56 42 70 23 68 25 75 9 42 21 38 29 42 49 86 83 33 40 51 29 98 56 77 5 
87 27 21 60 65 0 82 74 98 31 65 43 51 55 84 98 23 52 59 63 69 20 88 30 8 97 66 91 36 56 25 63 9 1 85 88 67 60 36 38 7 25 88 60 16 14 83 88 13 8 34 11 82 10 33 10 23 24 67 78 48 53 81 26 6 5 54 77 89 92 76 21 4 88 46 67 63 39 27 3 87 41 72 24 29 69 94 97 67 86 79 11 33 85 45 50 13 25 88 83 
11 98 7 43 3 82 0 76 63 53 93 66 80 47 17 74 57 39 75 15 16 37 72 10 29 27 37 75 18 43 88 21 87 64 68 98 46 84 59 71 24 26 29 79 78 23 73 13 37 12 71 14 61 38 7 72 30 76 86 85 98 8 27 59 89 17 88 7 78 94 97 9 47 7 51 49 93 20 6 31 36 24 24 92 27 24 70 60 71 76 46 20 79 70 54 38 38 24 56 55 
48 68 16 82 12 74 76 0 77 20 55 16 69 65 9 43 52 5 57 31 13 40 18 6 95 75 93 77 99 21 89 22 12 93 86 26 59 83 40 20 18 90 11 37 4 78 46 10 97 85 48 66 27 88 70 15 61 36 43 39 38 56 16 18 50 76 86 80 63 78 37 24 30 42 0 62 71 48 97 49 7 69 6 40 59 95 50 4 62 93 61 84 94 5 1 56 65 0 88 53 
11 48 86 42 41 98 63 77 0 1 42 71 48 50 66 8 17 35 1 41 79 97 27 97 40 74 71 30 54 23 53 14 98 68 50 59 7 80 29 19 79 9 92 97 58 85 33 90 99 10 27 2 1 40 70 20 42 15 88 27 1 28 10 52 0 68 61 60 69 63 72 96 74 94 49 47 4 44 53 54 24 76 6 44 62 46 27 13 75 14 30 88 87 99 26 65 14 45 43 43 
5 54 36 58 33 31 53 20 1 0 90 66 66 59 62 52 31 64 70 16 77 50 25 11 86 62 71 86 49 51 5 8 81 24 30 74 37 16 64 11 14 31 56 64 34 79 29 16 92 50 20 80 31 65 56 93 88 94 95 68 23 0 53 39 2 49 80 58 65 98 25 89 90 11 98 73 52 51 95 92 86 37 25 30 34 94 84 7 62 4 40 93 66 67 83 72 68 78 66 30 
38 61 74 53 12 65 93 55 42 90 0 46 78 46 68 39 74 97 92 73 89 96 50 71 96 82 6 24 4 93 37 9 42 6 9 47 77 30 13 33 89 49 46 22 97 4 17 13 52 88 20 22 46 76 73 79 32 36 54 15 52 28 94 36 1 15 39 47 53 46 5 8 22 42 53 39 90 47 61 43 57 52 14 64 42 49 41 70 17 77 68 67 68 51 24 70 92 96 96 74 
23 84 25 3 82 43 66 16 71 66 46 0 41 4 14 19 37 66 0 12 59 76 65 93 94 86 72 28 16 92 45 64 40 72 42 82 91 25 95 77 48 94 47 4 99 8 62 35 31 56 99 75 56 75 20 78 51 0 16 21 5 64 84 98 53 0 59 38 76 25 85 62 72 97 19 41 82 84 47 52 70 12 24 82 22 29 67 12 61 0 19 85 60 19 73 75 80 68 91 83 
80 25 35 7 83 51 80 69 48 66 78 41 0 91 99 16 30 87 58 4 20 25 76 60 65 37 79 62 46 76 43 31 2 68 14 57 62 43 33 20 33 5 57 93 7 31 38 77 66 74 75 36 71 15 36 73 66 90 25 58 50 19 16 43 71 3 2 3 72 20 60 54 10 21 24 15 51 77 81 28 6 29 77 10 2 27 63 23 3 72 39 91 74 23 17 4 72 22 66 96 
69 99 5 47 1 55 47 65 50 59 46 4 91 0 9 97 44 16 86 31 12 91 40 73 83 8 53 53 80 27 28 79 29 90 32 14 93 93 60 73 81 25 29 78 10 60 17 86 60 11 30 47 99 30 10 28 45 48 79 41 14 46 83 85 7 72 98 60 37 85 74 92 94 68 7 49 64 9 47 91 63 63 57 37 0 86 79 20 8 30 69 16 5 66 87 32 59 89 52 23 
93 37 45 76 89 84 17 9 66 62 68 14 99 9 0 12 81 83 83 24 68 62 43 6 4 86 88 71 96 90 22 20 87 90 95 48 22 84 45 38 79 69 39 61 87 20 84 38 50 30 85 70 69 1 39 2 50 82 13 82 17 1 83 26 93 91 55 63 21 98 6 70 55 77 12 8 8 70 64 6 47 48 26 49 69 72 88 23 68 50 12 3 48 47 82 23 29 0 36 15 
72 45 0 80 38 98 74 43 8 52 39 19 16 97 12 0 41 83 39 87 23 99 59 34 66 28 94 60 78 47 48 8 8 20 0 91 66 15 9 9 74 58 58 34 25 19 70 54 68 31 22 78 63 36 77 26 39 61 18 30 85 39 65 81 38 10 40 95 13 30 12 12 82 94 75 16 73 31 5 72 20 46 53 16 64 30 20 77 21 24 51 54 97 28 35 7 32 21 58 61 
10 44 41 79 31 23 57 52 17 31 74 37 30 44 81 41 0 41 65 68 33 95 90 21 70 74 6 18 18 6 36 30 46 85 73 31 67 62 83 86 31 94 75 93 93 29 39 25 27 42 43 21 19 43 6 28 19 9 89 15 62 28 96 21 3 25 92 19 11 71 93 93 4 29 52 18 48 38 52 46 34 91 13 48 7 77 80 61 69 80 57 28 29 93 10 39 55 90 26 60 
88 68 65 58 24 52 39 5 35 64 97 66 87 16 83 83 41 0 38 24 9 21 82 37 57 39 20 60 70 65 44 47 75 36 68 65 4 78 57 24 9 23 44 98 90 42 27 64 0 53 82 57 93 34 21 23 87 77 88 91 71 54 58 54 64 10 58 39 60 75 88 83 48 70 69 99 12 70 77 14 10 96 14 99 57 37 14 99 3 50 9 91 67 97 59 99 76 30 84 90 
70 74 70 38 19 59 75 57 1 70 92 0 58 86 83 39 65 38 0 85 21 96 59 30 78 8 64 27 60 76 48 17 9 67 34 25 42 64 72 16 3 35 52 24 38 60 39 77 24 52 92 34 82 83 77 95 32 56 39 56 91 15 99 79 99 89 98 82 66 35 51 26 40 39 7 68 0 73 58 27 55 40 6 8 79 13 24 82 71 42 30 11 29 26 69 51 69 39 8 91 
3 22 20 18 41 63 15 31 41 16 73 12 4 31 24 87 68 24 85 0 81 0 4 39 73 49 73 80 58 16 1 39 89 52 34 62 59 86 34 61 73 20 88 35 91 35 70 55 40 70 51 66 21 26 79 62 21 1 75 24 3 37 69 12 42 75 32 61 10 38 55 43 52 46 4 59 6 95 62 99 86 30 10 84 39 69 3 26 48 51 83 37 99 72 94 50 90 40 2 22 
81 56 31 11 66 69 16 13 79 77 89 59 20 12 68 23 33 9 21 81 0 44 69 11 85 74 75 13 84 58 3 41 19 70 5 8 44 49 29 85 39 64 11 63 32 24 75 19 87 53 51 47 7 95 86 79 55 88 96 92 77 28 10 71 97 68 85 54 50 63 54 62 21 93 32 59 87 1 90 40 8 30 91 5 77 50 74 9 30 22 19 31 48 50 23 62 82 57 85 75 
36 75 35 81 7 20 37 40 97 50 96 76 25 91 62 99 95 21 96 0 44 0 46 58 99 15 37 83 37 93 68 72 20 89 89 45 60 18 26 75 37 67 97 82 11 6 5 59 62 69 84 27 67 4 98 57 7 59 83 71 54 21 49 81 77 77 45 87 52 4 23 9 18 63 1 91 50 46 14 60 60 41 63 16 97 51 82 89 6 91 60 85 34 25 70 92 13 37 67 28 
5 27 15 26 37 88 72 18 27 25 50 65 76 40 43 59 90 82 59 4 69 46 0 54 60 83 75 88 14 9 11 91 51 73 68 34 30 53 21 86 77 42 27 55 7 3 14 0 13 19 37 43 34 57 41 28 77 93 5 3 15 99 0 76 73 50 56 46 69 78 85 17 74 13 79 55 67 6 34 49 58 85 19 91 81 99 50 61 46 23 20 18 49 69 97 86 20 68 24 66 
37 90 92 63 33 30 10 6 97 11 71 93 60 73 6 34 21 37 30 39 11 58 54 0 74 14 47 0 19 13 30 65 65 41 64 94 80 17 12 74 1 70 87 33 48 39 76 85 0 13 82 21 56 82 38 33 15 20 54 42 95 79 1 95 49 5 17 14 25 43 34 49 76 65 46 33 42 55 5 58 88 72 98 29 57 44 94 36 39 26 77 46 81 43 13 93 78 18 2 2 
16 60 96 34 49 8 29 95 40 86 96 94 65 83 4 66 70 57 78 73 85 99 60 74 0 74 39 58 31 82 43 18 53 11 23 9 57 29 38 72 41 50 47 47 92 31 11 44 82 40 30 65 27 28 81 90 36 91 27 35 37 21 59 21 80 54 57 68 7 86 35 45 29 37 80 94 85 61 12 62 25 3 75 24 13 85 90 0 15 46 63 92 36 98 91 90 31 39 14 32 
27 22 57 23 11 97 27 75 74 62 82 86 37 8 86 28 74 39 8 49 74 15 83 14 74 0 52 9 10 89 24 71 95 98 76 47 48 29 28 13 4 57 97 27 82 0 8 10 56 0 97 11 28 1 11 37 32 96 49 6 1 1 16 38 21 14 68 34 87 61 51 41 70 86 39 41 73 47 53 82 8 19 4 23 15 65 81 26 16 3 75 76 38 61 38 40 14 43 27 92 
10 61 18 39 1 66 37 93 71 71 6 72 79 53 88 94 6 20 64 73 75 37 75 47 39 52 0 49 72 29 85 11 1 64 16 10 38 64 92 38 73 66 67 21 83 56 62 71 6 23 65 10 4 36 47 91 92 95 92 75 16 4 69 67 33 80 55 73 42 50 13 53 98 39 11 59 49 66 58 88 88 39 5 63 71 11 94 92 1 72 47 80 85 83 96 1 36 87 38 13 
48 58 97 59 73 91 75 77 30 86 24 28 62 53 71 60 18 60 27 80 13 83 88 0 58 9 49 0 86 61 21 22 1 70 18 84 9 11 29 85 80 84 61 56 97 18 80 6 49 11 49 89 5 34 86 59 10 34 97 15 87 16 85 91 7 96 33 57 90 68 47 57 10 63 29 51 48 57 91 84 74 47 78 83 74 58 70 35 68 22 30 39 72 83 88 28 75 27 46 31 
27 62 74 94 82 36 18 99 54 49 4 16 46 80 96 78 18 70 60 58 84 37 14 19 31 10 72 86 0 68 16 99 81 38 13 93 75 42 32 60 37 95 43 71 66 59 52 7 80 57 1 32 75 85 84 99 73 10 76 32 80 37 30 28 10 20 42 48 93 42 22 41 62 84 9 80 78 19 45 10 34 73 63 88 71 83 8 21 43 46 44 65 95 81 66 53 93 36 32 13 
42 82 55 79 81 56 43 21 23 51 93 92 76 27 90 47 6 65 76 16 58 93 9 13 82 89 29 61 68 0 59 77 38 42 2 23 31 52 85 80 55 3 21 4 35 74 42 55 86 70 89 10 65 24 43 39 94 8 48 27 2 11 44 63 29 46 84 22 69 33 9 35 61 19 53 24 52 94 58 30 41 13 9 39 66 0 36 40 95 97 55 52 97 82 30 77 63 73 18 34 
66 3 40 23 49 25 88 89 53 5 37 45 43 28 22 48 36 44 48 1 3 68 11 30 43 24 85 21 16 59 0 62 49 98 26 74 86 3 77 56 40 32 49 33 69 90 81 22 90 69 2 6 78 81 58 40 38 16 94 0 14 63 65 84 35 90 39 69 36 41 37 44 88 21 39 71 29 35 24 88 83 92 3 75 93 92 41 85 57 92 51 67 6 56 17 59 51 40 31 72 
45 69 29 89 76 63 21 22 14 8 9 64 31 79 20 8 30 47 17 39 41 72 91 65 18 71 11 22 99 77 62 0 92 9 80 98 85 90 85 48 35 9 68 79 79 4 18 96 68 62 45 18 36 19 80 30 85 88 94 70 5 83 59 23 2 34 81 13 86 30 79 29 71 17 67 98 71 44 96 25 39 38 65 77 58 77 75 60 64 72 82 70 51 18 22 92 7 91 65 61 
1 55 10 43 73 9 87 12 98 81 42 40 2 29 87 8 46 75 9 89 19 20 51 65 53 95 1 1 81 38 49 92 0 95 82 49 59 81 87 92 27 85 29 92 14 21 59 82 26 55 64 50 69 64 80 11 82 83 91 51 15 90 58 87 90 44 62 15 3 5 15 85 7 79 10 54 15 25 81 66 40 22 93 36 31 15 33 83 61 71 55 4 86 47 32 33 56 83 23 54 
4 76 55 69 46 1 64 93 68 24 6 72 68 90 90 20 85 36 67 52 70 89 73 41 11 98 64 70 38 42 98 9 95 0 62 55 74 36 38 11 58 32 27 9 7 19 51 65 6 32 22 73 1 21 29 65 1 18 11 44 90 81 96 34 67 18 79 68 9 6 91 92 2 11 29 61 14 82 30 48 13 67 4 85 75 33 37 31 66 49 55 10 16 53 12 37 81 55 64 37 
99 53 76 38 34 85 68 86 50 30 9 42 14 32 95 0 73 68 34 34 5 89 68 64 23 76 16 18 13 2 26 80 82 62 0 77 62 90 46 67 80 24 78 3 13 86 60 65 3 76 89 89 78 86 38 8 3 49 61 87 89 11 70 4 28 22 74 76 96 72 91 68 35 15 70 55 14 8 13 6 63 98 90 94 32 16 25 72 63 8 97 75 45 70 72 15 43 96 11 82 
68 86 98 31 42 88 98 26 59 74 47 82 57 14 48 91 31 65 25 62 8 45 34 94 9 47 10 84 93 23 74 98 49 55 77 0 94 64 79 99 88 89 77 11 48 15 91 55 52 45 3 88 56 28 52 54 77 17 71 1 24 9 16 93 57 87 31 77 22 62 7 78 4 22 49 84 95 4 88 42 69 43 90 14 12 77 43 5 12 26 55 55 94 16 73 88 5 49 53 67 
8 0 94 74 0 67 46 59 7 37 77 91 62 93 22 66 67 4 42 59 44 60 30 80 57 48 38 9 75 31 86 85 59 74 62 94 0 13 67 35 54 7 69 54 18 68 36 71 10 86 5 61 26 2 8 99 32 50 72 63 28 22 57 40 51 71 4 94 99 13 82 69 26 13 75 43 42 54 38 4 26 94 35 51 19 18 90 16 70 76 75 49 15 74 4 40 55 28 78 49 
10 71 17 24 90 60 84 83 80 16 30 25 43 93 84 15 62 78 64 86 49 18 53 17 29 29 64 11 42 52 3 90 81 36 90 64 13 0 70 55 15 53 4 89 43 85 74 29 61 54 40 61 22 39 68 57 87 28 69 91 35 90 39 78 16 23 50 21 60 24 77 48 5 75 9 59 8 11 52 52 87 41 32 46 2 35 31 33 91 85 94 14 87 36 22 70 34 2 2 74 
69 31 88 25 46 36 59 40 29 64 13 95 33 60 45 9 83 57 72 34 29 26 21 12 38 28 92 29 32 85 77 85 87 38 46 79 67 70 0 6 9 35 45 90 83 7 27 11 65 75 60 65 33 24 61 24 29 44 17 43 25 23 85 77 67 66 77 55 6 91 83 60 3 11 5 13 52 76 83 58 10 12 29 58 23 14 79 51 35 18 97 99 74 72 59 96 15 23 98 59 
38 5 60 49 77 38 71 20 19 11 33 77 20 73 38 9 86 24 16 61 85 75 86 74 72 13 38 85 60 80 56 48 92 11 67 99 35 55 6 0 22 20 29 41 9 33 97 37 7 32 40 50 85 43 4 62 17 67 77 40 35 52 3 96 64 45 95 24 1 63 97 57 85 32 61 79 25 63 26 72 20 99 51 52 52 83 34 99 10 39 62 36 6 89 49 97 96 69 57 56 
74 35 54 69 49 7 24 18 79 14 89 48 33 81 79 74 31 9 3 73 39 37 77 1 41 4 73 80 37 55 40 35 27 58 80 88 54 15 9 22 0 19 96 39 72 95 36 80 82 98 21 9 33 88 89 31 28 46 90 29 67 86 64 96 18 98 75 55 24 31 78 45 49 31 18 51 9 72 85 30 38 64 15 40 87 89 23 56 55 98 23 16 90 54 54 24 22 3 62 78 
68 46 85 34 94 25 26 90 9 31 49 94 5 25 69 58 94 23 35 20 64 67 42 70 50 57 66 84 95 3 32 9 85 32 24 89 7 53 35 20 19 0 99 10 34 0 77 53 12 59 87 29 7 64 67 5 49 23 78 26 43 62 94 60 45 1 22 99 93 2 39 9 36 71 42 34 10 53 99 8 51 73 82 19 83 81 10 44 51 87 74 43 39 58 28 36 58 2 81 21 
9 75 98 81 10 88 29 11 92 56 46 47 57 29 39 58 75 44 52 88 11 97 27 87 47 97 67 61 43 21 49 68 29 27 78 77 69 4 45 29 96 99 0 82 16 94 45 41 37 25 14 2 85 12 32 67 15 17 99 33 99 16 7 49 13 65 72 29 71 53 21 99 35 24 55 90 28 32 88 50 83 82 8 59 8 9 73 99 3 88 50 19 96 55 63 84 32 44 32 56 
95 26 27 72 11 60 79 37 97 64 22 4 93 78 61 34 93 98 24 35 63 82 55 33 47 27 21 56 71 4 33 79 92 9 3 11 54 89 90 41 39 10 82 0 40 70 6 78 98 62 89 58 44 79 16 48 77 2 14 40 9 68 25 79 4 87 76 37 82 14 74 89 7 80 48 5 67 37 57 99 57 61 90 75 68 17 28 72 94 83 97 93 50 29 97 95 57 53 83 47 
93 94 96 99 36 16 78 4 58 34 97 99 7 10 87 25 93 90 38 91 32 11 7 48 92 82 83 97 66 35 69 79 14 7 13 48 18 43 83 9 72 34 16 40 0 94 11 49 24 50 41 14 47 32 33 49 37 27 54 29 66 90 33 72 16 62 40 38 19 47 90 91 8 78 66 83 42 6 13 22 17 91 26 52 93 18 55 99 79 77 62 65 56 24 11 94 99 94 51 12 
36 37 43 13 19 14 23 78 85 79 4 8 31 60 20 19 29 42 60 35 24 6 3 39 31 0 56 18 59 74 90 4 21 19 86 15 68 85 7 33 95 0 94 70 94 0 75 94 51 19 59 19 18 46 8 73 57 70 96 51 39 98 18 66 39 54 45 85 27 72 63 32 72 49 65 16 95 51 62 32 59 30 44 98 85 62 81 7 91 46 81 37 93 28 81 73 73 88 66 19 
34 18 71 75 41 83 73 46 33 29 17 62 38 17 84 70 39 27 39 70 75 5 14 76 11 8 62 80 52 42 81 18 59 51 60 91 36 74 27 97 36 77 45 6 11 75 0 40 23 34 4 18 78 94 33 95 63 16 68 90 49 59 1 18 60 5 26 2 46 48 63 23 52 24 97 11 8 70 60 41 22 74 28 68 37 4 22 72 25 19 90 83 73 54 20 10 79 84 31 85 
48 53 26 35 96 88 13 10 90 16 13 35 77 86 38 54 25 64 77 55 19 59 0 85 44 10 71 6 7 55 22 96 82 65 65 55 71 29 11 37 80 53 41 78 49 94 40 0 72 11 26 5 87 65 24 21 24 77 93 34 11 62 80 55 80 78 90 60 94 14 82 95 28 33 64 78 63 4 36 68 58 94 68 98 23 12 89 89 98 93 74 27 33 32 3 21 93 90 4 72 
13 69 87 18 69 13 37 97 99 92 52 31 66 60 50 68 27 0 24 40 87 62 13 0 82 56 6 49 80 86 90 68 26 6 3 52 10 61 65 7 82 12 37 98 24 51 23 72 0 96 33 33 59 51 64 7 2 94 19 24 78 20 32 61 76 44 26 13 87 97 54 47 71 29 84 84 55 79 76 81 34 79 56 78 64 79 23 85 22 52 6 54 51 45 26 65 92 93 71 23 
27 47 57 1 6 8 12 85 10 50 88 56 74 11 30 31 42 53 52 70 53 69 19 13 40 0 23 11 57 70 69 62 55 32 76 45 86 54 75 32 98 59 25 62 50 19 34 11 96 0 91 28 56 43 83 63 16 34 8 17 33 44 23 11 61 84 7 15 67 79 16 23 21 46 33 90 32 83 67 81 14 45 61 93 52 5 59 88 28 7 35 64 76 64 5 3 9 89 30 48 
42 34 69 12 66 34 71 48 27 20 20 99 75 30 85 22 43 82 92 51 51 84 37 82 30 97 65 49 1 89 2 45 64 22 89 3 5 40 60 40 21 87 14 89 41 59 4 26 33 91 0 22 30 95 1 85 83 63 45 20 54 50 19 68 95 71 59 66 4 85 10 21 69 15 92 20 70 32 54 59 29 39 88 54 79 31 13 56 28 56 72 49 30 33 8 79 46 5 0 59 
55 1 80 28 84 11 14 66 2 80 22 75 36 47 70 78 21 57 34 66 47 27 43 21 65 11 10 89 32 10 6 18 50 73 89 88 61 61 65 50 9 29 2 58 14 19 18 5 33 28 22 0 86 56 5 80 65 96 50 34 16 78 47 46 97 39 47 4 76 53 65 21 35 30 47 41 56 4 47 9 32 37 79 25 44 50 88 30 89 38 12 90 5 12 48 78 44 37 40 16 
47 84 20 37 29 82 61 27 1 31 46 56 71 99 69 63 19 93 82 21 7 67 34 56 27 28 4 5 75 65 78 36 69 1 78 56 26 22 33 85 33 7 85 44 47 18 78 87 59 56 30 86 0 26 12 57 59 7 33 94 3 90 84 86 17 53 68 14 4 2 59 67 58 52 7 35 92 11 88 91 5 97 14 97 74 47 71 70 53 0 67 18 6 22 2 55 23 45 75 62 
15 20 45 18 53 10 38 88 40 65 76 75 15 30 1 36 43 34 83 26 95 4 57 82 28 1 36 34 85 24 81 19 64 21 86 28 2 39 24 43 88 64 12 79 32 46 94 65 51 43 95 56 26 0 46 92 15 42 28 37 37 14 39 61 77 0 44 71 70 68 57 56 88 61 90 61 33 0 48 85 5 17 70 59 70 32 11 70 27 71 30 70 74 6 39 96 17 31 30 31 
12 45 87 74 95 33 7 70 70 56 73 20 36 10 39 77 6 21 77 79 86 98 41 38 81 11 47 86 84 43 58 80 80 29 38 52 8 68 61 4 89 67 32 16 33 8 33 24 64 83 1 5 12 46 0 15 81 59 81 99 44 51 47 26 4 27 16 32 71 17 80 88 22 90 26 49 68 0 26 13 29 24 15 86 31 46 37 61 1 94 89 85 48 77 96 73 89 65 93 52 
89 95 84 19 72 10 72 15 20 93 79 78 73 28 2 26 28 23 95 62 79 57 28 33 90 37 91 59 99 39 40 30 11 65 8 54 99 57 24 62 31 5 67 48 49 73 95 21 7 63 85 80 57 92 15 0 9 8 41 13 54 67 77 4 36 11 5 6 22 99 67 23 61 57 42 87 91 57 27 42 84 69 68 70 82 98 56 92 27 98 96 24 70 48 55 96 80 40 14 51 
83 49 70 80 38 23 30 61 42 88 32 51 66 45 50 39 19 87 32 21 55 7 77 15 36 32 92 10 73 94 38 85 82 1 3 77 32 87 29 17 28 49 15 77 37 57 63 24 2 16 83 65 59 15 81 9 0 18 13 79 17 3 40 44 45 16 21 97 3 56 29 4 62 0 82 15 90 38 48 37 6 59 89 97 83 27 17 3 7 44 12 21 32 62 15 32 89 92 45 13 
98 64 83 92 19 24 76 36 15 94 36 0 90 48 82 61 9 77 56 1 88 59 93 20 91 96 95 34 10 8 16 88 83 18 49 17 50 28 44 67 46 23 17 2 27 70 16 77 94 34 63 96 7 42 59 8 18 0 8 89 74 18 93 58 40 65 30 73 33 53 93 64 2 26 65 62 33 23 96 67 50 59 96 86 21 60 50 56 78 72 65 94 48 24 23 43 76 85 96 91 
30 30 74 39 56 67 86 43 88 95 54 16 25 79 13 18 89 88 39 75 96 83 5 54 27 49 92 97 76 48 94 94 91 11 61 71 72 69 17 77 90 78 99 14 54 96 68 93 19 8 45 50 33 28 81 41 13 8 0 37 79 77 85 72 7 91 59 49 84 44 26 38 86 27 2 17 73 60 13 79 73 72 71 15 79 49 38 53 9 16 56 7 38 21 48 11 23 26 51 82 
21 81 39 66 45 78 85 39 27 68 15 21 58 41 82 30 15 91 56 24 92 71 3 42 35 6 75 15 32 27 0 70 51 44 87 1 63 91 43 40 29 26 33 40 29 51 90 34 24 17 20 34 94 37 99 13 79 89 37 0 5 77 54 82 44 63 68 17 53 24 59 58 74 71 68 39 57 19 57 22 71 86 85 56 17 87 94 99 0 79 43 9 14 69 26 4 39 95 96 0 
0 55 15 75 58 48 98 38 1 23 52 5 50 14 17 85 62 71 91 3 77 54 15 95 37 1 16 87 80 2 14 5 15 90 89 24 28 35 25 35 67 43 99 9 66 39 49 11 78 33 54 16 3 37 44 54 17 74 79 5 0 34 13 96 67 57 56 18 21 27 85 16 75 77 82 35 18 13 3 78 38 41 71 18 34 51 1 7 58 83 21 96 55 63 62 8 62 16 49 21 
47 94 55 15 67 53 8 56 28 0 28 64 19 46 1 39 28 54 15 37 28 21 99 79 21 1 4 16 37 11 63 83 90 81 11 9 22 90 23 52 86 62 16 68 90 98 59 62 20 44 50 78 90 14 51 67 3 18 77 77 34 0 53 7 36 10 22 2 4 22 83 26 60 80 4 97 3 45 55 96 93 66 13 60 67 0 52 27 38 69 76 62 17 60 79 35 49 72 62 99 
15 92 13 20 29 81 27 16 10 53 94 84 16 83 83 65 96 58 99 69 10 49 0 1 59 16 69 85 30 44 65 59 58 96 70 16 57 39 85 3 64 94 7 25 33 18 1 80 32 23 19 47 84 39 47 77 40 93 85 54 13 53 0 4 41 6 4 66 76 20 88 14 40 17 76 1 79 84 24 75 22 99 66 81 77 98 28 77 31 43 15 89 82 2 90 46 72 23 47 43 
9 39 24 84 17 26 59 18 52 39 36 98 43 85 26 81 21 54 79 12 71 81 76 95 21 38 67 91 28 63 84 23 87 34 4 93 40 78 77 96 96 60 49 79 72 66 18 55 61 11 68 46 86 61 26 4 44 58 72 82 96 7 4 0 68 86 14 66 33 65 68 78 65 86 15 83 47 56 55 52 11 42 51 8 42 60 11 91 26 32 90 95 7 24 96 96 23 87 71 9 
75 44 24 81 66 6 89 50 0 2 1 53 71 7 93 38 3 64 99 42 97 77 73 49 80 21 33 7 10 29 35 2 90 67 28 57 51 16 67 64 18 45 13 4 16 39 60 80 76 61 95 97 17 77 4 36 45 40 7 44 67 36 41 68 0 2 31 70 49 17 58 4 63 77 14 45 90 65 47 9 88 29 54 19 44 21 63 15 20 24 41 95 58 68 81 92 90 83 0 79 
65 26 18 78 64 5 17 76 68 49 15 0 3 72 91 10 25 10 89 75 68 77 50 5 54 14 80 96 20 46 90 34 44 18 22 87 71 23 66 45 98 1 65 87 62 54 5 78 44 84 71 39 53 0 27 11 16 65 91 63 57 10 6 86 2 0 78 67 14 65 22 7 99 37 86 31 43 67 74 33 97 76 6 5 56 7 78 6 73 38 13 83 29 31 47 20 78 7 74 55 
86 34 60 49 72 54 88 86 61 80 39 59 2 98 55 40 92 58 98 32 85 45 56 17 57 68 55 33 42 84 39 81 62 79 74 31 4 50 77 95 75 22 72 76 40 45 26 90 26 7 59 47 68 44 16 5 21 30 59 68 56 22 4 14 31 78 0 37 43 73 83 13 37 65 56 41 32 31 98 73 43 80 91 80 24 30 64 72 17 46 72 33 5 17 26 35 13 81 70 71 
4 91 2 98 50 77 7 80 60 58 47 38 3 60 63 95 19 39 82 61 54 87 46 14 68 34 73 57 48 22 69 13 15 68 76 77 94 21 55 24 55 99 29 37 38 85 2 60 13 15 66 4 14 71 32 6 97 73 49 17 18 2 66 66 70 67 37 0 6 39 9 51 19 56 50 64 77 10 45 99 23 27 75 62 12 68 51 77 58 42 40 66 92 10 53 1 1 11 19 92 
88 71 53 86 35 89 78 63 69 65 53 76 72 37 21 13 11 60 66 10 50 52 69 25 7 87 42 90 93 69 36 86 3 9 96 22 99 60 6 1 24 93 71 82 19 27 46 94 87 67 4 76 4 70 71 22 3 33 84 53 21 4 76 33 49 14 43 6 0 72 63 67 1 44 64 79 44 94 76 50 51 77 30 97 56 53 41 84 78 58 37 39 28 66 29 15 40 58 80 72 
18 39 86 2 98 92 94 78 63 98 46 25 20 85 98 30 71 75 35 38 63 4 78 43 86 61 50 68 42 33 41 30 5 6 72 62 13 24 91 63 31 2 53 14 47 72 48 14 97 79 85 53 2 68 17 99 56 53 44 24 27 22 20 65 17 65 73 39 72 0 16 25 63 24 79 68 2 87 90 4 44 12 38 16 94 49 33 72 44 75 95 85 24 10 9 70 75 18 56 64 
51 84 32 44 77 76 97 37 72 25 5 85 60 74 6 12 93 88 51 55 54 23 85 34 35 51 13 47 22 9 37 79 15 91 91 7 82 77 83 97 78 39 21 74 90 63 63 82 54 16 10 65 59 57 80 67 29 93 26 59 85 83 88 68 58 22 83 9 63 16 0 28 85 67 39 40 20 25 35 97 44 42 41 55 14 26 44 50 46 59 26 22 9 51 52 48 11 97 84 79 
36 52 92 20 60 21 9 24 96 89 8 62 54 92 70 12 93 83 26 43 62 9 17 49 45 41 53 57 41 35 44 29 85 92 68 78 69 48 60 57 45 9 99 89 91 32 23 95 47 23 21 21 67 56 88 23 4 64 38 58 16 26 14 78 4 7 13 51 67 25 28 0 14 98 29 73 14 76 9 24 56 23 94 85 42 33 1 66 94 34 24 54 94 69 79 59 23 34 13 93 
10 2 57 97 77 4 47 30 74 90 22 72 10 94 55 82 4 48 40 52 21 18 74 76 29 70 98 10 62 61 88 71 7 2 35 4 26 5 3 85 49 36 35 7 8 72 52 28 71 21 69 35 58 88 22 61 62 2 86 74 75 60 40 65 63 99 37 19 1 63 85 14 0 22 26 81 38 53 89 72 12 92 90 4 29 49 51 15 50 23 70 51 52 9 2 38 0 61 24 63 
46 60 84 15 14 88 7 42 94 11 42 97 21 68 77 94 29 70 39 46 93 63 13 65 37 86 39 63 84 19 21 17 79 11 15 22 13 75 11 32 31 71 24 80 78 49 24 33 29 46 15 30 52 61 90 57 0 26 27 71 77 80 17 86 77 37 65 56 44 24 67 98 22 0 25 18 65 89 82 15 60 88 45 81 17 0 99 67 15 89 44 26 23 43 24 19 96 6 12 5 
97 28 62 36 5 46 51 0 49 98 53 19 24 7 12 75 52 69 7 4 32 1 79 46 80 39 11 29 9 53 39 67 10 29 70 49 75 9 5 61 18 42 55 48 66 65 97 64 84 33 92 47 7 90 26 42 82 65 2 68 82 4 76 15 14 86 56 50 64 79 39 29 26 25 0 86 78 65 41 45 20 0 76 67 79 49 24 30 87 75 78 55 39 43 0 34 14 28 42 46 
9 14 66 70 0 67 49 62 47 73 39 41 15 49 8 16 18 99 68 59 59 91 55 33 94 41 59 51 80 24 71 98 54 61 55 84 43 59 13 79 51 34 90 5 83 16 11 78 84 90 20 41 35 61 49 87 15 62 17 39 35 97 1 83 45 31 41 64 79 68 40 73 81 18 86 0 6 73 99 38 85 38 24 5 53 90 43 27 59 14 43 35 54 64 65 2 5 28 67 76 
26 49 56 66 56 63 93 71 4 52 90 82 51 64 8 73 48 12 0 6 87 50 67 42 85 73 49 48 78 52 29 71 15 14 14 95 42 8 52 25 9 10 28 67 42 95 8 63 55 32 70 56 92 33 68 91 90 33 73 57 18 3 79 47 90 43 32 77 44 2 20 14 38 65 78 6 0 85 19 69 50 78 57 96 36 78 63 87 29 55 83 61 43 0 46 96 22 8 54 46 
75 92 79 42 42 39 20 48 44 51 47 84 77 9 70 31 38 70 73 95 1 46 6 55 61 47 66 57 19 94 35 44 25 82 8 4 54 11 76 63 72 53 32 37 6 51 70 4 79 83 32 4 11 0 0 57 38 23 60 19 13 45 84 56 65 67 31 10 94 87 25 76 53 89 65 73 85 0 5 97 82 66 19 60 64 85 21 9 73 36 58 77 60 58 28 5 96 36 60 64 
4 47 47 5 70 27 6 97 53 95 61 47 81 47 64 5 52 77 58 62 90 14 34 5 12 53 58 91 45 58 24 96 81 30 13 88 38 52 83 26 85 99 88 57 13 62 60 36 76 67 54 47 88 48 26 27 48 96 13 57 3 55 24 55 47 74 98 45 76 90 35 9 89 82 41 99 19 5 0 1 69 40 66 54 7 63 52 62 71 43 62 75 79 61 45 50 57 91 38 48 
41 10 42 85 23 3 31 49 54 92 43 52 28 91 6 72 46 14 27 99 40 60 49 58 62 82 88 84 10 30 88 25 66 48 6 42 4 52 58 72 30 8 50 99 22 32 41 68 81 81 59 9 91 85 13 42 37 67 79 22 78 96 75 52 9 33 73 99 50 4 97 24 72 15 45 38 69 97 1 0 52 69 42 77 71 56 10 81 97 77 74 78 82 98 4 11 40 80 48 41 
65 86 42 35 68 87 36 7 24 86 57 70 6 63 47 20 34 10 55 86 8 60 58 88 25 8 88 74 34 41 83 39 40 13 63 69 26 87 10 20 38 51 83 57 17 59 22 58 34 14 29 32 5 5 29 84 6 50 73 71 38 93 22 11 88 97 43 23 51 44 44 56 12 60 20 85 50 82 69 52 0 29 85 55 79 41 64 54 69 42 92 34 69 95 41 39 38 37 37 76 
49 47 40 21 25 41 24 69 76 37 52 12 29 63 48 46 91 96 40 30 30 41 85 72 3 19 39 47 73 13 92 38 22 67 98 43 94 41 12 99 64 73 82 61 91 30 74 94 79 45 39 37 97 17 24 69 59 59 72 86 41 66 99 42 29 76 80 27 77 12 42 23 92 88 0 38 78 66 40 69 29 0 21 73 96 23 98 16 47 71 4 17 36 66 76 47 77 33 32 16 
39 17 95 94 75 72 24 6 6 25 14 24 77 57 26 53 13 14 6 10 91 63 19 98 75 4 5 78 63 9 3 65 93 4 90 90 35 32 29 51 15 82 8 90 26 44 28 68 56 61 88 79 14 70 15 68 89 96 71 85 71 13 66 51 54 6 91 75 30 38 41 94 90 45 76 24 57 19 66 42 85 21 0 77 57 13 65 81 86 88 83 18 16 45 66 16 91 86 57 83 
23 45 94 20 9 24 92 40 44 30 64 82 10 37 49 16 48 99 8 84 5 16 91 29 24 23 63 83 88 39 75 77 36 85 94 14 51 46 58 52 40 19 59 75 52 98 68 98 78 93 54 25 97 59 86 70 97 86 15 56 18 60 81 8 19 5 80 62 97 16 55 85 4 81 67 5 96 60 54 77 55 73 77 0 79 97 84 74 54 75 40 59 93 3 98 52 32 25 66 89 
43 60 31 87 42 29 27 59 62 34 42 22 2 0 69 64 7 57 79 39 77 97 81 57 13 15 71 74 71 66 93 58 31 75 32 12 19 2 23 52 87 83 8 68 93 85 37 23 64 52 79 44 74 70 31 82 83 21 79 17 34 67 77 42 44 56 24 12 56 94 14 42 29 17 79 53 36 64 7 71 79 96 57 79 0 33 34 30 35 7 13 53 51 1 0 11 40 33 71 13 
19 90 59 18 21 69 24 95 46 94 49 29 27 86 72 30 77 37 13 69 50 51 99 44 85 65 11 58 83 0 92 77 15 33 16 77 18 35 14 83 89 81 9 17 18 62 4 12 79 5 31 50 47 32 46 98 27 60 49 87 51 0 98 60 21 7 30 68 53 49 26 33 49 0 49 90 78 85 63 56 41 23 13 97 33 0 54 13 8 60 94 49 52 57 63 20 29 25 38 84 
56 3 50 71 38 94 70 50 27 84 41 67 63 79 88 20 80 14 24 3 74 82 50 94 90 81 94 70 8 36 41 75 33 37 25 43 90 31 79 34 23 10 73 28 55 81 22 89 23 59 13 88 71 11 37 56 17 50 38 94 1 52 28 11 63 78 64 51 41 33 44 1 51 99 24 43 63 21 52 10 64 98 65 84 34 54 0 70 44 75 39 41 5 19 69 49 19 55 75 5 
8 8 62 65 29 97 60 4 13 7 70 12 23 20 23 77 61 99 82 26 9 89 61 36 0 26 92 35 21 40 85 60 83 31 72 5 16 33 51 99 56 44 99 72 99 7 72 89 85 88 56 30 70 70 61 92 3 56 53 99 7 27 77 91 15 6 72 77 84 72 50 66 15 67 30 27 87 9 62 81 54 16 81 74 30 13 70 0 96 72 57 99 49 68 55 45 11 32 87 86 
82 1 46 12 42 67 71 62 75 62 17 61 3 8 68 21 69 3 71 48 30 6 46 39 15 16 1 68 43 95 57 64 61 66 63 12 70 91 35 10 55 51 3 94 79 91 25 98 22 28 28 89 53 27 1 27 7 78 9 0 58 38 31 26 20 73 17 58 78 44 46 94 50 15 87 59 29 73 71 97 69 47 86 54 35 8 44 96 0 66 88 56 8 28 48 35 86 96 23 72 
95 53 24 22 49 86 76 93 14 4 77 0 72 30 50 24 80 50 42 51 22 91 23 26 46 3 72 22 46 97 92 72 71 49 8 26 76 85 18 39 98 87 88 83 77 46 19 93 52 7 56 38 0 71 94 98 44 72 16 79 83 69 43 32 24 38 46 42 58 75 59 34 23 89 75 14 55 36 43 77 42 71 88 75 7 60 75 72 66 0 95 28 83 67 42 46 59 56 16 34 
99 6 29 99 86 79 46 61 30 40 68 19 39 69 12 51 57 9 30 83 19 60 20 77 63 75 47 30 44 55 51 82 55 55 97 55 75 94 97 62 23 74 50 97 62 81 90 74 6 35 72 12 67 30 89 96 12 65 56 43 21 76 15 90 41 13 72 40 37 95 26 24 70 44 78 43 83 58 62 74 92 4 83 40 13 94 39 57 88 95 0 31 99 70 70 58 6 51 11 55 
78 85 72 55 83 11 20 84 88 93 67 85 91 16 3 54 28 91 11 37 31 85 18 46 92 76 80 39 65 52 67 70 4 10 75 55 49 14 99 36 16 43 19 93 65 37 83 27 54 64 49 90 18 70 85 24 21 94 7 9 96 62 89 95 95 83 33 66 39 85 22 54 51 26 55 35 61 77 75 78 34 17 18 59 53 49 41 99 56 28 31 0 47 78 91 72 77 94 36 84 
95 3 62 95 33 33 79 94 87 66 68 60 74 5 48 97 29 67 29 99 48 34 49 81 36 38 85 72 95 97 6 51 86 16 45 94 15 87 74 6 90 39 96 50 56 93 73 33 51 76 30 5 6 74 48 70 32 48 38 14 55 17 82 7 58 29 5 92 28 24 9 94 52 23 39 54 43 60 79 82 69 36 16 93 51 52 5 49 8 83 99 47 0 4 24 68 55 96 79 64 
61 19 47 12 40 85 70 5 99 67 51 19 23 66 47 28 93 97 26 72 50 25 69 43 98 61 83 83 81 82 56 18 47 53 70 16 74 36 72 89 54 58 55 29 24 28 54 32 45 64 33 12 22 6 77 48 62 24 21 69 63 60 2 24 68 31 17 10 66 10 51 69 9 43 43 64 0 58 61 98 95 66 45 3 1 57 19 68 28 67 70 78 4 0 26 1 1 18 0 21 
70 38 84 58 51 45 54 1 26 83 24 73 17 87 82 35 10 59 69 94 23 70 97 13 91 38 96 88 66 30 17 22 32 12 72 73 4 22 59 49 54 28 63 97 11 81 20 3 26 5 8 48 2 39 96 55 15 23 48 26 62 79 90 96 81 47 26 53 29 9 52 79 2 24 0 65 46 28 45 4 41 76 66 98 0 63 69 55 48 42 70 91 24 26 0 84 77 35 94 48 
9 76 88 58 29 50 38 56 65 72 70 75 4 32 23 7 39 99 51 50 62 92 86 93 90 40 1 28 53 77 59 92 33 37 15 88 40 70 96 97 24 36 84 95 94 73 10 21 65 3 79 78 55 96 73 96 32 43 11 4 8 35 46 96 92 20 35 1 15 70 48 59 38 19 34 2 96 5 50 11 39 47 16 52 11 20 49 45 35 46 58 72 68 1 84 0 70 50 10 64 
51 25 37 53 98 13 38 65 14 68 92 80 72 59 29 32 55 76 69 90 82 13 20 78 31 14 36 75 93 63 51 7 56 81 43 5 55 34 15 96 22 58 32 57 99 73 79 93 92 9 46 44 23 17 89 80 89 76 23 39 62 49 72 23 90 78 13 1 40 75 11 23 0 96 14 5 22 96 57 40 38 77 91 32 40 29 19 11 86 59 6 77 55 1 77 70 0 67 64 69 
66 65 5 69 56 25 24 0 45 78 96 68 22 89 0 21 90 30 39 40 57 37 68 18 39 43 87 27 36 73 40 91 83 55 96 49 28 2 23 69 3 2 44 53 94 88 84 90 93 89 5 37 45 31 65 40 92 85 26 95 16 72 23 87 83 7 81 11 58 18 97 34 61 6 28 28 8 36 91 80 37 33 86 25 33 25 55 32 96 56 51 94 96 18 35 50 67 0 31 55 
55 82 74 59 77 88 56 88 43 66 96 91 66 52 36 58 26 84 8 2 85 67 24 2 14 27 38 46 32 18 31 65 23 64 11 53 78 2 98 57 62 81 32 83 51 66 31 4 71 30 0 40 75 30 93 14 45 96 51 96 49 62 47 71 0 74 70 19 80 56 84 13 24 12 42 67 54 60 38 48 37 32 57 66 71 38 75 87 23 16 11 36 79 0 94 10 64 31 0 54 
77 22 38 51 5 83 55 53 43 30 74 83 96 23 15 61 60 90 91 22 75 28 66 2 32 92 13 31 13 34 72 61 54 37 82 67 49 74 59 56 78 21 56 47 12 19 85 72 23 48 59 16 62 31 52 51 13 91 82 0 21 99 43 9 79 55 71 92 72 64 79 93 63 5 46 76 46 64 48 41 76 16 83 89 13 84 5 86 72 34 55 84 64 21 48 64 69 55 54 0 
