100
0 49 60 70 41 44 83 21 26 58 41 63 88 36 93 15 33 12 57 65 15 42 87 20 42 75 95 2 50 48 11 86 79 13 46 24 81 51 20 28 23 56 2 68 34 57 22 40 56 4 69 86 12 11 73 73 97 71 0 94 90 37 82 14 23 11 79 66 72 67 62 80 34 7 14 1 49 53 37 82 59 51 11 42 12 74 97 21 29 42 76 37 29 13 76 26 63 25 69 67 
49 0 78 39 92 66 83 91 43 67 22 5 7 27 5 20 15 52 70 89 0 26 42 7 48 39 43 68 37 31 55 64 8 7 66 95 49 31 37 70 34 72 19 85 65 73 46 39 45 49 80 13 6 73 70 55 76 33 37 73 32 4 69 22 36 60 4 27 17 78 91 96 32 54 97 17 51 81 63 45 89 99 20 18 89 34 91 50 48 40 26 58 88 50 40 69 96 37 19 25 
60 78 0 77 71 91 24 76 85 33 5 73 55 91 11 67 57 34 23 80 73 5 44 24 68 27 71 75 54 37 81 87 46 73 51 49 65 85 52 94 61 44 63 1 11 38 74 18 26 87 39 36 34 8 41 24 79 66 34 48 32 54 49 50 46 82 38 23 33 92 39 96 66 83 12 89 98 17 69 15 70 62 58 89 22 42 95 0 14 90 99 67 16 68 17 36 3 31 14 4 
70 39 77 0 68 89 45 10 65 6 23 14 94 21 21 94 71 64 17 19 31 62 90 81 21 90 42 51 81 94 53 70 69 41 76 90 13 66 52 59 51 65 82 43 41 51 45 51 25 78 17 14 26 34 43 36 56 78 64 50 62 88 97 91 17 95 58 5 89 83 46 71 52 83 87 15 80 97 8 33 58 73 35 40 25 59 10 79 22 59 89 72 61 2 50 90 72 44 73 89 
41 92 71 68 0 73 88 22 74 53 25 16 70 62 69 44 52 22 21 22 80 26 49 8 48 33 3 86 67 7 70 58 85 98 80 96 85 32 67 88 65 72 70 71 13 68 67 77 23 27 62 26 31 35 87 45 5 60 31 65 93 26 29 66 35 51 5 93 94 92 64 73 74 64 5 41 10 42 26 25 44 11 77 43 41 23 85 47 94 60 40 21 89 76 44 40 4 82 88 35 
44 66 91 89 73 0 16 42 10 63 67 73 90 90 64 3 49 96 66 36 33 26 79 88 52 6 60 84 42 11 23 46 28 60 70 23 65 43 48 19 71 59 76 82 7 21 54 83 27 5 46 96 50 30 57 52 31 41 45 73 48 85 99 77 90 53 68 14 89 78 6 14 56 17 35 27 33 36 91 61 7 68 69 28 16 28 67 5 14 38 31 55 15 92 66 38 74 96 79 5 
83 83 24 45 88 16 0 19 12 5 54 99 44 16 12 35 10 58 76 59 80 14 92 70 6 63 54 42 50 3 17 5 88 51 77 75 18 84 2 35 93 54 89 78 27 63 64 61 47 42 83 69 92 3 82 81 83 35 44 8 88 26 65 19 33 58 27 56 6 10 28 60 84 31 79 51 82 4 99 22 77 83 7 85 77 35 6 85 20 97 48 54 41 12 23 9 79 51 51 83 
21 91 76 10 22 42 19 0 93 17 66 29 86 32 14 95 53 6 67 32 52 16 81 15 49 43 29 63 43 90 85 60 72 43 0 53 7 51 33 79 23 34 89 74 96 33 62 42 51 79 17 32 23 38 84 40 26 95 52 57 19 80 99 49 49 97 93 29 85 27 76 42 80 99 52 24 39 60 53 7 20 8 79 4 47 45 84 68 80 88 28 73 31 9 94 38 23 1 36 46 
26 43 85 65 74 10 12 93 0 92 55 15 1 23 31 30 20 92 77 32 66 68 79 85 85 8 74 90 13 39 61 61 71 38 12 38 75 78 95 57 73 80 35 17 55 17 33 99 87 8 57 88 93 66 51 89 55 99 12 38 55 52 77 85 98 74 37 24 31 93 32 93 86 42 98 38 9 44 62 22 93 90 60 8 75 42 39 48 4 69 48 8 15 76 41 90 47 42 85 35 
58 67 33 6 53 63 5 17 92 0 89 61 32 63 58 22 14 31 8 59 16 47 21 90 79 98 23 21 71 19 23 81 3 29 47 69 56 12 61 57 8 82 31 6 72 85 62 40 65 11 57 52 58 80 4 10 6 68 24 82 21 82 95 33 74 63 19 77 1 40 73 48 29 20 75 64 83 1 33 3 66 5 26 51 59 52 81 66 95 31 70 32 35 96 65 89 53 59 22 94 
41 22 5 23 25 67 54 66 55 89 0 79 1 70 88 31 34 17 19 94 39 33 93 41 38 28 11 13 31 36 98 35 92 65 21 76 79 28 60 77 98 67 9 99 27 9 38 74 42 63 15 30 64 25 19 16 23 54 18 55 85 18 66 5 48 20 68 99 38 85 31 4 65 56 33 56 60 0 14 9 33 74 60 98 70 62 88 99 36 44 29 83 83 36 72 75 85 59 69 20 
63 5 73 14 16 73 99 29 15 61 79 0 59 20 0 66 97 7 32 37 41 62 0 89 19 65 99 39 73 73 69 6 14 8 31 67 82 51 55 59 67 68 52 88 47 74 78 59 11 99 83 48 74 46 87 48 89 38 70 3 31 4 44 68 22 44 80 57 25 24 1 75 51 49 59 62 47 54 27 9 10 98 36 39 50 90 79 62 3 38 16 86 26 46 57 35 44 8 76 32 
88 7 55 94 70 90 44 86 1 32 1 59 0 39 3 38 90 25 95 57 54 80 23 30 90 38 46 67 11 8 89 61 44 46 89 32 14 48 28 32 26 93 31 67 60 33 88 54 20 23 94 15 57 36 38 37 50 23 23 99 34 48 12 11 79 46 88 34 37 44 98 80 75 67 18 82 15 74 46 40 44 70 54 93 46 37 33 94 34 59 84 81 36 64 98 20 21 56 7 81 
36 27 91 21 62 90 16 32 23 63 70 20 39 0 58 36 23 43 22 62 3 66 84 19 35 64 7 81 16 69 82 77 87 57 95 29 74 45 2 48 72 42 14 32 72 85 36 25 72 64 30 31 64 7 97 71 66 65 29 67 90 74 7 15 57 86 86 2 99 44 11 86 0 29 9 3 74 52 27 93 64 16 15 57 95 69 17 22 76 20 83 83 42 49 16 72 60 3 21 18 
93 5 11 21 69 64 12 14 31 58 88 0 3 58 0 13 43 77 84 86 63 83 2 95 31 28 99 7 90 60 62 69 83 97 84 73 51 12 22 2 2 86 53 56 16 71 26 47 85 38 76 48 18 92 96 59 43 98 17 37 99 23 57 99 88 40 70 8 86 72 63 71 56 52 23 63 68 91 64 65 3 49 11 60 13 20 11 73 86 19 60 78 95 50 64 45 12 55 56 11 
15 20 67 94 44 3 35 95 30 22 31 66 38 36 13 0 96 55 84 25 78 37 68 72 94 24 34 13 34 15 60 27 57 69 55 52 59 22 23 77 16 34 13 51 91 99 60 11 93 72 6 54 0 67 16 8 77 13 93 71 44 24 27 16 93 93 80 77 50 80 28 5 98 97 73 77 63 98 21 31 23 78 92 65 18 78 98 0 49 46 16 50 63 48 8 76 97 88 38 52 
33 15 57 71 52 49 10 53 20 14 34 97 90 23 43 96 0 42 82 57 89 60 68 0 60 56 78 92 22 4 66 24 84 97 84 7 22 33 84 82 59 3 31 7 20 21 8 72 26 54 3 59 63 87 28 81 76 47 31 2 41 42 61 48 95 16 1 62 77 51 57 6 66 37 61 66 65 72 92 62 52 46 0 68 38 4 16 79 26 83 84 24 17 35 41 1 72 77 24 31 
12 52 34 64 22 96 58 6 92 31 17 7 25 43 77 55 42 0 51 65 74 58 12 76 11 0 13 26 18 83 29 67 94 53 13 20 8 60 92 59 66 98 58 76 73 7 82 68 14 18 9 85 34 27 78 5 58 91 65 48 28 63 65 8 8 7 52 51 45 20 34 67 37 63 71 22 96 73 42 41 66 89 41 39 12 53 46 63 73 88 80 56 42 80 46 20 38 5 38 77 
57 70 23 17 21 66 76 67 77 8 19 32 95 22 84 84 82 51 0 15 34 61 1 3 26 64 25 87 75 39 50 45 75 62 96 39 58 7 26 5 6 57 75 55 10 23 27 3 51 21 59 94 95 79 72 91 53 71 20 81 29 35 0 49 12 25 73 81 78 19 4 88 29 41 26 42 23 56 33 73 19 41 41 10 57 42 2 80 23 81 89 96 50 79 18 84 85 87 12 54 
65 89 80 19 22 36 59 32 32 59 94 37 57 62 86 25 57 65 15 0 72 25 45 54 99 14 33 65 45 79 30 47 27 18 50 99 49 31 4 9 82 30 25 31 78 69 63 20 94 4 39 20 89 62 56 23 36 11 39 74 95 35 93 68 78 26 50 68 90 51 97 55 74 86 15 9 40 6 10 19 42 81 73 95 0 48 23 95 24 99 63 47 12 61 81 71 16 33 15 58 
15 0 73 31 80 33 80 52 66 16 39 41 54 3 63 78 89 74 34 72 0 93 5 26 15 70 15 5 73 40 4 73 51 81 21 45 37 74 1 32 23 65 83 62 25 13 78 84 68 37 80 86 92 71 91 3 61 72 55 12 1 53 42 52 67 95 78 49 31 22 10 58 67 64 36 35 83 64 99 72 0 23 1 65 21 48 65 59 18 27 81 52 76 14 8 95 17 96 45 89 
42 26 5 62 26 26 14 16 68 47 33 62 80 66 83 37 60 58 61 25 93 0 37 95 90 38 10 13 42 79 46 64 86 74 86 6 42 6 86 51 15 6 90 87 9 82 19 53 33 86 44 1 93 40 40 19 17 42 24 23 39 16 95 61 38 69 31 64 72 67 97 31 97 19 81 27 74 95 97 16 29 85 44 42 56 30 8 2 61 70 10 64 39 4 65 3 85 48 9 79 
87 42 44 90 49 79 92 81 79 21 93 0 23 84 2 68 68 12 1 45 5 37 0 24 62 99 79 92 24 22 47 83 74 13 54 75 19 96 76 74 71 16 46 62 34 5 15 18 11 42 17 20 88 41 23 49 34 65 29 24 40 67 62 39 43 57 39 44 14 57 78 79 99 96 58 11 49 4 52 48 40 64 77 16 20 5 13 96 85 10 5 7 38 25 22 19 6 82 9 35 
20 7 24 81 8 88 70 15 85 90 41 89 30 19 95 72 0 76 3 54 26 95 24 0 13 9 34 47 59 12 84 14 97 52 87 36 27 61 85 64 8 85 0 3 9 36 32 40 23 71 85 66 32 20 96 29 24 29 55 66 70 78 20 55 28 81 59 78 77 23 96 12 10 27 4 19 90 96 73 65 93 10 7 27 30 16 74 7 78 14 86 20 6 64 55 78 2 53 98 62 
42 48 68 21 48 52 6 49 85 79 38 19 90 35 31 94 60 11 26 99 15 90 62 13 0 59 18 49 77 30 29 44 74 5 46 20 75 89 7 53 27 1 42 12 54 3 50 88 14 38 37 70 56 45 59 55 23 75 68 51 51 66 50 66 76 11 43 51 30 53 94 4 15 16 42 26 54 29 48 78 20 47 61 41 11 83 86 66 15 52 5 16 15 44 4 14 60 9 19 29 
75 39 27 90 33 6 63 43 8 98 28 65 38 64 28 24 56 0 64 14 70 38 99 9 59 0 59 63 14 13 57 68 33 27 57 15 7 80 84 9 67 74 87 52 90 52 25 9 61 9 85 21 82 26 29 25 43 89 28 63 21 78 2 53 24 66 39 34 23 72 7 53 26 36 83 46 58 58 62 55 57 54 2 97 60 4 52 32 62 9 31 91 0 86 65 24 81 94 77 32 
95 43 71 42 3 60 54 29 74 23 11 99 46 7 99 34 78 13 25 33 15 10 79 34 18 59 0 62 38 21 36 96 21 26 32 7 90 35 81 98 34 0 15 11 31 68 59 88 57 12 78 23 6 15 40 6 98 75 9 33 56 20 44 73 4 56 31 17 75 57 40 89 1 40 91 32 51 74 58 14 62 49 0 53 57 36 20 91 11 65 61 38 56 7 86 70 80 80 80 46 
2 68 75 51 86 84 42 63 90 21 13 39 67 81 7 13 92 26 87 65 5 13 92 47 49 63 62 0 25 27 25 44 91 62 12 61 71 71 74 20 82 54 79 75 62 52 72 97 48 55 43 52 6 66 43 60 31 37 70 99 91 82 87 0 22 47 4 0 60 72 89 26 56 28 32 47 60 54 96 31 84 1 12 70 3 12 81 73 14 76 22 56 64 21 63 78 0 37 23 37 
50 37 54 81 67 42 50 43 13 71 31 73 11 16 90 34 22 18 75 45 73 42 24 59 77 14 38 25 0 23 25 75 20 26 16 72 59 38 15 77 84 32 21 44 73 28 26 85 77 66 89 86 61 88 98 51 40 55 68 39 7 11 73 98 50 26 70 3 37 2 7 28 78 72 63 22 10 29 79 17 15 96 91 98 38 95 13 54 51 12 19 93 41 11 49 28 4 45 28 23 
48 31 37 94 7 11 3 90 39 19 36 73 8 69 60 15 4 83 39 79 40 79 22 12 30 13 21 27 23 0 81 86 73 54 99 67 36 5 51 91 8 5 30 5 2 99 88 57 59 7 12 40 5 49 36 94 91 58 34 96 10 52 45 79 67 59 21 91 26 27 96 45 58 90 14 65 56 69 43 34 83 0 32 52 57 16 19 83 57 72 47 35 12 65 53 77 76 3 2 87 
11 55 81 53 70 23 17 85 61 23 98 69 89 82 62 60 66 29 50 30 4 46 47 84 29 57 36 25 25 81 0 59 91 23 23 47 96 70 5 29 78 22 74 47 79 44 58 49 75 91 33 63 55 32 70 78 52 10 50 4 95 91 70 91 22 57 7 52 10 43 0 31 85 77 59 61 33 30 71 2 96 31 58 76 33 67 47 82 66 19 48 49 17 89 81 49 77 49 82 50 
86 64 87 70 58 46 5 60 61 81 35 6 61 77 69 27 24 67 45 47 73 64 83 14 44 68 96 44 75 86 59 0 24 35 32 30 92 27 28 21 81 97 62 73 3 2 43 56 52 80 90 2 21 89 96 40 56 81 36 89 22 43 51 31 62 55 73 67 92 84 64 53 5 61 43 58 66 80 67 57 84 17 96 14 94 45 45 82 43 67 3 75 2 47 90 42 4 53 15 74 
79 8 46 69 85 28 88 72 71 3 92 14 44 87 83 57 84 94 75 27 51 86 74 97 74 33 21 91 20 73 91 24 0 8 11 97 24 5 46 48 61 94 48 42 31 0 91 90 98 1 39 28 85 19 86 98 42 42 11 58 5 6 73 60 61 82 95 79 56 67 50 15 45 20 15 93 9 15 93 58 73 15 66 85 2 72 21 42 79 94 80 51 88 84 74 48 2 66 75 71 
13 7 73 41 98 60 51 43 38 29 65 8 46 57 97 69 97 53 62 18 81 74 13 52 5 27 26 62 26 54 23 35 8 0 45 23 50 17 61 24 8 96 79 68 54 50 30 3 68 66 65 48 31 50 94 19 0 46 21 92 19 51 46 76 63 71 68 88 55 95 42 75 45 31 53 63 45 0 20 73 71 57 82 87 74 59 70 87 50 64 82 72 61 83 12 53 12 5 50 5 
46 66 51 76 80 70 77 0 12 47 21 31 89 95 84 55 84 13 96 50 21 86 54 87 46 57 32 12 16 99 23 32 11 45 0 8 26 63 2 46 88 60 19 18 59 73 69 11 49 94 8 60 43 92 64 80 6 83 22 41 18 84 38 14 57 93 17 26 44 48 42 86 9 55 0 46 7 23 84 16 84 65 96 75 91 64 42 78 93 69 6 53 85 68 29 5 30 58 49 29 
24 95 49 90 96 23 75 53 38 69 76 67 32 29 73 52 7 20 39 99 45 6 75 36 20 15 7 61 72 67 47 30 97 23 8 0 98 73 38 75 79 16 87 4 33 8 7 79 93 12 89 41 96 1 93 89 79 79 61 48 1 58 58 8 95 96 54 23 54 16 2 27 28 24 70 12 23 53 72 31 53 46 88 56 23 29 33 29 68 35 80 36 22 94 44 10 63 66 38 83 
81 49 65 13 85 65 18 7 75 56 79 82 14 74 51 59 22 8 58 49 37 42 19 27 75 7 90 71 59 36 96 92 24 50 26 98 0 52 16 19 90 82 22 41 67 93 6 14 2 72 57 19 78 70 29 15 69 40 91 26 13 9 76 36 28 48 62 78 88 43 59 11 98 63 68 74 31 32 8 93 56 34 74 24 57 58 77 86 68 26 57 96 0 59 6 18 88 83 82 56 
51 31 85 66 32 43 84 51 78 12 28 51 48 45 12 22 33 60 7 31 74 6 96 61 89 80 35 71 38 5 70 27 5 17 63 73 52 0 25 23 36 84 76 50 89 60 11 74 22 23 66 92 64 56 19 11 74 84 95 19 90 60 21 16 1 72 64 33 32 42 64 89 69 54 89 88 70 7 22 7 78 60 7 58 84 59 89 24 29 14 88 23 36 9 29 59 27 37 3 1 
20 37 52 52 67 48 2 33 95 61 60 55 28 2 22 23 84 92 26 4 1 86 76 85 7 84 81 74 15 51 5 28 46 61 2 38 16 25 0 65 34 43 70 77 75 50 19 99 57 72 50 84 35 61 11 38 69 78 65 0 67 93 88 61 37 10 6 54 58 96 88 74 39 84 67 46 4 83 46 20 12 74 46 14 40 79 83 94 41 40 8 87 96 72 59 64 35 38 97 75 
28 70 94 59 88 19 35 79 57 57 77 59 32 48 2 77 82 59 5 9 32 51 74 64 53 9 98 20 77 91 29 21 48 24 46 75 19 23 65 0 75 43 28 0 15 22 86 65 98 56 44 26 69 73 82 13 11 0 75 27 30 18 59 51 77 71 46 0 22 4 34 22 53 99 4 75 92 45 83 40 38 56 59 59 96 64 21 90 18 66 63 16 99 72 91 7 52 63 10 64 
23 34 61 51 65 71 93 23 73 8 98 67 26 72 2 16 59 66 6 82 23 15 71 8 27 67 34 82 84 8 78 81 61 8 88 79 90 36 34 75 0 95 65 94 43 91 67 86 75 85 53 75 32 47 49 36 69 91 54 64 58 45 60 7 49 47 24 75 8 14 76 47 14 70 13 82 64 63 11 33 69 51 7 21 20 98 93 92 13 50 70 25 13 72 72 17 76 24 66 20 
56 72 44 65 72 59 54 34 80 82 67 68 93 42 86 34 3 98 57 30 65 6 16 85 1 74 0 54 32 5 22 97 94 96 60 16 82 84 43 43 95 0 69 84 98 21 60 54 11 98 70 1 40 95 43 88 3 83 99 59 33 53 16 46 4 40 26 23 0 42 44 86 32 14 90 38 78 3 42 71 79 86 74 55 99 42 40 5 73 96 3 64 32 55 6 55 99 72 48 4 
2 19 63 82 70 76 89 89 35 31 9 52 31 14 53 13 31 58 75 25 83 90 46 0 42 87 15 79 21 30 74 62 48 79 19 87 22 76 70 28 65 69 0 69 7 70 84 35 79 11 76 55 29 73 73 1 47 81 99 62 29 17 40 76 80 97 10 56 7 68 68 44 65 95 72 70 84 38 85 51 89 12 81 68 38 14 87 60 91 52 41 91 93 93 30 96 40 74 23 55 
68 85 1 43 71 82 78 74 17 6 99 88 67 32 56 51 7 76 55 31 62 87 62 3 12 52 11 75 44 5 47 73 42 68 18 4 41 50 77 0 94 84 69 0 64 35 74 3 40 78 96 37 91 7 34 30 56 99 65 19 34 4 94 49 47 99 68 68 77 42 0 96 86 81 73 23 6 37 5 13 96 74 86 73 14 83 69 43 69 72 73 88 9 15 92 68 83 59 35 74 
34 65 11 41 13 7 27 96 55 72 27 47 60 72 16 91 20 73 10 78 25 9 34 9 54 90 31 62 73 2 79 3 31 54 59 33 67 89 75 15 43 98 7 64 0 24 15 93 83 18 1 33 3 11 7 63 26 90 66 31 81 96 13 66 26 73 50 48 16 65 57 31 27 70 73 91 20 83 22 57 26 27 60 0 2 33 16 84 64 39 77 93 68 75 5 36 64 82 70 67 
57 73 38 51 68 21 63 33 17 85 9 74 33 85 71 99 21 7 23 69 13 82 5 36 3 52 68 52 28 99 44 2 0 50 73 8 93 60 50 22 91 21 70 35 24 0 64 44 96 12 4 26 15 44 96 53 30 16 79 95 14 54 14 71 79 99 96 62 42 81 45 49 91 42 60 40 73 74 27 29 19 50 78 23 41 51 78 42 71 97 95 93 91 85 0 49 53 0 42 19 
22 46 74 45 67 54 64 62 33 62 38 78 88 36 26 60 8 82 27 63 78 19 15 32 50 25 59 72 26 88 58 43 91 30 69 7 6 11 19 86 67 60 84 74 15 64 0 63 71 51 91 88 91 82 73 70 22 2 74 7 97 50 39 66 27 93 75 11 32 66 5 82 67 11 24 33 76 59 34 78 46 11 63 68 24 0 33 18 5 18 10 24 46 22 93 64 80 50 86 43 
40 39 18 51 77 83 61 42 99 40 74 59 54 25 47 11 72 68 3 20 84 53 18 40 88 9 88 97 85 57 49 56 90 3 11 79 14 74 99 65 86 54 35 3 93 44 63 0 90 0 58 23 27 90 19 25 39 79 93 41 11 54 71 81 70 53 70 0 66 50 88 87 35 93 76 88 31 28 54 67 44 69 14 57 9 44 52 91 80 63 14 47 99 42 95 93 60 87 48 37 
56 45 26 25 23 27 47 51 87 65 42 11 20 72 85 93 26 14 51 94 68 33 11 23 14 61 57 48 77 59 75 52 98 68 49 93 2 22 57 98 75 11 79 40 83 96 71 90 0 74 31 40 37 44 80 77 8 71 94 28 18 37 82 4 43 77 9 77 73 77 42 70 80 48 6 88 57 77 61 26 44 50 53 85 11 15 77 55 77 24 97 27 88 21 45 86 46 99 79 21 
4 49 87 78 27 5 42 79 8 11 63 99 23 64 38 72 54 18 21 4 37 86 42 71 38 9 12 55 66 7 91 80 1 66 94 12 72 23 72 56 85 98 11 78 18 12 51 0 74 0 54 22 20 90 97 24 52 90 13 38 51 10 65 26 52 22 96 75 12 22 95 6 3 68 27 30 63 14 60 85 17 26 86 80 9 58 58 37 88 97 44 51 18 64 86 42 62 83 9 82 
69 80 39 17 62 46 83 17 57 57 15 83 94 30 76 6 3 9 59 39 80 44 17 85 37 85 78 43 89 12 33 90 39 65 8 89 57 66 50 44 53 70 76 96 1 4 91 58 31 54 0 21 91 46 66 82 50 12 56 6 51 15 96 30 16 61 9 76 79 44 99 30 89 32 42 90 21 18 28 92 83 77 32 55 87 60 77 67 1 4 75 1 87 32 10 96 86 12 19 7 
86 13 36 14 26 96 69 32 88 52 30 48 15 31 48 54 59 85 94 20 86 1 20 66 70 21 23 52 86 40 63 2 28 48 60 41 19 92 84 26 75 1 55 37 33 26 88 23 40 22 21 0 42 98 8 25 86 25 87 32 96 54 95 65 60 98 90 12 13 11 93 17 42 91 28 43 19 45 46 69 72 55 27 91 9 17 82 99 57 46 59 69 93 23 81 63 42 59 15 82 
12 6 34 26 31 50 92 23 93 58 64 74 57 64 18 0 63 34 95 89 92 93 88 32 56 82 6 6 61 5 55 21 85 31 43 96 78 64 35 69 32 40 29 91 3 15 91 27 37 20 91 42 0 35 87 7 50 80 36 70 23 61 15 86 95 28 60 96 6 62 20 75 48 71 76 39 34 36 59 41 73 79 87 17 73 50 29 92 64 45 16 38 22 88 18 97 75 91 48 65 
11 73 8 34 35 30 3 38 66 80 25 46 36 7 92 67 87 27 79 62 71 40 41 20 45 26 15 66 88 49 32 89 19 50 92 1 70 56 61 73 47 95 73 7 11 44 82 90 44 90 46 98 35 0 10 22 24 23 20 85 12 4 56 78 92 43 65 54 68 76 16 51 18 17 16 9 64 45 23 91 36 48 10 48 59 48 16 0 84 88 5 39 55 88 58 89 56 92 53 78 
73 70 41 43 87 57 82 84 51 4 19 87 38 97 96 16 28 78 72 56 91 40 23 96 59 29 40 43 98 36 70 96 86 94 64 93 29 19 11 82 49 43 73 34 7 96 73 19 80 97 66 8 87 10 0 90 15 72 3 34 87 68 43 52 15 94 76 74 41 27 65 17 37 46 64 70 37 46 88 6 11 38 58 81 22 17 0 33 9 1 40 82 37 63 13 37 56 58 68 65 
73 55 24 36 45 52 81 40 89 10 16 48 37 71 59 8 81 5 91 23 3 19 49 29 55 25 6 60 51 94 78 40 98 19 80 89 15 11 38 13 36 88 1 30 63 53 70 25 77 24 82 25 7 22 90 0 19 94 94 23 27 12 77 93 35 75 31 0 5 55 32 42 91 85 22 3 58 26 85 56 29 58 27 62 70 96 80 28 95 26 68 50 25 11 87 11 34 5 74 15 
97 76 79 56 5 31 83 26 55 6 23 89 50 66 43 77 76 58 53 36 61 17 34 24 23 43 98 31 40 91 52 56 42 0 6 79 69 74 69 11 69 3 47 56 26 30 22 39 8 52 50 86 50 24 15 19 0 82 81 11 70 46 26 89 10 24 5 49 40 93 6 70 42 18 39 18 28 67 67 96 75 41 47 86 77 38 99 41 26 0 86 14 53 30 72 99 53 60 12 1 
71 33 66 78 60 41 35 95 99 68 54 38 23 65 98 13 47 91 71 11 72 42 65 29 75 89 75 37 55 58 10 81 42 46 83 79 40 84 78 0 91 83 81 99 90 16 2 79 71 90 12 25 80 23 72 94 82 0 77 39 60 38 24 17 7 42 48 75 59 77 55 54 30 62 64 45 9 49 56 97 75 43 28 79 57 26 50 91 31 46 25 44 75 16 38 9 47 15 1 72 
0 37 34 64 31 45 44 52 12 24 18 70 23 29 17 93 31 65 20 39 55 24 29 55 68 28 9 70 68 34 50 36 11 21 22 61 91 95 65 75 54 99 99 65 66 79 74 93 94 13 56 87 36 20 3 94 81 77 0 40 93 60 85 36 20 33 75 60 4 93 62 27 21 90 81 34 66 32 37 32 52 23 29 41 9 10 38 18 31 17 68 98 37 78 51 9 96 6 82 40 
94 73 48 50 65 73 8 57 38 82 55 3 99 67 37 71 2 48 81 74 12 23 24 66 51 63 33 99 39 96 4 89 58 92 41 48 26 19 0 27 64 59 62 19 31 95 7 41 28 38 6 32 70 85 34 23 11 39 40 0 26 46 99 80 38 70 95 78 49 85 24 34 91 85 11 69 99 69 67 75 75 63 1 61 52 18 67 29 32 26 36 96 88 41 41 95 78 9 90 52 
90 32 32 62 93 48 88 19 55 21 85 31 34 90 99 44 41 28 29 95 1 39 40 70 51 21 56 91 7 10 95 22 5 19 18 1 13 90 67 30 58 33 29 34 81 14 97 11 18 51 51 96 23 12 87 27 70 60 93 26 0 7 13 97 9 8 57 19 32 21 31 95 64 35 10 92 51 58 56 70 68 40 17 19 57 68 86 6 49 68 24 41 28 88 16 13 46 71 75 1 
37 4 54 88 26 85 26 80 52 82 18 4 48 74 23 24 42 63 35 35 53 16 67 78 66 78 20 82 11 52 91 43 6 51 84 58 9 60 93 18 45 53 17 4 96 54 50 54 37 10 15 54 61 4 68 12 46 38 60 46 7 0 97 96 24 76 4 6 60 3 33 14 14 64 34 54 19 18 37 61 99 20 50 94 40 64 96 40 57 19 89 34 58 46 1 26 23 93 4 61 
82 69 49 97 29 99 65 99 77 95 66 44 12 7 57 27 61 65 0 93 42 95 62 20 50 2 44 87 73 45 70 51 73 46 38 58 76 21 88 59 60 16 40 94 13 14 39 71 82 65 96 95 15 56 43 77 26 24 85 99 13 97 0 36 21 60 53 74 20 55 68 11 43 3 23 32 44 16 14 6 56 4 3 54 69 84 70 68 83 40 72 80 45 73 80 75 5 52 76 31 
14 22 50 91 66 77 19 49 85 33 5 68 11 15 99 16 48 8 49 68 52 61 39 55 66 53 73 0 98 79 91 31 60 76 14 8 36 16 61 51 7 46 76 49 66 71 66 81 4 26 30 65 86 78 52 93 89 17 36 80 97 96 36 0 33 72 81 57 87 43 9 9 85 88 83 61 67 74 47 20 91 24 52 68 75 57 71 72 11 59 86 88 60 91 52 55 42 98 56 27 
23 36 46 17 35 90 33 49 98 74 48 22 79 57 88 93 95 8 12 78 67 38 43 28 76 24 4 22 50 67 22 62 61 63 57 95 28 1 37 77 49 4 80 47 26 79 27 70 43 52 16 60 95 92 15 35 10 7 20 38 9 24 21 33 0 45 69 4 86 46 47 0 82 55 94 56 22 94 36 70 21 59 15 9 68 42 74 3 61 42 1 87 98 25 21 99 39 74 96 36 
11 60 82 95 51 53 58 97 74 63 20 44 46 86 40 93 16 7 25 26 95 69 57 81 11 66 56 47 26 59 57 55 82 71 93 96 48 72 10 71 47 40 97 99 73 99 93 53 77 22 61 98 28 43 94 75 24 42 33 70 8 76 60 72 45 0 42 74 81 58 47 9 98 56 98 60 31 83 54 44 52 81 11 95 35 88 35 97 54 28 37 75 50 81 21 31 94 19 20 96 
79 4 38 58 5 68 27 93 37 19 68 80 88 86 70 80 1 52 73 50 78 31 39 59 43 39 31 4 70 21 7 73 95 68 17 54 62 64 6 46 24 26 10 68 50 96 75 70 9 96 9 90 60 65 76 31 5 48 75 95 57 4 53 81 69 42 0 37 72 94 36 68 2 12 24 98 78 3 74 87 93 67 52 38 62 50 82 43 3 5 51 7 45 54 31 17 30 99 85 62 
66 27 23 5 93 14 56 29 24 77 99 57 34 2 8 77 62 51 81 68 49 64 44 78 51 34 17 0 3 91 52 67 79 88 26 23 78 33 54 0 75 23 56 68 48 62 11 0 77 75 76 12 96 54 74 0 49 75 60 78 19 6 74 57 4 74 37 0 39 22 25 31 8 26 29 15 45 21 26 80 49 82 48 49 9 77 43 85 15 57 44 47 16 55 99 10 80 93 33 77 
72 17 33 89 94 89 6 85 31 1 38 25 37 99 86 50 77 45 78 90 31 72 14 77 30 23 75 60 37 26 10 92 56 55 44 54 88 32 58 22 8 0 7 77 16 42 32 66 73 12 79 13 6 68 41 5 40 59 4 49 32 60 20 87 86 81 72 39 0 96 73 50 71 41 66 68 7 13 85 68 92 50 19 52 80 1 46 14 21 19 85 89 82 82 50 29 18 40 25 69 
67 78 92 83 92 78 10 27 93 40 85 24 44 44 72 80 51 20 19 51 22 67 57 23 53 72 57 72 2 27 43 84 67 95 48 16 43 42 96 4 14 42 68 42 65 81 66 50 77 22 44 11 62 76 27 55 93 77 93 85 21 3 55 43 46 58 94 22 96 0 45 57 9 79 3 56 40 78 30 10 72 11 20 9 54 66 28 89 63 65 48 25 47 61 51 98 41 65 85 80 
62 91 39 46 64 6 28 76 32 73 31 1 98 11 63 28 57 34 4 97 10 97 78 96 94 7 40 89 7 96 0 64 50 42 42 2 59 64 88 34 76 44 68 0 57 45 5 88 42 95 99 93 20 16 65 32 6 55 62 24 31 33 68 9 47 47 36 25 73 45 0 71 50 31 78 91 50 63 92 36 22 33 9 92 26 71 56 37 81 74 78 17 14 27 35 21 36 7 46 91 
80 96 96 71 73 14 60 42 93 48 4 75 80 86 71 5 6 67 88 55 58 31 79 12 4 53 89 26 28 45 31 53 15 75 86 27 11 89 74 22 47 86 44 96 31 49 82 87 70 6 30 17 75 51 17 42 70 54 27 34 95 14 11 9 0 9 68 31 50 57 71 0 47 86 49 66 45 49 97 56 3 59 49 60 64 82 85 66 6 11 5 7 53 43 87 8 65 96 87 9 
34 32 66 52 74 56 84 80 86 29 65 51 75 0 56 98 66 37 29 74 67 97 99 10 15 26 1 56 78 58 85 5 45 45 9 28 98 69 39 53 14 32 65 86 27 91 67 35 80 3 89 42 48 18 37 91 42 30 21 91 64 14 43 85 82 98 2 8 71 9 50 47 0 27 75 45 36 79 72 22 25 86 97 65 32 41 84 71 71 79 25 50 5 48 74 48 39 37 62 7 
7 54 83 83 64 17 31 99 42 20 56 49 67 29 52 97 37 63 41 86 64 19 96 27 16 36 40 28 72 90 77 61 20 31 55 24 63 54 84 99 70 14 95 81 70 42 11 93 48 68 32 91 71 17 46 85 18 62 90 85 35 64 3 88 55 56 12 26 41 79 31 86 27 0 93 41 34 50 20 82 58 74 58 56 26 62 10 96 46 19 35 79 67 22 79 77 56 64 17 92 
14 97 12 87 5 35 79 52 98 75 33 59 18 9 23 73 61 71 26 15 36 81 58 4 42 83 91 32 63 14 59 43 15 53 0 70 68 89 67 4 13 90 72 73 73 60 24 76 6 27 42 28 76 16 64 22 39 64 81 11 10 34 23 83 94 98 24 29 66 3 78 49 75 93 0 49 20 14 39 65 12 73 79 17 93 62 9 21 42 81 95 31 43 65 64 6 69 3 47 10 
1 17 89 15 41 27 51 24 38 64 56 62 82 3 63 77 66 22 42 9 35 27 11 19 26 46 32 47 22 65 61 58 93 63 46 12 74 88 46 75 82 38 70 23 91 40 33 88 88 30 90 43 39 9 70 3 18 45 34 69 92 54 32 61 56 60 98 15 68 56 91 66 45 41 49 0 58 86 83 65 21 41 40 58 18 7 45 26 80 40 61 17 61 83 18 40 88 39 11 4 
49 51 98 80 10 33 82 39 9 83 60 47 15 74 68 63 65 96 23 40 83 74 49 90 54 58 51 60 10 56 33 66 9 45 7 23 31 70 4 92 64 78 84 6 20 73 76 31 57 63 21 19 34 64 37 58 28 9 66 99 51 19 44 67 22 31 78 45 7 40 50 45 36 34 20 58 0 4 20 10 71 86 73 6 41 3 32 20 48 4 31 68 4 71 4 81 35 76 12 50 
53 81 17 97 42 36 4 60 44 1 0 54 74 52 91 98 72 73 56 6 64 95 4 96 29 58 74 54 29 69 30 80 15 0 23 53 32 7 83 45 63 3 38 37 83 74 59 28 77 14 18 45 36 45 46 26 67 49 32 69 58 18 16 74 94 83 3 21 13 78 63 49 79 50 14 86 4 0 6 88 29 18 61 23 55 74 61 12 90 7 68 26 14 97 49 62 21 66 75 77 
37 63 69 8 26 91 99 53 62 33 14 27 46 27 64 21 92 42 33 10 99 97 52 73 48 62 58 96 79 43 71 67 93 20 84 72 8 22 46 83 11 42 85 5 22 27 34 54 61 60 28 46 59 23 88 85 67 56 37 67 56 37 14 47 36 54 74 26 85 30 92 97 72 20 39 83 20 6 0 94 48 79 91 96 39 61 49 9 74 30 65 68 57 74 17 16 6 73 2 76 
82 45 15 33 25 61 22 7 22 3 9 9 40 93 65 31 62 41 73 19 72 16 48 65 78 55 14 31 17 34 2 57 58 73 16 31 93 7 20 40 33 71 51 13 57 29 78 67 26 85 92 69 41 91 6 56 96 97 32 75 70 61 6 20 70 44 87 80 68 10 36 56 22 82 65 65 10 88 94 0 62 67 44 39 75 94 88 24 0 29 30 33 23 74 43 65 30 76 30 37 
59 89 70 58 44 7 77 20 93 66 33 10 44 64 3 23 52 66 19 42 0 29 40 93 20 57 62 84 15 83 96 84 73 71 84 53 56 78 12 38 69 79 89 96 26 19 46 44 44 17 83 72 73 36 11 29 75 75 52 75 68 99 56 91 21 52 93 49 92 72 22 3 25 58 12 21 71 29 48 62 0 60 92 33 58 72 39 37 41 46 98 89 12 52 75 86 80 26 78 8 
51 99 62 73 11 68 83 8 90 5 74 98 70 16 49 78 46 89 41 81 23 85 64 10 47 54 49 1 96 0 31 17 15 57 65 46 34 60 74 56 51 86 12 74 27 50 11 69 50 26 77 55 79 48 38 58 41 43 23 63 40 20 4 24 59 81 67 82 50 11 33 59 86 74 73 41 86 18 79 67 60 0 42 41 53 91 19 63 56 26 24 47 20 95 41 68 81 46 34 92 
11 20 58 35 77 69 7 79 60 26 60 36 54 15 11 92 0 41 41 73 1 44 77 7 61 2 0 12 91 32 58 96 66 82 96 88 74 7 46 59 7 74 81 86 60 78 63 14 53 86 32 27 87 10 58 27 47 28 29 1 17 50 3 52 15 11 52 48 19 20 9 49 97 58 79 40 73 61 91 44 92 42 0 93 65 21 29 35 70 48 33 9 54 50 25 82 55 59 86 97 
42 18 89 40 43 28 85 4 8 51 98 39 93 57 60 65 68 39 10 95 65 42 16 27 41 97 53 70 98 52 76 14 85 87 75 56 24 58 14 59 21 55 68 73 0 23 68 57 85 80 55 91 17 48 81 62 86 79 41 61 19 94 54 68 9 95 38 49 52 9 92 60 65 56 17 58 6 23 96 39 33 41 93 0 83 41 86 27 69 75 48 92 27 19 45 4 52 91 39 97 
12 89 22 25 41 16 77 47 75 59 70 50 46 95 13 18 38 12 57 0 21 56 20 30 11 60 57 3 38 57 33 94 2 74 91 23 57 84 40 96 20 99 38 14 2 41 24 9 11 9 87 9 73 59 22 70 77 57 9 52 57 40 69 75 68 35 62 9 80 54 26 64 32 26 93 18 41 55 39 75 58 53 65 83 0 81 84 63 23 22 35 29 16 16 4 48 41 63 57 9 
74 34 42 59 23 28 35 45 42 52 62 90 37 69 20 78 4 53 42 48 48 30 5 16 83 4 36 12 95 16 67 45 72 59 64 29 58 59 79 64 98 42 14 83 33 51 0 44 15 58 60 17 50 48 17 96 38 26 10 18 68 64 84 57 42 88 50 77 1 66 71 82 41 62 62 7 3 74 61 94 72 91 21 41 81 0 81 50 48 16 27 57 53 33 28 16 12 62 26 18 
97 91 95 10 85 67 6 84 39 81 88 79 33 17 11 98 16 46 2 23 65 8 13 74 86 52 20 81 13 19 47 45 21 70 42 33 77 89 83 21 93 40 87 69 16 78 33 52 77 58 77 82 29 16 0 80 99 50 38 67 86 96 70 71 74 35 82 43 46 28 56 85 84 10 9 45 32 61 49 88 39 19 29 86 84 81 0 1 30 16 29 46 52 67 70 28 81 25 69 38 
21 50 0 79 47 5 85 68 48 66 99 62 94 22 73 0 79 63 80 95 59 2 96 7 66 32 91 73 54 83 82 82 42 87 78 29 86 24 94 90 92 5 60 43 84 42 18 91 55 37 67 99 92 0 33 28 41 91 18 29 6 40 68 72 3 97 43 85 14 89 37 66 71 96 21 26 20 12 9 24 37 63 35 27 63 50 1 0 59 59 12 56 63 39 7 49 37 43 46 62 
29 48 14 22 94 14 20 80 4 95 36 3 34 76 86 49 26 73 23 24 18 61 85 78 15 62 11 14 51 57 66 43 79 50 93 68 68 29 41 18 13 73 91 69 64 71 5 80 77 88 1 57 64 84 9 95 26 31 31 32 49 57 83 11 61 54 3 15 21 63 81 6 71 46 42 80 48 90 74 0 41 56 70 69 23 48 30 59 0 16 72 51 67 87 77 76 7 86 5 5 
42 40 90 59 60 38 97 88 69 31 44 38 59 20 19 46 83 88 81 99 27 70 10 14 52 9 65 76 12 72 19 67 94 64 69 35 26 14 40 66 50 96 52 72 39 97 18 63 24 97 4 46 45 88 1 26 0 46 17 26 68 19 40 59 42 28 5 57 19 65 74 11 79 19 81 40 4 7 30 29 46 26 48 75 22 16 16 59 16 0 89 96 35 32 0 51 68 24 22 15 
76 26 99 89 40 31 48 28 48 70 29 16 84 83 60 16 84 80 89 63 81 10 5 86 5 31 61 22 19 47 48 3 80 82 6 80 57 88 8 63 70 3 41 73 77 95 10 14 97 44 75 59 16 5 40 68 86 25 68 36 24 89 72 86 1 37 51 44 85 48 78 5 25 35 95 61 31 68 65 30 98 24 33 48 35 27 29 12 72 89 0 72 63 26 89 33 10 20 58 21 
37 58 67 72 21 55 54 73 8 32 83 86 81 83 78 50 24 56 96 47 52 64 7 20 16 91 38 56 93 35 49 75 51 72 53 36 96 23 87 16 25 64 91 88 93 93 24 47 27 51 1 69 38 39 82 50 14 44 98 96 41 34 80 88 87 75 7 47 89 25 17 7 50 79 31 17 68 26 68 33 89 47 9 92 29 57 46 56 51 96 72 0 20 24 72 59 93 78 76 55 
29 88 16 61 89 15 41 31 15 35 83 26 36 42 95 63 17 42 50 12 76 39 38 6 15 0 56 64 41 12 17 2 88 61 85 22 0 36 96 99 13 32 93 9 68 91 46 99 88 18 87 93 22 55 37 25 53 75 37 88 28 58 45 60 98 50 45 16 82 47 14 53 5 67 43 61 4 14 57 23 12 20 54 27 16 53 52 63 67 35 63 20 0 97 97 42 59 77 30 0 
13 50 68 2 76 92 12 9 76 96 36 46 64 49 50 48 35 80 79 61 14 4 25 64 44 86 7 21 11 65 89 47 84 83 68 94 59 9 72 72 72 55 93 15 75 85 22 42 21 64 32 23 88 88 63 11 30 16 78 41 88 46 73 91 25 81 54 55 82 61 27 43 48 22 65 83 71 97 74 74 52 95 50 19 16 33 67 39 87 32 26 24 97 0 50 22 0 74 96 53 
76 40 17 50 44 66 23 94 41 65 72 57 98 16 64 8 41 46 18 81 8 65 22 55 4 65 86 63 49 53 81 90 74 12 29 44 6 29 59 91 72 6 30 92 5 0 93 95 45 86 10 81 18 58 13 87 72 38 51 41 16 1 80 52 21 21 31 99 50 51 35 87 74 79 64 18 4 49 17 43 75 41 25 45 4 28 70 7 77 0 89 72 97 50 0 96 28 21 44 73 
26 69 36 90 40 38 9 38 90 89 75 35 20 72 45 76 1 20 84 71 95 3 19 78 14 24 70 78 28 77 49 42 48 53 5 10 18 59 64 7 17 55 96 68 36 49 64 93 86 42 96 63 97 89 37 11 99 9 9 95 13 26 75 55 99 31 17 10 29 98 21 8 48 77 6 40 81 62 16 65 86 68 82 4 48 16 28 49 76 51 33 59 42 22 96 0 65 73 30 28 
63 96 3 72 4 74 79 23 47 53 85 44 21 60 12 97 72 38 85 16 17 85 6 2 60 81 80 0 4 76 77 4 2 12 30 63 88 27 35 52 76 99 40 83 64 53 80 60 46 62 86 42 75 56 56 34 53 47 96 78 46 23 5 42 39 94 30 80 18 41 36 65 39 56 69 88 35 21 6 30 80 81 55 52 41 12 81 37 7 68 10 93 59 0 28 65 0 10 53 24 
25 37 31 44 82 96 51 1 42 59 59 8 56 3 55 88 77 5 87 33 96 48 82 53 9 94 80 37 45 3 49 53 66 5 58 66 83 37 38 63 24 72 74 59 82 0 50 87 99 83 12 59 91 92 58 5 60 15 6 9 71 93 52 98 74 19 99 93 40 65 7 96 37 64 3 39 76 66 73 76 26 46 59 91 63 62 25 43 86 24 20 78 77 74 21 73 10 0 16 58 
69 19 14 73 88 79 51 36 85 22 69 76 7 21 56 38 24 38 12 15 45 9 9 98 19 77 80 23 28 2 82 15 75 50 49 38 82 3 97 10 66 48 23 35 70 42 86 48 79 9 19 15 48 53 68 74 12 1 82 90 75 4 76 56 96 20 85 33 25 85 46 87 62 17 47 11 12 75 2 30 78 34 86 39 57 26 69 46 5 22 58 76 30 96 44 30 53 16 0 88 
67 25 4 89 35 5 83 46 35 94 20 32 81 18 11 52 31 77 54 58 89 79 35 62 29 32 46 37 23 87 50 74 71 5 29 83 56 1 75 64 20 4 55 74 67 19 43 37 21 82 7 82 65 78 65 15 1 72 40 52 1 61 31 27 36 96 62 77 69 80 91 9 7 92 10 4 50 77 76 37 8 92 97 97 9 18 38 62 5 15 21 55 0 53 73 28 24 58 88 0 
0 4 16 38 65 59 55 73 95 6 0 63 36 72 63 72 46 98 86 36 87 71 24 48 46 42 93 6 1 71 92 32 27 71 2 69 56 45 53 55 39 39 37 85 82 22 87 41 52 14 2 37 91 51 75 20 77 69 24 2 43 22 33 57 24 28 32 99 91 92 76 0 61 66 30 32 45 43 62 54 18 34 85 6 9 40 38 16 72 13 5 96 19 80 64 50 77 69 50 43 
4 0 93 1 77 53 53 78 24 90 38 40 11 68 2 80 59 89 21 13 84 39 94 60 40 77 95 53 73 67 22 24 16 83 41 17 8 89 95 60 14 26 30 85 77 89 32 41 72 16 72 49 18 78 69 74 38 81 80 20 65 78 89 36 44 58 63 30 72 5 0 3 13 86 24 44 94 17 27 15 59 74 38 33 98 68 67 41 11 94 83 51 3 19 55 30 27 0 35 35 
16 93 0 78 17 23 55 4 75 47 4 60 56 83 40 50 80 85 74 47 40 66 42 89 59 18 88 45 14 25 23 3 39 52 4 2 86 86 11 9 4 31 20 27 34 81 94 71 23 25 64 24 22 77 74 69 66 58 70 96 84 76 63 2 96 93 68 4 83 79 92 6 39 14 67 67 86 59 30 93 34 73 46 21 81 55 7 94 52 17 11 37 19 54 89 52 10 35 79 57 
38 1 78 0 21 86 19 10 61 10 39 87 37 19 5 31 60 93 47 63 16 69 3 64 45 13 56 13 31 27 34 79 64 64 10 40 43 17 98 97 45 56 55 66 59 61 84 90 52 27 60 95 76 16 99 11 17 1 78 28 74 42 87 84 43 20 33 2 36 63 20 32 84 67 99 18 2 33 69 52 75 40 46 58 53 9 41 34 0 55 39 91 75 78 59 82 73 80 39 13 
65 77 17 21 0 39 13 76 15 32 67 29 46 41 49 69 24 58 78 55 49 78 93 85 84 33 56 63 39 60 93 68 29 18 79 96 42 63 39 59 7 17 15 90 4 5 29 34 98 64 19 28 87 81 14 85 99 4 17 70 15 39 41 32 69 16 91 41 22 21 88 27 47 84 63 21 26 11 90 74 57 95 71 66 66 16 13 51 54 41 46 53 65 25 2 14 49 85 11 94 
59 53 23 86 39 0 24 25 25 19 70 68 78 41 58 88 82 71 94 58 76 8 85 67 1 81 18 56 90 83 66 73 64 1 52 76 63 62 58 26 25 7 45 62 93 69 1 24 94 69 36 42 82 42 44 43 13 64 5 11 46 58 38 80 67 14 14 63 77 13 16 33 60 24 88 45 72 0 3 4 72 82 32 72 23 16 62 15 34 7 98 61 96 84 36 52 96 5 11 83 
55 53 55 19 13 24 0 51 0 70 27 15 72 29 25 76 45 26 48 56 87 5 78 82 27 45 33 73 24 73 47 46 87 11 69 84 8 97 58 26 52 18 94 83 38 90 71 6 25 23 48 91 49 87 70 60 74 82 31 44 72 81 8 3 86 79 54 80 66 82 64 90 31 61 98 23 22 43 91 67 46 51 53 6 57 76 2 11 89 74 38 49 82 55 41 58 51 36 14 56 
73 78 4 10 76 25 51 0 63 74 23 10 31 23 27 60 98 81 57 54 3 98 30 82 62 44 0 44 83 45 61 40 38 87 51 26 68 16 58 59 87 85 27 50 5 84 6 66 43 44 17 32 82 23 50 17 55 86 26 12 2 41 2 30 72 66 78 27 78 50 12 13 60 87 46 25 50 47 99 29 53 4 77 78 29 39 54 96 95 11 43 52 7 61 64 75 34 96 88 45 
95 24 75 61 15 25 0 63 0 25 61 60 73 62 23 94 45 30 71 7 99 44 61 40 76 89 62 98 90 66 76 51 43 80 29 7 94 47 91 41 24 18 58 27 9 89 71 55 39 63 93 48 48 49 73 87 52 57 12 26 32 22 18 9 51 56 88 12 70 78 84 28 64 33 39 79 83 0 33 7 57 35 75 48 42 7 87 47 46 73 83 36 29 60 31 10 20 57 16 62 
6 90 47 10 32 19 70 74 25 0 98 4 30 18 78 69 84 49 67 78 73 72 30 71 24 16 51 16 61 66 17 59 17 87 61 17 49 74 28 74 64 59 37 66 55 96 33 76 21 67 97 95 92 54 67 44 83 49 57 88 21 60 61 97 81 1 42 44 5 45 30 61 26 94 69 78 73 99 67 69 41 51 52 23 75 77 89 62 15 87 51 72 55 38 14 95 78 43 38 87 
0 38 4 39 67 70 27 23 61 98 0 81 88 53 22 80 30 25 75 12 97 27 78 67 18 64 30 6 4 5 24 4 31 62 80 25 30 46 53 19 10 92 0 28 19 70 69 86 74 36 58 70 1 33 33 38 99 80 55 86 42 29 85 44 29 35 73 38 68 0 3 64 85 46 39 30 1 72 91 26 85 59 58 57 39 52 77 88 16 93 11 31 55 96 93 30 51 1 46 67 
63 40 60 87 29 68 15 10 60 4 81 0 39 84 87 72 6 38 28 10 11 37 59 6 48 9 53 58 23 31 87 43 29 66 42 87 38 15 2 45 86 91 94 80 15 93 86 36 31 17 25 26 95 88 83 70 69 65 90 60 1 38 16 76 55 68 97 15 95 64 13 12 76 88 18 38 79 97 94 58 58 98 8 75 4 55 12 20 13 29 9 97 32 83 75 78 28 81 14 61 
36 11 56 37 46 78 72 31 73 30 88 39 0 76 82 20 69 60 65 15 13 7 12 99 43 46 24 80 76 61 12 19 81 59 79 58 65 56 90 95 86 63 83 37 49 56 62 96 70 75 88 32 87 70 16 80 60 77 81 71 94 87 8 0 14 15 24 30 87 18 34 70 91 48 74 37 73 12 97 96 51 88 17 27 76 96 60 33 94 1 6 53 39 24 39 15 16 24 21 15 
72 68 83 19 41 41 29 23 62 18 53 84 76 0 34 78 38 13 20 88 17 49 56 60 62 9 90 61 74 86 42 68 49 52 81 24 93 68 85 1 32 92 46 73 95 93 54 95 73 39 88 24 98 71 91 78 10 48 91 96 12 32 68 7 51 73 50 85 23 55 80 5 62 91 46 28 74 97 86 58 64 77 90 19 57 38 48 73 61 77 90 38 60 94 15 23 32 77 1 66 
63 2 40 5 49 58 25 27 23 78 22 87 82 34 0 99 8 97 42 41 21 45 92 29 99 22 46 44 71 37 26 53 8 61 87 74 74 49 70 19 75 27 92 31 97 34 15 28 73 19 6 90 30 75 80 87 8 73 88 99 71 48 32 94 99 26 44 2 58 69 72 46 64 80 50 56 72 26 61 80 40 71 6 72 40 11 89 17 93 76 14 68 11 7 93 37 98 40 48 22 
72 80 50 31 69 88 76 60 94 69 80 72 20 78 99 0 71 38 64 57 75 51 68 87 34 86 61 73 66 40 63 98 19 87 78 7 47 50 23 75 28 19 64 37 68 0 95 68 36 14 87 8 34 28 3 49 10 74 95 69 79 59 16 16 24 25 85 25 73 19 52 89 35 15 89 94 73 90 98 77 74 8 88 95 86 59 40 5 11 69 55 7 3 34 48 82 40 92 31 36 
46 59 80 60 24 82 45 98 45 84 30 6 69 38 8 71 0 79 90 53 48 79 29 62 24 28 65 73 9 61 18 14 42 92 68 53 46 2 68 58 97 61 33 60 22 18 19 50 58 76 39 91 70 12 90 12 79 21 14 30 7 70 2 81 31 36 18 79 69 67 7 64 77 71 60 59 54 60 56 16 17 56 57 91 91 26 45 64 19 51 36 94 41 34 74 23 86 79 39 94 
98 89 85 93 58 71 26 81 30 49 25 38 60 13 97 38 79 0 10 80 4 84 23 79 88 14 49 20 49 92 70 98 18 98 73 31 92 86 25 90 35 2 14 44 14 21 95 59 49 59 95 8 39 38 69 57 37 65 53 51 49 53 91 48 91 52 43 74 26 44 21 74 93 32 27 52 93 52 90 46 12 35 31 41 52 64 24 34 47 97 63 35 5 70 43 79 14 27 34 56 
86 21 74 47 78 94 48 57 71 67 75 28 65 20 42 64 90 10 0 31 38 44 6 82 19 24 19 31 37 39 5 99 38 63 66 73 1 27 29 47 17 74 7 55 92 62 71 99 81 23 91 86 64 89 13 36 22 24 29 84 72 2 9 20 35 92 94 64 91 47 57 34 14 23 60 32 49 87 1 63 64 6 91 30 58 64 41 96 25 90 28 35 0 15 14 74 52 89 64 95 
36 13 47 63 55 58 56 54 7 78 12 10 15 88 41 57 53 80 31 0 47 84 77 25 80 96 18 49 2 24 90 92 52 26 53 8 0 26 10 18 42 61 81 93 67 25 96 37 14 84 31 27 6 87 96 32 23 89 25 63 54 89 90 50 62 25 8 54 73 77 8 45 40 41 33 5 22 15 31 22 64 5 71 56 30 0 80 67 55 16 16 13 45 35 65 82 72 21 24 74 
87 84 40 16 49 76 87 3 99 73 97 11 13 17 21 75 48 4 38 47 0 28 91 27 29 20 13 33 76 57 25 30 77 51 24 74 2 89 71 88 92 71 24 17 86 54 18 94 18 32 11 90 4 55 0 56 25 6 10 14 71 49 65 61 68 71 59 65 66 84 62 95 77 58 14 14 69 6 20 1 83 62 84 49 74 67 17 31 12 87 2 85 37 40 9 48 87 36 84 73 
71 39 66 69 78 8 5 98 44 72 27 37 7 49 45 51 79 84 44 84 28 0 45 90 16 78 2 13 44 80 31 59 54 89 74 25 4 82 21 59 19 33 87 7 65 32 65 24 71 27 59 10 74 54 51 59 88 99 32 81 2 49 77 85 54 34 53 27 92 65 14 24 12 82 21 4 77 93 8 78 59 16 55 93 50 13 20 18 55 40 2 48 64 33 3 56 85 11 20 66 
24 94 42 3 93 85 78 30 61 30 78 59 12 56 92 68 29 23 6 77 91 45 0 74 47 5 77 96 31 48 14 63 3 98 26 20 88 94 99 0 30 87 44 44 26 8 73 17 7 60 40 88 49 37 52 4 19 52 19 29 36 85 78 73 16 97 16 74 91 74 47 53 45 20 41 20 94 96 64 96 81 40 35 18 50 66 16 63 0 33 11 13 44 37 93 99 76 82 97 16 
48 60 89 64 85 67 82 82 40 71 67 6 99 60 29 87 62 79 82 25 27 90 74 0 17 85 46 11 71 67 24 36 98 90 27 14 18 56 31 14 52 51 88 32 16 39 79 4 69 71 12 40 93 49 14 39 43 31 26 60 28 69 66 72 54 9 6 0 27 89 55 18 26 99 89 66 32 99 55 1 9 96 75 0 67 16 83 40 15 19 82 95 63 66 51 46 13 0 53 24 
46 40 59 45 84 1 27 62 76 24 18 48 43 62 99 34 24 88 19 80 29 16 47 17 0 92 72 70 92 84 27 94 4 81 68 36 93 31 5 56 69 73 91 40 99 90 40 2 35 37 77 96 3 77 48 64 55 46 33 27 94 39 71 13 29 58 27 30 15 42 89 23 8 90 81 91 88 85 92 45 60 38 21 96 22 66 90 3 94 64 78 73 86 91 54 68 93 54 18 18 
42 77 18 13 33 81 45 44 89 16 64 9 46 9 22 86 28 14 24 96 20 78 5 85 92 0 37 32 59 56 31 4 93 87 24 93 0 39 7 22 53 63 37 73 71 53 63 28 52 74 74 32 96 77 7 46 40 98 87 45 57 85 28 49 24 75 40 92 80 48 75 66 41 10 27 10 49 41 43 68 79 70 44 16 66 1 89 86 4 46 52 59 0 43 10 31 17 70 76 35 
93 95 88 56 56 18 33 0 62 51 30 53 24 90 46 61 65 49 19 18 13 2 77 46 72 37 0 43 17 84 59 28 42 17 76 95 80 74 23 71 0 38 15 8 1 47 16 15 33 63 14 3 43 61 54 41 89 88 83 86 66 8 23 67 23 88 21 73 17 81 66 16 3 83 61 94 61 54 74 81 41 66 74 43 98 52 54 43 98 86 31 91 3 42 77 67 70 31 40 73 
6 53 45 13 63 56 73 44 98 16 6 58 80 61 44 73 73 20 31 49 33 13 96 11 70 32 43 0 72 66 27 83 88 93 55 34 40 97 56 84 12 1 67 38 95 49 61 66 35 20 4 38 29 73 88 53 67 85 51 78 35 58 28 76 89 82 46 79 27 26 30 34 9 5 30 53 95 37 89 81 12 87 69 7 77 99 32 79 83 28 57 58 68 99 80 0 77 74 40 72 
1 73 14 31 39 90 24 83 90 61 4 23 76 74 71 66 9 49 37 2 76 44 31 71 92 59 17 72 0 76 78 19 61 89 53 13 25 66 26 35 46 98 88 70 78 63 40 84 45 29 42 80 53 75 74 63 89 10 76 94 55 7 72 2 45 68 7 18 98 20 28 55 84 85 6 57 55 81 39 12 82 88 50 7 49 6 24 10 79 74 71 4 85 44 75 8 70 40 15 33 
71 67 25 27 60 83 73 45 66 66 5 31 61 86 37 40 61 92 39 24 57 80 48 67 84 56 84 66 76 0 54 57 96 64 24 93 7 62 93 66 7 7 46 80 48 92 59 32 37 36 39 39 7 84 60 57 1 42 44 95 66 78 75 99 3 26 3 36 19 86 36 14 88 25 18 48 67 37 67 19 19 1 92 68 50 13 92 75 18 45 72 84 45 62 80 34 59 88 49 42 
92 22 23 34 93 66 47 61 76 17 24 87 12 42 26 63 18 70 5 90 25 31 14 24 27 31 59 27 78 54 0 33 49 1 13 64 29 7 47 26 93 4 21 11 56 58 87 31 24 80 14 51 23 80 78 62 3 94 27 96 51 39 73 75 92 36 43 62 11 54 10 85 85 48 40 19 25 94 67 52 23 43 71 85 95 73 66 45 90 48 50 75 81 88 51 76 59 71 92 5 
32 24 3 79 68 73 46 40 51 59 4 43 19 68 53 98 14 98 99 92 30 59 63 36 94 4 28 83 19 57 33 0 7 50 80 60 87 48 57 0 84 27 92 60 15 46 80 32 39 71 65 50 96 37 44 39 89 59 69 19 40 96 42 24 97 22 53 44 40 66 74 68 52 83 6 28 13 11 19 83 19 98 56 4 58 21 92 19 81 24 11 98 6 32 4 31 40 49 8 12 
27 16 39 64 29 64 87 38 43 17 31 29 81 49 8 19 42 18 38 52 77 54 3 98 4 93 42 88 61 96 49 7 0 96 36 78 9 23 48 0 65 41 40 83 45 91 35 28 41 48 50 83 49 58 23 14 74 21 43 99 50 48 59 85 1 36 76 72 83 52 51 99 5 92 21 87 80 54 94 96 2 29 48 23 9 55 8 45 9 57 85 17 9 51 23 67 61 59 92 33 
71 83 52 64 18 1 11 87 80 87 62 66 59 52 61 87 92 98 63 26 51 89 98 90 81 87 17 93 89 64 1 50 96 0 4 27 10 31 57 58 43 40 84 81 0 19 70 96 21 74 87 35 4 13 23 64 88 69 19 81 58 62 78 13 66 61 79 86 85 84 26 91 7 1 28 74 69 23 25 89 35 87 99 53 43 0 50 16 39 30 9 1 87 48 87 55 57 27 95 47 
2 41 4 10 79 52 69 51 29 61 80 42 79 81 87 78 68 73 66 53 24 74 26 27 68 24 76 55 53 24 13 80 36 4 0 42 2 76 27 53 98 73 98 42 21 14 68 83 97 12 63 42 62 22 79 92 0 67 98 97 2 11 35 17 72 14 44 94 7 49 19 11 56 50 96 30 21 95 36 41 85 1 43 36 74 55 41 94 66 22 27 32 31 29 47 27 79 80 96 85 
69 17 2 40 96 76 84 26 7 17 25 87 58 24 74 7 53 31 73 8 74 25 20 14 36 93 95 34 13 93 64 60 78 27 42 0 94 50 94 24 99 55 47 71 19 38 84 23 84 38 31 55 36 94 89 71 43 85 86 73 54 74 56 83 3 33 72 49 84 25 44 53 75 81 14 49 17 62 64 28 98 76 1 22 80 82 75 75 73 59 30 86 29 1 97 76 0 50 71 32 
56 8 86 43 42 63 8 68 94 49 30 38 65 93 74 47 46 92 1 0 2 4 88 18 93 0 80 40 25 7 29 87 9 10 2 94 0 5 95 84 31 48 56 85 65 77 37 27 24 30 81 30 79 33 45 53 77 26 88 68 10 71 92 52 90 90 11 84 2 11 94 9 11 96 46 14 33 88 37 25 95 9 96 58 66 27 80 76 99 71 63 36 48 50 54 17 17 7 98 27 
45 89 86 17 63 62 97 16 47 74 46 15 56 68 49 50 2 86 27 26 89 82 94 56 31 39 74 97 66 62 7 48 23 31 76 50 5 0 76 50 87 76 84 63 89 64 45 99 81 0 18 1 70 55 20 84 39 14 56 24 27 65 37 92 32 96 74 23 30 18 50 11 60 35 71 16 15 46 81 19 7 41 18 99 78 44 5 82 3 0 54 11 62 73 88 80 9 32 25 5 
53 95 11 98 39 58 58 58 91 28 53 2 90 85 70 23 68 25 29 10 71 21 99 31 5 7 23 56 26 93 47 57 48 57 27 94 95 76 0 78 2 76 58 20 47 42 78 32 17 47 44 55 13 48 20 54 93 8 2 66 86 74 42 97 71 61 45 1 70 99 78 5 66 78 59 73 98 40 26 96 24 12 77 90 35 48 70 45 92 2 92 99 20 94 6 73 31 70 69 19 
55 60 9 97 59 26 26 59 41 74 19 45 95 1 19 75 58 90 47 18 88 59 0 14 56 22 71 84 35 66 26 0 0 58 53 24 84 50 78 0 28 11 86 48 34 1 80 3 55 54 62 73 78 42 77 60 64 8 30 92 82 54 66 86 3 64 67 97 67 77 75 37 38 67 85 78 72 63 77 23 0 40 6 64 95 0 6 3 1 76 44 14 28 50 26 71 10 49 4 89 
39 14 4 45 7 25 52 87 24 64 10 86 86 32 75 28 97 35 17 42 92 19 30 52 69 53 0 12 46 7 93 84 65 43 98 99 31 87 2 28 0 91 7 65 33 23 34 71 47 15 94 84 57 49 40 49 93 85 33 75 99 77 20 52 46 25 21 31 6 63 32 53 86 97 20 71 68 44 19 88 45 71 69 17 72 72 35 55 29 77 58 90 65 65 54 80 32 18 33 1 
39 26 31 56 17 7 18 85 18 59 92 91 63 92 27 19 61 2 74 61 71 33 87 51 73 63 38 1 98 7 4 27 41 40 73 55 48 76 76 11 91 0 99 52 89 22 98 83 94 86 45 47 58 26 7 75 18 14 60 39 38 18 93 68 91 68 46 42 11 22 50 49 62 58 87 24 42 19 73 53 67 84 13 98 76 30 87 31 62 44 48 18 28 53 83 55 63 13 22 82 
37 30 20 55 15 45 94 27 58 37 0 94 83 46 92 64 33 14 7 81 24 87 44 88 91 37 15 67 88 46 21 92 40 84 98 47 56 84 58 86 7 99 0 16 73 1 73 65 79 84 0 84 58 48 35 97 70 96 83 69 75 69 36 86 80 3 88 32 32 75 87 94 63 91 59 88 32 75 27 44 89 47 47 79 83 1 65 15 19 64 64 43 68 21 72 72 36 82 59 34 
85 85 27 66 90 62 83 50 27 66 28 80 37 73 31 37 60 44 55 93 17 7 44 32 40 73 8 38 70 80 11 60 83 81 42 71 85 63 20 48 65 52 16 0 96 28 4 36 22 77 22 88 51 9 51 37 58 40 96 38 96 38 69 36 89 97 13 43 4 60 74 62 83 98 68 85 62 68 23 46 88 70 91 82 25 95 33 79 63 43 58 35 27 83 65 12 73 11 58 47 
82 77 34 59 4 93 38 5 9 55 19 15 49 95 97 68 22 14 92 67 86 65 26 16 99 71 1 95 78 48 56 15 45 0 21 19 65 89 47 34 33 89 73 96 0 23 96 44 80 11 41 97 31 81 67 22 24 96 79 23 72 13 46 55 13 46 37 47 34 2 80 70 18 0 20 92 26 69 5 50 88 89 23 32 19 75 40 91 16 30 89 80 34 6 73 35 92 17 3 73 
22 89 81 61 5 69 90 84 89 96 70 93 56 93 34 0 18 21 62 25 54 32 8 39 90 53 47 49 63 92 58 46 91 19 14 38 77 64 42 1 23 22 1 28 23 0 36 28 85 10 53 41 79 65 59 36 35 90 27 20 84 4 12 8 84 99 4 64 13 46 41 21 89 60 87 38 37 52 14 97 70 87 31 93 30 26 23 54 69 66 76 43 14 63 67 79 56 80 83 11 
87 32 94 84 29 1 71 6 71 33 69 86 62 54 15 95 19 95 71 96 18 65 73 79 40 63 16 61 40 59 87 80 35 70 68 84 37 45 78 80 34 98 73 4 96 36 0 49 31 59 38 13 83 33 35 74 44 54 57 66 48 55 73 14 89 82 43 29 86 39 75 65 48 48 71 66 71 92 44 50 97 36 52 59 73 33 48 74 13 12 58 82 83 77 71 16 95 42 92 49 
41 41 71 90 34 24 6 66 55 76 86 36 96 95 28 68 50 59 99 37 94 24 17 4 2 28 15 66 84 32 31 32 28 96 83 23 27 99 32 3 71 83 65 36 44 28 49 0 80 8 64 70 41 5 29 8 64 11 75 72 2 32 20 21 43 26 61 93 78 54 95 57 54 86 32 1 86 50 37 77 66 97 22 17 22 7 36 16 36 8 18 65 80 5 26 27 15 97 72 17 
52 72 23 52 98 94 25 43 39 21 74 31 70 73 73 36 58 49 81 14 18 71 7 69 35 52 33 35 45 37 24 39 41 21 97 84 24 81 17 55 47 94 79 22 80 85 31 80 0 9 34 89 1 62 58 29 81 59 38 93 32 22 56 45 23 70 54 28 92 30 56 39 60 77 69 53 7 62 61 43 93 78 50 19 83 54 73 72 91 95 51 52 19 96 68 25 64 68 71 33 
14 16 25 27 64 69 23 44 63 67 36 17 75 39 19 14 76 59 23 84 32 27 60 71 37 74 63 20 29 36 80 71 48 74 12 38 30 0 47 54 15 86 84 77 11 10 59 8 9 0 58 88 2 5 61 58 60 86 98 5 0 11 11 55 23 44 50 79 49 70 45 97 1 90 68 1 33 24 91 33 24 56 9 36 31 43 87 1 23 98 3 42 11 17 67 21 4 7 45 0 
2 72 64 60 19 36 48 17 93 97 58 25 88 88 6 87 39 95 91 31 11 59 40 12 77 74 14 4 42 39 14 65 50 87 63 31 81 18 44 62 94 45 0 22 41 53 38 64 34 58 0 19 83 29 91 24 2 9 28 64 64 81 12 56 9 99 4 88 23 10 29 59 40 36 44 90 6 36 24 1 60 48 61 91 61 46 4 13 36 33 22 90 71 44 76 9 63 71 62 97 
37 49 24 95 28 42 91 32 48 95 70 26 32 24 90 8 91 8 86 27 90 10 88 40 96 32 3 38 80 39 51 50 83 35 42 55 30 1 55 73 84 47 84 88 97 41 13 70 89 88 19 0 27 44 75 26 69 48 49 66 50 84 35 18 28 78 4 90 73 5 82 36 87 96 82 98 27 90 26 67 73 94 81 35 62 43 79 23 6 24 70 20 15 51 78 94 3 56 6 66 
91 18 22 76 87 82 49 82 48 92 1 95 87 98 30 34 70 39 64 6 4 74 49 93 3 96 43 29 53 7 23 96 49 4 62 36 79 70 13 78 57 58 58 51 31 79 83 41 1 2 83 27 0 35 11 60 50 87 18 7 83 67 26 24 99 42 81 84 71 94 64 94 55 77 30 0 23 11 41 83 33 1 53 52 90 84 98 95 25 75 78 8 28 85 22 54 50 57 18 77 
51 78 77 16 81 42 87 23 49 54 33 88 70 71 75 28 12 38 89 87 55 54 37 49 77 77 61 73 75 84 80 37 58 13 22 94 33 55 48 42 49 26 48 9 81 65 33 5 62 5 29 44 35 0 7 6 71 98 18 5 41 75 46 32 48 66 93 75 66 76 53 29 58 8 51 4 83 36 0 78 51 67 89 70 72 39 79 0 56 36 84 10 71 47 39 2 33 61 73 85 
75 69 74 99 14 44 70 50 73 67 33 83 16 91 80 3 90 69 13 96 0 51 52 14 48 7 54 88 74 60 78 44 23 23 79 89 45 20 20 77 40 7 35 51 67 59 35 29 58 61 91 75 11 7 0 9 24 81 90 7 37 32 41 23 92 65 10 26 39 18 40 37 71 46 0 53 43 66 79 12 2 56 95 68 10 46 59 41 67 39 57 88 63 34 12 35 27 94 87 87 
20 74 69 11 85 43 60 17 87 44 38 70 80 78 87 49 12 57 36 32 56 59 4 39 64 46 41 53 63 57 62 39 14 64 92 71 53 84 54 60 49 75 97 37 22 36 74 8 29 58 24 26 60 6 9 0 0 61 42 23 92 25 8 48 91 73 6 25 26 42 66 66 96 39 88 3 31 50 0 93 27 40 36 48 0 5 65 91 38 88 71 25 51 44 35 49 46 23 44 75 
77 38 66 17 99 13 74 55 52 83 99 69 60 10 8 10 79 37 22 23 25 88 19 43 55 40 89 67 89 1 3 89 74 88 0 43 77 39 93 64 93 18 70 58 24 35 44 64 81 60 2 69 50 71 24 0 0 27 76 72 42 42 88 95 16 29 10 54 46 97 4 75 64 98 23 67 15 69 53 7 30 84 40 47 68 86 77 69 67 30 50 28 78 92 59 49 31 0 4 50 
69 81 58 1 4 64 82 86 57 49 80 65 77 48 73 74 21 65 24 89 6 99 52 31 46 98 88 85 10 42 94 59 21 69 67 85 26 14 8 8 85 14 96 40 96 90 54 11 59 86 9 48 87 98 81 61 27 0 60 73 80 11 80 92 95 50 71 73 46 57 5 20 71 65 71 8 34 97 94 11 1 68 91 1 25 29 25 55 69 11 92 23 58 78 92 27 7 65 83 1 
24 80 70 78 17 5 31 26 12 57 55 90 81 91 88 95 14 53 29 25 10 32 19 26 33 87 83 51 76 44 27 69 43 19 98 86 88 56 2 30 33 60 83 96 79 27 57 75 38 98 28 49 18 18 90 42 76 60 0 46 65 96 87 95 46 78 6 21 73 52 52 71 27 88 16 54 41 69 70 70 76 34 56 60 76 38 77 65 82 44 46 13 28 16 32 3 13 93 49 90 
2 20 96 28 70 11 44 12 26 88 86 60 71 96 99 69 30 51 84 63 14 81 29 60 27 45 86 78 94 95 96 19 99 81 97 73 68 24 66 92 75 39 69 38 23 20 66 72 93 5 64 66 7 5 7 23 72 73 46 0 69 34 53 61 22 64 58 84 48 30 36 54 65 52 93 46 52 66 42 9 34 63 92 45 80 56 66 8 32 81 34 63 69 17 71 82 97 62 16 6 
43 65 84 74 15 46 72 2 32 21 42 1 94 12 71 79 7 49 72 54 71 2 36 28 94 57 66 35 55 66 51 40 50 58 2 54 10 27 86 82 99 38 75 96 72 84 48 2 32 0 64 50 83 41 37 92 42 80 65 69 0 91 85 97 94 37 95 53 60 76 20 8 76 28 14 21 50 43 15 71 23 22 90 88 35 14 59 69 77 76 70 32 31 10 98 41 87 39 55 93 
22 78 76 42 39 58 81 41 22 60 29 38 87 32 48 59 70 53 2 89 49 49 85 69 39 85 8 58 7 78 39 96 48 62 11 74 71 65 74 54 77 18 69 38 13 4 55 32 22 11 81 84 67 75 32 25 42 11 96 34 91 0 83 46 99 10 99 79 54 90 12 54 93 0 64 84 64 80 70 60 13 51 4 37 51 48 50 71 32 66 98 26 70 97 29 64 27 52 75 32 
33 89 63 87 41 38 8 2 18 61 85 16 8 68 32 16 2 91 9 90 65 77 78 66 71 28 23 28 72 75 73 42 59 78 35 56 92 37 42 66 20 93 36 69 46 12 73 20 56 11 12 35 26 46 41 8 88 80 87 53 85 83 0 84 0 88 52 4 16 95 43 24 84 84 19 16 73 63 13 54 16 70 8 15 39 63 83 20 33 1 11 57 59 55 64 26 77 44 87 46 
57 36 2 84 32 80 3 30 9 97 44 76 0 7 94 16 81 48 20 50 61 85 73 72 13 49 67 76 2 99 75 24 85 13 17 83 52 92 97 86 52 68 86 36 55 8 14 21 45 55 56 18 24 32 23 48 95 92 95 61 97 46 84 0 6 73 37 86 81 9 12 12 3 28 99 50 59 89 85 23 67 95 34 38 13 1 57 83 17 41 36 46 38 42 48 84 89 25 0 38 
24 44 96 43 69 67 86 72 51 81 29 55 14 51 99 24 31 91 35 62 68 54 16 54 29 24 23 89 45 3 92 97 1 66 72 3 90 32 71 3 46 91 80 89 13 84 89 43 23 23 9 28 99 48 92 91 16 95 46 22 94 99 0 6 0 60 18 15 98 41 27 23 53 98 1 73 34 65 53 12 97 19 36 88 92 58 46 28 28 51 94 75 71 15 80 23 35 58 57 54 
28 58 93 20 16 14 79 66 56 1 35 68 15 73 26 25 36 52 92 25 71 34 97 9 58 75 88 82 68 26 36 22 36 61 14 33 90 96 61 64 25 68 3 97 46 99 82 26 70 44 99 78 42 66 65 73 29 50 78 64 37 10 88 73 60 0 29 9 45 13 54 7 64 82 39 73 23 88 91 88 29 43 74 20 91 59 42 45 74 63 68 70 20 66 25 0 14 64 7 89 
32 63 68 33 91 14 54 78 88 42 73 97 24 50 44 85 18 43 94 8 59 53 16 6 27 40 21 46 7 3 43 53 76 79 44 72 11 74 45 67 21 46 88 13 37 4 43 61 54 50 4 4 81 93 10 6 10 71 6 58 95 99 52 37 18 29 0 2 76 81 89 32 26 3 59 35 77 1 33 3 93 56 90 67 88 63 6 90 23 15 4 97 19 14 4 50 15 97 92 90 
99 30 4 2 41 63 80 27 12 44 38 15 30 85 2 25 79 74 64 54 65 27 74 0 30 92 73 79 18 36 62 44 72 86 94 49 84 23 1 97 31 42 32 43 47 64 29 93 28 79 88 90 84 75 26 25 54 73 21 84 53 79 4 86 15 9 2 0 77 72 44 28 41 70 36 72 35 99 82 31 10 63 51 26 68 96 9 43 55 43 0 94 84 85 88 57 93 70 58 78 
91 72 83 36 22 77 66 78 70 5 68 95 87 23 58 73 69 26 91 73 66 92 91 27 15 80 17 27 98 19 11 40 83 85 7 84 2 30 70 67 6 11 32 4 34 13 86 78 92 49 23 73 71 66 39 26 46 46 73 48 60 54 16 81 98 45 76 77 0 68 76 47 99 93 44 57 94 60 58 17 19 80 81 53 59 62 82 13 39 2 52 59 85 52 9 71 60 25 56 2 
92 5 79 63 21 13 82 50 78 45 0 64 18 55 69 19 67 44 47 77 84 65 74 89 42 48 81 26 20 86 54 66 52 84 49 25 11 18 99 77 63 22 75 60 2 46 39 54 30 70 10 5 94 76 18 42 97 57 52 30 76 90 95 9 41 13 81 72 68 0 47 77 24 88 64 65 12 73 90 22 47 49 56 83 90 90 41 1 99 41 67 70 58 99 18 21 33 35 93 5 
76 0 92 20 88 16 64 12 84 30 3 13 34 80 72 52 7 21 57 8 62 14 47 55 89 75 66 30 28 36 10 74 51 26 19 44 94 50 78 75 32 50 87 74 80 41 75 95 56 45 29 82 64 53 40 66 4 5 52 36 20 12 43 12 27 54 89 44 76 47 0 1 76 41 33 97 77 73 39 44 7 1 48 43 65 50 15 18 2 42 30 39 13 80 77 52 7 28 79 70 
0 3 6 32 27 33 90 13 28 61 64 12 70 5 46 89 64 74 34 45 95 24 53 18 23 66 16 34 55 14 85 68 99 91 11 53 9 11 5 37 53 49 94 62 70 21 65 57 39 97 59 36 94 29 37 66 75 20 71 54 8 54 24 12 23 7 32 28 47 77 1 0 76 11 88 73 86 68 64 87 28 56 75 46 13 7 98 77 50 12 5 24 12 69 83 91 73 36 38 79 
61 13 39 84 47 60 31 60 64 26 85 76 91 62 64 35 77 93 14 40 77 12 45 26 8 41 3 9 84 88 85 52 5 7 56 75 11 60 66 38 86 62 63 83 18 89 48 54 60 1 40 87 55 58 71 96 64 71 27 65 76 93 84 3 53 64 26 41 99 24 76 76 0 6 53 91 57 32 59 15 44 62 61 85 82 69 8 69 47 5 5 44 44 73 2 5 63 58 73 64 
66 86 14 67 84 24 61 87 33 94 46 88 48 91 80 15 71 32 23 41 58 82 20 99 90 10 83 5 85 25 48 83 92 1 50 81 96 35 78 67 97 58 91 98 0 60 48 86 77 90 36 96 77 8 46 39 98 65 88 52 28 0 84 28 98 82 3 70 93 88 41 11 6 0 80 78 47 61 64 23 70 52 82 25 26 27 62 61 16 53 24 71 93 82 4 34 44 66 12 58 
30 24 67 99 63 88 98 46 39 69 39 18 74 46 50 89 60 27 60 33 14 21 41 89 81 27 61 30 6 18 40 6 21 28 96 14 46 71 59 85 20 87 59 68 20 87 71 32 69 68 44 82 30 51 0 88 23 71 16 93 14 64 19 99 1 39 59 36 44 64 33 88 53 80 0 78 99 78 15 95 55 90 29 18 84 51 10 85 91 51 72 55 9 48 62 14 23 11 7 61 
32 44 67 18 21 45 23 25 79 78 30 38 37 28 56 94 59 52 32 5 14 4 20 66 91 10 94 53 57 48 19 28 87 74 30 49 14 16 73 78 71 24 88 85 92 38 66 1 53 1 90 98 0 4 53 3 67 8 54 46 21 84 16 50 73 73 35 72 57 65 97 73 91 78 78 0 30 10 9 27 13 73 58 67 89 33 1 15 41 71 11 90 71 87 78 80 59 16 95 29 
45 94 86 2 26 72 22 50 83 73 1 79 73 74 72 73 54 93 49 22 69 77 94 32 88 49 61 95 55 67 25 13 80 69 21 17 33 15 98 72 68 42 32 62 26 37 71 86 7 33 6 27 23 83 43 31 15 34 41 52 50 64 73 59 34 23 77 35 94 12 77 86 57 47 99 30 0 35 32 75 81 33 20 57 58 77 61 80 77 11 53 27 8 87 98 40 11 70 71 89 
43 17 59 33 11 0 43 47 0 99 72 97 12 97 26 90 60 52 87 15 6 93 96 99 85 41 54 37 81 37 94 11 54 23 95 62 88 46 40 63 44 19 75 68 69 52 92 50 62 24 36 90 11 36 66 50 69 97 69 66 43 80 63 89 65 88 1 99 60 73 73 68 32 61 78 10 35 0 7 23 83 83 27 64 45 51 5 11 4 10 97 79 50 84 76 88 38 42 0 29 
62 27 30 69 90 3 91 99 33 67 91 94 97 86 61 98 56 90 1 31 20 8 64 55 92 43 74 89 39 67 67 19 94 25 36 64 37 81 26 77 19 73 27 23 5 14 44 37 61 91 24 26 41 0 79 0 53 94 70 42 15 70 13 85 53 91 33 82 58 90 39 64 59 64 15 9 32 7 0 50 27 8 5 34 87 42 55 27 14 35 54 57 74 3 33 8 77 64 15 8 
54 15 93 52 74 4 67 29 7 69 26 58 96 58 80 77 16 46 63 22 1 78 96 1 45 68 81 81 12 19 52 83 96 89 41 28 25 19 96 23 88 53 44 46 50 97 50 77 43 33 1 67 83 78 12 93 7 11 70 9 71 60 54 23 12 88 3 31 17 22 44 87 15 23 95 27 75 23 50 0 25 64 44 69 79 63 40 52 85 92 28 85 3 69 34 42 49 72 23 59 
18 59 34 75 57 72 46 53 57 41 85 58 51 64 40 74 17 12 64 64 83 59 81 9 60 79 41 12 82 19 23 19 2 35 85 98 95 7 24 0 45 67 89 88 88 70 97 66 93 24 60 73 33 51 2 27 30 1 76 34 23 13 16 67 97 29 93 10 19 47 7 28 44 70 55 13 81 83 27 25 0 63 50 78 71 24 92 40 0 38 60 16 61 50 76 46 11 70 24 12 
34 74 73 40 95 82 51 4 35 51 59 98 88 77 71 8 56 35 6 5 62 16 40 96 38 70 66 87 88 1 43 98 29 87 1 76 9 41 12 40 71 84 47 70 89 87 36 97 78 56 48 94 1 67 56 40 84 68 34 63 22 51 70 95 19 43 56 63 80 49 1 56 62 52 90 73 33 83 8 64 63 0 1 93 21 46 74 73 19 50 5 42 81 8 40 36 74 64 2 5 
85 38 46 46 71 32 53 77 75 52 58 8 17 90 6 88 57 31 91 71 84 55 35 75 21 44 74 69 50 92 71 56 48 99 43 1 96 18 77 6 69 13 47 91 23 31 52 22 50 9 61 81 53 89 95 36 40 91 56 92 90 4 8 34 36 74 90 51 81 56 48 75 61 82 29 58 20 27 5 44 50 1 0 72 93 9 53 59 16 85 22 32 11 63 81 71 18 76 75 95 
6 33 21 58 66 72 6 78 48 23 57 75 27 19 72 95 91 41 30 56 49 93 18 0 96 16 43 7 7 68 85 4 23 53 36 22 58 99 90 64 17 98 79 82 32 93 59 17 19 36 91 35 52 70 68 48 47 1 60 45 88 37 15 38 88 20 67 26 53 83 43 46 85 25 18 67 57 64 34 69 78 93 72 0 86 9 96 99 78 51 9 13 61 44 80 70 26 66 79 3 
9 98 81 53 66 23 57 29 42 75 39 4 76 57 40 86 91 52 58 30 74 50 50 67 22 66 98 77 49 50 95 58 9 43 74 80 66 78 35 95 72 76 83 25 19 30 73 22 83 31 61 62 90 72 10 0 68 25 76 80 35 51 39 13 92 91 88 68 59 90 65 13 82 26 84 89 58 45 87 79 71 21 93 86 0 41 0 43 44 37 64 56 64 10 76 35 2 48 38 88 
40 68 55 9 16 16 76 39 7 77 52 55 96 38 11 59 26 64 64 0 67 13 66 16 66 1 52 99 6 13 73 21 55 0 55 82 27 44 48 0 72 30 1 95 75 26 33 7 54 43 46 43 84 39 46 5 86 29 38 56 14 48 63 1 58 59 63 96 62 90 50 7 69 27 51 33 77 51 42 63 24 46 9 9 41 0 53 44 3 99 8 2 21 7 16 40 10 83 14 60 
38 67 7 41 13 62 2 54 87 89 77 12 60 48 89 40 45 24 41 80 17 20 16 83 90 89 54 32 24 92 66 92 8 50 41 75 80 5 70 6 35 87 65 33 40 23 48 36 73 87 4 79 98 79 59 65 77 25 77 66 59 50 83 57 46 42 6 9 82 41 15 98 8 62 10 1 61 5 55 40 92 74 53 96 0 53 0 16 82 87 34 47 9 13 73 51 36 3 16 84 
16 41 94 34 51 15 11 96 47 62 88 20 33 73 17 5 64 34 96 67 31 18 63 40 3 86 43 79 10 75 45 19 45 16 94 75 76 82 45 3 55 31 15 79 91 54 74 16 72 1 13 23 95 0 41 91 69 55 65 8 69 71 20 83 28 45 90 43 13 1 18 77 69 61 85 15 80 11 27 52 40 73 59 99 43 44 16 0 34 45 5 76 84 98 45 76 67 32 60 60 
72 11 52 0 54 34 89 95 46 15 16 13 94 61 93 11 19 47 25 55 12 55 0 15 94 4 98 83 79 18 90 81 9 39 66 73 99 3 92 1 29 62 19 63 16 69 13 36 91 23 36 6 25 56 67 38 67 69 82 32 77 32 33 17 28 74 23 55 39 99 2 50 47 16 91 41 77 4 14 85 0 19 16 78 44 3 82 34 0 33 0 5 38 40 28 66 77 60 13 38 
13 94 17 55 41 7 74 11 73 87 93 29 1 77 76 69 51 97 90 16 87 40 33 19 64 46 86 28 74 45 48 24 57 30 22 59 71 0 2 76 77 44 64 43 30 66 12 8 95 98 33 24 75 36 39 88 30 11 44 81 76 66 1 41 51 63 15 43 2 41 42 12 5 53 51 71 11 10 35 92 38 50 85 51 37 99 87 45 33 0 13 1 76 54 83 89 26 87 77 93 
5 83 11 39 46 98 38 43 83 51 11 9 6 90 14 55 36 63 28 16 2 2 11 82 78 52 31 57 71 72 50 11 85 9 27 30 63 54 92 44 58 48 64 58 89 76 58 18 51 3 22 70 78 84 57 71 50 92 46 34 70 98 11 36 94 68 4 0 52 67 30 5 5 24 72 11 53 97 54 28 60 5 22 9 64 8 34 5 0 13 0 81 95 83 10 5 40 14 74 5 
96 51 37 91 53 61 49 52 36 72 31 97 53 38 68 7 94 35 35 13 85 48 13 95 73 59 91 58 4 84 75 98 17 1 32 86 36 11 99 14 90 18 43 35 80 43 82 65 52 42 90 20 8 10 88 25 28 23 13 63 32 26 57 46 75 70 97 94 59 70 39 24 44 71 55 90 27 79 57 85 16 42 32 13 56 2 47 76 5 1 81 0 55 80 19 67 10 46 88 27 
19 3 19 75 65 96 82 7 29 55 55 32 39 60 11 3 41 5 0 45 37 64 44 63 86 0 3 68 85 45 81 6 9 87 31 29 48 62 20 28 65 28 68 27 34 14 83 80 19 11 71 15 28 71 63 51 78 58 28 69 31 70 59 38 71 20 19 84 85 58 13 12 44 93 9 71 8 50 74 3 61 81 11 61 64 21 9 84 38 76 95 55 0 49 49 99 88 86 87 72 
80 19 54 78 25 84 55 61 60 38 96 83 24 94 7 34 34 70 15 35 40 33 37 66 91 43 42 99 44 62 88 32 51 48 29 1 50 73 94 50 65 53 21 83 6 63 77 5 96 17 44 51 85 47 34 44 92 78 16 17 10 97 55 42 15 66 14 85 52 99 80 69 73 82 48 87 87 84 3 69 50 8 63 44 10 7 13 98 40 54 83 80 49 0 80 47 29 72 3 40 
64 55 89 59 2 36 41 64 31 14 93 75 39 15 93 48 74 43 14 65 9 3 93 51 54 10 77 80 75 80 51 4 23 87 47 97 54 88 6 26 54 83 72 65 73 67 71 26 68 67 76 78 22 39 12 35 59 92 32 71 98 29 64 48 80 25 4 88 9 18 77 83 2 4 62 78 98 76 33 34 76 40 81 80 76 16 73 45 28 83 10 19 49 80 0 55 49 57 36 61 
50 30 52 82 14 52 58 75 10 95 30 78 15 23 37 82 23 79 74 82 48 56 99 46 68 31 67 0 8 34 76 31 67 55 27 76 17 80 73 71 80 55 72 12 35 79 16 27 25 21 9 94 54 2 35 49 49 27 3 82 41 64 26 84 23 0 50 57 71 21 52 91 5 34 14 80 40 88 8 42 46 36 71 70 35 40 51 76 66 89 5 67 99 47 55 0 35 71 22 2 
77 27 10 73 49 96 51 34 20 78 51 28 16 32 98 40 86 14 52 72 87 85 76 13 93 17 70 77 70 59 59 40 61 57 79 0 17 9 31 10 32 63 36 73 92 56 95 15 64 4 63 3 50 33 27 46 31 7 13 97 87 27 77 89 35 14 15 93 60 33 7 73 63 44 23 59 11 38 77 49 11 74 18 26 2 10 36 67 77 26 40 10 88 29 49 35 0 70 86 19 
69 0 35 80 85 5 36 96 57 43 1 81 24 77 40 92 79 27 89 21 36 11 82 0 54 70 31 74 40 88 71 49 59 27 80 50 7 32 70 49 18 13 82 11 17 80 42 97 68 7 71 56 57 61 94 23 0 65 93 62 39 52 44 25 58 64 97 70 25 35 28 36 58 66 11 16 70 42 64 72 70 64 76 66 48 83 3 32 60 87 14 46 86 72 57 71 70 0 11 33 
50 35 79 39 11 11 14 88 16 38 46 14 21 1 48 31 39 34 64 24 84 20 97 53 18 76 40 40 15 49 92 8 92 95 96 71 98 25 69 4 33 22 59 58 3 83 92 72 71 45 62 6 18 73 87 44 4 83 49 16 55 75 87 0 57 7 92 58 56 93 79 38 73 12 7 95 71 0 15 23 24 2 75 79 38 14 16 60 13 77 74 88 87 3 36 22 86 11 0 65 
43 35 57 13 94 83 56 45 62 87 67 61 15 66 22 36 94 56 95 74 73 66 16 24 18 35 73 72 33 42 5 12 33 47 85 32 27 5 19 89 1 82 34 47 73 11 49 17 33 0 97 66 77 85 87 75 50 1 90 6 93 32 46 38 54 89 90 78 2 5 70 79 64 58 61 29 89 29 8 59 12 5 95 3 88 60 84 60 38 93 5 27 72 40 61 2 19 33 65 0 
