100
0 54 91 35 32 9 88 47 99 64 43 52 50 24 50 65 99 73 47 31 80 72 29 1 73 85 38 73 0 28 7 5 3 87 87 76 24 76 44 9 72 5 98 15 77 14 10 68 33 48 3 79 14 25 71 84 95 8 45 7 37 40 52 48 33 88 84 16 13 36 73 64 64 77 60 36 83 25 23 1 44 33 92 48 26 36 76 68 35 27 43 81 66 16 49 96 80 95 83 68 
54 0 21 94 79 66 84 6 16 78 91 99 91 19 90 18 46 50 50 87 12 78 78 90 99 17 77 59 10 72 67 24 87 23 56 99 34 72 3 79 8 64 26 51 85 35 18 24 73 59 65 90 9 62 47 72 52 16 45 55 98 29 81 63 66 28 17 60 51 37 80 39 97 21 99 89 91 66 97 38 26 40 8 50 81 16 48 36 31 58 54 93 77 48 58 41 76 6 62 7 
91 21 0 25 32 97 73 97 64 50 58 35 68 99 82 11 78 17 86 89 43 23 95 95 98 49 59 69 20 5 96 48 40 94 42 51 17 79 98 88 54 31 83 67 51 52 98 12 10 92 17 45 8 65 82 10 83 2 67 21 66 20 39 88 31 66 17 29 68 26 3 38 77 22 45 20 62 78 33 47 13 46 47 78 54 45 84 90 53 29 52 82 48 53 84 35 45 99 1 47 
35 94 25 0 82 80 45 80 67 3 13 59 36 63 52 35 22 76 38 71 64 71 15 70 8 61 12 2 59 32 43 55 94 11 98 33 49 74 97 29 57 97 16 98 18 20 5 14 70 74 45 24 26 23 59 33 99 14 27 12 81 7 77 71 62 99 75 6 31 51 71 8 2 53 23 54 60 3 85 10 66 88 10 94 99 50 45 96 1 53 42 71 44 92 13 79 36 83 91 77 
32 79 32 82 0 53 39 38 58 96 16 20 66 18 86 68 99 50 90 17 34 69 74 28 82 45 26 32 49 28 9 45 26 69 13 49 84 3 87 58 12 56 41 76 72 5 87 88 69 48 90 68 74 23 23 74 66 87 28 43 58 50 84 93 95 44 75 26 38 51 71 66 96 70 3 85 66 88 16 58 67 72 73 88 8 25 41 93 39 89 37 63 74 40 67 6 92 22 6 58 
9 66 97 80 53 0 50 3 17 22 43 28 91 58 71 39 33 1 86 45 58 62 57 41 87 77 7 26 3 91 20 82 17 10 64 63 19 22 87 91 43 98 1 70 39 88 37 44 30 58 45 54 18 2 47 89 42 24 63 28 69 43 54 22 97 41 3 44 64 79 13 15 80 90 26 84 45 1 62 71 61 33 66 43 13 23 11 79 45 68 73 99 93 7 97 4 64 23 61 51 
88 84 73 45 39 50 0 6 6 48 34 86 51 67 17 37 7 73 54 17 52 86 81 9 3 58 51 15 84 79 5 31 48 67 69 26 47 23 61 49 99 15 54 88 94 54 18 27 3 37 11 83 88 2 87 8 0 30 46 83 3 5 84 35 91 66 30 29 9 77 82 17 53 94 64 91 55 67 17 0 87 77 7 78 13 97 20 77 66 74 59 51 67 10 43 85 63 14 48 91 
47 6 97 80 38 3 6 0 87 21 34 52 41 55 19 15 38 54 34 20 18 6 8 11 84 76 48 37 84 1 76 31 34 53 94 28 90 8 67 10 36 51 11 47 72 21 62 50 66 40 76 39 2 59 94 4 68 54 19 89 77 1 31 64 15 47 75 56 80 65 56 68 74 18 68 14 12 14 28 8 91 76 24 79 73 9 40 12 54 15 34 21 88 30 52 11 32 32 34 70 
99 16 64 67 58 17 6 87 0 17 66 87 66 15 54 30 32 74 45 53 96 3 63 49 67 14 36 34 39 69 55 84 78 12 9 97 47 20 89 36 90 41 56 72 66 99 35 73 56 67 76 73 73 73 36 85 57 82 55 98 15 8 34 14 84 28 14 7 75 6 8 30 77 67 76 56 70 19 18 73 41 41 4 34 62 45 33 43 99 29 38 19 79 15 50 99 7 3 58 21 
64 78 50 3 96 22 48 21 17 0 84 38 38 11 56 69 94 1 84 3 45 63 28 99 78 46 34 58 11 34 26 47 65 71 24 83 56 27 5 32 64 81 84 4 34 13 91 97 69 5 94 99 72 1 69 60 85 90 30 41 53 13 48 27 92 54 54 35 34 90 40 52 24 21 32 67 22 28 72 54 45 6 42 77 88 55 70 2 17 62 3 59 0 49 60 60 54 67 79 7 
43 91 58 13 16 43 34 34 66 84 0 16 41 48 14 60 95 49 73 89 2 11 68 59 73 63 79 82 77 68 94 81 28 23 43 14 28 44 3 62 18 44 49 32 10 76 60 75 92 92 18 40 0 85 91 73 47 15 30 30 71 95 98 53 53 59 68 1 47 91 65 33 57 33 52 44 14 62 95 75 82 0 87 86 18 61 2 26 57 51 88 97 27 69 50 0 49 8 78 88 
52 99 35 59 20 28 86 52 87 38 16 0 83 99 44 2 7 16 68 23 51 16 1 84 78 47 95 5 65 79 21 92 90 90 34 64 59 31 26 38 31 65 42 78 41 53 31 32 3 16 49 58 56 60 60 31 54 33 1 78 27 59 35 62 44 77 44 68 70 29 76 37 3 49 55 20 36 88 77 32 7 81 52 60 14 62 30 40 30 70 53 64 44 97 55 10 10 26 28 75 
50 91 68 36 66 91 51 41 66 38 41 83 0 41 28 23 30 9 2 67 90 98 12 19 17 83 45 4 91 29 63 49 34 71 47 76 15 61 21 9 45 50 60 83 8 57 75 62 46 81 6 85 80 13 62 63 96 83 26 37 25 93 4 4 52 25 93 97 66 23 47 25 38 67 70 76 21 7 57 76 57 86 69 97 76 96 12 30 38 76 46 87 64 53 71 80 47 26 64 84 
24 19 99 63 18 58 67 55 15 11 48 99 41 0 62 24 88 44 60 54 13 52 36 60 31 23 7 9 70 2 93 23 4 15 44 67 5 15 46 50 31 46 40 58 64 86 31 76 95 46 14 46 65 9 51 52 53 27 42 12 91 27 76 63 10 59 89 98 34 21 4 93 79 18 17 79 73 7 13 46 13 33 88 58 51 88 26 7 83 20 4 16 93 16 56 47 95 97 40 15 
50 90 82 52 86 71 17 19 54 56 14 44 28 62 0 33 90 79 97 23 22 21 79 40 40 41 69 83 97 25 7 33 38 99 55 43 94 51 2 37 8 9 59 96 95 36 61 79 97 78 31 70 47 40 34 40 99 22 21 32 92 24 56 3 56 23 32 10 14 45 75 73 15 67 97 49 37 74 77 24 88 31 6 72 93 77 51 37 98 45 60 57 1 71 49 95 23 69 92 47 
65 18 11 35 68 39 37 15 30 69 60 2 23 24 33 0 30 84 21 85 50 59 18 55 40 44 90 44 56 17 16 67 0 89 65 30 70 1 31 71 60 40 98 16 14 87 37 97 62 25 18 17 81 65 66 46 36 86 24 44 27 30 33 2 37 2 11 42 41 1 36 27 77 64 76 96 30 82 50 0 9 39 27 14 37 8 93 33 29 38 20 23 53 77 74 97 45 8 41 4 
99 46 78 22 99 33 7 38 32 94 95 7 30 88 90 30 0 85 62 35 24 1 8 79 74 52 23 50 69 24 76 51 66 51 0 45 80 86 41 14 85 96 45 62 72 37 4 5 8 45 30 16 29 37 57 23 58 39 4 71 38 21 73 13 49 45 69 22 67 44 80 12 32 64 72 95 46 41 65 20 5 65 97 42 76 88 90 5 6 63 74 61 31 36 89 10 28 89 89 1 
73 50 17 76 50 1 73 54 74 1 49 16 9 44 79 84 85 0 46 0 12 11 29 40 62 70 74 54 0 86 38 14 42 94 70 29 38 38 65 31 20 2 83 75 80 11 58 23 20 76 29 33 25 84 79 60 83 31 66 93 38 38 62 79 1 68 0 82 19 76 18 80 7 97 2 0 73 28 67 9 67 47 18 93 85 99 82 79 61 87 76 12 93 10 20 19 10 21 40 72 
47 50 86 38 90 86 54 34 45 84 73 68 2 60 97 21 62 46 0 70 63 57 55 30 34 16 69 79 18 96 45 74 32 46 59 0 45 12 95 97 58 95 27 1 55 4 65 44 62 97 38 54 69 67 17 92 33 65 76 86 84 78 65 82 83 57 94 20 1 10 7 37 41 71 45 83 23 72 68 82 86 34 81 25 6 89 98 95 47 43 44 16 91 30 56 80 78 55 13 56 
31 87 89 71 17 45 17 20 53 3 89 23 67 54 23 85 35 0 70 0 91 42 4 82 16 63 92 77 25 88 96 78 60 12 25 47 33 49 78 13 25 99 24 15 20 39 20 55 40 21 98 39 37 52 31 14 71 71 56 58 48 32 6 91 14 83 23 35 87 36 16 99 84 73 31 16 35 17 92 14 93 3 61 87 20 86 54 95 36 20 37 76 32 43 13 59 56 18 84 74 
80 12 43 64 34 58 52 18 96 45 2 51 90 13 22 50 24 12 63 91 0 17 29 78 83 47 75 8 66 59 68 7 51 14 1 30 34 19 63 94 68 13 40 82 95 37 98 26 38 94 18 94 59 88 47 88 93 73 50 73 95 10 61 98 41 42 69 34 87 69 26 14 2 56 64 49 67 24 21 48 45 80 45 70 70 54 97 30 3 77 23 9 43 6 48 9 11 66 63 32 
72 78 23 71 69 62 86 6 3 63 11 16 98 52 21 59 1 11 57 42 17 0 7 30 7 83 14 83 18 70 42 1 39 24 60 69 17 28 72 17 48 57 97 56 50 1 48 50 84 85 62 22 60 83 23 68 3 89 26 53 39 14 58 30 13 44 74 86 58 35 35 61 75 1 37 48 39 45 85 80 95 52 20 26 56 97 91 43 10 32 60 88 58 39 35 13 27 23 67 70 
29 78 95 15 74 57 81 8 63 28 68 1 12 36 79 18 8 29 55 4 29 7 0 22 22 78 56 94 78 0 12 32 61 92 61 33 45 82 97 18 9 45 18 51 76 60 59 10 71 54 43 99 74 50 42 49 72 15 81 51 70 13 73 94 7 89 59 23 19 36 35 32 24 78 94 31 11 81 61 25 36 55 20 69 84 79 87 87 15 16 38 13 23 16 27 21 52 74 42 92 
1 90 95 70 28 41 9 11 49 99 59 84 19 60 40 55 79 40 30 82 78 30 22 0 62 93 66 84 71 42 87 43 45 35 80 20 39 0 47 87 4 18 83 90 41 53 42 37 3 65 59 8 37 78 86 37 6 90 76 27 14 53 19 10 87 96 2 26 35 11 6 62 32 20 25 69 55 29 97 13 67 96 14 4 70 94 95 23 26 87 0 23 31 41 88 95 95 98 19 52 
73 99 98 8 82 87 3 84 67 78 73 78 17 31 40 40 74 62 34 16 83 7 22 62 0 4 1 44 24 58 41 5 60 13 93 48 79 97 96 94 3 28 52 60 4 5 30 9 15 67 94 62 58 73 24 57 43 79 41 97 82 51 43 5 70 92 29 22 32 19 35 25 6 14 5 2 49 20 63 77 63 26 76 85 45 69 97 95 84 74 1 96 41 75 77 20 49 13 31 9 
85 17 49 61 45 77 58 76 14 46 63 47 83 23 41 44 52 70 16 63 47 83 78 93 4 0 8 14 92 81 85 63 10 36 24 11 76 37 84 21 2 96 30 35 27 11 65 96 35 96 20 59 38 48 56 90 67 79 35 90 5 5 23 1 8 50 17 83 95 63 36 9 12 17 12 99 6 44 23 23 61 32 44 15 91 86 88 36 70 10 47 31 93 50 16 48 13 88 17 1 
38 77 59 12 26 7 51 48 36 34 79 95 45 7 69 90 23 74 69 92 75 14 56 66 1 8 0 95 13 91 19 96 91 7 4 4 94 83 61 42 48 88 11 51 70 1 30 72 62 91 80 67 97 35 0 66 92 91 96 83 26 86 35 17 65 76 68 56 58 53 41 24 22 51 55 67 7 89 26 93 8 59 60 52 30 58 87 96 25 56 86 6 69 0 23 53 44 26 90 89 
73 59 69 2 32 26 15 37 34 58 82 5 4 9 83 44 50 54 79 77 8 83 94 84 44 14 95 0 50 89 57 18 49 58 54 92 69 95 17 8 66 36 77 75 15 35 88 84 34 58 94 21 13 19 99 26 4 65 35 56 69 75 90 75 55 10 51 96 1 50 36 75 50 18 43 83 32 75 38 61 95 64 11 5 31 23 3 40 68 47 74 37 10 48 3 71 33 22 48 76 
0 10 20 59 49 3 84 84 39 11 77 65 91 70 97 56 69 0 18 25 66 18 78 71 24 92 13 50 0 95 15 18 27 94 73 3 19 65 86 92 31 57 51 14 35 5 88 51 39 64 52 15 27 16 51 56 74 17 14 6 11 86 3 89 79 34 10 20 43 22 71 12 39 39 80 53 67 83 72 79 23 79 46 61 92 42 18 68 8 62 26 71 70 39 87 65 87 1 28 19 
28 72 5 32 28 91 79 1 69 34 68 79 29 2 25 17 24 86 96 88 59 70 0 42 58 81 91 89 95 0 46 42 51 20 95 40 87 41 9 40 33 72 12 25 18 83 33 12 95 49 90 58 29 8 47 77 28 54 84 11 89 43 61 75 74 32 75 37 96 81 57 88 52 21 15 5 97 67 33 61 94 81 41 54 29 75 77 81 15 53 39 82 56 7 15 6 58 17 29 67 
7 67 96 43 9 20 5 76 55 26 94 21 63 93 7 16 76 38 45 96 68 42 12 87 41 85 19 57 15 46 0 72 51 45 89 86 39 95 49 84 8 16 25 76 3 0 61 82 38 48 32 57 59 76 90 53 23 85 70 30 10 88 69 92 26 71 16 95 42 80 9 20 1 49 3 12 37 10 22 60 62 53 92 53 99 20 67 22 80 79 1 61 71 78 85 37 66 74 14 88 
5 24 48 55 45 82 31 31 84 47 81 92 49 23 33 67 51 14 74 78 7 1 32 43 5 63 96 18 18 42 72 0 91 99 60 94 5 17 25 29 85 79 43 28 42 62 28 64 5 15 99 24 60 37 47 93 95 38 68 2 22 90 34 73 21 91 34 13 37 47 58 96 26 22 83 63 36 37 72 70 22 86 74 71 71 0 80 32 86 62 72 36 44 85 61 91 19 94 66 33 
3 87 40 94 26 17 48 34 78 65 28 90 34 4 38 0 66 42 32 60 51 39 61 45 60 10 91 49 27 51 51 91 0 68 78 35 42 46 43 6 11 29 5 11 45 65 69 85 41 37 68 47 19 74 16 67 7 10 2 54 72 33 38 8 41 92 61 72 78 10 10 45 2 48 77 8 69 9 9 80 59 2 38 84 18 2 57 80 52 54 44 64 52 12 62 14 15 76 46 2 
87 23 94 11 69 10 67 53 12 71 23 90 71 15 99 89 51 94 46 12 14 24 92 35 13 36 7 58 94 20 45 99 68 0 61 30 7 30 1 75 57 25 64 38 31 44 98 74 22 16 17 14 52 32 59 5 26 87 1 36 21 22 62 84 55 33 75 68 23 69 54 34 22 63 34 16 89 62 50 29 75 69 92 88 92 84 61 47 85 39 11 25 19 73 53 91 3 49 83 25 
87 56 42 98 13 64 69 94 9 24 43 34 47 44 55 65 0 70 59 25 1 60 61 80 93 24 4 54 73 95 89 60 78 61 0 6 56 94 96 67 56 19 97 1 42 57 30 57 35 88 10 62 39 42 3 93 48 24 35 91 35 86 34 97 4 84 25 19 82 69 70 65 37 78 80 56 34 99 47 13 62 14 45 23 5 71 64 11 13 56 68 36 71 96 75 67 22 60 6 8 
76 99 51 33 49 63 26 28 97 83 14 64 76 67 43 30 45 29 0 47 30 69 33 20 48 11 4 92 3 40 86 94 35 30 6 0 12 21 44 82 70 15 83 25 5 42 35 33 52 70 39 30 1 30 3 18 78 60 50 29 22 15 1 14 42 60 30 33 62 23 23 45 71 18 21 84 43 74 56 75 61 33 38 4 44 64 84 9 25 25 93 81 66 42 82 9 59 0 0 93 
24 34 17 49 84 19 47 90 47 56 28 59 15 5 94 70 80 38 45 33 34 17 45 39 79 76 94 69 19 87 39 5 42 7 56 12 0 78 37 14 86 88 35 80 14 68 99 19 60 87 29 9 99 45 76 97 17 92 49 88 75 76 13 71 56 80 72 22 29 31 26 12 57 78 96 27 2 79 39 18 53 79 15 88 76 62 79 64 23 49 11 46 6 70 50 89 72 97 5 25 
76 72 79 74 3 22 23 8 20 27 44 31 61 15 51 1 86 38 12 49 19 28 82 0 97 37 83 95 65 41 95 17 46 30 94 21 78 0 13 5 87 86 23 9 47 45 87 28 53 78 5 66 16 1 73 57 81 2 35 57 90 45 34 18 70 0 71 68 72 65 72 26 55 11 8 67 98 75 29 6 20 50 78 64 39 92 85 66 62 63 71 23 32 81 78 25 60 5 40 13 
44 3 98 97 87 87 61 67 89 5 3 26 21 46 2 31 41 65 95 78 63 72 97 47 96 84 61 17 86 9 49 25 43 1 96 44 37 13 0 11 86 38 53 45 1 40 99 99 51 86 86 99 6 49 81 96 50 32 1 72 70 57 37 93 75 30 99 34 67 40 36 38 32 46 52 57 68 10 67 99 76 73 94 50 7 54 37 12 87 23 80 30 10 17 89 6 83 46 59 48 
9 79 88 29 58 91 49 10 36 32 62 38 9 50 37 71 14 31 97 13 94 17 18 87 94 21 42 8 92 40 84 29 6 75 67 82 14 5 11 0 33 24 34 27 71 30 48 74 94 0 12 82 26 31 36 84 76 25 86 57 65 15 79 89 32 65 70 53 75 89 5 55 91 2 45 95 39 81 76 18 3 4 55 36 8 80 41 29 98 2 1 66 20 41 16 29 16 95 34 57 
72 8 54 57 12 43 99 36 90 64 18 31 45 31 8 60 85 20 58 25 68 48 9 4 3 2 48 66 31 33 8 85 11 57 56 70 86 87 86 33 0 15 12 84 37 7 52 22 33 30 30 44 88 86 81 66 93 84 10 17 49 96 90 79 43 82 74 56 47 52 54 4 22 80 56 40 1 39 24 85 34 48 10 1 12 62 13 18 36 58 38 73 83 1 61 12 94 84 67 9 
5 64 31 97 56 98 15 51 41 81 44 65 50 46 9 40 96 2 95 99 13 57 45 18 28 96 88 36 57 72 16 79 29 25 19 15 88 86 38 24 15 0 4 55 95 83 42 62 49 30 29 87 76 5 7 54 42 91 53 22 12 48 59 20 85 10 15 74 22 85 47 92 59 93 74 82 40 61 7 13 35 75 68 36 59 80 52 34 4 22 33 56 13 16 90 19 85 30 64 55 
98 26 83 16 41 1 54 11 56 84 49 42 60 40 59 98 45 83 27 24 40 97 18 83 52 30 11 77 51 12 25 43 5 64 97 83 35 23 53 34 12 4 0 1 66 13 62 22 18 39 63 72 2 61 26 59 19 40 6 80 79 34 56 14 32 91 80 91 71 63 15 63 29 34 83 90 6 2 58 88 90 76 60 7 96 96 93 58 82 78 14 23 91 22 6 74 15 82 83 88 
15 51 67 98 76 70 88 47 72 4 32 78 83 58 96 16 62 75 1 15 82 56 51 90 60 35 51 75 14 25 76 28 11 38 1 25 80 9 45 27 84 55 1 0 1 35 62 60 57 76 37 45 54 60 71 66 22 53 59 5 69 60 69 20 48 84 6 38 26 2 83 72 84 86 2 17 25 19 15 8 45 5 43 45 55 8 98 93 82 75 13 70 42 71 9 36 53 63 31 16 
77 85 51 18 72 39 94 72 66 34 10 41 8 64 95 14 72 80 55 20 95 50 76 41 4 27 70 15 35 18 3 42 45 31 42 5 14 47 1 71 37 95 66 1 0 87 15 42 52 73 78 6 6 85 22 56 28 94 92 89 38 72 59 51 37 68 9 41 44 51 83 90 94 43 13 46 9 17 61 21 81 46 73 72 83 62 32 52 57 34 76 29 65 41 78 67 76 25 79 87 
14 35 52 20 5 88 54 21 99 13 76 53 57 86 36 87 37 11 4 39 37 1 60 53 5 11 1 35 5 83 0 62 65 44 57 42 68 45 40 30 7 83 13 35 87 0 19 10 67 83 2 57 99 74 33 71 61 9 43 57 72 73 86 63 61 96 36 18 14 25 66 6 14 35 29 47 2 20 1 67 47 93 28 11 11 94 74 45 43 56 9 3 96 17 25 18 11 2 48 24 
10 18 98 5 87 37 18 62 35 91 60 31 75 31 61 37 4 58 65 20 98 48 59 42 30 65 30 88 88 33 61 28 69 98 30 35 99 87 99 48 52 42 62 62 15 19 0 75 35 28 48 12 47 64 48 96 51 31 89 16 61 64 62 44 83 17 33 88 37 6 94 39 98 43 21 7 50 40 8 2 34 20 1 23 65 31 16 61 50 72 99 77 23 23 83 50 8 14 56 65 
68 24 12 14 88 44 27 50 73 97 75 32 62 76 79 97 5 23 44 55 26 50 10 37 9 96 72 84 51 12 82 64 85 74 57 33 19 28 99 74 22 62 22 60 42 10 75 0 20 40 6 0 39 0 84 27 56 41 4 16 87 15 4 12 85 99 72 7 75 84 50 15 90 78 17 41 91 21 21 77 85 86 77 74 47 51 98 70 77 90 8 14 31 24 62 24 39 36 28 93 
33 73 10 70 69 30 3 66 56 69 92 3 46 95 97 62 8 20 62 40 38 84 71 3 15 35 62 34 39 95 38 5 41 22 35 52 60 53 51 94 33 49 18 57 52 67 35 20 0 73 69 22 27 34 55 73 85 9 72 35 63 10 51 1 32 96 37 26 35 89 24 39 31 7 62 64 3 12 33 46 52 38 93 35 62 77 91 47 89 0 29 28 76 35 99 19 87 84 23 68 
48 59 92 74 48 58 37 40 67 5 92 16 81 46 78 25 45 76 97 21 94 85 54 65 67 96 91 58 64 49 48 15 37 16 88 70 87 78 86 0 30 30 39 76 73 83 28 40 73 0 44 11 92 13 88 25 6 24 94 67 40 55 48 49 78 45 93 75 88 44 45 73 5 50 45 2 89 60 66 58 77 64 2 9 68 16 67 81 4 73 47 2 70 46 88 83 36 61 89 41 
3 65 17 45 90 45 11 76 76 94 18 49 6 14 31 18 30 29 38 98 18 62 43 59 94 20 80 94 52 90 32 99 68 17 10 39 29 5 86 12 30 29 63 37 78 2 48 6 69 44 0 28 93 87 69 40 28 71 79 29 19 68 0 70 31 23 10 53 38 10 44 36 92 44 40 80 85 71 64 19 31 97 19 71 38 72 1 16 19 32 27 86 87 14 20 78 88 93 14 19 
79 90 45 24 68 54 83 39 73 99 40 58 85 46 70 17 16 33 54 39 94 22 99 8 62 59 67 21 15 58 57 24 47 14 62 30 9 66 99 82 44 87 72 45 6 57 12 0 22 11 28 0 77 23 64 85 98 52 42 61 31 14 21 86 12 48 55 53 24 78 14 48 15 63 46 22 67 66 2 99 84 58 6 47 21 31 12 44 0 72 60 63 30 63 29 62 3 46 1 26 
14 9 8 26 74 18 88 2 73 72 0 56 80 65 47 81 29 25 69 37 59 60 74 37 58 38 97 13 27 29 59 60 19 52 39 1 99 16 6 26 88 76 2 54 6 99 47 39 27 92 93 77 0 24 73 3 6 22 52 23 17 41 68 20 2 22 61 19 67 22 36 36 1 70 15 36 3 47 46 49 77 36 61 22 72 44 62 34 28 3 19 88 46 7 95 27 61 17 1 68 
25 62 65 23 23 2 2 59 73 1 85 60 13 9 40 65 37 84 67 52 88 83 50 78 73 48 35 19 16 8 76 37 74 32 42 30 45 1 49 31 86 5 61 60 85 74 64 0 34 13 87 23 24 0 67 23 85 98 59 76 32 88 61 80 90 78 28 69 57 76 81 10 66 57 99 23 62 98 73 12 3 56 26 68 63 52 69 98 64 59 9 12 24 72 69 75 77 68 0 48 
71 47 82 59 23 47 87 94 36 69 91 60 62 51 34 66 57 79 17 31 47 23 42 86 24 56 0 99 51 47 90 47 16 59 3 3 76 73 81 36 81 7 26 71 22 33 48 84 55 88 69 64 73 67 0 90 81 37 87 55 71 4 29 20 77 23 92 17 97 34 98 29 60 3 72 25 49 20 28 99 73 85 97 60 68 35 98 52 51 80 25 4 21 59 54 39 71 63 77 49 
84 72 10 33 74 89 8 4 85 60 73 31 63 52 40 46 23 60 92 14 88 68 49 37 57 90 66 26 56 77 53 93 67 5 93 18 97 57 96 84 66 54 59 66 56 71 96 27 73 25 40 85 3 23 90 0 0 67 90 97 70 44 21 83 79 6 96 88 81 12 31 19 75 90 11 55 73 89 48 44 26 17 24 79 70 64 61 34 3 0 35 37 59 1 62 98 44 30 45 52 
95 52 83 99 66 42 0 68 57 85 47 54 96 53 99 36 58 83 33 71 93 3 72 6 43 67 92 4 74 28 23 95 7 26 48 78 17 81 50 76 93 42 19 22 28 61 51 56 85 6 28 98 6 85 81 0 0 86 1 62 53 23 71 29 54 98 26 91 24 38 0 80 62 38 30 85 31 10 20 22 36 30 22 32 80 6 48 90 99 30 47 51 79 52 78 35 23 73 47 7 
8 16 2 14 87 24 30 54 82 90 15 33 83 27 22 86 39 31 65 71 73 89 15 90 79 79 91 65 17 54 85 38 10 87 24 60 92 2 32 25 84 91 40 53 94 9 31 41 9 24 71 52 22 98 37 67 86 0 31 8 79 41 63 48 52 38 87 14 86 74 43 47 49 54 44 81 99 27 17 74 13 97 97 59 37 45 30 79 58 29 32 63 10 63 43 57 1 68 58 26 
45 45 67 27 28 63 46 19 55 30 30 1 26 42 21 24 4 66 76 56 50 26 81 76 41 35 96 35 14 84 70 68 2 1 35 50 49 35 1 86 10 53 6 59 92 43 89 4 72 94 79 42 52 59 87 90 1 31 0 79 63 64 9 82 65 51 72 93 82 5 97 98 31 54 69 33 51 42 59 43 82 95 90 77 99 64 40 68 95 50 75 41 26 33 93 52 5 23 44 61 
7 55 21 12 43 28 83 89 98 41 30 78 37 12 32 44 71 93 86 58 73 53 51 27 97 90 83 56 6 11 30 2 54 36 91 29 88 57 72 57 17 22 80 5 89 57 16 16 35 67 29 61 23 76 55 97 62 8 79 0 63 83 35 53 61 71 87 71 70 2 1 86 91 24 25 86 23 44 63 95 81 18 2 28 71 29 86 10 36 21 80 76 42 94 73 73 95 94 11 59 
37 98 66 81 58 69 3 77 15 53 71 27 25 91 92 27 38 38 84 48 95 39 70 14 82 5 26 69 11 89 10 22 72 21 35 22 75 90 70 65 49 12 79 69 38 72 61 87 63 40 19 31 17 32 71 70 53 79 63 63 0 96 80 5 95 25 81 22 76 99 38 4 56 74 88 65 82 45 17 55 12 65 68 16 6 98 31 99 35 69 47 53 79 42 79 83 21 53 14 50 
40 29 20 7 50 43 5 1 8 13 95 59 93 27 24 30 21 38 78 32 10 14 13 53 51 5 86 75 86 43 88 90 33 22 86 15 76 45 57 15 96 48 34 60 72 73 64 15 10 55 68 14 41 88 4 44 23 41 64 83 96 0 12 71 91 20 53 1 30 48 6 24 87 28 22 44 38 46 44 72 13 39 19 97 50 7 18 63 39 4 68 37 35 56 15 56 88 84 23 34 
52 81 39 77 84 54 84 31 34 48 98 35 4 76 56 33 73 62 65 6 61 58 73 19 43 23 35 90 3 61 69 34 38 62 34 1 13 34 37 79 90 59 56 69 59 86 62 4 51 48 0 21 68 61 29 21 71 63 9 35 80 12 0 80 2 0 13 1 48 30 7 22 29 65 75 36 22 30 34 12 71 39 37 16 56 93 10 84 41 70 65 56 27 26 31 8 35 68 44 63 
48 63 88 71 93 22 35 64 14 27 53 62 4 63 3 2 13 79 82 91 98 30 94 10 5 1 17 75 89 75 92 73 8 84 97 14 71 18 93 89 79 20 14 20 51 63 44 12 1 49 70 86 20 80 20 83 29 48 82 53 5 71 80 0 76 52 24 0 56 57 30 74 65 86 59 38 58 27 66 93 73 54 2 30 41 81 46 71 25 88 94 15 66 24 91 72 73 21 51 90 
33 66 31 62 95 97 91 15 84 92 53 44 52 10 56 37 49 1 83 14 41 13 7 87 70 8 65 55 79 74 26 21 41 55 4 42 56 70 75 32 43 85 32 48 37 61 83 85 32 78 31 12 2 90 77 79 54 52 65 61 95 91 2 76 0 40 97 77 92 12 33 73 46 84 28 47 10 41 98 88 82 13 94 41 37 1 37 64 74 52 81 44 94 35 55 68 61 21 87 15 
88 28 66 99 44 41 66 47 28 54 59 77 25 59 23 2 45 68 57 83 42 44 89 96 92 50 76 10 34 32 71 91 92 33 84 60 80 0 30 65 82 10 91 84 68 96 17 99 96 45 23 48 22 78 23 6 98 38 51 71 25 20 0 52 40 0 98 29 91 75 89 14 34 2 56 21 11 54 52 0 11 97 65 20 77 62 37 79 41 43 21 21 40 8 75 14 72 6 74 6 
84 17 17 75 75 3 30 75 14 54 68 44 93 89 32 11 69 0 94 23 69 74 59 2 29 17 68 51 10 75 16 34 61 75 25 30 72 71 99 70 74 15 80 6 9 36 33 72 37 93 10 55 61 28 92 96 26 87 72 87 81 53 13 24 97 98 0 28 92 95 91 20 5 75 3 26 56 72 71 85 56 72 44 65 47 87 97 83 58 88 39 76 0 82 20 21 6 35 58 96 
16 60 29 6 26 44 29 56 7 35 1 68 97 98 10 42 22 82 20 35 34 86 23 26 22 83 56 96 20 37 95 13 72 68 19 33 22 68 34 53 56 74 91 38 41 18 88 7 26 75 53 53 19 69 17 88 91 14 93 71 22 1 1 0 77 29 28 0 10 91 93 97 71 14 62 79 53 89 18 70 90 72 12 73 25 3 21 88 67 3 53 64 80 53 23 3 44 42 61 29 
13 51 68 31 38 64 9 80 75 34 47 70 66 34 14 41 67 19 1 87 87 58 19 35 32 95 58 1 43 96 42 37 78 23 82 62 29 72 67 75 47 22 71 26 44 14 37 75 35 88 38 24 67 57 97 81 24 86 82 70 76 30 48 56 92 91 92 10 0 96 86 18 88 61 86 38 96 71 22 77 53 24 56 18 13 97 33 53 68 84 68 60 51 77 98 31 49 94 12 91 
36 37 26 51 51 79 77 65 6 90 91 29 23 21 45 1 44 76 10 36 69 35 36 11 19 63 53 50 22 81 80 47 10 69 69 23 31 65 40 89 52 85 63 2 51 25 6 84 89 44 10 78 22 76 34 12 38 74 5 2 99 48 30 57 12 75 95 91 96 0 38 1 12 58 54 32 66 22 8 22 90 78 69 60 32 12 23 16 50 7 31 83 81 14 60 15 29 30 16 21 
73 80 3 71 71 13 82 56 8 40 65 76 47 4 75 36 80 18 7 16 26 35 35 6 35 36 41 36 71 57 9 58 10 54 70 23 26 72 36 5 54 47 15 83 83 66 94 50 24 45 44 14 36 81 98 31 0 43 97 1 38 6 7 30 33 89 91 93 86 38 0 54 79 18 25 51 17 78 85 86 69 97 77 42 96 91 63 14 27 50 40 50 31 86 55 3 65 43 45 8 
64 39 38 8 66 15 17 68 30 52 33 37 25 93 73 27 12 80 37 99 14 61 32 62 25 9 24 75 12 88 20 96 45 34 65 45 12 26 38 55 4 92 63 72 90 6 39 15 39 73 36 48 36 10 29 19 80 47 98 86 4 24 22 74 73 14 20 97 18 1 54 0 74 42 98 55 97 75 4 83 78 79 55 76 47 13 97 51 43 9 80 69 5 4 28 55 44 24 84 76 
64 97 77 2 96 80 53 74 77 24 57 3 38 79 15 77 32 7 41 84 2 75 24 32 6 12 22 50 39 52 1 26 2 22 37 71 57 55 32 91 22 59 29 84 94 14 98 90 31 5 92 15 1 66 60 75 62 49 31 91 56 87 29 65 46 34 5 71 88 12 79 74 0 86 14 50 2 62 54 3 74 37 7 76 61 34 16 25 25 71 33 19 83 65 58 84 74 75 17 20 
77 21 22 53 70 90 94 18 67 21 33 49 67 18 67 64 64 97 71 73 56 1 78 20 14 17 51 18 39 21 49 22 48 63 78 18 78 11 46 2 80 93 34 86 43 35 43 78 7 50 44 63 70 57 3 90 38 54 54 24 74 28 65 86 84 2 75 14 61 58 18 42 86 0 13 53 5 32 41 49 88 82 82 57 49 99 93 86 14 75 26 14 48 30 95 14 24 99 25 3 
60 99 45 23 3 26 64 68 76 32 52 55 70 17 97 76 72 2 45 31 64 37 94 25 5 12 55 43 80 15 3 83 77 34 80 21 96 8 52 45 56 74 83 2 13 29 21 17 62 45 40 46 15 99 72 11 30 44 69 25 88 22 75 59 28 56 3 62 86 54 25 98 14 13 0 95 15 79 87 54 19 71 20 8 4 14 47 49 22 95 81 46 41 97 59 41 27 63 71 21 
36 89 20 54 85 84 91 14 56 67 44 20 76 79 49 96 95 0 83 16 49 48 31 69 2 99 67 83 53 5 12 63 8 16 56 84 27 67 57 95 40 82 90 17 46 47 7 41 64 2 80 22 36 23 25 55 85 81 33 86 65 44 36 38 47 21 26 79 38 32 51 55 50 53 95 0 11 35 9 5 8 58 77 33 44 64 28 38 79 22 50 67 4 81 82 68 81 37 80 61 
83 91 62 60 66 45 55 12 70 22 14 36 21 73 37 30 46 73 23 35 67 39 11 55 49 6 7 32 67 97 37 36 69 89 34 43 2 98 68 39 1 40 6 25 9 2 50 91 3 89 85 67 3 62 49 73 31 99 51 23 82 38 22 58 10 11 56 53 96 66 17 97 2 5 15 11 0 93 95 59 69 99 56 63 3 74 92 86 67 60 73 49 0 13 22 44 98 9 7 12 
25 66 78 3 88 1 67 14 19 28 62 88 7 7 74 82 41 28 72 17 24 45 81 29 20 44 89 75 83 67 10 37 9 62 99 74 79 75 10 81 39 61 2 19 17 20 40 21 12 60 71 66 47 98 20 89 10 27 42 44 45 46 30 27 41 54 72 89 71 22 78 75 62 32 79 35 93 0 99 1 83 93 42 59 69 2 79 76 45 47 28 95 23 95 23 2 65 43 95 49 
23 97 33 85 16 62 17 28 18 72 95 77 57 13 77 50 65 67 68 92 21 85 61 97 63 23 26 38 72 33 22 72 9 50 47 56 39 29 67 76 24 7 58 15 61 1 8 21 33 66 64 2 46 73 28 48 20 17 59 63 17 44 34 66 98 52 71 18 22 8 85 4 54 41 87 9 95 99 0 76 2 88 47 7 40 0 2 83 60 46 92 68 11 64 76 30 20 5 28 52 
1 38 47 10 58 71 0 8 73 54 75 32 76 46 24 0 20 9 82 14 48 80 25 13 77 23 93 61 79 61 60 70 80 29 13 75 18 6 99 18 85 13 88 8 21 67 2 77 46 58 19 99 49 12 99 44 22 74 43 95 55 72 12 93 88 0 85 70 77 22 86 83 3 49 54 5 59 1 76 0 91 34 4 80 47 84 59 71 77 59 82 24 65 98 5 78 8 71 53 51 
44 26 13 66 67 61 87 91 41 45 82 7 57 13 88 9 5 67 86 93 45 95 36 67 63 61 8 95 23 94 62 22 59 75 62 61 53 20 76 3 34 35 90 45 81 47 34 85 52 77 31 84 77 3 73 26 36 13 82 81 12 13 71 73 82 11 56 90 53 90 69 78 74 88 19 8 69 83 2 91 0 99 73 43 23 14 19 61 72 14 24 73 64 92 38 29 27 91 73 46 
33 40 46 88 72 33 77 76 41 6 0 81 86 33 31 39 65 47 34 3 80 52 55 96 26 32 59 64 79 81 53 86 2 69 14 33 79 50 73 4 48 75 76 5 46 93 20 86 38 64 97 58 36 56 85 17 30 97 95 18 65 39 39 54 13 97 72 72 24 78 97 79 37 82 71 58 99 93 88 34 99 0 94 46 52 47 41 47 23 26 56 76 57 27 33 66 4 81 7 49 
92 8 47 10 73 66 7 24 4 42 87 52 69 88 6 27 97 18 81 61 45 20 20 14 76 44 60 11 46 41 92 74 38 92 45 38 15 78 94 55 10 68 60 43 73 28 1 77 93 2 19 6 61 26 97 24 22 97 90 2 68 19 37 2 94 65 44 12 56 69 77 55 7 82 20 77 56 42 47 4 73 94 0 38 84 46 54 68 99 72 2 41 56 36 26 15 28 35 87 92 
48 50 78 94 88 43 78 79 34 77 86 60 97 58 72 14 42 93 25 87 70 26 69 4 85 15 52 5 61 54 53 71 84 88 23 4 88 64 50 36 1 36 7 45 72 11 23 74 35 9 71 47 22 68 60 79 32 59 77 28 16 97 16 30 41 20 65 73 18 60 42 76 76 57 8 33 63 59 7 80 43 46 38 0 76 55 28 21 24 37 57 33 42 98 63 75 17 4 47 0 
26 81 54 99 8 13 13 73 62 88 18 14 76 51 93 37 76 85 6 20 70 56 84 70 45 91 30 31 92 29 99 71 18 92 5 44 76 39 7 8 12 59 96 55 83 11 65 47 62 68 38 21 72 63 68 70 80 37 99 71 6 50 56 41 37 77 47 25 13 32 96 47 61 49 4 44 3 69 40 47 23 52 84 76 0 34 66 80 39 11 99 22 67 66 64 31 91 91 63 22 
36 16 45 50 25 23 97 9 45 55 61 62 96 88 77 8 88 99 89 86 54 97 79 94 69 86 58 23 42 75 20 0 2 84 71 64 62 92 54 80 62 80 96 8 62 94 31 51 77 16 72 31 44 52 35 64 6 45 64 29 98 7 93 81 1 62 87 3 97 12 91 13 34 99 14 64 74 2 0 84 14 47 46 55 34 0 17 17 78 87 74 1 89 9 6 14 73 73 96 30 
76 48 84 45 41 11 20 40 33 70 2 30 12 26 51 93 90 82 98 54 97 91 87 95 97 88 87 3 18 77 67 80 57 61 64 84 79 85 37 41 13 52 93 98 32 74 16 98 91 67 1 12 62 69 98 61 48 30 40 86 31 18 10 46 37 37 97 21 33 23 63 97 16 93 47 28 92 79 2 59 19 41 54 28 66 17 0 91 5 8 8 13 37 92 98 6 8 26 96 12 
68 36 90 96 93 79 77 12 43 2 26 40 30 7 37 33 5 79 95 95 30 43 87 23 95 36 96 40 68 81 22 32 80 47 11 9 64 66 12 29 18 34 58 93 52 45 61 70 47 81 16 44 34 98 52 34 90 79 68 10 99 63 84 71 64 79 83 88 53 16 14 51 25 86 49 38 86 76 83 71 61 47 68 21 80 17 91 0 91 2 21 13 40 18 17 53 15 18 98 30 
35 31 53 1 39 45 66 54 99 17 57 30 38 83 98 29 6 61 47 36 3 10 15 26 84 70 25 68 8 15 80 86 52 85 13 25 23 62 87 98 36 4 82 82 57 43 50 77 89 4 19 0 28 64 51 3 99 58 95 36 35 39 41 25 74 41 58 67 68 50 27 43 25 14 22 79 67 45 60 77 72 23 99 24 39 78 5 91 0 73 79 71 48 32 19 47 38 11 14 98 
27 58 29 53 89 68 74 15 29 62 51 70 76 20 45 38 63 87 43 20 77 32 16 87 74 10 56 47 62 53 79 62 54 39 56 25 49 63 23 2 58 22 78 75 34 56 72 90 0 73 32 72 3 59 80 0 30 29 50 21 69 4 70 88 52 43 88 3 84 7 50 9 71 75 95 22 60 47 46 59 14 26 72 37 11 87 8 2 73 0 70 59 35 46 31 70 78 88 8 12 
43 54 52 42 37 73 59 34 38 3 88 53 46 4 60 20 74 76 44 37 23 60 38 0 1 47 86 74 26 39 1 72 44 11 68 93 11 71 80 1 38 33 14 13 76 9 99 8 29 47 27 60 19 9 25 35 47 32 75 80 47 68 65 94 81 21 39 53 68 31 40 80 33 26 81 50 73 28 92 82 24 56 2 57 99 74 8 21 79 70 0 56 85 16 75 29 15 38 3 40 
81 93 82 71 63 99 51 21 19 59 97 64 87 16 57 23 61 12 16 76 9 88 13 23 96 31 6 37 71 82 61 36 64 25 36 81 46 23 30 66 73 56 23 70 29 3 77 14 28 2 86 63 88 12 4 37 51 63 41 76 53 37 56 15 44 21 76 64 60 83 50 69 19 14 46 67 49 95 68 24 73 76 41 33 22 1 13 13 71 59 56 0 52 84 19 58 78 64 73 71 
66 77 48 44 74 93 67 88 79 0 27 44 64 93 1 53 31 93 91 32 43 58 23 31 41 93 69 10 70 56 71 44 52 19 71 66 6 32 10 20 83 13 91 42 65 96 23 31 76 70 87 30 46 24 21 59 79 10 26 42 79 35 27 66 94 40 0 80 51 81 31 5 83 48 41 4 0 23 11 65 64 57 56 42 67 89 37 40 48 35 85 52 0 42 34 79 98 59 93 31 
16 48 53 92 40 7 10 30 15 49 69 97 53 16 71 77 36 10 30 43 6 39 16 41 75 50 0 48 39 7 78 85 12 73 96 42 70 81 17 41 1 16 22 71 41 17 23 24 35 46 14 63 7 72 59 1 52 63 33 94 42 56 26 24 35 8 82 53 77 14 86 4 65 30 97 81 13 95 64 98 92 27 36 98 66 9 92 18 32 46 16 84 42 0 54 90 35 18 86 97 
49 58 84 13 67 97 43 52 50 60 50 55 71 56 49 74 89 20 56 13 48 35 27 88 77 16 23 3 87 15 85 61 62 53 75 82 50 78 89 16 61 90 6 9 78 25 83 62 99 88 20 29 95 69 54 62 78 43 93 73 79 15 31 91 55 75 20 23 98 60 55 28 58 95 59 82 22 23 76 5 38 33 26 63 64 6 98 17 19 31 75 19 34 54 0 36 79 32 81 60 
96 41 35 79 6 4 85 11 99 60 0 10 80 47 95 97 10 19 80 59 9 13 21 95 20 48 53 71 65 6 37 91 14 91 67 9 89 25 6 29 12 19 74 36 67 18 50 24 19 83 78 62 27 75 39 98 35 57 52 73 83 56 8 72 68 14 21 3 31 15 3 55 84 14 41 68 44 2 30 78 29 66 15 75 31 14 6 53 47 70 29 58 79 90 36 0 18 25 12 99 
80 76 45 36 92 64 63 32 7 54 49 10 47 95 23 45 28 10 78 56 11 27 52 95 49 13 44 33 87 58 66 19 15 3 22 59 72 60 83 16 94 85 15 53 76 11 8 39 87 36 88 3 61 77 71 44 23 1 5 95 21 88 35 73 61 72 6 44 49 29 65 44 74 24 27 81 98 65 20 8 27 4 28 17 91 73 8 15 38 78 15 78 98 35 79 18 0 15 32 66 
95 6 99 83 22 23 14 32 3 67 8 26 26 97 69 8 89 21 55 18 66 23 74 98 13 88 26 22 1 17 74 94 76 49 60 0 97 5 46 95 84 30 82 63 25 2 14 36 84 61 93 46 17 68 63 30 73 68 23 94 53 84 68 21 21 6 35 42 94 30 43 24 75 99 63 37 9 43 5 71 91 81 35 4 91 73 26 18 11 88 38 64 59 18 32 25 15 0 43 75 
83 62 1 91 6 61 48 34 58 79 78 28 64 40 92 41 89 40 13 84 63 67 42 19 31 17 90 48 28 29 14 66 46 83 6 0 5 40 59 34 67 64 83 31 79 48 56 28 23 89 14 1 1 0 77 45 47 58 44 11 14 23 44 51 87 74 58 61 12 16 45 84 17 25 71 80 7 95 28 53 73 7 87 47 63 96 96 98 14 8 3 73 93 86 81 12 32 43 0 93 
68 7 47 77 58 51 91 70 21 7 88 75 84 15 47 4 1 72 56 74 32 70 92 52 9 1 89 76 19 67 88 33 2 25 8 93 25 13 48 57 9 55 88 16 87 24 65 93 68 41 19 26 68 48 49 52 7 26 61 59 50 34 63 90 15 6 96 29 91 21 8 76 20 3 21 61 12 49 52 51 46 49 92 0 22 30 12 30 98 12 40 71 31 97 60 99 66 75 93 0 
0 87 72 84 10 72 11 88 50 52 72 5 53 64 18 50 53 71 98 58 20 24 84 68 32 57 61 13 34 69 23 87 57 95 14 5 93 28 76 57 0 42 27 34 25 20 82 63 69 99 26 35 53 1 37 51 6 31 9 67 1 43 44 74 69 2 4 31 25 2 52 80 49 70 24 69 40 27 5 33 12 88 50 55 0 82 5 41 25 13 30 23 6 42 27 68 29 17 31 12 
87 0 16 9 42 92 66 73 69 20 46 21 56 76 31 12 91 94 11 11 76 87 46 65 45 76 83 89 56 75 21 49 53 32 3 20 17 99 57 67 59 68 76 39 98 12 39 75 68 5 82 38 52 12 90 24 31 74 46 10 36 8 54 5 62 29 2 63 63 42 25 6 58 99 73 56 9 11 28 85 94 63 26 10 38 65 31 29 33 72 92 95 81 4 15 54 15 55 44 37 
72 16 0 2 39 61 98 89 82 99 52 3 63 96 22 59 60 45 71 36 29 14 10 40 54 23 68 86 85 16 84 91 88 75 17 1 57 90 17 2 23 78 51 97 72 65 62 85 79 21 70 52 9 35 13 22 69 64 66 52 53 38 28 33 4 5 43 2 21 84 59 20 97 25 48 39 67 8 87 89 90 51 66 2 79 32 54 83 14 45 33 64 43 87 98 92 52 16 17 28 
84 9 2 0 3 79 69 3 57 56 98 17 87 86 22 80 28 65 28 51 74 79 2 41 17 44 98 80 50 52 1 69 1 75 36 47 95 23 69 98 38 27 96 70 90 93 33 29 15 35 55 51 16 7 62 26 60 82 13 29 75 41 2 35 23 51 8 26 92 74 73 48 58 41 10 64 35 49 21 82 65 32 81 8 37 79 82 17 71 6 29 42 25 1 10 4 72 69 95 13 
10 42 39 3 0 16 55 7 56 27 56 62 0 4 92 71 79 48 20 17 94 70 70 61 29 0 48 84 82 11 76 28 50 74 63 64 46 45 6 70 52 80 50 65 77 94 2 21 9 85 71 25 59 82 3 9 37 1 58 64 39 65 7 38 94 57 45 78 94 10 56 14 36 23 8 80 10 92 68 37 2 6 77 58 28 63 80 79 79 19 18 93 4 82 82 68 44 23 51 39 
72 92 61 79 16 0 93 62 91 74 90 95 83 96 5 60 95 25 61 36 74 96 64 21 28 70 50 16 72 76 63 13 39 55 20 6 12 44 23 52 43 9 98 58 75 76 28 54 54 87 95 25 71 95 16 95 11 40 77 95 5 83 88 3 76 56 36 83 24 0 92 92 20 21 92 89 63 87 66 2 78 22 75 84 79 32 8 62 1 31 75 48 7 30 23 18 12 67 93 29 
11 66 98 69 55 93 0 17 20 71 77 90 37 72 95 54 68 36 28 63 90 13 36 43 22 91 57 50 51 77 61 67 10 56 53 28 52 94 43 18 87 22 70 70 24 68 20 47 2 46 46 22 13 14 92 27 69 90 86 81 78 0 75 31 35 77 58 73 43 15 55 61 95 79 88 15 82 9 13 33 32 13 83 78 64 59 91 4 96 98 13 76 30 54 16 64 48 69 36 26 
88 73 89 3 7 62 17 0 53 69 33 39 92 19 15 6 5 88 38 93 36 49 59 66 37 38 33 68 17 53 72 82 75 80 68 23 84 52 20 57 55 7 7 72 84 69 78 43 16 56 22 83 72 80 1 86 85 11 27 35 85 85 97 98 2 30 55 26 6 99 8 91 62 74 95 83 87 55 68 55 17 93 27 14 91 60 29 21 85 63 22 76 47 42 82 21 74 53 85 12 
50 69 82 57 56 91 20 53 0 0 14 59 71 79 52 76 54 13 99 99 18 32 61 37 56 46 64 45 40 41 97 93 41 47 73 43 59 77 18 49 4 43 90 79 49 92 89 76 73 24 27 25 7 27 30 65 57 67 67 27 56 99 2 99 55 92 24 53 97 18 51 79 81 85 76 72 88 6 72 53 35 75 89 10 72 7 87 89 67 75 65 14 11 27 61 30 39 4 68 37 
52 20 99 56 27 74 71 69 0 0 27 4 71 1 85 40 88 72 35 85 84 61 87 3 74 77 88 79 0 33 99 41 15 4 11 60 25 78 42 32 21 39 12 80 13 94 9 11 11 94 78 5 39 93 14 65 38 3 55 48 15 95 44 86 93 9 62 9 35 8 4 4 26 82 45 0 29 4 73 99 10 85 14 47 91 70 20 48 19 38 64 97 89 53 84 95 44 13 69 72 
72 46 52 98 56 90 77 33 14 27 0 71 18 19 47 38 42 61 63 24 71 67 56 31 55 27 55 37 81 28 48 56 47 31 56 2 26 4 83 79 94 70 97 43 17 17 62 14 60 58 73 74 76 14 65 7 12 99 20 68 20 29 98 66 52 65 8 97 73 56 30 31 16 87 40 96 36 46 87 8 63 97 44 69 48 70 62 39 86 98 12 12 23 17 61 43 64 53 30 61 
5 21 3 17 62 95 90 39 59 4 71 0 26 26 49 22 10 78 83 11 24 21 96 36 35 51 1 57 14 69 69 56 25 31 99 27 12 52 28 75 98 25 78 84 78 12 31 95 72 96 76 27 24 2 81 60 58 55 39 94 11 21 2 7 88 58 15 49 61 42 62 4 3 3 33 21 52 44 13 95 22 48 93 5 54 42 22 83 67 87 20 60 24 78 88 16 71 9 46 47 
53 56 63 87 0 83 37 92 71 71 18 26 0 27 9 50 29 75 49 39 56 31 97 98 95 18 11 82 1 32 64 12 33 36 2 69 12 2 18 60 20 83 92 60 98 6 73 48 68 48 64 97 28 1 44 64 51 97 64 1 36 94 93 27 79 92 99 95 81 2 52 95 46 56 34 53 28 22 13 2 31 29 25 6 93 46 57 19 22 24 34 26 41 89 14 73 30 61 81 23 
64 76 96 86 4 96 72 19 79 1 19 26 27 0 37 63 70 41 49 63 84 45 15 92 68 58 18 79 69 88 93 33 77 4 58 72 48 86 81 12 96 18 25 75 18 38 30 74 89 96 2 55 60 44 65 10 3 43 36 63 50 5 52 14 12 67 85 83 47 60 23 76 71 73 45 0 76 78 66 14 0 86 41 87 79 48 17 83 7 19 65 35 69 7 77 80 40 5 17 71 
18 31 22 22 92 5 95 15 52 85 47 49 9 37 0 50 78 79 56 36 36 46 56 23 47 95 17 84 59 41 69 79 74 23 21 57 1 82 63 82 75 87 53 28 24 30 46 76 48 62 63 97 66 5 27 69 68 10 16 79 28 12 29 33 1 89 51 26 36 71 20 95 22 5 43 2 33 64 7 75 4 84 53 50 88 86 53 16 39 85 36 54 38 19 34 85 73 48 65 17 
50 12 59 80 71 60 54 6 76 40 38 22 50 63 50 0 10 93 69 96 75 22 88 9 68 27 73 50 54 54 66 83 86 31 66 92 61 73 72 54 89 36 32 38 90 12 10 77 63 75 78 42 89 81 86 93 48 53 85 78 89 84 15 58 85 34 49 50 68 53 8 74 84 96 17 78 26 71 30 99 23 4 75 12 25 47 48 66 13 87 91 67 14 48 88 68 34 73 21 71 
53 91 60 28 79 95 68 5 54 88 42 10 29 70 78 10 0 35 29 14 91 97 28 97 23 85 5 23 3 34 96 84 36 80 74 79 92 47 65 23 45 69 16 83 30 21 79 28 43 99 92 74 35 67 82 68 12 63 75 0 19 26 39 31 63 24 89 38 51 10 4 84 29 14 41 82 54 50 26 59 19 81 84 6 2 90 63 35 67 39 28 90 42 64 86 5 51 24 72 36 
71 94 45 65 48 25 36 88 13 72 61 78 75 41 79 93 35 0 16 75 54 54 31 91 77 66 77 46 93 26 75 52 47 59 25 58 36 67 13 94 29 45 31 70 49 77 61 28 6 25 64 94 21 59 40 93 58 50 21 56 2 18 98 74 78 16 87 66 62 3 9 91 47 48 96 88 1 15 84 71 14 6 86 67 24 44 92 13 70 63 41 56 8 41 68 29 40 56 97 34 
98 11 71 28 20 61 28 38 99 35 63 83 49 49 56 69 29 16 0 3 8 20 68 80 36 43 56 69 89 84 20 42 74 21 88 10 66 91 90 77 65 75 59 86 83 50 90 88 34 72 58 85 45 53 90 99 33 59 97 78 49 26 63 74 17 76 74 96 78 9 93 50 9 28 55 83 46 85 0 19 57 77 16 58 71 92 46 59 76 8 48 37 75 33 18 72 56 94 75 42 
58 11 36 51 17 36 63 93 99 85 24 11 39 63 36 96 14 75 3 0 59 93 44 41 39 75 61 99 51 79 32 45 97 52 39 87 46 73 33 76 49 19 79 99 92 61 64 78 18 26 86 40 70 71 24 64 29 27 16 33 26 32 24 68 54 66 90 7 17 92 83 89 10 96 37 37 5 33 76 18 11 28 45 41 35 77 17 79 34 30 57 18 91 1 44 97 93 11 47 54 
20 76 29 74 94 74 90 36 18 84 71 24 56 84 36 75 91 54 8 59 0 36 95 77 59 9 48 38 68 77 16 78 85 98 8 2 83 70 85 22 41 15 38 75 17 90 74 19 30 66 71 78 99 43 7 94 8 76 64 12 69 63 98 0 96 81 21 92 58 0 29 63 72 57 7 76 81 35 37 56 14 49 80 79 36 13 37 1 17 42 81 3 74 87 47 68 91 0 90 19 
24 87 14 79 70 96 13 49 32 61 67 21 31 45 46 22 97 54 20 93 36 0 36 88 93 59 44 84 46 48 30 32 88 19 76 30 88 29 31 4 97 15 39 49 40 37 94 85 19 89 47 95 99 67 0 41 64 22 18 39 44 81 78 87 70 29 21 21 83 44 58 42 32 60 92 84 60 26 18 98 75 3 47 54 81 72 73 10 95 83 54 1 12 82 44 12 79 73 12 64 
84 46 10 2 70 64 36 59 61 87 56 96 97 15 56 88 28 31 68 44 95 36 0 39 12 32 4 57 70 46 62 88 87 40 6 96 94 28 26 45 61 45 24 64 27 49 9 91 58 68 2 79 12 51 96 75 86 76 96 97 4 1 85 61 11 80 58 91 2 46 6 21 94 40 11 90 82 3 84 59 42 43 4 14 66 64 84 75 21 18 87 70 30 27 20 1 40 97 99 70 
68 65 40 41 61 21 43 66 37 3 31 36 98 92 23 9 97 91 80 41 77 88 39 0 52 56 4 18 21 16 69 9 8 46 43 83 71 14 28 39 71 94 11 3 30 24 67 69 29 4 74 16 38 15 63 36 21 38 49 77 62 9 40 85 76 20 1 1 21 22 66 58 85 43 22 67 74 60 53 84 39 67 85 57 21 30 49 34 86 13 82 62 68 9 58 87 2 46 78 97 
32 45 54 17 29 28 22 37 56 74 55 35 95 68 47 68 23 77 36 39 59 93 12 52 0 31 34 37 49 88 25 54 35 82 99 82 66 57 69 32 9 70 16 98 70 75 43 4 22 55 42 71 16 91 62 54 39 96 42 23 29 36 79 6 35 12 69 21 32 8 31 97 65 89 75 39 28 95 63 57 40 94 88 41 27 13 82 0 2 29 98 28 13 32 97 33 63 27 83 61 
57 76 23 44 0 70 91 38 46 77 27 51 18 58 95 27 85 66 43 75 9 59 32 56 31 0 19 98 49 76 26 74 49 48 61 33 10 95 72 77 38 6 8 63 42 11 20 76 27 87 42 85 88 55 22 63 45 12 63 40 67 24 91 10 7 17 31 93 16 29 90 91 32 64 88 72 53 33 98 60 80 81 98 12 71 26 45 83 22 17 11 77 58 24 71 8 30 89 56 4 
61 83 68 98 48 50 57 33 64 88 55 1 11 18 17 73 5 77 56 61 48 44 4 4 34 19 0 15 36 55 26 47 1 63 52 52 35 1 79 66 74 73 14 48 56 13 49 96 23 76 77 21 56 94 28 54 4 97 30 86 59 35 35 14 31 90 32 23 91 25 75 80 92 19 74 41 78 88 33 56 73 71 59 47 89 80 14 90 36 15 20 27 74 93 70 8 51 79 2 48 
13 89 86 80 84 16 50 68 45 79 37 57 82 79 84 50 23 46 69 99 38 84 57 18 37 98 15 0 87 31 85 82 74 74 70 93 27 52 84 95 38 50 19 50 71 47 44 41 97 71 87 49 90 33 8 58 22 61 88 74 56 32 91 90 23 30 30 55 5 75 24 0 3 5 18 85 43 3 16 34 94 46 5 80 74 13 28 69 56 74 74 18 99 79 60 82 34 96 72 17 
34 56 85 50 82 72 51 17 40 0 81 14 1 69 59 54 3 93 89 51 68 46 70 21 49 49 36 87 0 62 16 75 2 96 76 80 72 49 5 63 59 7 66 21 61 14 45 60 81 73 91 25 36 53 28 93 74 74 66 42 66 92 50 92 21 25 6 39 68 66 41 12 52 6 31 41 67 70 29 81 54 39 31 12 67 12 6 28 83 28 5 53 97 11 38 17 62 94 93 99 
69 75 16 52 11 76 77 53 41 33 28 69 32 88 41 54 34 26 84 79 77 48 46 16 88 76 55 31 62 0 27 96 36 49 92 49 64 20 12 53 74 23 50 93 6 67 30 61 86 99 90 34 71 59 27 27 92 51 92 55 53 59 9 5 46 54 58 12 79 62 50 0 17 59 45 58 64 35 52 52 17 36 50 29 41 26 12 82 4 72 86 93 80 82 75 11 18 32 24 30 
23 21 84 1 76 63 61 72 97 99 48 69 64 93 69 66 96 75 20 32 16 30 62 69 25 26 26 85 16 27 0 76 67 11 62 0 62 82 57 3 60 58 63 62 66 78 80 58 42 18 83 40 14 23 3 35 18 96 76 66 16 15 33 15 84 33 27 91 90 74 90 65 66 63 2 50 81 6 99 59 95 29 10 89 87 58 75 92 49 97 40 24 31 67 0 27 2 13 40 75 
87 49 91 69 28 13 67 82 93 41 56 56 12 33 79 83 84 52 42 45 78 32 88 9 54 74 47 82 75 96 76 0 72 8 20 45 61 64 41 8 33 35 42 28 70 86 50 71 69 20 62 49 21 51 13 87 20 17 12 4 56 38 76 78 89 44 19 45 78 19 12 26 63 71 79 89 10 37 0 44 48 35 89 80 85 41 62 58 76 6 41 47 85 10 13 78 78 84 11 47 
57 53 88 1 50 39 10 75 41 15 47 25 33 77 74 86 36 47 74 97 85 88 87 8 35 49 1 74 2 36 67 72 0 42 78 27 84 29 10 79 40 91 71 65 98 97 57 39 97 24 3 91 79 99 61 58 95 3 82 13 55 34 9 15 53 20 70 10 34 48 7 87 14 41 39 72 59 86 92 8 80 71 37 88 41 58 88 17 73 11 39 88 69 16 39 35 30 65 35 85 
95 32 75 75 74 55 56 80 47 4 31 31 36 4 23 31 80 59 21 52 98 19 40 46 82 48 63 74 96 49 11 8 42 0 80 11 9 33 44 93 33 40 70 4 25 86 43 18 43 87 56 0 80 33 30 41 37 67 53 50 57 76 13 69 67 3 68 87 36 20 30 18 72 67 48 84 85 44 62 65 9 16 57 79 24 95 27 18 68 83 86 41 1 89 73 42 81 70 10 33 
14 3 17 36 63 20 53 68 73 11 56 99 2 58 21 66 74 25 88 39 8 76 6 43 99 61 52 70 76 92 62 20 78 80 0 85 45 81 36 21 47 32 86 74 28 72 46 65 50 72 34 89 6 88 89 97 32 54 4 6 34 17 6 41 75 37 52 23 87 85 61 52 54 84 80 29 27 82 51 29 62 62 78 48 54 2 45 55 97 90 21 40 0 16 46 69 54 80 33 18 
5 20 1 47 64 6 28 23 43 60 2 27 69 72 57 92 79 58 10 87 2 30 96 83 82 33 52 93 80 49 0 45 27 11 85 0 32 67 15 79 72 43 13 73 53 9 58 60 20 23 99 82 36 68 94 37 73 9 31 78 71 43 69 66 84 21 27 49 27 7 19 96 35 83 46 89 9 67 6 43 31 69 95 21 53 58 46 32 40 28 27 18 49 58 7 26 8 7 32 51 
93 17 57 95 46 12 52 84 59 25 26 12 12 48 1 61 92 36 66 46 83 88 94 71 66 10 35 27 72 64 62 61 84 9 45 32 0 54 34 43 0 0 63 77 92 72 25 45 98 62 52 22 14 23 26 14 20 59 51 62 77 57 20 88 4 86 3 45 49 87 80 92 72 61 5 52 16 14 31 26 42 73 1 93 56 46 32 55 69 82 32 7 35 4 43 50 34 33 51 32 
28 99 90 23 45 44 94 52 77 78 4 52 2 86 82 73 47 67 91 73 70 29 28 14 57 95 1 52 49 20 82 64 29 33 81 67 54 0 63 38 34 16 63 14 60 76 49 3 51 41 25 85 57 33 51 79 71 32 86 97 9 94 14 5 66 53 25 34 73 29 79 24 2 73 38 34 16 36 66 33 43 59 68 65 2 24 90 51 86 77 99 30 75 65 58 70 67 33 28 8 
76 57 17 69 6 23 43 20 18 42 83 28 18 81 63 72 65 13 90 33 85 31 26 28 69 72 79 84 5 12 57 41 10 44 36 15 34 63 0 0 77 0 78 42 15 13 98 85 34 87 49 52 29 71 14 87 35 96 77 30 22 64 63 39 49 4 68 72 56 50 42 66 7 49 26 25 2 36 76 75 79 33 39 80 49 99 61 4 43 48 11 30 25 8 27 19 78 73 89 26 
57 67 2 98 70 52 18 57 49 32 79 75 60 12 82 54 23 94 77 76 22 4 45 39 32 77 66 95 63 53 3 8 79 93 21 79 43 38 0 0 37 11 8 5 41 40 53 99 64 73 2 51 4 94 63 63 5 45 94 43 34 75 88 35 77 46 73 56 24 8 90 21 59 86 85 56 23 77 46 25 43 32 42 37 3 78 4 15 2 33 81 28 23 35 99 63 5 76 62 50 
0 59 23 38 52 43 87 55 4 21 94 98 20 96 75 89 45 29 65 49 41 97 61 71 9 38 74 38 59 74 60 33 40 33 47 72 0 34 77 37 0 80 44 37 4 46 34 41 1 26 69 38 88 27 33 60 91 62 94 71 82 97 36 57 91 87 69 8 57 85 0 86 32 77 34 4 35 3 96 53 44 67 64 10 47 72 92 92 76 47 67 28 86 39 36 18 58 27 59 83 
42 68 78 27 80 9 22 7 43 39 70 25 83 18 87 36 69 45 75 19 15 15 45 94 70 6 73 50 7 23 58 35 91 40 32 43 0 16 0 11 80 0 62 58 62 57 44 1 97 46 61 56 43 54 73 6 20 16 30 83 76 65 20 38 39 94 34 95 76 15 9 55 1 11 1 82 67 76 58 73 1 58 29 42 82 89 82 90 87 42 44 1 13 16 49 4 29 6 29 23 
27 76 51 96 50 98 70 7 90 12 97 78 92 25 53 32 16 31 59 79 38 39 24 11 16 8 14 19 66 50 63 42 71 70 86 13 63 63 78 8 44 62 0 31 5 18 43 76 47 41 75 67 51 9 48 17 95 53 67 17 19 29 57 52 69 51 99 38 29 4 68 22 33 88 72 21 92 44 91 76 88 54 96 7 61 77 46 53 96 67 53 48 2 41 96 84 13 6 52 4 
34 39 97 70 65 58 70 72 79 80 43 84 60 75 28 38 83 70 86 99 75 49 64 3 98 63 48 50 21 93 62 28 65 4 74 73 77 14 42 5 37 58 31 0 35 43 17 30 23 85 80 27 45 27 32 76 8 48 6 96 82 88 86 83 42 28 41 55 46 76 51 21 94 59 25 27 19 25 53 74 78 68 94 69 72 41 68 65 33 74 54 3 10 6 84 14 21 9 52 56 
25 98 72 90 77 75 24 84 49 13 17 78 98 18 24 90 30 49 83 92 17 40 27 30 70 42 56 71 61 6 66 70 98 25 28 53 92 60 15 41 4 62 5 35 0 87 90 7 94 45 25 80 70 91 15 32 40 91 82 10 86 87 38 82 39 33 23 50 12 5 62 29 76 56 18 4 83 94 0 20 46 43 28 32 2 49 81 52 75 92 87 22 89 87 17 46 26 2 97 63 
20 12 65 93 94 76 68 69 92 94 17 12 6 38 30 12 21 77 50 61 90 37 49 24 75 11 13 47 14 67 78 86 97 86 72 9 72 76 13 40 46 57 18 43 87 0 28 53 71 8 82 54 39 92 63 41 99 0 78 56 42 28 3 87 50 23 24 87 31 53 69 11 4 38 13 19 29 23 6 12 23 87 91 64 58 30 1 44 9 41 61 73 55 86 46 58 9 5 27 49 
82 39 62 33 2 28 20 78 89 9 62 31 73 30 46 10 79 61 90 64 74 94 9 67 43 20 49 44 45 30 80 50 57 43 46 58 25 49 98 53 34 44 43 17 90 28 0 85 39 29 44 46 78 25 12 30 35 81 27 33 5 83 19 6 17 83 72 23 67 33 49 71 37 99 16 14 64 47 10 89 8 72 35 22 84 93 86 62 81 18 10 63 99 41 66 29 97 14 63 10 
63 75 85 29 21 54 47 43 76 11 14 95 48 74 76 77 28 28 88 78 19 85 91 69 4 76 96 41 60 61 58 71 39 18 65 60 45 3 85 99 41 1 76 30 7 53 85 0 97 66 74 85 66 14 12 91 60 40 44 15 90 19 49 65 25 43 85 15 31 27 34 43 79 43 54 33 7 35 38 34 76 92 52 24 45 92 0 20 98 74 6 7 85 53 59 16 20 17 61 92 
69 68 79 15 9 54 2 16 73 11 60 72 68 89 48 63 43 6 34 18 30 19 58 29 22 27 23 97 81 86 42 69 97 43 50 20 98 51 34 64 1 97 47 23 94 71 39 97 0 43 36 53 11 57 76 13 25 99 43 29 7 72 25 38 70 95 80 23 0 50 27 37 18 61 35 32 61 66 78 66 3 3 18 0 14 84 97 96 41 93 56 14 21 0 7 22 42 1 27 77 
99 5 21 35 85 87 46 56 24 94 58 96 48 96 62 75 99 25 72 26 66 89 68 4 55 87 76 71 73 99 18 20 24 87 72 23 62 41 87 73 26 46 41 85 45 8 29 66 43 0 34 28 90 30 57 59 14 76 37 53 35 64 51 40 70 41 24 15 49 79 92 23 7 71 13 5 12 62 32 23 23 94 20 53 56 23 90 42 42 33 24 1 26 56 24 91 74 45 24 18 
26 82 70 55 71 95 46 22 27 78 73 76 64 2 63 78 92 64 58 86 71 47 2 74 42 42 77 87 91 90 83 62 3 56 34 99 52 25 49 2 69 61 75 80 25 82 44 74 36 34 0 92 24 49 81 12 48 4 31 35 92 42 73 35 21 87 41 26 74 8 82 16 96 77 91 80 45 88 81 9 40 92 86 12 82 88 70 69 35 26 67 59 29 68 87 56 63 84 77 86 
35 38 52 51 25 25 22 83 25 5 74 27 97 55 97 42 74 94 85 40 78 95 79 16 71 85 21 49 25 34 40 49 91 0 89 82 22 85 52 51 38 56 67 27 80 54 46 85 53 28 92 0 82 75 26 11 65 67 14 11 43 32 84 56 49 30 61 1 12 21 5 0 31 99 85 96 91 49 52 28 20 62 57 36 4 91 71 72 8 39 13 66 32 96 38 6 34 75 60 55 
53 52 9 16 59 71 13 72 7 39 76 24 28 60 66 89 35 21 45 70 99 99 12 38 16 88 56 90 36 71 14 21 79 80 6 36 14 57 29 4 88 43 51 45 70 39 78 66 11 90 24 82 0 34 67 25 64 24 10 50 44 33 51 62 17 85 17 54 29 82 18 21 66 12 28 49 56 66 77 22 50 41 52 24 62 79 72 15 54 40 83 68 69 15 92 39 2 8 81 47 
1 12 35 7 82 95 14 80 27 93 14 2 1 44 5 81 67 59 53 71 43 67 51 15 91 55 94 33 53 59 23 51 99 33 88 68 23 33 71 94 27 54 9 27 91 92 25 14 57 30 49 75 34 0 3 80 62 10 92 64 69 96 53 72 18 54 27 87 74 99 65 83 29 68 60 31 50 99 13 93 67 4 75 18 87 77 90 54 72 49 21 55 52 47 57 85 97 14 82 33 
37 90 13 62 3 16 92 1 30 14 65 81 44 65 27 86 82 40 90 24 7 0 96 63 62 22 28 8 28 27 3 13 61 30 89 94 26 51 14 63 33 73 48 32 15 63 12 12 76 57 81 26 67 3 0 40 41 65 16 81 74 56 92 99 4 53 35 23 39 2 81 94 16 67 89 23 87 61 75 10 23 44 58 13 88 74 91 16 16 32 47 43 67 31 15 66 44 84 94 76 
51 24 22 26 9 95 27 86 65 65 7 60 64 10 69 93 68 93 99 64 94 41 75 36 54 63 54 58 93 27 35 87 58 41 97 37 14 79 87 63 60 6 17 76 32 41 30 91 13 59 12 11 25 80 40 0 7 48 25 67 55 84 67 57 46 72 60 1 55 7 95 39 88 70 63 47 8 44 51 79 2 56 60 83 84 85 70 85 71 92 85 58 88 0 45 5 89 79 96 76 
6 31 69 60 37 11 69 85 57 38 12 58 51 3 68 48 12 58 33 29 8 64 86 21 39 45 4 22 74 92 18 20 95 37 32 73 20 71 35 5 91 20 95 8 40 99 35 60 25 14 48 65 64 62 41 7 0 70 38 84 24 9 22 96 45 82 98 3 19 52 54 10 52 66 23 27 12 28 33 16 63 81 9 3 47 23 38 37 16 84 69 27 47 28 78 86 84 90 70 19 
31 74 64 82 1 40 90 11 67 3 99 55 97 43 10 53 63 50 59 27 76 22 76 38 96 12 97 61 74 51 96 17 3 67 54 9 59 32 96 45 62 16 53 48 91 0 81 40 99 76 4 67 24 10 65 48 70 0 15 37 80 1 27 94 89 66 66 26 50 16 74 40 63 55 93 64 51 49 51 24 19 39 5 49 90 2 12 22 63 76 30 20 10 13 85 88 26 82 54 25 
9 46 66 13 58 77 86 27 67 55 20 39 64 36 16 85 75 21 97 16 64 18 96 49 42 63 30 88 66 92 76 12 82 53 4 31 51 86 77 94 94 30 67 6 82 78 27 44 43 37 31 14 10 92 16 25 38 15 0 34 70 0 61 37 46 12 23 33 37 75 51 82 59 63 9 54 81 85 95 4 91 6 81 70 73 84 61 30 55 73 46 66 39 64 60 21 92 36 37 39 
67 10 52 29 64 95 81 35 27 48 68 94 1 63 79 78 0 56 78 33 12 39 97 77 23 40 86 74 42 55 66 4 13 50 6 78 62 97 30 43 71 83 17 96 10 56 33 15 29 53 35 11 50 64 81 67 84 37 34 0 6 19 89 38 80 20 79 32 33 96 87 1 14 33 36 68 32 40 35 72 38 98 81 96 55 51 99 99 12 23 30 15 84 82 20 92 48 66 95 47 
1 36 53 75 39 5 78 85 56 15 20 11 36 50 28 89 19 2 49 26 69 44 4 62 29 67 59 56 66 53 16 56 55 57 34 71 77 9 22 34 82 76 19 82 86 42 5 90 7 35 92 43 44 69 74 55 24 80 70 6 0 50 29 5 69 22 39 67 84 65 81 53 92 99 7 83 5 14 68 46 28 87 7 53 49 94 35 33 74 15 52 45 75 82 67 43 33 74 13 91 
43 8 38 41 65 83 0 85 99 95 29 21 94 5 12 84 26 18 26 32 63 81 1 9 36 24 35 32 92 59 15 38 34 76 17 43 57 94 64 75 97 65 29 88 87 28 83 19 72 64 42 32 33 96 56 84 9 1 0 19 50 0 91 13 13 49 32 46 52 55 45 75 83 11 13 92 38 8 25 62 16 23 99 98 76 31 45 84 35 19 35 17 48 35 71 48 40 90 94 23 
44 54 28 2 7 88 75 97 2 44 98 2 93 52 29 15 39 98 63 24 98 78 85 40 79 91 35 91 50 9 33 76 9 13 6 69 20 14 63 88 36 20 57 86 38 3 19 49 25 51 73 84 51 53 92 67 22 27 61 89 29 91 0 8 9 44 66 71 20 18 92 1 95 97 48 92 8 71 63 19 28 13 71 18 86 83 59 42 8 38 69 69 92 27 78 44 94 79 33 24 
74 5 33 35 38 3 31 98 99 86 66 7 27 14 33 58 31 74 74 68 0 87 61 85 6 10 14 90 92 5 15 78 15 69 41 66 88 5 39 35 57 38 52 83 82 87 6 65 38 40 35 56 62 72 99 57 96 94 37 38 5 13 8 0 77 76 32 78 6 42 38 35 66 52 83 84 12 45 15 10 42 26 86 95 18 70 74 91 7 84 43 40 35 28 9 48 97 22 60 25 
69 62 4 23 94 76 35 2 55 93 52 88 79 12 1 85 63 78 17 54 96 70 11 76 35 7 31 23 21 46 84 89 53 67 75 84 4 66 49 77 91 39 69 42 39 50 17 25 70 70 21 49 17 18 4 46 45 89 46 80 69 13 9 77 0 35 54 95 82 0 51 29 79 63 69 26 23 14 76 72 71 13 63 93 7 4 19 56 10 3 16 51 93 35 52 37 92 83 61 73 
2 29 5 51 57 56 77 30 92 9 65 58 92 67 89 34 24 16 76 66 81 29 80 20 12 17 90 30 25 54 33 44 20 3 37 21 86 53 4 46 87 94 51 28 33 23 83 43 95 41 87 30 85 54 53 72 82 66 12 20 22 49 44 76 35 0 67 15 63 22 13 60 15 81 59 11 2 21 87 11 35 46 2 65 8 72 23 43 19 27 62 83 31 33 97 60 5 7 69 74 
4 2 43 8 45 36 58 55 24 62 8 15 99 85 51 49 89 87 74 90 21 21 58 1 69 31 32 30 6 58 27 19 70 68 52 27 3 25 68 73 69 34 99 41 23 24 72 85 80 24 41 61 17 27 35 60 98 66 23 79 39 32 66 32 54 67 0 3 70 47 54 59 72 51 83 27 23 73 81 49 35 25 9 76 82 62 33 11 91 88 46 1 66 39 2 77 18 97 50 39 
31 63 2 26 78 83 73 26 53 9 97 49 95 83 26 50 38 66 96 7 92 21 91 1 21 93 23 55 39 12 91 45 10 87 23 49 45 34 72 56 8 95 38 55 50 87 23 15 23 15 26 1 54 87 23 1 3 26 33 32 67 46 71 78 95 15 3 0 91 67 19 33 98 32 87 94 84 17 56 1 46 1 16 10 12 39 33 13 69 58 9 54 6 46 62 73 0 34 65 72 
25 63 21 92 94 24 43 6 97 35 73 61 81 47 36 68 51 62 78 17 58 83 2 21 32 16 91 5 68 79 90 78 34 36 87 27 49 73 56 24 57 76 29 46 12 31 67 31 0 49 74 12 29 74 39 55 19 50 37 33 84 52 20 6 82 63 70 91 0 50 14 7 42 19 72 42 7 90 9 49 69 9 22 82 19 60 55 37 53 11 19 65 5 45 94 19 61 35 80 4 
2 42 84 74 10 0 15 99 18 8 56 42 2 60 71 53 10 3 9 92 0 44 46 22 8 29 25 75 66 62 74 19 48 20 85 7 87 29 50 8 85 15 4 76 5 53 33 27 50 79 8 21 82 99 2 7 52 16 75 96 65 55 18 42 0 22 47 67 50 0 3 83 74 52 53 76 62 60 98 17 40 59 16 97 42 71 13 43 80 68 49 77 19 74 31 77 12 81 72 41 
52 25 59 73 56 92 55 8 51 4 30 62 52 23 20 8 4 9 93 83 29 58 6 66 31 90 75 24 41 50 90 12 7 30 61 19 80 79 42 90 0 9 68 51 62 69 49 34 27 92 82 5 18 65 81 95 54 74 51 87 81 45 92 38 51 13 54 19 14 3 0 4 12 94 27 42 73 46 91 68 41 30 96 76 23 14 91 1 16 43 83 0 68 31 36 20 5 76 62 45 
80 6 20 48 14 92 61 91 79 4 31 4 95 76 95 74 84 91 50 89 63 42 21 58 97 91 80 0 12 0 65 26 87 18 52 96 92 24 66 21 86 55 22 21 29 11 71 43 37 23 16 0 21 83 94 39 10 40 82 1 53 75 1 35 29 60 59 33 7 83 4 0 62 5 71 6 22 78 68 88 5 0 88 73 53 58 46 93 29 36 42 66 23 74 44 15 15 96 60 16 
49 58 97 58 36 20 95 62 81 26 16 3 46 71 22 84 29 47 9 10 72 32 94 85 65 32 92 3 52 17 66 63 14 72 54 35 72 2 7 59 32 1 33 94 76 4 37 79 18 7 96 31 66 29 16 88 52 63 59 14 92 83 95 66 79 15 72 98 42 74 12 62 0 78 81 75 27 38 95 13 74 66 38 87 29 95 87 6 26 52 52 46 56 14 89 15 20 28 18 46 
70 99 25 41 23 21 79 74 85 82 87 3 56 73 5 96 14 48 28 96 57 60 40 43 89 64 19 5 6 59 63 71 41 67 84 83 61 73 49 86 77 11 88 59 56 38 99 43 61 71 77 99 12 68 67 70 66 55 63 33 99 11 97 52 63 81 51 32 19 52 94 5 78 0 39 63 86 41 80 47 58 27 18 45 76 75 19 94 34 16 95 7 90 48 2 47 76 48 75 72 
24 73 48 10 8 92 88 95 76 45 40 33 34 45 43 17 41 96 55 37 7 92 11 22 75 88 74 18 31 45 2 79 39 48 80 46 5 38 26 85 34 1 72 25 18 13 16 54 35 13 91 85 28 60 89 63 23 93 9 36 7 13 48 83 69 59 83 87 72 53 27 71 81 39 0 62 53 6 89 56 68 37 18 40 10 12 73 87 85 28 55 27 32 36 10 0 2 50 38 96 
69 56 39 64 80 89 15 83 72 0 96 21 53 0 2 78 82 88 83 37 76 84 90 67 39 72 41 85 41 58 50 89 72 84 29 89 52 34 25 56 4 82 21 27 4 19 14 33 32 5 80 96 49 31 23 47 27 64 54 68 83 92 92 84 26 11 27 94 42 76 42 6 75 63 62 0 99 94 43 75 80 80 99 82 91 76 39 77 58 81 73 35 47 45 4 86 35 48 67 61 
40 9 67 35 10 63 82 87 88 29 36 52 28 76 33 26 54 1 46 5 81 60 82 74 28 53 78 43 67 64 81 10 59 85 27 9 16 16 2 23 35 67 92 19 83 29 64 7 61 12 45 91 56 50 87 8 12 51 81 32 5 38 8 12 23 2 23 84 7 62 73 22 27 86 53 99 0 7 59 63 27 10 78 4 28 89 10 60 65 5 18 56 79 16 23 35 7 40 6 4 
27 11 8 49 92 87 9 55 6 4 46 44 22 78 64 71 50 15 85 33 35 26 3 60 95 33 88 3 70 35 6 37 86 44 82 67 14 36 36 77 3 76 44 25 94 23 47 35 66 62 88 49 66 99 61 44 28 49 85 40 14 8 71 45 14 21 73 17 90 60 46 78 38 41 6 94 7 0 11 52 86 24 81 29 68 4 6 64 28 40 27 79 2 69 39 49 95 81 61 18 
5 28 87 21 68 66 13 68 72 73 87 13 13 66 7 30 26 84 0 76 37 18 84 53 63 98 33 16 29 52 99 0 92 62 51 6 31 66 76 46 96 58 91 53 0 6 10 38 78 32 81 52 77 13 75 51 33 51 95 35 68 25 63 15 76 87 81 56 9 98 91 68 95 80 89 43 59 11 0 71 88 61 46 52 76 26 78 11 98 69 72 0 37 85 16 90 88 88 68 49 
33 85 89 82 37 2 33 55 53 99 8 95 2 14 75 99 59 71 19 18 56 98 59 84 57 60 56 34 81 52 59 44 8 65 29 43 26 33 75 25 53 73 76 74 20 12 89 34 66 23 9 28 22 93 10 79 16 24 4 72 46 62 19 10 72 11 49 1 49 17 68 88 13 47 56 75 63 52 71 0 57 41 88 32 70 9 50 33 38 92 69 47 81 90 21 4 32 64 69 48 
12 94 90 65 2 78 32 17 35 10 63 22 31 0 4 23 19 14 57 11 14 75 42 39 40 80 73 94 54 17 95 48 80 9 62 31 42 43 79 43 44 1 88 78 46 23 8 76 3 23 40 20 50 67 23 2 63 19 91 38 28 16 28 42 71 35 35 46 69 40 41 5 74 58 68 80 27 86 88 57 0 26 69 37 16 88 33 7 24 38 24 70 2 88 39 53 32 18 79 18 
88 63 51 32 6 22 13 93 75 85 97 48 29 86 84 4 81 6 77 28 49 3 43 67 94 81 71 46 39 36 29 35 71 16 62 69 73 59 33 32 67 58 54 68 43 87 72 92 3 94 92 62 41 4 44 56 81 39 6 98 87 23 13 26 13 46 25 1 9 59 30 0 66 27 37 80 10 24 61 41 26 0 4 51 47 63 52 16 52 79 65 18 17 25 85 84 37 6 31 91 
50 26 66 81 77 75 83 27 89 14 44 93 25 41 53 75 84 86 16 45 80 47 4 85 88 98 59 5 31 50 10 89 37 57 78 95 1 68 39 42 64 29 96 94 28 91 35 52 18 20 86 57 52 75 58 60 9 5 81 81 7 99 71 86 63 2 9 16 22 16 96 88 38 18 18 99 78 81 46 88 69 4 0 33 4 79 56 67 37 92 75 80 89 2 91 72 84 18 22 10 
55 10 2 8 58 84 78 14 10 47 69 5 6 87 50 12 6 67 58 41 79 54 14 57 41 12 47 80 12 29 89 80 88 79 48 21 93 65 80 37 10 42 7 69 32 64 22 24 0 53 12 36 24 18 13 83 3 49 70 96 53 98 18 95 93 65 76 10 82 97 76 73 87 45 40 82 4 29 52 32 37 51 33 0 43 8 60 55 3 5 65 29 54 38 83 9 87 99 57 20 
0 38 79 37 28 79 64 91 72 91 48 54 93 79 88 25 2 24 71 35 36 81 66 21 27 71 89 74 67 41 87 85 41 24 54 53 56 2 49 3 47 82 61 72 2 58 84 45 14 56 82 4 62 87 88 84 47 90 73 55 49 76 86 18 7 8 82 12 19 42 23 53 29 76 10 91 28 68 76 70 16 47 4 43 0 39 92 23 47 59 78 23 77 14 12 81 50 60 19 44 
82 65 32 79 63 32 59 60 7 70 70 42 46 48 86 47 90 44 92 77 13 72 64 30 13 26 80 13 12 26 58 41 58 95 2 58 46 24 99 78 72 89 77 41 49 30 93 92 84 23 88 91 79 77 74 85 23 2 84 51 94 31 83 70 4 72 62 39 60 71 14 58 95 75 12 76 89 4 26 9 88 63 79 8 39 0 90 10 0 96 42 57 77 78 37 4 70 70 91 13 
5 31 54 82 80 8 91 29 87 20 62 22 57 17 53 48 63 92 46 17 37 73 84 49 82 45 14 28 6 12 75 62 88 27 45 46 32 90 61 4 92 82 46 68 81 1 86 0 97 90 70 71 72 90 91 70 38 12 61 99 35 45 59 74 19 23 33 33 55 13 91 46 87 19 73 39 10 6 78 50 33 52 56 60 92 90 0 40 76 64 97 75 78 4 57 17 31 8 50 35 
41 29 83 17 79 62 4 21 89 48 39 83 19 83 16 66 35 13 59 79 1 10 75 34 0 83 90 69 28 82 92 58 17 18 55 32 55 51 4 15 92 90 53 65 52 44 62 20 96 42 69 72 15 54 16 85 37 22 30 99 33 84 42 91 56 43 11 13 37 43 1 93 6 94 87 77 60 64 11 33 7 16 67 55 23 10 40 0 70 23 23 38 88 75 60 87 49 62 77 13 
25 33 14 71 79 1 96 85 67 19 86 67 22 7 39 13 67 70 76 34 17 95 21 86 2 22 36 56 83 4 49 76 73 68 97 40 69 86 43 2 76 87 96 33 75 9 81 98 41 42 35 8 54 72 16 71 16 63 55 12 74 35 8 7 10 19 91 69 53 80 16 29 26 34 85 58 65 28 98 38 24 52 37 3 47 0 76 70 0 81 38 22 37 31 1 88 25 26 60 63 
13 72 45 6 19 31 98 63 75 38 98 87 24 19 85 87 39 63 8 30 42 83 18 13 29 17 15 74 28 72 97 6 11 83 90 28 82 77 48 33 47 42 67 74 92 41 18 74 93 33 26 39 40 49 32 92 84 76 73 23 15 19 38 84 3 27 88 58 11 68 43 36 52 16 28 81 5 40 69 92 38 79 92 5 59 96 64 23 81 0 97 36 98 36 55 33 1 32 17 89 
30 92 33 29 18 75 13 22 65 64 12 20 34 65 36 91 28 41 48 57 81 54 87 82 98 11 20 74 5 86 40 41 39 86 21 27 32 99 11 81 67 44 53 54 87 61 10 6 56 24 67 13 83 21 47 85 69 30 46 30 52 35 69 43 16 62 46 9 19 49 83 42 52 95 55 73 18 27 72 69 24 65 75 65 78 42 97 23 38 97 0 89 87 46 63 67 34 47 15 47 
23 95 64 42 93 48 76 76 14 97 12 60 26 35 54 67 90 56 37 18 3 1 70 62 28 77 27 18 53 93 24 47 88 41 40 18 7 30 30 28 28 1 48 3 22 73 63 7 14 1 59 66 68 55 43 58 27 20 66 15 45 17 69 40 51 83 1 54 65 77 0 66 46 7 27 35 56 79 0 47 70 18 80 29 23 57 75 38 22 36 89 0 83 35 98 92 22 1 2 70 
6 81 43 25 4 7 30 47 11 89 23 24 41 69 38 14 42 8 75 91 74 12 30 68 13 58 74 99 97 80 31 85 69 1 0 49 35 75 25 23 86 13 2 10 89 55 99 85 21 26 29 32 69 52 67 88 47 10 39 84 75 48 92 35 93 31 66 6 5 19 68 23 56 90 32 47 79 2 37 81 2 17 89 54 77 77 78 88 37 98 87 83 0 81 35 62 17 58 70 34 
42 4 87 1 82 30 54 42 27 53 17 78 89 7 19 48 64 41 33 1 87 82 27 9 32 24 93 79 11 82 67 10 16 89 16 58 4 65 8 35 39 16 41 6 87 86 41 53 0 56 68 96 15 47 31 0 28 13 64 82 82 35 27 28 35 33 39 46 45 74 31 74 14 48 36 45 16 69 85 90 88 25 2 38 14 78 4 75 31 36 46 35 81 0 23 65 57 73 74 24 
27 15 98 10 82 23 16 82 61 84 61 88 14 77 34 88 86 68 18 44 47 44 20 58 97 71 70 60 38 75 0 13 39 73 46 7 43 58 27 99 36 49 96 84 17 46 66 59 7 24 87 38 92 57 15 45 78 85 60 20 67 71 78 9 52 97 2 62 94 31 36 44 89 2 10 4 23 39 16 21 39 85 91 83 12 37 57 60 1 55 63 98 35 23 0 66 19 68 40 55 
68 54 92 4 68 18 64 21 30 95 43 16 73 80 85 68 5 29 72 97 68 12 1 87 33 8 8 82 17 11 27 78 35 42 69 26 50 70 19 63 18 4 84 14 46 58 29 16 22 91 56 6 39 85 66 5 86 88 21 92 43 48 44 48 37 60 77 73 19 77 20 15 15 47 0 86 35 49 90 4 53 84 72 9 81 4 17 87 88 33 67 92 62 65 66 0 14 58 54 80 
29 15 52 72 44 12 48 74 39 44 64 71 30 40 73 34 51 40 56 93 91 79 40 2 63 30 51 34 62 18 2 78 30 81 54 8 34 67 78 5 58 29 13 21 26 9 97 20 42 74 63 34 2 97 44 89 84 26 92 48 33 40 94 97 92 5 18 0 61 12 5 15 20 76 2 35 7 95 88 32 32 37 84 87 50 70 31 49 25 1 34 22 17 57 19 14 0 18 47 89 
17 55 16 69 23 67 69 53 4 13 53 9 61 5 48 73 24 56 94 11 0 73 97 46 27 89 79 96 94 32 13 84 65 70 80 7 33 33 73 76 27 6 6 9 2 5 14 17 1 45 84 75 8 14 84 79 90 82 36 66 74 90 79 22 83 7 97 34 35 81 76 96 28 48 50 48 40 81 88 64 18 6 18 99 60 70 8 62 26 32 47 1 58 73 68 58 18 0 45 29 
31 44 17 95 51 93 36 85 68 69 30 46 81 17 65 21 72 97 75 47 90 12 99 78 83 56 2 72 93 24 40 11 35 10 33 32 51 28 89 62 59 29 52 52 97 27 63 61 27 24 77 60 81 82 94 96 70 54 37 95 13 94 33 60 61 69 50 65 80 72 62 60 18 75 38 67 6 61 68 69 79 31 22 57 19 91 50 77 60 17 15 2 70 74 40 54 47 45 0 93 
12 37 28 13 39 29 26 12 37 72 61 47 23 71 17 71 36 34 42 54 19 64 70 97 61 4 48 17 99 30 75 47 85 33 18 51 32 8 26 50 83 23 4 56 63 49 10 92 77 18 86 55 47 33 76 76 19 25 39 47 91 23 24 25 73 74 39 72 4 41 45 16 46 72 96 61 4 18 49 48 18 91 10 20 44 13 35 13 63 89 47 70 34 24 55 80 89 29 93 0 
