100
0 74 31 25 58 93 78 98 52 22 86 20 13 32 97 77 82 33 50 63 14 38 15 48 43 94 44 1 89 61 87 55 3 0 31 54 19 49 4 14 26 0 10 19 49 41 78 23 16 84 17 49 87 40 16 33 88 52 62 76 93 41 65 23 62 17 67 42 93 66 38 66 71 69 95 73 11 73 10 57 91 53 50 52 20 49 22 65 43 62 89 52 4 74 83 72 3 68 77 37 
74 0 8 46 14 0 43 83 28 96 38 86 37 38 60 75 0 0 90 92 67 80 31 59 99 99 58 80 5 26 99 3 2 48 31 13 26 72 68 63 91 98 2 43 73 54 31 16 82 6 45 52 67 94 39 82 65 0 72 38 12 13 26 65 25 23 94 2 35 2 44 60 20 8 5 84 24 67 7 38 43 38 47 97 44 67 17 71 49 17 59 10 72 13 36 95 67 43 26 94 
31 8 0 97 8 58 8 14 8 26 95 92 89 24 14 20 12 89 43 14 86 60 7 54 86 70 50 95 2 96 59 85 32 24 26 24 51 2 17 33 87 88 98 33 30 71 37 90 15 18 25 60 83 86 51 28 47 11 61 56 59 2 80 7 28 89 83 48 24 64 7 70 9 10 28 74 4 10 70 9 40 43 90 95 82 92 70 52 11 15 12 16 3 42 23 96 32 70 67 35 
25 46 97 0 89 13 46 10 33 6 2 90 16 87 7 77 34 59 17 2 65 77 64 8 17 67 48 31 14 62 2 48 98 75 58 48 71 91 83 44 1 70 36 48 5 39 4 54 94 69 6 39 83 84 6 62 11 26 32 61 13 26 43 74 6 9 33 3 12 65 53 2 84 19 56 64 61 88 75 70 7 84 58 80 9 64 5 59 28 75 98 16 62 84 14 47 42 99 64 60 
58 14 8 89 0 42 13 55 75 47 47 5 49 22 31 36 48 1 79 95 37 66 71 38 53 91 23 19 55 5 83 93 41 32 80 27 78 48 32 66 92 51 26 53 7 46 33 70 31 44 38 31 69 93 0 60 33 59 4 90 1 30 92 33 3 36 99 63 45 74 13 65 73 3 43 51 1 84 1 32 89 62 24 29 15 62 21 21 53 45 54 17 68 29 78 42 86 56 52 38 
93 0 58 13 42 0 67 75 16 74 3 49 90 9 35 94 78 95 75 61 69 29 95 3 93 37 15 28 22 60 21 31 19 25 12 40 50 65 15 99 77 56 5 28 55 44 74 5 96 6 75 23 15 82 54 36 2 48 64 13 61 24 59 8 31 83 11 74 12 0 41 31 57 7 99 46 6 56 50 7 0 57 78 40 49 27 42 95 16 9 19 39 94 26 97 62 59 26 51 37 
78 43 8 46 13 67 0 93 77 64 24 3 73 41 76 44 12 15 97 52 55 95 83 31 77 62 86 78 99 1 50 1 63 86 99 10 7 68 85 95 2 26 43 22 90 36 78 63 46 60 31 80 22 92 34 88 46 96 37 87 60 45 24 43 50 78 95 5 61 47 29 12 31 1 73 54 60 50 47 16 54 2 55 15 52 56 5 44 27 72 28 54 60 10 86 83 89 88 69 68 
98 83 14 10 55 75 93 0 23 52 52 2 13 85 65 46 1 67 30 29 81 11 67 22 62 78 50 17 68 97 1 40 82 54 96 57 26 91 83 35 79 93 63 42 94 13 71 96 20 30 72 87 43 69 91 47 53 88 13 19 51 83 78 81 12 12 81 16 52 71 63 42 47 30 79 38 37 25 76 8 3 21 66 72 73 77 19 89 54 58 74 63 86 24 29 26 70 48 49 14 
52 28 8 33 75 16 77 23 0 85 43 18 91 35 33 99 49 8 47 94 52 68 42 33 27 29 35 69 31 28 52 8 55 29 20 30 17 31 84 32 21 6 90 81 78 16 58 5 87 75 3 55 24 11 32 51 28 47 95 27 54 85 69 77 93 19 81 30 89 19 68 89 62 22 70 39 64 58 59 68 50 52 97 37 33 25 1 75 32 3 29 77 44 77 41 73 57 8 23 71 
22 96 26 6 47 74 64 52 85 0 10 15 48 78 52 30 21 32 95 65 49 7 98 50 1 91 98 42 32 33 93 30 70 46 13 4 27 1 94 81 74 65 70 56 67 97 74 87 87 29 6 19 48 86 90 27 18 20 72 72 92 60 64 77 8 42 71 10 7 94 80 45 6 64 56 96 14 49 93 59 79 10 10 46 73 84 14 95 52 81 51 84 61 25 55 44 9 0 25 1 
86 38 95 2 47 3 24 52 43 10 0 32 74 89 90 63 19 57 49 8 98 29 74 12 11 90 18 8 66 57 9 21 26 78 88 42 74 11 79 17 52 48 69 49 47 92 59 88 57 16 68 36 12 51 35 71 72 58 13 76 82 46 49 83 45 16 3 31 32 67 58 48 24 39 85 44 80 75 86 89 29 1 33 7 96 60 98 99 8 87 69 34 33 79 52 28 59 56 58 17 
20 86 92 90 5 49 3 2 18 15 32 0 48 71 87 29 22 18 51 9 12 66 12 94 21 43 59 9 93 77 83 27 94 56 18 31 8 53 61 17 77 33 68 5 13 96 73 7 26 68 42 55 58 50 23 62 69 35 44 89 47 50 82 33 74 44 32 84 83 5 62 27 47 77 96 82 66 4 70 10 27 43 39 14 43 15 74 47 88 45 67 19 65 22 78 64 88 30 81 95 
13 37 89 16 49 90 73 13 91 48 74 48 0 90 90 78 93 66 15 57 33 33 6 29 78 17 51 15 59 71 30 39 40 34 82 17 60 34 0 53 34 75 41 13 88 86 20 26 94 91 70 95 57 63 72 70 28 22 52 67 91 70 42 44 61 98 95 53 15 55 85 85 31 81 73 15 93 85 46 91 87 33 67 55 47 78 17 96 4 0 90 52 14 59 32 13 61 51 33 57 
32 38 24 87 22 9 41 85 35 78 89 71 90 0 45 45 33 58 56 66 47 2 88 55 93 78 27 19 57 38 10 21 7 96 63 36 69 31 93 64 65 90 0 86 31 80 54 66 58 52 66 26 37 37 90 70 12 76 33 67 36 23 63 44 72 12 93 42 55 34 70 36 74 91 96 73 88 48 71 90 6 44 21 18 62 0 51 98 62 54 57 75 54 27 95 80 45 88 81 52 
97 60 14 7 31 35 76 65 33 52 90 87 90 45 0 73 81 10 39 30 13 41 93 17 77 27 17 99 66 46 73 54 60 29 49 3 14 56 38 37 86 21 29 0 11 58 20 64 47 69 12 18 35 73 96 92 37 21 15 8 14 96 21 59 32 63 34 38 95 49 78 10 6 19 2 54 74 2 56 15 24 30 47 35 76 77 82 29 11 80 70 79 33 86 14 25 50 96 6 62 
77 75 20 77 36 94 44 46 99 30 63 29 78 45 73 0 32 91 85 80 95 32 96 66 50 22 93 6 9 25 26 55 51 41 83 87 64 74 95 92 54 34 83 36 76 93 36 17 35 24 3 9 49 19 87 19 25 91 95 55 36 12 26 43 26 55 62 75 83 68 81 1 28 38 92 36 30 63 46 50 36 0 21 37 75 90 0 0 53 2 12 56 97 58 91 49 5 80 60 46 
82 0 12 34 48 78 12 1 49 21 19 22 93 33 81 32 0 72 3 39 71 77 31 44 1 86 85 77 10 57 31 39 63 0 23 42 14 93 41 77 36 14 71 75 0 82 78 11 58 90 25 72 74 55 68 13 84 32 16 46 32 76 71 6 77 91 23 49 37 33 40 36 13 17 93 54 54 71 54 17 43 43 31 35 5 11 5 99 76 17 33 65 14 31 95 75 40 6 84 79 
33 0 89 59 1 95 15 67 8 32 57 18 66 58 10 91 72 0 16 15 96 98 80 4 75 33 49 55 74 17 29 92 27 69 32 54 29 52 45 13 42 44 60 35 71 7 46 83 67 7 19 63 90 16 38 36 21 36 33 82 22 35 30 15 79 16 95 81 24 31 71 89 8 25 61 62 24 72 52 39 3 65 24 46 23 55 30 68 10 18 59 35 51 58 65 99 28 70 44 53 
50 90 43 17 79 75 97 30 47 95 49 51 15 56 39 85 3 16 0 3 18 46 30 56 27 85 83 40 21 39 41 82 6 6 58 35 64 72 23 50 8 25 57 30 60 70 32 23 95 99 3 37 57 47 35 77 85 78 33 96 80 81 48 85 71 46 86 97 87 69 17 35 2 97 27 28 81 25 41 86 14 22 87 85 24 13 20 44 7 28 62 64 22 36 31 3 75 75 83 37 
63 92 14 2 95 61 52 29 94 65 8 9 57 66 30 80 39 15 3 0 83 70 19 39 28 52 41 67 59 81 58 81 83 20 62 57 58 87 29 35 49 69 66 57 10 14 89 47 51 16 14 5 1 28 31 22 56 45 82 72 7 37 26 38 80 30 67 26 50 3 42 75 91 37 22 32 0 41 50 94 38 90 36 67 24 48 6 91 15 90 81 83 44 14 81 88 92 42 9 28 
14 67 86 65 37 69 55 81 52 49 98 12 33 47 13 95 71 96 18 83 0 32 97 76 27 47 10 31 59 62 29 18 72 69 4 26 31 96 35 82 40 74 42 26 26 55 12 61 1 73 8 44 67 94 99 6 30 96 28 93 40 29 46 93 84 28 86 75 78 18 33 36 17 24 86 9 33 18 70 15 49 54 50 41 25 9 55 91 43 83 17 88 58 96 21 17 49 30 0 46 
38 80 60 77 66 29 95 11 68 7 29 66 33 2 41 32 77 98 46 70 32 0 62 65 79 40 29 83 52 86 71 29 64 30 28 79 25 20 79 48 24 61 60 83 49 47 62 43 55 49 81 1 18 45 53 98 96 84 52 69 31 98 1 67 75 37 36 20 22 55 41 50 47 47 59 82 92 65 24 9 30 85 42 29 43 56 19 60 65 65 74 33 46 77 91 39 59 44 0 47 
15 31 7 64 71 95 83 67 42 98 74 12 6 88 93 96 31 80 30 19 97 62 0 2 52 90 5 18 95 54 93 4 39 68 72 40 90 12 41 31 54 27 52 1 72 7 73 95 72 85 45 75 25 66 42 68 55 69 32 0 32 14 67 57 54 82 76 70 53 27 48 93 75 36 84 12 45 66 95 12 79 6 18 30 11 88 20 99 12 88 52 55 43 76 16 43 22 47 64 81 
48 59 54 8 38 3 31 22 33 50 12 94 29 55 17 66 44 4 56 39 76 65 2 0 72 78 4 7 71 16 57 95 22 67 35 11 7 5 39 42 41 10 31 42 58 53 14 33 31 44 32 58 31 94 35 96 87 79 84 56 33 68 12 86 48 1 23 99 22 77 54 6 81 48 86 80 80 9 29 49 86 72 79 35 66 18 8 45 79 67 34 65 1 8 54 68 56 59 53 95 
43 99 86 17 53 93 77 62 27 1 11 21 78 93 77 50 1 75 27 28 27 79 52 72 0 74 73 56 59 90 66 77 32 38 15 96 61 18 51 83 17 73 11 47 31 55 83 79 18 98 83 48 58 70 60 77 27 50 92 82 47 20 54 94 30 78 35 71 58 14 21 85 1 34 91 97 88 16 42 82 48 43 91 12 46 51 70 7 48 52 18 28 18 79 53 14 47 79 8 25 
94 99 70 67 91 37 62 78 29 91 90 43 17 78 27 22 86 33 85 52 47 40 90 78 74 0 91 15 73 87 41 97 78 7 4 10 34 86 89 2 17 12 5 94 61 34 90 19 45 2 11 74 74 58 64 93 73 41 88 29 41 91 61 37 69 33 62 1 96 7 31 92 93 83 19 87 54 79 16 57 20 86 82 22 77 54 54 37 16 18 21 83 67 79 95 27 92 17 82 72 
44 58 50 48 23 15 86 50 35 98 18 59 51 27 17 93 85 49 83 41 10 29 5 4 73 91 0 86 78 18 14 49 97 99 82 4 60 58 51 30 44 26 53 27 23 15 12 11 30 46 66 29 44 2 23 39 25 6 94 83 47 66 73 75 17 52 62 99 28 81 97 74 18 53 59 59 90 44 98 82 8 4 60 26 28 10 26 59 53 54 79 55 32 45 18 51 4 16 30 87 
1 80 95 31 19 28 78 17 69 42 8 9 15 19 99 6 77 55 40 67 31 83 18 7 56 15 86 0 14 42 40 51 2 75 61 3 96 17 49 29 96 93 82 58 78 52 5 3 38 1 20 77 1 26 21 69 13 2 97 2 10 25 8 63 1 76 44 24 26 75 36 80 96 76 19 21 28 41 43 42 96 28 91 58 36 53 57 86 68 91 75 15 34 64 45 81 4 20 68 39 
89 5 2 14 55 22 99 68 31 32 66 93 59 57 66 9 10 74 21 59 59 52 95 71 59 73 78 14 0 44 59 47 63 83 64 58 2 27 18 20 13 38 22 42 32 73 4 0 64 5 52 94 91 62 91 28 54 0 16 81 38 3 8 88 17 67 66 69 2 76 90 75 4 83 93 31 82 66 54 33 6 12 7 66 18 45 97 47 13 12 81 47 13 27 36 74 80 58 65 11 
61 26 96 62 5 60 1 97 28 33 57 77 71 38 46 25 57 17 39 81 62 86 54 16 90 87 18 42 44 0 49 87 18 16 41 1 83 63 81 10 36 91 47 1 80 97 73 13 25 70 29 28 44 69 22 0 51 32 6 46 13 44 94 38 70 82 86 14 62 17 85 33 9 24 40 87 55 56 36 53 67 47 78 48 57 99 11 44 77 1 44 43 85 67 37 88 16 3 6 61 
87 99 59 2 83 21 50 1 52 93 9 83 30 10 73 26 31 29 41 58 29 71 93 57 66 41 14 40 59 49 0 61 59 76 23 1 91 75 96 63 68 96 83 78 91 11 15 49 91 1 31 18 46 27 38 85 79 7 93 88 10 85 5 49 56 62 31 27 36 75 76 91 54 30 85 87 94 61 17 10 20 62 49 88 96 69 30 45 55 51 3 50 44 27 86 73 73 31 5 74 
55 3 85 48 93 31 1 40 8 30 21 27 39 21 54 55 39 92 82 81 18 29 4 95 77 97 49 51 47 87 61 0 62 42 49 56 93 34 64 70 74 80 74 57 39 43 27 95 45 6 41 84 16 74 92 9 29 24 69 56 17 83 17 42 83 49 0 63 0 74 49 10 38 85 42 75 22 6 82 19 23 35 88 56 54 28 91 66 14 70 90 16 10 87 0 13 90 98 57 55 
3 2 32 98 41 19 63 82 55 70 26 94 40 7 60 51 63 27 6 83 72 64 39 22 32 78 97 2 63 18 59 62 0 32 44 55 6 99 1 28 10 1 16 35 28 91 94 29 72 57 42 9 25 92 62 37 57 67 80 14 1 99 68 92 42 9 49 7 12 6 6 29 41 52 67 56 29 40 31 54 81 61 83 2 31 7 72 75 77 96 28 57 30 15 16 89 11 94 51 52 
0 48 24 75 32 25 86 54 29 46 78 56 34 96 29 41 0 69 6 20 69 30 68 67 38 7 99 75 83 16 76 42 32 0 63 71 4 73 46 37 75 37 43 13 3 73 69 75 12 5 85 36 40 48 40 15 96 14 72 48 84 34 83 74 82 41 13 8 11 89 54 88 8 27 58 88 14 7 78 47 9 43 18 89 44 43 35 48 14 28 96 39 39 27 35 89 78 68 73 86 
31 31 26 58 80 12 99 96 20 13 88 18 82 63 49 83 23 32 58 62 4 28 72 35 15 4 82 61 64 41 23 49 44 63 0 10 7 48 26 35 87 76 18 42 1 70 4 80 41 36 52 66 93 93 60 53 42 21 72 8 87 27 25 41 71 83 77 55 99 43 69 11 61 71 13 36 4 92 95 2 64 67 35 83 90 13 79 84 95 19 2 45 75 10 58 82 29 3 90 89 
54 13 24 48 27 40 10 57 30 4 42 31 17 36 3 87 42 54 35 57 26 79 40 11 96 10 4 3 58 1 1 56 55 71 10 0 64 29 34 0 82 15 39 59 17 97 25 19 0 83 86 96 67 58 61 18 25 57 45 73 17 17 20 94 72 44 41 36 58 42 44 88 73 26 12 90 52 66 11 55 22 52 49 18 52 89 20 59 9 95 12 42 85 4 75 67 34 55 82 55 
19 26 51 71 78 50 7 26 17 27 74 8 60 69 14 64 14 29 64 58 31 25 90 7 61 34 60 96 2 83 91 93 6 4 7 64 0 11 67 62 42 49 26 52 97 2 49 72 92 30 32 77 39 23 58 2 38 58 51 25 70 32 99 83 0 78 52 11 96 70 71 60 84 36 83 48 16 36 32 30 64 14 67 51 96 65 14 58 33 52 82 21 20 8 58 39 96 21 24 21 
49 72 2 91 48 65 68 91 31 1 11 53 34 31 56 74 93 52 72 87 96 20 12 5 18 86 58 17 27 63 75 34 99 73 48 29 11 0 93 71 7 61 2 77 40 32 0 10 14 15 31 63 17 28 69 4 53 72 58 38 96 46 37 21 99 90 54 98 60 78 61 37 62 69 67 55 1 56 91 30 11 76 39 46 58 5 11 28 44 23 31 70 41 30 3 61 90 93 82 60 
4 68 17 83 32 15 85 83 84 94 79 61 0 93 38 95 41 45 23 29 35 79 41 39 51 89 51 49 18 81 96 64 1 46 26 34 67 93 0 15 91 7 51 45 18 49 59 53 46 80 97 62 55 42 55 79 45 39 39 96 97 77 35 9 26 30 73 60 0 97 84 91 16 41 2 41 32 96 28 50 54 34 13 11 64 49 90 92 32 13 95 82 42 67 72 6 89 28 66 94 
14 63 33 44 66 99 95 35 32 81 17 17 53 64 37 92 77 13 50 35 82 48 31 42 83 2 30 29 20 10 63 70 28 37 35 0 62 71 15 0 36 95 65 90 85 77 19 55 30 15 99 37 60 29 71 28 31 73 68 63 34 22 79 23 30 57 49 61 73 17 46 30 89 33 73 15 67 25 9 47 54 79 13 78 63 93 96 94 48 5 44 1 60 82 57 11 60 64 9 63 
26 91 87 1 92 77 2 79 21 74 52 77 34 65 86 54 36 42 8 49 40 24 54 41 17 17 44 96 13 36 68 74 10 75 87 82 42 7 91 36 0 60 45 4 65 44 84 38 22 8 50 64 51 2 56 60 23 29 54 90 9 3 83 80 57 62 75 62 33 71 74 11 17 41 78 83 63 30 34 88 87 51 85 44 56 34 56 66 76 89 2 58 90 52 57 9 69 83 11 10 
0 98 88 70 51 56 26 93 6 65 48 33 75 90 21 34 14 44 25 69 74 61 27 10 73 12 26 93 38 91 96 80 1 37 76 15 49 61 7 95 60 0 4 99 14 99 57 37 99 41 14 64 84 29 61 60 14 85 1 70 0 68 26 43 56 13 15 98 10 57 62 60 37 62 39 50 17 59 43 75 36 58 40 30 21 94 55 69 14 28 61 42 28 34 52 35 80 28 11 66 
10 2 98 36 26 5 43 63 90 70 69 68 41 0 29 83 71 60 57 66 42 60 52 31 11 5 53 82 22 47 83 74 16 43 18 39 26 2 51 65 45 4 0 15 49 8 24 16 18 42 96 38 98 72 63 18 84 32 13 63 51 37 57 30 21 11 23 20 15 24 64 35 39 86 6 85 55 71 41 4 77 18 29 32 11 18 46 23 14 75 90 30 62 87 76 88 68 92 75 44 
19 43 33 48 53 28 22 42 81 56 49 5 13 86 0 36 75 35 30 57 26 83 1 42 47 94 27 58 42 1 78 57 35 13 42 59 52 77 45 90 4 99 15 0 12 22 40 96 76 42 66 94 54 26 94 24 91 50 69 12 4 9 16 63 1 31 86 5 44 44 25 12 63 98 97 91 94 76 22 7 10 32 27 68 49 76 83 73 52 83 7 79 89 23 38 23 9 94 85 95 
49 73 30 5 7 55 90 94 78 67 47 13 88 31 11 76 0 71 60 10 26 49 72 58 31 61 23 78 32 80 91 39 28 3 1 17 97 40 18 85 65 14 49 12 0 26 2 30 2 97 61 48 35 43 16 89 75 76 90 22 73 76 66 9 37 88 34 2 36 51 74 32 54 19 97 35 93 51 90 46 17 26 60 56 6 41 51 38 42 50 68 74 4 65 68 71 3 28 61 53 
41 54 71 39 46 44 36 13 16 97 92 96 86 80 58 93 82 7 70 14 55 47 7 53 55 34 15 52 73 97 11 43 91 73 70 97 2 32 49 77 44 99 8 22 26 0 92 64 56 80 85 92 89 25 32 31 21 25 28 32 84 61 80 72 75 81 13 99 60 53 54 53 56 26 3 48 13 98 25 8 98 74 13 85 82 71 29 26 7 8 54 81 81 78 85 42 91 51 14 19 
78 31 37 4 33 74 78 71 58 74 59 73 20 54 20 36 78 46 32 89 12 62 73 14 83 90 12 5 4 73 15 27 94 69 4 25 49 0 59 19 84 57 24 40 2 92 0 59 66 49 65 50 66 8 88 18 96 21 71 46 14 57 73 55 73 30 56 57 97 22 62 55 30 50 17 65 59 86 8 31 50 73 13 75 45 71 33 55 51 24 73 53 54 60 5 11 60 90 44 13 
23 16 90 54 70 5 63 96 5 87 88 7 26 66 64 17 11 83 23 47 61 43 95 33 79 19 11 3 0 13 49 95 29 75 80 19 72 10 53 55 38 37 16 96 30 64 59 0 98 60 91 7 3 71 25 42 43 45 77 96 96 31 66 90 48 24 15 36 85 33 57 27 90 29 45 89 54 79 13 48 42 33 94 69 51 11 15 97 11 52 74 66 20 43 87 64 44 20 93 73 
16 82 15 94 31 96 46 20 87 87 57 26 94 58 47 35 58 67 95 51 1 55 72 31 18 45 30 38 64 25 91 45 72 12 41 0 92 14 46 30 22 99 18 76 2 56 66 98 0 58 4 67 55 29 55 6 45 88 24 77 91 71 85 26 90 1 42 88 86 0 43 65 31 4 27 44 51 57 86 92 3 25 58 42 67 74 32 64 97 30 12 64 80 26 15 23 29 18 4 43 
84 6 18 69 44 6 60 30 75 29 16 68 91 52 69 24 90 7 99 16 73 49 85 44 98 2 46 1 5 70 1 6 57 5 36 83 30 15 80 15 8 41 42 42 97 80 49 60 58 0 2 48 27 53 37 54 37 49 20 43 73 77 19 1 79 25 57 48 55 34 26 54 66 64 52 18 11 28 28 48 52 95 61 67 85 44 86 25 58 61 30 59 29 31 92 27 10 90 86 97 
17 45 25 6 38 75 31 72 3 6 68 42 70 66 12 3 25 19 3 14 8 81 45 32 83 11 66 20 52 29 31 41 42 85 52 86 32 31 97 99 50 14 96 66 61 85 65 91 4 2 0 32 40 11 81 38 89 82 70 93 82 53 58 27 16 9 31 6 23 28 70 27 32 16 75 2 90 48 33 89 1 85 91 39 1 38 45 33 7 94 33 10 14 29 95 16 19 74 6 76 
49 52 60 39 31 23 80 87 55 19 36 55 95 26 18 9 72 63 37 5 44 1 75 58 48 74 29 77 94 28 18 84 9 36 66 96 77 63 62 37 64 64 38 94 48 92 50 7 67 48 32 0 24 82 85 10 29 98 36 70 13 82 49 77 26 63 86 76 61 97 37 41 89 15 64 52 47 8 52 49 17 49 86 15 33 73 26 5 76 57 40 78 97 14 10 54 72 51 85 18 
87 67 83 83 69 15 22 43 24 48 12 58 57 37 35 49 74 90 57 1 67 18 25 31 58 74 44 1 91 44 46 16 25 40 93 67 39 17 55 60 51 84 98 54 35 89 66 3 55 27 40 24 0 16 87 48 69 3 29 79 98 78 55 87 31 40 62 79 16 88 67 23 96 67 90 42 86 28 94 62 60 10 87 49 90 36 50 9 69 23 21 55 10 3 3 52 90 35 88 92 
40 94 86 84 93 82 92 69 11 86 51 50 63 37 73 19 55 16 47 28 94 45 66 94 70 58 2 26 62 69 27 74 92 48 93 58 23 28 42 29 2 29 72 26 43 25 8 71 29 53 11 82 16 0 95 69 82 50 66 72 65 44 4 78 48 83 56 81 43 32 49 12 5 61 94 11 65 80 63 49 92 20 82 11 55 74 3 10 94 85 86 58 73 34 72 96 15 14 31 78 
16 39 51 6 0 54 34 91 32 90 35 23 72 90 96 87 68 38 35 31 99 53 42 35 60 64 23 21 91 22 38 92 62 40 60 61 58 69 55 71 56 61 63 94 16 32 88 25 55 37 81 85 87 95 0 14 9 42 25 72 64 17 40 84 15 91 51 66 96 5 72 83 27 30 2 20 16 22 30 6 13 84 49 67 27 44 64 28 26 75 46 81 26 92 28 33 47 23 33 52 
33 82 28 62 60 36 88 47 51 27 71 62 70 70 92 19 13 36 77 22 6 98 68 96 77 93 39 69 28 0 85 9 37 15 53 18 2 4 79 28 60 60 18 24 89 31 18 42 6 54 38 10 48 69 14 0 66 76 74 43 36 5 51 54 24 79 5 17 72 86 27 86 35 15 53 59 63 43 18 29 65 3 28 66 41 30 12 45 41 3 6 9 46 65 2 5 82 20 23 45 
88 65 47 11 33 2 46 53 28 18 72 69 28 12 37 25 84 21 85 56 30 96 55 87 27 73 25 13 54 51 79 29 57 96 42 25 38 53 45 31 23 14 84 91 75 21 96 43 45 37 89 29 69 82 9 66 0 72 36 5 9 24 56 20 77 14 1 35 48 93 26 48 73 51 83 82 68 59 48 33 50 39 68 77 62 54 55 70 45 20 77 75 61 19 47 52 20 20 29 49 
52 0 11 26 59 48 96 88 47 20 58 35 22 76 21 91 32 36 78 45 96 84 69 79 50 41 6 2 0 32 7 24 67 14 21 57 58 72 39 73 29 85 32 50 76 25 21 45 88 49 82 98 3 50 42 76 72 0 26 29 63 94 41 19 52 14 75 59 76 18 26 54 69 94 16 63 91 68 60 61 16 84 34 9 96 78 13 15 89 77 25 56 93 47 89 25 56 27 29 94 
62 72 61 32 4 64 37 13 95 72 13 44 52 33 15 95 16 33 33 82 28 52 32 84 92 88 94 97 16 6 93 69 80 72 72 45 51 58 39 68 54 1 13 69 90 28 71 77 24 20 70 36 29 66 25 74 36 26 0 98 99 32 22 69 44 65 98 86 20 3 4 23 75 33 87 43 16 70 20 65 37 62 36 50 42 42 92 13 3 11 88 48 66 90 72 41 3 87 76 15 
76 38 56 61 90 13 87 19 27 72 76 89 67 67 8 55 46 82 96 72 93 69 0 56 82 29 83 2 81 46 88 56 14 48 8 73 25 38 96 63 90 70 63 12 22 32 46 96 77 43 93 70 79 72 72 43 5 29 98 0 30 7 60 56 31 75 45 21 2 99 28 97 52 94 51 45 78 28 66 20 41 8 19 42 33 22 2 35 90 66 47 11 26 33 54 58 29 21 94 47 
93 12 59 13 1 61 60 51 54 92 82 47 91 36 14 36 32 22 80 7 40 31 32 33 47 41 47 10 38 13 10 17 1 84 87 17 70 96 97 34 9 0 51 4 73 84 14 96 91 73 82 13 98 65 64 36 9 63 99 30 0 25 14 59 5 16 60 17 74 53 37 11 47 98 74 71 67 22 35 79 67 22 8 44 98 83 97 34 88 9 29 77 98 95 98 9 8 33 91 75 
41 13 2 26 30 24 45 83 85 60 46 50 70 23 96 12 76 35 81 37 29 98 14 68 20 91 66 25 3 44 85 83 99 34 27 17 32 46 77 22 3 68 37 9 76 61 57 31 71 77 53 82 78 44 17 5 24 94 32 7 25 0 17 96 2 15 11 3 9 78 6 14 66 37 27 45 45 26 3 89 0 73 10 35 14 3 99 30 45 51 47 28 40 43 47 15 74 64 14 18 
65 26 80 43 92 59 24 78 69 64 49 82 42 63 21 26 71 30 48 26 46 1 67 12 54 61 73 8 8 94 5 17 68 83 25 20 99 37 35 79 83 26 57 16 66 80 73 66 85 19 58 49 55 4 40 51 56 41 22 60 14 17 0 3 38 29 55 11 51 42 41 12 83 43 30 55 8 24 35 60 41 34 78 48 42 52 25 67 74 51 41 79 32 74 52 16 74 58 67 34 
23 65 7 74 33 8 43 81 77 77 83 33 44 44 59 43 6 15 85 38 93 67 57 86 94 37 75 63 88 38 49 42 92 74 41 94 83 21 9 23 80 43 30 63 9 72 55 90 26 1 27 77 87 78 84 54 20 19 69 56 59 96 3 0 3 18 96 14 83 79 24 25 94 95 68 11 5 24 55 69 13 61 68 45 73 85 26 14 28 55 97 50 6 80 1 85 5 11 13 35 
62 25 28 6 3 31 50 12 93 8 45 74 61 72 32 26 77 79 71 80 84 75 54 48 30 69 17 1 17 70 56 83 42 82 71 72 0 99 26 30 57 56 21 1 37 75 73 48 90 79 16 26 31 48 15 24 77 52 44 31 5 2 38 3 0 35 26 21 88 72 51 72 28 98 4 38 16 72 59 7 66 36 69 18 32 5 70 13 27 39 36 55 66 91 72 95 80 78 96 51 
17 23 89 9 36 83 78 12 19 42 16 44 98 12 63 55 91 16 46 30 28 37 82 1 78 33 52 76 67 82 62 49 9 41 83 44 78 90 30 57 62 13 11 31 88 81 30 24 1 25 9 63 40 83 91 79 14 14 65 75 16 15 29 18 35 0 14 81 41 75 89 44 1 8 29 90 83 51 89 50 30 41 0 11 24 29 39 95 97 67 42 15 49 15 62 20 3 79 12 22 
67 94 83 33 99 11 95 81 81 71 3 32 95 93 34 62 23 95 86 67 86 36 76 23 35 62 62 44 66 86 31 0 49 13 77 41 52 54 73 49 75 15 23 86 34 13 56 15 42 57 31 86 62 56 51 5 1 75 98 45 60 11 55 96 26 14 0 80 86 72 84 89 74 95 53 67 61 1 46 90 77 8 5 59 70 16 50 46 46 51 83 34 85 71 23 48 66 41 56 20 
42 2 48 3 63 74 5 16 30 10 31 84 53 42 38 75 49 81 97 26 75 20 70 99 71 1 99 24 69 14 27 63 7 8 55 36 11 98 60 61 62 98 20 5 2 99 57 36 88 48 6 76 79 81 66 17 35 59 86 21 17 3 11 14 21 81 80 0 41 22 33 93 93 40 80 53 18 3 13 28 22 35 20 5 50 37 32 80 35 85 52 43 92 78 6 38 73 89 90 0 
93 35 24 12 45 12 61 52 89 7 32 83 15 55 95 83 37 24 87 50 78 22 53 22 58 96 28 26 2 62 36 0 12 11 99 58 96 60 0 73 33 10 15 44 36 60 97 85 86 55 23 61 16 43 96 72 48 76 20 2 74 9 51 83 88 41 86 41 0 38 1 80 35 3 45 50 82 88 93 22 94 60 71 88 61 62 10 47 94 87 38 48 23 42 19 45 53 98 48 12 
66 2 64 65 74 0 47 71 19 94 67 5 55 34 49 68 33 31 69 3 18 55 27 77 14 7 81 75 76 17 75 74 6 89 43 42 70 78 97 17 71 57 24 44 51 53 22 33 0 34 28 97 88 32 5 86 93 18 3 99 53 78 42 79 72 75 72 22 38 0 99 97 5 60 96 85 82 61 3 65 96 12 39 6 18 6 97 67 12 77 25 21 21 17 41 75 19 65 2 70 
38 44 7 53 13 41 29 63 68 80 58 62 85 70 78 81 40 71 17 42 33 41 48 54 21 31 97 36 90 85 76 49 6 54 69 44 71 61 84 46 74 62 64 25 74 54 62 57 43 26 70 37 67 49 72 27 26 26 4 28 37 6 41 24 51 89 84 33 1 99 0 27 67 42 52 62 57 60 99 23 54 38 23 47 4 77 58 42 37 20 49 87 33 13 68 6 67 84 74 59 
66 60 70 2 65 31 12 42 89 45 48 27 85 36 10 1 36 89 35 75 36 50 93 6 85 92 74 80 75 33 91 10 29 88 11 88 60 37 91 30 11 60 35 12 32 53 55 27 65 54 27 41 23 12 83 86 48 54 23 97 11 14 12 25 72 44 89 93 80 97 27 0 52 91 91 61 82 79 79 44 20 87 18 5 89 11 69 89 68 62 60 86 39 90 25 88 99 31 21 84 
71 20 9 84 73 57 31 47 62 6 24 47 31 74 6 28 13 8 2 91 17 47 75 81 1 93 18 96 4 9 54 38 41 8 61 73 84 62 16 89 17 37 39 63 54 56 30 90 31 66 32 89 96 5 27 35 73 69 75 52 47 66 83 94 28 1 74 93 35 5 67 52 0 76 29 4 82 23 3 90 34 60 80 90 53 34 74 51 9 0 9 68 26 76 2 1 79 93 95 66 
69 8 10 19 3 7 1 30 22 64 39 77 81 91 19 38 17 25 97 37 24 47 36 48 34 83 53 76 83 24 30 85 52 27 71 26 36 69 41 33 41 62 86 98 19 26 50 29 4 64 16 15 67 61 30 15 51 94 33 94 98 37 43 95 98 8 95 40 3 60 42 91 76 0 90 6 89 46 31 11 26 82 54 93 84 49 30 39 35 52 73 89 31 1 55 89 63 77 15 46 
95 5 28 56 43 99 73 79 70 56 85 96 73 96 2 92 93 61 27 22 86 59 84 86 91 19 59 19 93 40 85 42 67 58 13 12 83 67 2 73 78 39 6 97 97 3 17 45 27 52 75 64 90 94 2 53 83 16 87 51 74 27 30 68 4 29 53 80 45 96 52 91 29 90 0 47 81 91 66 78 68 66 60 82 21 66 91 55 75 69 35 5 61 4 15 93 40 51 89 77 
73 84 74 64 51 46 54 38 39 96 44 82 15 73 54 36 54 62 28 32 9 82 12 80 97 87 59 21 31 87 87 75 56 88 36 90 48 55 41 15 83 50 85 91 35 48 65 89 44 18 2 52 42 11 20 59 82 63 43 45 71 45 55 11 38 90 67 53 50 85 62 61 4 6 47 0 27 20 74 27 73 76 61 13 66 27 41 35 48 76 57 58 36 16 43 33 11 89 68 52 
11 24 4 61 1 6 60 37 64 14 80 66 93 88 74 30 54 24 81 0 33 92 45 80 88 54 90 28 82 55 94 22 29 14 4 52 16 1 32 67 63 17 55 94 93 13 59 54 51 11 90 47 86 65 16 63 68 91 16 78 67 45 8 5 16 83 61 18 82 82 57 82 82 89 81 27 0 43 87 7 21 45 52 34 57 28 39 28 18 60 68 31 56 31 62 48 21 6 34 33 
73 67 10 88 84 56 50 25 58 49 75 4 85 48 2 63 71 72 25 41 18 65 66 9 16 79 44 41 66 56 61 6 40 7 92 66 36 56 96 25 30 59 71 76 51 98 86 79 57 28 48 8 28 80 22 43 59 68 70 28 22 26 24 24 72 51 1 3 88 61 60 79 23 46 91 20 43 0 5 54 66 56 75 10 64 62 26 33 98 84 83 32 28 87 9 37 93 25 2 16 
10 7 70 75 1 50 47 76 59 93 86 70 46 71 56 46 54 52 41 50 70 24 95 29 42 16 98 43 54 36 17 82 31 78 95 11 32 91 28 9 34 43 41 22 90 25 8 13 86 28 33 52 94 63 30 18 48 60 20 66 35 3 35 55 59 89 46 13 93 3 99 79 3 31 66 74 87 5 0 81 78 22 26 83 31 96 36 29 38 61 7 69 22 61 61 33 17 85 34 50 
57 38 9 70 32 7 16 8 68 59 89 10 91 90 15 50 17 39 86 94 15 9 12 49 82 57 82 42 33 53 10 19 54 47 2 55 30 30 50 47 88 75 4 7 46 8 31 48 92 48 89 49 62 49 6 29 33 61 65 20 79 89 60 69 7 50 90 28 22 65 23 44 90 11 78 27 7 54 81 0 5 49 32 46 25 37 12 72 53 36 16 21 79 66 98 79 71 10 69 43 
91 43 40 7 89 0 54 3 50 79 29 27 87 6 24 36 43 3 14 38 49 30 79 86 48 20 8 96 6 67 20 23 81 9 64 22 64 11 54 54 87 36 77 10 17 98 50 42 3 52 1 17 60 92 13 65 50 16 37 41 67 0 41 13 66 30 77 22 94 96 54 20 34 26 68 73 21 66 78 5 0 36 53 98 19 23 45 21 97 94 63 80 91 31 82 19 41 23 3 30 
53 38 43 84 62 57 2 21 52 10 1 43 33 44 30 0 43 65 22 90 54 85 6 72 43 86 4 28 12 47 62 35 61 43 67 52 14 76 34 79 51 58 18 32 26 74 73 33 25 95 85 49 10 20 84 3 39 84 62 8 22 73 34 61 36 41 8 35 60 12 38 87 60 82 66 76 45 56 22 49 36 0 6 72 10 89 94 98 9 37 10 32 26 34 47 12 72 74 58 81 
50 47 90 58 24 78 55 66 97 10 33 39 67 21 47 21 31 24 87 36 50 42 18 79 91 82 60 91 7 78 49 88 83 18 35 49 67 39 13 13 85 40 29 27 60 13 13 94 58 61 91 86 87 82 49 28 68 34 36 19 8 10 78 68 69 0 5 20 71 39 23 18 80 54 60 61 52 75 26 32 53 6 0 31 89 71 48 6 36 2 30 8 55 48 1 98 4 5 10 96 
52 97 95 80 29 40 15 72 37 46 7 14 55 18 35 37 35 46 85 67 41 29 30 35 12 22 26 58 66 48 88 56 2 89 83 18 51 46 11 78 44 30 32 68 56 85 75 69 42 67 39 15 49 11 67 66 77 9 50 42 44 35 48 45 18 11 59 5 88 6 47 5 90 93 82 13 34 10 83 46 98 72 31 0 38 83 0 85 9 18 29 52 86 30 64 63 94 10 31 74 
20 44 82 9 15 49 52 73 33 73 96 43 47 62 76 75 5 23 24 24 25 43 11 66 46 77 28 36 18 57 96 54 31 44 90 52 96 58 64 63 56 21 11 49 6 82 45 51 67 85 1 33 90 55 27 41 62 96 42 33 98 14 42 73 32 24 70 50 61 18 4 89 53 84 21 66 57 64 31 25 19 10 89 38 0 55 58 86 36 39 98 71 46 36 22 14 80 17 62 43 
49 67 92 64 62 27 56 77 25 84 60 15 78 0 77 90 11 55 13 48 9 56 88 18 51 54 10 53 45 99 69 28 7 43 13 89 65 5 49 93 34 94 18 76 41 71 71 11 74 44 38 73 36 74 44 30 54 78 42 22 83 3 52 85 5 29 16 37 62 6 77 11 34 49 66 27 28 62 96 37 23 89 71 83 55 0 86 70 95 63 88 82 46 12 56 15 7 98 65 51 
22 17 70 5 21 42 5 19 1 14 98 74 17 51 82 0 5 30 20 6 55 19 20 8 70 54 26 57 97 11 30 91 72 35 79 20 14 11 90 96 56 55 46 83 51 29 33 15 32 86 45 26 50 3 64 12 55 13 92 2 97 99 25 26 70 39 50 32 10 97 58 69 74 30 91 41 39 26 36 12 45 94 48 0 58 86 0 85 38 40 47 71 65 29 98 9 9 99 38 49 
65 71 52 59 21 95 44 89 75 95 99 47 96 98 29 0 99 68 44 91 91 60 99 45 7 37 59 86 47 44 45 66 75 48 84 59 58 28 92 94 66 69 23 73 38 26 55 97 64 25 33 5 9 10 28 45 70 15 13 35 34 30 67 14 13 95 46 80 47 67 42 89 51 39 55 35 28 33 29 72 21 98 6 85 86 70 85 0 77 30 45 84 95 25 81 34 94 33 71 36 
43 49 11 28 53 16 27 54 32 52 8 88 4 62 11 53 76 10 7 15 43 65 12 79 48 16 53 68 13 77 55 14 77 14 95 9 33 44 32 48 76 14 14 52 42 7 51 11 97 58 7 76 69 94 26 41 45 89 3 90 88 45 74 28 27 97 46 35 94 12 37 68 9 35 75 48 18 98 38 53 97 9 36 9 36 95 38 77 0 4 46 59 94 83 8 55 75 31 48 6 
62 17 15 75 45 9 72 58 3 81 87 45 0 54 80 2 17 18 28 90 83 65 88 67 52 18 54 91 12 1 51 70 96 28 19 95 52 23 13 5 89 28 75 83 50 8 24 52 30 61 94 57 23 85 75 3 20 77 11 66 9 51 51 55 39 67 51 85 87 77 20 62 0 52 69 76 60 84 61 36 94 37 2 18 39 63 40 30 4 0 87 65 81 50 10 84 34 39 15 35 
89 59 12 98 54 19 28 74 29 51 69 67 90 57 70 12 33 59 62 81 17 74 52 34 18 21 79 75 81 44 3 90 28 96 2 12 82 31 95 44 2 61 90 7 68 54 73 74 12 30 33 40 21 86 46 6 77 25 88 47 29 47 41 97 36 42 83 52 38 25 49 60 9 73 35 57 68 83 7 16 63 10 30 29 98 88 47 45 46 87 0 93 65 62 99 9 84 11 49 52 
52 10 16 16 17 39 54 63 77 84 34 19 52 75 79 56 65 35 64 83 88 33 55 65 28 83 55 15 47 43 50 16 57 39 45 42 21 70 82 1 58 42 30 79 74 81 53 66 64 59 10 78 55 58 81 9 75 56 48 11 77 28 79 50 55 15 34 43 48 21 87 86 68 89 5 58 31 32 69 21 80 32 8 52 71 82 71 84 59 65 93 0 56 28 78 63 56 18 28 75 
4 72 3 62 68 94 60 86 44 61 33 65 14 54 33 97 14 51 22 44 58 46 43 1 18 67 32 34 13 85 44 10 30 39 75 85 20 41 42 60 90 28 62 89 4 81 54 20 80 29 14 97 10 73 26 46 61 93 66 26 98 40 32 6 66 49 85 92 23 21 33 39 26 31 61 36 56 28 22 79 91 26 55 86 46 46 65 95 94 81 65 56 0 57 35 48 95 93 10 26 
74 13 42 84 29 26 10 24 77 25 79 22 59 27 86 58 31 58 36 14 96 77 76 8 79 79 45 64 27 67 27 87 15 27 10 4 8 30 67 82 52 34 87 23 65 78 60 43 26 31 29 14 3 34 92 65 19 47 90 33 95 43 74 80 91 15 71 78 42 17 13 90 76 1 4 16 31 87 61 66 31 34 48 30 36 12 29 25 83 50 62 28 57 0 26 41 99 92 73 87 
83 36 23 14 78 97 86 29 41 55 52 78 32 95 14 91 95 65 31 81 21 91 16 54 53 95 18 45 36 37 86 0 16 35 58 75 58 3 72 57 57 52 76 38 68 85 5 87 15 92 95 10 3 72 28 2 47 89 72 54 98 47 52 1 72 62 23 6 19 41 68 25 2 55 15 43 62 9 61 98 82 47 1 64 22 56 98 81 8 10 99 78 35 26 0 10 67 14 90 5 
72 95 96 47 42 62 83 26 73 44 28 64 13 80 25 49 75 99 3 88 17 39 43 68 14 27 51 81 74 88 73 13 89 89 82 67 39 61 6 11 9 35 88 23 71 42 11 64 23 27 16 54 52 96 33 5 52 25 41 58 9 15 16 85 95 20 48 38 45 75 6 88 1 89 93 33 48 37 33 79 19 12 98 63 14 15 9 34 55 84 9 63 48 41 10 0 52 22 36 68 
3 67 32 42 86 59 89 70 57 9 59 88 61 45 50 5 40 28 75 92 49 59 22 56 47 92 4 4 80 16 73 90 11 78 29 34 96 90 89 60 69 80 68 9 3 91 60 44 29 10 19 72 90 15 47 82 20 56 3 29 8 74 74 5 80 3 66 73 53 19 67 99 79 63 40 11 21 93 17 71 41 72 4 94 80 7 9 94 75 34 84 56 95 99 67 52 0 51 47 87 
68 43 70 99 56 26 88 48 8 0 56 30 51 88 96 80 6 70 75 42 30 44 47 59 79 17 16 20 58 3 31 98 94 68 3 55 21 93 28 64 83 28 92 94 28 51 90 20 18 90 74 51 35 14 23 20 20 27 87 21 33 64 58 11 78 79 41 89 98 65 84 31 93 77 51 89 6 25 85 10 23 74 5 10 17 98 99 33 31 39 11 18 93 92 14 22 51 0 20 74 
77 26 67 64 52 51 69 49 23 25 58 81 33 81 6 60 84 44 83 9 0 0 64 53 8 82 30 68 65 6 5 57 51 73 90 82 24 82 66 9 11 11 75 85 61 14 44 93 4 86 6 85 88 31 33 23 29 29 76 94 91 14 67 13 96 12 56 90 48 2 74 21 95 15 89 68 34 2 34 69 3 58 10 31 62 65 38 71 48 15 49 28 10 73 90 36 47 20 0 11 
37 94 35 60 38 37 68 14 71 1 17 95 57 52 62 46 79 53 37 28 46 47 81 95 25 72 87 39 11 61 74 55 52 86 89 55 21 60 94 63 10 66 44 95 53 19 13 73 43 97 76 18 92 78 52 45 49 94 15 47 75 18 34 35 51 22 20 0 12 70 59 84 66 46 77 52 33 16 50 43 30 81 96 74 43 51 49 36 6 35 52 75 26 87 5 68 87 74 11 0 
0 86 54 0 62 44 60 8 54 86 86 32 49 17 92 13 60 60 4 32 86 85 2 70 24 18 56 58 89 66 82 10 93 50 86 17 43 46 56 31 83 75 63 1 52 0 99 23 88 25 55 40 70 62 72 28 93 65 55 65 79 67 96 98 16 4 14 8 81 30 61 85 92 26 75 47 53 63 30 61 18 32 82 59 79 35 64 56 47 83 29 82 34 13 83 60 88 98 18 97 
86 0 94 46 51 11 44 51 2 84 75 70 16 88 9 26 92 51 25 73 81 8 32 56 0 7 28 21 54 23 69 94 9 51 58 80 41 86 56 39 99 60 46 66 41 20 34 43 9 18 67 12 36 72 12 40 94 61 60 0 67 83 99 99 74 76 76 29 48 85 18 51 67 56 49 18 11 79 34 76 93 39 83 29 48 69 3 97 42 25 0 17 99 6 74 68 46 43 4 1 
54 94 0 19 50 23 83 41 27 63 22 39 99 91 19 57 59 56 89 10 3 1 87 93 37 83 58 95 76 27 89 37 93 84 68 25 39 91 88 11 88 98 12 93 76 53 74 76 1 7 74 74 45 40 89 94 11 55 25 98 63 14 41 33 86 2 79 50 0 81 81 7 50 70 57 77 48 53 11 80 97 45 18 35 19 86 92 43 95 92 51 22 29 95 45 21 41 87 34 98 
0 46 19 0 29 23 53 35 41 55 36 15 5 32 11 28 0 14 13 6 88 33 51 91 41 55 42 71 11 70 9 76 61 11 28 99 28 52 57 80 36 54 3 75 52 87 0 35 47 56 14 90 68 50 15 45 32 89 94 14 44 80 98 39 42 60 21 11 19 47 41 27 93 51 47 59 80 89 80 98 22 77 2 75 11 23 40 63 25 86 12 80 78 25 90 75 79 89 70 37 
62 51 50 29 0 39 69 51 95 42 70 7 38 84 97 4 69 30 38 9 63 77 40 24 1 5 68 35 23 13 22 67 80 27 78 82 21 23 52 40 76 10 91 82 40 21 74 27 89 29 83 56 76 99 44 52 50 1 55 36 44 51 14 31 89 13 75 25 8 96 38 17 59 76 41 31 98 61 76 69 6 8 8 21 37 89 35 5 3 96 56 58 77 6 27 27 96 37 83 88 
44 11 23 23 39 0 65 64 67 54 45 81 83 58 95 22 96 59 93 58 59 86 71 86 24 27 49 38 26 62 5 79 92 51 41 95 73 56 42 39 20 33 66 42 7 93 78 91 25 96 6 39 98 48 47 4 71 14 3 89 58 73 97 4 68 49 88 70 39 63 33 73 57 53 2 33 38 15 29 8 58 97 64 8 88 45 29 30 20 89 42 88 99 49 68 42 76 41 80 48 
60 44 83 53 69 65 0 49 62 92 4 87 19 99 69 94 27 81 26 66 34 9 78 97 66 87 15 21 49 2 33 12 63 3 16 54 20 14 80 15 18 78 41 35 97 28 98 0 91 74 77 69 10 75 24 18 33 38 13 47 3 26 22 98 11 47 52 35 51 52 30 86 30 47 39 76 97 34 1 8 4 26 6 34 53 41 13 26 44 21 70 54 16 56 26 26 48 19 81 59 
8 51 41 35 51 64 49 0 99 18 69 87 22 27 32 54 15 0 48 45 47 4 51 81 77 22 97 14 47 53 47 47 57 79 41 47 70 51 86 57 99 58 57 67 20 38 21 37 96 72 10 17 72 85 60 35 93 9 22 19 70 80 93 76 28 24 43 19 53 30 15 38 61 92 4 87 17 35 98 61 34 94 80 69 47 31 93 44 23 12 17 43 47 15 16 82 93 5 6 38 
54 2 27 41 95 67 62 99 0 68 47 90 34 38 40 73 56 31 1 89 80 56 78 40 2 43 29 1 83 22 87 61 59 69 2 26 69 77 8 23 49 98 32 62 76 26 73 14 75 52 22 52 84 21 99 19 20 31 63 42 74 25 94 2 66 22 70 82 75 1 12 40 48 19 39 79 60 4 25 89 8 43 3 61 86 92 11 42 94 43 67 99 47 75 95 57 31 39 43 28 
86 84 63 55 42 54 92 18 68 0 56 56 54 16 87 7 32 62 65 34 91 69 40 6 79 19 67 18 70 71 89 51 17 23 65 61 46 29 13 79 86 46 77 35 79 76 18 96 79 54 32 42 46 59 98 41 24 94 31 37 91 58 1 52 60 79 21 11 36 61 73 70 2 83 77 69 25 98 77 18 76 18 21 61 96 64 79 89 36 77 9 92 98 0 75 23 19 58 50 19 
86 75 22 36 70 45 4 69 47 56 0 34 10 49 18 30 30 52 15 42 77 68 55 16 3 59 84 90 33 86 53 74 77 12 6 27 10 8 2 9 23 56 25 1 0 26 53 93 14 54 89 82 47 66 91 36 17 49 1 86 79 60 65 23 43 91 56 9 65 40 87 45 43 49 85 99 4 59 90 59 47 40 37 50 45 9 66 65 7 95 54 33 18 24 73 3 49 75 62 60 
32 70 39 15 7 81 87 87 90 56 34 0 13 84 4 36 84 38 67 5 60 92 14 6 76 38 67 42 87 83 84 81 93 4 62 68 76 11 59 2 39 84 0 9 17 87 42 29 13 20 83 47 97 72 77 23 17 0 82 84 41 24 8 33 36 49 13 0 2 34 11 41 12 26 5 48 92 46 52 95 91 97 81 99 50 6 62 67 61 27 7 92 92 53 52 55 85 77 76 41 
49 16 99 5 38 83 19 22 34 54 10 13 0 37 75 33 98 29 12 79 24 14 89 55 70 0 15 58 10 42 26 44 33 0 74 8 1 19 52 76 1 47 57 39 96 14 4 0 5 37 66 11 54 76 89 19 72 45 38 44 95 2 0 73 76 91 42 64 15 63 30 34 61 12 87 18 50 25 45 17 59 84 12 16 71 39 58 91 34 27 86 28 75 91 81 30 67 92 96 83 
17 88 91 32 84 58 99 27 38 16 49 84 37 0 11 9 35 65 17 70 53 79 14 49 69 89 26 19 27 67 93 54 69 92 72 77 8 78 8 9 74 57 87 83 92 77 17 92 7 55 78 93 94 83 12 44 38 59 3 26 4 55 73 18 59 33 19 73 10 66 80 39 36 29 15 18 74 8 51 82 5 46 95 28 56 87 79 29 52 84 79 12 46 33 65 38 59 99 11 50 
92 9 19 11 97 95 69 32 40 87 18 4 75 11 0 38 67 3 13 57 32 83 28 97 92 36 53 42 18 82 90 51 16 25 60 28 59 79 39 4 13 81 77 70 61 46 51 76 1 21 12 57 21 63 89 20 79 3 75 22 92 39 80 46 93 15 59 29 73 84 21 17 53 96 27 9 95 63 56 93 23 92 50 41 40 7 3 55 84 74 66 65 77 75 54 0 39 89 59 91 
13 26 57 28 4 22 94 54 73 7 30 36 33 9 38 0 37 59 1 14 98 0 34 60 16 99 64 90 31 31 4 79 30 52 26 65 16 73 41 27 1 76 67 8 94 86 20 68 0 39 90 87 46 90 32 75 11 18 34 86 37 80 50 24 31 10 70 10 61 30 7 30 49 87 92 76 77 18 71 15 26 85 9 68 26 70 70 82 0 36 46 88 2 71 42 78 90 58 87 56 
60 92 59 0 69 96 27 15 56 32 30 84 98 35 67 37 0 26 50 23 10 75 17 33 60 5 6 78 15 35 6 76 66 98 6 52 93 74 40 96 83 93 82 9 40 63 22 4 80 59 53 99 87 51 73 67 4 48 17 48 76 48 4 67 18 92 60 20 86 66 7 84 52 21 13 47 10 94 65 70 71 3 74 35 54 0 12 26 6 93 0 65 60 68 27 36 81 47 8 71 
60 51 56 14 30 59 81 0 31 62 52 38 29 65 3 59 26 0 25 84 41 64 38 39 33 60 88 85 74 55 43 77 90 87 79 56 7 63 74 99 79 60 48 19 80 33 13 40 39 15 31 31 23 94 86 26 58 36 40 29 13 93 99 36 86 7 8 78 12 8 1 60 59 13 9 30 17 20 2 14 27 70 45 89 82 34 21 58 17 57 88 30 61 72 78 23 41 84 76 61 
4 25 89 13 38 93 26 48 1 65 15 67 12 17 13 1 50 25 0 85 37 73 28 36 73 52 87 10 73 92 27 4 46 99 57 44 27 68 46 58 59 84 88 87 62 12 74 30 60 60 85 5 11 55 64 27 37 91 65 35 25 66 97 21 31 53 57 61 87 70 38 74 65 89 1 43 37 65 87 44 87 6 25 41 34 57 40 77 30 34 60 61 8 21 35 14 76 90 84 66 
32 73 10 6 9 58 66 45 89 34 42 5 79 70 57 14 23 84 85 0 8 26 76 37 31 27 99 98 77 84 68 1 15 78 0 53 44 72 84 20 77 23 64 97 4 54 18 64 49 0 35 38 31 42 21 24 45 32 57 56 22 83 99 58 81 69 62 19 53 84 38 51 65 93 20 51 15 6 15 63 70 1 90 91 78 14 86 82 88 97 61 70 16 26 29 86 39 60 0 50 
86 81 3 88 63 59 34 47 80 91 77 60 24 53 32 98 10 41 37 8 0 94 20 32 83 49 44 56 69 46 69 56 59 24 43 63 8 27 82 64 51 42 84 93 30 69 0 82 23 74 92 86 57 10 40 61 82 2 9 11 23 49 57 39 71 97 39 7 42 11 5 90 41 45 33 93 53 2 4 40 30 75 82 50 45 84 65 7 31 88 0 70 53 88 35 71 3 42 60 54 
85 8 1 33 77 86 9 4 56 69 68 92 14 79 83 0 75 64 73 26 94 0 57 0 53 90 40 85 94 82 99 96 4 22 19 78 5 27 44 7 68 70 51 2 5 40 89 51 15 54 62 4 21 78 27 73 89 77 24 26 52 66 39 31 44 94 50 65 82 85 95 74 17 12 66 6 67 2 88 97 35 20 30 82 60 68 76 51 70 34 89 12 53 45 39 89 21 32 3 27 
2 32 87 51 40 71 78 51 78 40 55 14 89 14 28 34 17 38 28 76 20 57 0 65 25 29 37 70 91 15 44 51 14 27 12 27 2 40 35 38 48 9 6 51 25 31 40 87 60 23 89 25 46 85 32 99 91 76 80 66 6 61 79 48 67 51 9 36 27 71 12 11 71 46 47 93 5 28 34 12 85 55 78 25 24 93 29 71 10 69 86 58 58 18 79 0 56 63 73 23 
70 56 93 91 24 86 97 81 40 6 16 6 55 49 97 60 33 39 36 37 32 0 65 0 67 51 36 1 28 70 40 57 7 28 49 77 83 41 51 32 31 44 33 25 7 90 47 16 29 67 8 80 63 83 91 83 8 78 5 57 41 0 83 5 56 49 8 50 15 28 23 9 63 54 2 81 37 53 18 80 1 3 61 27 44 63 30 38 42 89 22 27 13 21 39 65 83 49 67 79 
24 0 37 41 1 24 66 77 2 79 3 76 70 69 92 16 60 33 73 31 83 53 25 67 0 87 73 56 8 0 37 76 74 94 25 39 24 85 4 24 91 59 12 91 77 78 22 38 12 47 8 28 32 98 92 31 6 18 79 55 34 45 89 47 50 77 87 18 12 52 67 74 61 57 75 68 28 42 0 98 43 17 29 39 24 42 16 37 52 64 61 22 40 92 43 39 45 64 34 85 
18 7 83 55 5 27 87 22 43 19 59 38 0 89 36 99 5 60 52 27 49 90 29 51 87 0 75 92 91 93 34 58 92 87 58 1 53 94 12 9 61 40 5 8 76 16 51 73 7 54 59 24 50 21 40 22 10 13 79 86 78 34 72 71 96 46 28 90 0 63 90 40 83 83 5 5 64 8 49 84 3 48 16 76 54 54 51 9 17 96 51 8 6 1 81 10 66 36 1 41 
56 28 58 42 68 49 15 97 29 67 84 67 15 26 53 64 6 88 87 99 44 40 37 36 73 75 0 51 83 51 50 70 91 12 61 22 48 85 40 83 2 48 88 31 13 16 36 68 29 11 35 75 30 89 5 43 81 10 93 52 95 40 47 93 25 74 53 52 9 71 90 75 84 83 55 36 74 41 72 70 16 66 23 76 96 19 9 62 11 31 18 96 69 51 87 51 37 17 63 80 
58 21 95 71 35 38 21 14 1 18 90 42 58 19 42 90 78 85 10 98 56 85 70 1 56 92 51 0 77 48 79 64 12 82 71 96 21 97 34 62 22 78 66 7 63 95 2 44 42 83 51 24 19 63 57 70 89 52 49 5 50 98 15 41 95 34 34 48 95 65 8 88 10 11 63 55 45 95 80 59 19 35 88 96 72 88 77 98 53 49 2 29 60 69 12 54 24 19 49 97 
89 54 76 11 23 26 49 47 83 70 33 87 10 27 18 31 15 74 73 77 69 94 91 28 8 91 83 77 0 50 92 23 47 47 59 33 5 94 91 20 33 26 48 69 47 13 17 99 18 66 76 68 25 18 2 30 68 32 27 57 30 79 5 6 7 80 76 24 74 81 91 20 77 34 91 32 87 45 20 85 61 78 23 49 95 45 36 20 25 89 37 0 0 70 16 41 52 34 67 54 
66 23 27 70 13 62 2 53 22 71 86 83 42 67 82 31 35 55 92 84 46 82 15 70 0 93 51 48 50 0 39 40 88 11 34 23 32 34 54 17 25 88 13 79 18 87 55 76 71 2 17 16 11 26 14 42 69 9 83 94 13 32 90 76 0 0 83 85 78 53 29 41 30 42 10 5 48 56 72 52 14 73 91 2 41 73 70 65 87 24 91 60 19 50 3 60 58 6 7 79 
82 69 89 9 22 5 33 47 87 89 53 84 26 93 90 4 6 43 27 68 69 99 44 40 37 34 50 79 92 39 0 65 82 98 18 52 43 35 13 63 28 20 79 82 2 34 22 56 51 35 96 77 91 76 33 76 77 62 7 89 41 88 56 30 27 64 68 47 67 11 68 6 44 49 65 4 72 95 1 66 36 21 93 63 73 70 79 47 50 77 88 74 92 3 37 29 23 67 72 18 
10 94 37 76 67 79 12 47 61 51 74 81 44 54 51 79 76 77 4 1 56 96 51 57 76 58 70 64 23 40 65 0 43 19 3 51 19 66 2 78 25 26 45 54 75 82 33 99 6 24 23 38 12 2 94 34 36 86 53 70 55 87 44 43 72 69 53 33 65 84 23 84 96 54 29 82 18 65 86 29 87 79 68 47 34 91 32 7 25 51 12 3 8 3 90 69 9 27 52 18 
93 9 93 61 80 92 63 57 59 17 77 93 33 69 16 30 66 90 46 15 59 4 14 7 74 92 91 12 47 88 82 43 0 92 93 99 35 26 81 11 1 15 70 48 86 18 24 0 79 49 66 70 1 14 79 82 38 65 17 88 58 35 41 41 18 2 28 67 27 43 7 31 73 69 65 41 10 59 52 77 65 60 39 8 48 86 79 75 74 44 82 7 99 80 80 97 38 77 11 57 
50 51 84 11 27 51 3 79 69 23 12 4 0 92 25 52 98 87 99 78 24 22 27 28 94 87 12 82 47 11 98 19 92 0 0 58 8 3 94 9 50 37 94 48 16 12 30 92 73 85 54 63 6 7 0 70 34 38 23 95 22 82 10 89 47 9 13 29 6 64 15 62 4 91 26 67 90 44 17 26 90 7 14 89 66 55 6 98 49 23 20 37 57 94 88 18 52 94 83 21 
86 58 68 28 78 41 16 41 2 65 6 62 74 72 60 26 6 79 57 0 43 19 12 49 25 58 61 71 59 34 18 3 93 0 0 34 70 91 78 35 2 85 56 30 47 40 50 40 27 97 27 82 6 54 91 98 23 52 82 18 43 68 83 3 7 59 24 11 40 56 6 64 62 3 96 47 85 0 11 75 39 37 17 87 88 23 14 60 35 71 39 69 83 93 64 56 45 49 92 39 
17 80 25 99 82 95 54 47 26 61 27 68 8 77 28 65 52 56 44 53 63 78 27 77 39 1 22 96 33 23 52 51 99 58 34 0 22 94 65 63 19 32 95 81 24 40 20 64 44 4 24 66 25 36 72 30 65 56 11 94 32 96 13 46 45 58 99 1 65 9 34 96 33 60 67 63 12 16 47 54 87 98 85 45 12 48 48 61 93 90 35 53 72 66 44 60 25 62 91 3 
43 41 39 28 21 73 20 70 69 46 10 76 1 8 59 16 93 7 27 44 8 5 2 83 24 53 48 21 5 32 43 19 35 8 70 22 0 96 96 60 69 97 65 16 35 6 22 80 93 3 7 67 96 63 81 55 60 13 25 99 83 95 46 89 73 30 8 30 88 37 35 90 39 6 19 89 55 36 8 28 13 66 59 30 50 48 99 94 61 21 36 55 81 58 16 13 56 91 39 65 
46 86 91 52 23 56 14 51 77 29 8 11 19 78 79 73 74 63 68 72 27 27 40 41 85 94 85 97 94 34 35 66 26 3 91 94 96 0 23 58 23 64 10 29 89 41 56 45 38 50 49 32 49 49 92 86 1 64 51 22 72 64 82 41 22 46 19 23 72 81 37 12 62 14 14 91 23 51 47 98 71 70 34 82 7 9 41 52 89 46 50 8 8 58 82 58 83 66 18 89 
56 56 88 57 52 42 80 86 8 13 2 59 52 8 39 41 40 74 46 84 82 44 35 51 4 12 40 34 91 54 13 2 81 94 78 65 96 23 0 35 97 62 43 10 28 68 23 85 34 15 32 36 73 96 81 83 31 8 29 42 64 35 54 32 11 68 36 88 4 67 54 93 92 75 67 82 65 80 15 30 95 40 70 62 48 92 28 76 42 16 32 59 89 38 44 53 82 1 85 8 
31 39 11 80 40 39 15 57 23 79 9 2 76 9 4 27 96 99 58 20 64 7 38 32 24 9 83 62 20 17 63 78 11 9 35 63 60 58 35 0 41 58 64 65 60 44 89 26 82 33 32 66 6 13 97 66 78 48 90 29 82 17 38 11 76 99 21 29 31 63 79 26 36 29 50 16 83 36 12 5 38 20 14 23 81 3 43 7 30 50 48 11 90 44 11 70 64 16 36 5 
83 99 88 36 76 20 18 99 49 86 23 39 1 74 13 1 83 79 59 77 51 68 48 31 91 61 2 22 33 25 28 25 1 50 2 19 69 23 97 41 0 14 27 60 87 1 80 75 9 27 64 9 87 51 35 12 73 75 96 56 49 69 98 46 79 59 91 16 88 75 11 52 36 18 17 68 71 82 67 31 7 65 52 92 10 28 37 33 38 64 63 31 49 26 66 31 40 66 37 16 
75 60 98 54 10 33 78 58 98 46 56 84 47 57 81 76 93 60 84 23 42 70 9 44 59 40 48 78 26 88 20 26 15 37 85 32 97 64 62 58 14 0 46 59 47 63 22 54 19 61 5 81 20 80 47 62 25 41 67 16 56 46 50 35 18 16 66 86 89 93 42 6 3 85 7 79 90 47 3 25 4 35 42 91 24 91 63 63 44 41 1 79 19 81 37 47 22 6 43 97 
63 46 12 3 91 66 41 57 32 77 25 0 57 87 77 67 82 48 88 64 84 51 6 33 12 5 88 66 48 13 79 45 70 94 56 95 65 10 43 64 27 46 0 56 47 16 58 33 5 23 92 66 38 51 99 96 56 8 87 70 18 48 84 80 93 61 93 80 37 95 10 53 85 46 10 16 11 70 72 96 75 41 71 61 47 99 21 83 46 41 26 79 63 43 68 54 70 0 35 96 
1 66 93 75 82 42 35 67 62 35 1 9 39 83 70 8 9 19 87 97 93 2 51 25 91 8 31 7 69 79 82 54 48 48 30 81 16 29 10 65 60 59 56 0 44 41 50 60 61 32 64 0 72 97 80 8 64 27 7 41 42 79 16 78 77 47 6 19 16 97 21 0 96 2 47 80 32 22 77 90 98 37 22 77 45 86 12 50 43 59 59 26 91 75 76 15 66 83 88 79 
52 41 76 52 40 7 97 20 76 79 0 17 96 92 61 94 40 80 62 4 30 5 25 7 77 76 13 63 47 18 2 75 86 16 47 24 35 89 28 60 87 47 47 44 0 90 36 33 71 99 39 82 88 74 56 48 0 29 71 15 20 96 65 40 38 15 20 14 9 95 87 48 99 21 4 55 0 37 34 36 42 5 27 75 78 74 53 82 5 76 68 72 95 30 99 59 84 10 72 80 
0 20 53 87 21 93 28 38 26 76 26 87 14 77 46 86 63 33 12 54 69 40 31 90 78 16 16 95 13 87 34 82 18 12 40 40 6 41 68 44 1 63 16 41 90 0 76 74 45 51 23 50 50 34 10 90 66 70 78 72 44 31 25 80 70 75 56 22 17 24 92 90 41 14 74 63 11 1 37 46 48 2 35 27 95 78 31 48 59 37 6 89 29 8 1 4 26 26 31 29 
99 34 74 0 74 78 98 21 73 18 53 42 4 17 51 20 22 13 74 18 0 89 40 47 22 51 36 2 17 55 22 33 24 30 50 20 22 56 23 89 80 22 58 50 36 76 0 42 11 98 12 34 70 42 20 50 53 54 73 32 17 22 45 20 89 94 14 72 41 92 57 87 99 45 91 15 75 18 94 57 63 83 99 45 57 65 65 3 82 72 61 49 17 4 58 29 96 0 95 86 
23 43 76 35 27 91 0 37 14 96 93 29 0 92 76 68 4 40 30 64 82 51 87 16 38 73 68 44 99 76 56 99 0 92 40 64 80 45 85 26 75 54 33 60 33 74 42 0 57 21 93 90 85 78 43 83 69 67 73 29 68 96 16 67 0 87 59 27 2 33 57 41 89 65 92 97 65 13 5 32 70 73 24 22 37 13 62 54 65 77 70 4 25 28 21 49 78 2 6 51 
88 9 1 47 89 25 91 96 75 79 14 13 5 7 1 0 80 39 60 49 23 15 60 29 12 7 29 42 18 71 51 6 79 73 27 44 93 38 34 82 9 19 5 61 71 45 11 57 0 59 85 9 16 44 73 90 6 62 68 43 98 67 47 0 90 29 95 89 97 53 3 75 69 52 15 10 61 93 17 50 25 54 8 97 14 76 80 14 27 23 0 15 7 59 42 84 51 78 29 95 
25 18 7 56 29 96 74 72 52 54 54 20 37 55 21 39 59 15 60 0 74 54 23 67 47 54 11 83 66 2 35 24 49 85 97 4 3 50 15 33 27 61 23 32 99 51 98 21 59 0 83 2 17 48 33 15 14 20 98 52 28 96 91 86 75 95 61 16 16 7 74 40 68 59 69 93 49 76 49 25 38 55 36 73 47 56 39 91 51 43 24 91 8 50 58 24 74 39 27 59 
55 67 74 14 83 6 77 10 22 32 89 83 66 78 12 90 53 31 85 35 92 62 89 8 8 59 35 51 76 17 96 23 66 54 27 24 7 49 32 32 64 5 92 64 39 23 12 93 85 83 0 63 91 37 33 51 79 48 62 14 2 84 83 58 52 21 49 24 62 53 56 16 73 65 94 80 87 5 52 49 3 14 45 86 81 77 77 55 6 78 15 12 40 24 41 52 56 61 80 76 
40 12 74 90 56 39 69 17 52 42 82 47 11 93 57 87 99 31 5 38 86 4 25 80 28 24 75 24 68 16 77 38 70 63 82 66 67 32 36 66 9 81 66 0 82 50 34 90 9 2 63 0 37 31 50 74 79 63 7 54 89 75 19 49 6 60 19 65 44 32 1 33 58 84 0 66 2 25 25 79 59 65 14 20 67 24 81 3 72 98 43 25 37 38 8 20 90 81 42 94 
70 36 45 68 76 98 10 72 84 46 47 97 54 94 21 46 87 23 11 31 57 21 46 63 32 50 30 19 25 11 91 12 1 6 6 25 96 49 73 6 87 20 38 72 88 50 70 85 16 17 91 37 0 51 38 12 37 6 56 16 96 25 90 6 31 75 73 94 93 20 57 23 52 21 58 49 15 5 11 70 26 93 8 42 52 13 29 92 31 72 73 55 59 28 22 91 50 80 53 32 
62 72 40 50 99 48 75 85 21 59 66 72 76 83 63 90 51 94 55 42 10 78 85 83 98 21 89 63 18 26 76 2 14 7 54 36 63 49 96 13 51 80 51 97 74 34 42 78 44 48 37 31 51 0 16 26 26 9 72 15 27 46 69 19 76 34 95 94 87 82 40 88 81 88 81 9 82 99 64 97 88 15 82 70 19 35 76 98 12 80 4 78 86 81 91 36 66 43 63 18 
72 12 89 15 44 47 24 60 99 98 91 77 89 12 89 32 73 86 64 21 40 27 32 91 92 40 5 57 2 14 33 94 79 0 91 72 81 92 81 97 35 47 99 80 56 10 20 43 73 33 33 50 38 16 0 32 69 8 84 9 25 60 23 85 24 56 48 78 5 32 3 94 71 5 53 93 99 40 93 52 79 38 0 82 23 88 12 71 91 15 21 50 50 77 60 61 94 57 36 14 
28 40 94 45 52 4 18 35 19 41 36 23 19 44 20 75 67 26 27 24 61 73 99 83 31 22 43 70 30 42 76 34 82 70 98 30 55 86 83 66 12 62 96 8 48 90 50 83 90 15 51 74 12 26 32 0 90 3 57 90 36 11 91 76 62 87 8 33 11 11 78 30 28 68 9 6 25 90 4 6 19 1 78 12 54 26 63 30 62 30 64 74 20 41 90 6 37 0 32 67 
93 94 11 32 50 71 33 93 20 24 17 17 72 38 79 11 4 58 37 45 82 89 91 8 6 10 81 89 68 69 77 36 38 34 23 65 60 1 31 78 73 25 56 64 0 66 53 69 6 14 79 79 37 26 69 90 0 18 98 52 37 81 6 69 8 49 27 24 96 20 76 34 9 14 28 77 51 76 68 70 30 45 92 13 93 88 66 62 4 79 92 36 10 91 78 89 65 52 45 47 
65 61 55 89 1 14 38 9 31 94 49 0 45 59 3 18 48 36 91 32 2 77 76 78 18 13 10 52 32 9 62 86 65 38 52 56 13 64 8 48 75 41 8 27 29 70 54 67 62 20 48 63 6 9 8 3 18 0 42 61 55 14 4 84 51 77 91 4 30 34 55 97 99 75 50 40 74 72 65 71 71 9 33 70 31 76 37 66 45 48 41 26 92 90 50 3 1 93 20 73 
55 60 25 94 55 3 13 22 63 31 1 82 38 3 75 34 17 40 65 57 9 24 80 5 79 79 93 49 27 83 7 53 17 23 82 11 25 51 29 90 96 67 87 7 71 78 73 73 68 98 62 7 56 72 84 57 98 42 0 33 3 88 57 77 55 82 32 59 73 75 82 69 18 31 64 31 34 22 42 11 34 64 3 44 44 55 76 39 68 40 46 1 65 33 45 36 49 11 56 49 
65 0 98 14 36 89 47 19 42 37 86 84 44 26 22 86 48 29 35 56 11 26 66 57 55 86 52 5 57 94 89 70 88 95 18 94 99 22 42 29 56 16 70 41 15 72 32 29 43 52 14 54 16 15 9 90 52 61 33 0 70 4 15 94 32 56 44 87 7 26 62 44 51 0 58 76 27 79 93 87 74 85 13 45 2 53 48 25 62 28 65 92 25 82 96 32 81 26 54 86 
79 67 63 44 44 58 3 70 74 91 79 41 95 4 92 37 76 13 25 22 23 52 6 41 34 78 95 50 30 13 41 55 58 22 43 32 83 72 64 82 49 56 18 42 20 44 17 68 98 28 2 89 96 27 25 36 37 55 3 70 0 64 35 27 31 22 23 79 88 26 21 19 17 95 42 99 25 6 98 5 44 73 98 29 27 76 45 76 86 95 27 79 58 31 67 79 59 78 44 95 
67 83 14 80 51 73 26 80 25 58 60 24 2 55 39 80 48 93 66 83 49 66 61 0 45 34 40 98 79 32 88 87 35 82 68 96 95 64 35 17 69 46 48 79 96 31 22 96 67 96 84 75 25 46 60 11 81 14 88 4 64 0 13 71 57 43 32 73 95 90 19 85 32 62 43 20 44 37 96 10 48 76 52 45 52 38 36 55 80 3 1 42 48 96 65 3 70 9 30 36 
96 99 41 98 14 97 22 93 94 1 65 8 0 73 80 50 4 99 97 99 57 39 79 83 89 72 47 15 5 90 56 44 41 10 83 13 46 82 54 38 98 50 84 16 65 25 45 16 47 91 83 19 90 69 23 91 6 4 57 15 35 13 0 50 4 57 30 81 75 11 95 19 77 85 98 48 41 71 24 81 97 52 86 51 9 46 0 54 31 0 13 86 99 32 97 9 37 31 28 22 
98 99 33 39 31 4 98 76 2 52 23 33 73 18 46 24 67 36 21 58 39 31 48 5 47 71 93 41 6 76 30 43 41 89 3 46 89 41 32 11 46 35 80 78 40 80 20 67 0 86 58 49 6 19 85 76 69 84 77 94 27 71 50 0 4 97 53 50 61 77 23 1 92 24 7 20 13 76 92 55 54 93 82 32 19 64 0 64 53 49 80 67 97 76 18 2 50 9 16 56 
16 74 86 42 89 68 11 28 66 60 43 36 76 59 93 31 18 86 31 81 71 44 67 56 50 96 25 95 7 0 27 72 18 47 7 45 73 22 11 76 79 18 93 77 38 70 89 0 90 75 52 6 31 76 24 62 8 51 55 32 31 57 4 4 0 52 59 98 13 76 84 25 58 2 64 91 9 46 22 72 5 65 72 0 62 69 52 90 19 49 44 44 50 79 65 36 25 46 51 18 
4 76 2 60 13 49 47 24 22 79 91 49 91 33 15 10 92 7 53 69 97 94 51 49 77 46 74 34 80 0 64 69 2 9 59 58 30 46 68 99 59 16 61 47 15 75 94 87 29 95 21 60 75 34 56 87 49 77 82 56 22 43 57 97 52 0 86 99 38 98 91 30 40 66 67 18 3 43 22 39 26 49 1 19 47 48 0 30 8 42 13 2 0 74 1 26 26 6 0 24 
14 76 79 21 75 88 52 43 70 21 56 13 42 19 59 70 60 8 57 62 39 50 9 8 87 28 53 34 76 83 68 53 28 13 24 99 8 19 36 21 91 66 93 6 20 56 14 59 95 61 49 19 73 95 48 8 27 91 32 44 23 32 30 53 59 86 0 72 66 58 42 98 5 56 6 26 86 31 22 95 93 47 47 6 78 35 42 23 70 35 91 88 31 35 5 88 8 53 47 70 
8 29 50 11 25 70 35 19 82 11 9 0 64 73 29 10 20 78 61 19 7 65 36 50 18 90 52 48 24 85 47 33 67 29 11 1 30 23 88 29 16 86 80 19 14 22 72 27 89 16 24 65 94 94 78 33 24 4 59 87 79 73 81 50 98 99 72 0 21 17 23 64 61 38 16 4 56 33 38 76 52 57 83 20 96 13 53 29 81 34 72 66 1 33 62 4 99 32 66 74 
81 48 0 19 8 39 51 53 75 36 65 2 15 10 73 61 86 12 87 53 42 82 27 15 12 0 9 95 74 78 67 65 27 6 40 65 88 72 4 31 88 89 37 16 9 17 41 2 97 16 62 44 93 87 5 11 96 30 73 7 88 95 75 61 13 38 66 21 0 13 67 54 78 92 20 2 78 70 73 98 22 45 88 69 27 57 77 35 94 62 25 16 86 20 41 93 9 7 89 19 
30 85 81 47 96 63 52 30 1 61 40 34 63 66 84 30 66 8 70 84 11 85 71 28 52 63 71 65 81 53 11 84 43 64 56 9 37 81 67 63 75 93 95 97 95 24 92 33 53 7 53 32 20 82 32 11 20 34 75 26 26 90 11 77 76 98 58 17 13 0 62 27 59 2 49 19 78 79 66 8 41 85 75 59 70 49 53 18 15 96 87 71 87 25 19 75 37 1 82 61 
61 18 81 41 38 33 30 15 12 73 87 11 30 80 21 7 7 1 38 38 5 95 12 23 67 90 90 8 91 29 68 23 7 15 6 34 35 37 54 79 11 42 10 21 87 92 57 57 3 74 56 1 57 40 3 78 76 55 82 62 21 19 95 23 84 91 42 23 67 62 0 60 10 58 81 49 32 20 5 91 36 13 19 94 63 89 86 78 54 95 59 80 32 9 20 99 6 37 7 23 
85 51 7 27 17 73 86 38 40 70 45 41 34 39 17 30 84 60 74 51 90 74 11 9 74 40 75 88 20 41 6 84 31 62 64 96 90 12 93 26 52 6 53 0 48 90 87 41 75 40 16 33 23 88 94 30 34 97 69 44 19 85 19 1 25 30 98 64 54 27 60 0 16 24 38 32 27 70 91 63 44 80 16 42 21 80 73 12 77 14 44 92 20 51 92 42 94 86 51 9 
92 67 50 93 59 57 30 61 48 2 43 12 61 36 53 49 52 59 65 65 41 17 71 63 61 83 84 10 77 30 44 96 73 4 62 33 39 62 92 36 36 3 85 96 99 41 99 89 69 68 73 58 52 81 71 28 9 99 18 51 17 32 77 92 58 40 5 61 78 59 10 16 0 45 76 86 68 81 47 53 77 23 97 17 47 26 83 62 9 68 16 53 0 93 57 29 28 60 0 91 
26 56 70 51 76 53 47 92 19 83 49 26 12 29 96 87 21 13 89 93 45 12 46 54 57 83 83 11 34 42 49 54 69 91 3 60 6 14 75 29 18 85 46 2 21 14 45 65 52 59 65 84 21 88 5 68 14 75 31 0 95 62 85 24 2 66 56 38 92 2 58 24 45 0 88 21 53 74 51 81 91 13 40 62 91 40 1 50 84 82 0 48 53 1 57 44 98 52 52 19 
75 49 57 47 41 2 39 4 39 77 85 5 87 15 27 92 13 9 1 20 33 66 47 2 75 5 55 63 91 10 65 29 65 26 96 67 19 14 67 50 17 7 10 47 4 74 91 92 15 69 94 0 58 81 53 9 28 50 64 58 42 43 98 7 64 67 6 16 20 49 81 38 76 88 0 9 63 99 67 77 39 52 59 84 61 61 67 57 3 87 69 28 70 52 60 96 53 69 85 60 
47 18 77 59 31 33 76 87 79 69 99 48 18 18 9 76 47 30 43 51 93 6 93 81 68 5 36 55 32 5 4 82 41 67 47 63 89 91 82 16 68 79 16 80 55 63 15 97 10 93 80 66 49 9 93 6 77 40 31 76 99 20 48 20 91 18 26 4 2 19 49 32 86 21 9 0 28 54 26 38 96 63 73 23 79 73 45 56 9 74 74 38 87 70 47 51 14 74 56 49 
53 11 48 80 98 38 97 17 60 25 4 92 50 74 95 77 10 17 37 15 53 67 5 37 28 64 74 45 87 48 72 18 10 90 85 12 55 23 65 83 71 90 11 32 0 11 75 65 61 49 87 2 15 82 99 25 51 74 34 27 25 44 41 13 9 3 86 56 78 78 32 27 68 53 63 28 0 57 65 98 8 39 59 95 23 94 75 7 38 81 7 77 29 62 41 93 81 54 57 99 
63 79 53 89 61 15 34 35 4 98 59 46 25 8 63 18 94 20 65 6 2 2 28 53 42 8 41 95 45 56 95 65 59 44 0 16 36 51 80 36 82 47 70 22 37 1 18 13 93 76 5 25 5 99 40 90 76 72 22 79 6 37 71 76 46 43 31 33 70 79 20 70 81 74 99 54 57 0 55 42 38 14 63 28 95 85 6 64 89 9 66 34 23 43 81 46 28 17 93 17 
30 34 11 80 76 29 1 98 25 77 90 52 45 51 56 71 65 2 87 15 4 88 34 18 0 49 72 80 20 72 1 86 52 17 11 47 8 47 15 12 67 3 72 77 34 37 94 5 17 49 52 25 11 64 93 4 68 65 42 93 98 96 24 92 22 22 22 38 73 66 5 91 47 51 67 26 65 55 0 7 1 55 67 3 40 8 90 31 76 7 33 87 79 92 55 74 3 99 62 76 
61 76 80 98 69 8 8 61 89 18 59 95 17 82 93 15 70 14 44 63 40 97 12 80 98 84 70 59 85 52 66 29 77 26 75 54 28 98 30 5 31 25 96 90 36 46 57 32 50 25 49 79 70 97 52 6 70 71 11 87 5 10 81 55 72 39 95 76 98 8 91 63 53 81 77 38 98 42 7 0 64 98 86 65 39 12 1 60 70 31 25 81 91 53 97 79 12 8 66 45 
18 93 97 22 6 58 4 34 8 76 47 91 59 5 23 26 71 27 87 70 30 35 85 1 43 3 16 19 61 14 36 87 65 90 39 87 13 71 95 38 7 4 75 98 42 48 63 70 25 38 3 59 26 88 79 19 30 71 34 74 44 48 97 54 5 26 93 52 22 41 36 44 77 91 39 96 8 38 1 64 0 56 73 37 23 54 80 68 72 28 12 73 5 31 75 98 25 54 2 58 
32 39 45 77 8 97 26 94 43 18 40 97 84 46 92 85 3 70 6 1 75 20 55 3 17 48 66 35 78 73 21 79 60 7 37 98 66 70 40 20 65 35 41 37 5 2 83 73 54 55 14 65 93 15 38 1 45 9 64 85 73 76 52 93 65 49 47 57 45 85 13 80 23 13 52 63 39 14 55 98 56 0 48 99 64 76 87 87 31 6 29 48 69 53 53 11 48 42 78 26 
82 83 18 2 8 64 6 80 3 21 37 81 12 95 50 9 74 45 25 90 82 30 78 61 29 16 23 88 23 91 93 68 39 14 17 85 59 34 70 14 52 42 71 22 27 35 99 24 8 36 45 14 8 82 0 78 92 33 3 13 98 52 86 82 72 1 47 83 88 75 19 16 97 40 59 73 59 63 67 86 73 48 0 27 52 35 74 99 55 75 89 6 36 48 76 78 54 24 33 88 
59 29 35 75 21 8 34 69 61 61 50 99 16 28 41 68 35 89 41 91 50 82 25 27 39 76 76 96 49 2 63 47 8 89 87 45 30 82 62 23 92 91 61 77 75 27 45 22 97 73 86 20 42 70 82 12 13 70 44 45 29 45 51 32 0 19 6 20 69 59 94 42 17 62 84 23 95 28 3 65 37 99 27 0 68 68 26 49 34 96 90 47 6 37 46 54 37 15 84 71 
79 48 19 11 37 88 53 47 86 96 45 50 71 56 40 26 54 82 34 78 45 60 24 44 24 54 96 72 95 41 73 34 48 66 88 12 50 7 48 81 10 24 47 45 78 95 57 37 14 47 81 67 52 19 23 54 93 31 44 2 27 52 9 19 62 47 78 96 27 70 63 21 47 91 61 79 23 95 40 39 23 64 52 68 0 5 20 51 43 36 28 37 59 23 55 60 75 96 63 49 
35 69 86 23 89 45 41 31 92 64 9 6 39 87 7 70 0 34 57 14 84 68 93 63 42 54 19 88 45 73 70 91 86 55 23 48 48 9 92 3 28 91 99 86 74 78 65 13 76 56 77 24 13 35 88 26 88 76 55 53 76 38 46 64 69 48 35 13 57 49 89 80 26 40 61 73 94 85 8 12 54 76 35 68 5 0 76 77 51 28 21 91 32 57 87 34 26 75 49 49 
64 3 92 40 35 29 13 93 11 79 66 62 58 79 3 70 12 21 40 86 65 76 29 30 16 51 9 77 36 70 79 32 79 6 14 48 99 41 28 43 37 63 21 12 53 31 65 62 80 39 77 81 29 76 12 63 66 37 76 48 45 36 0 0 52 0 42 53 77 53 86 73 83 1 67 45 75 6 90 1 80 87 74 26 20 76 0 22 26 11 11 85 80 91 10 74 47 32 97 55 
56 97 43 63 5 30 26 44 42 89 65 67 91 29 55 82 26 58 77 82 7 51 71 38 37 9 62 98 20 65 47 7 75 98 60 61 94 52 76 7 33 63 83 50 82 48 3 54 14 91 55 3 92 98 71 30 62 66 39 25 76 55 54 64 90 30 23 29 35 18 78 12 62 50 57 56 7 64 31 60 68 87 99 49 51 77 22 0 34 42 24 27 40 81 44 88 26 19 23 11 
47 42 95 25 3 20 44 23 94 36 7 61 34 52 84 0 6 17 30 88 31 70 10 42 52 17 11 53 25 87 50 25 74 49 35 93 61 89 42 30 38 44 46 43 5 59 82 65 27 51 6 72 31 12 91 62 4 45 68 62 86 80 31 53 19 8 70 81 94 15 54 77 9 84 3 9 38 89 76 70 72 31 55 34 43 51 26 34 0 31 98 85 31 27 31 89 17 93 43 69 
83 25 92 86 96 89 21 12 43 77 95 27 27 84 74 36 93 57 34 97 88 34 69 89 64 96 31 49 89 24 77 51 44 23 71 90 21 46 16 50 64 41 41 59 76 37 72 77 23 43 78 98 72 80 15 30 79 48 40 28 95 3 0 49 49 42 35 34 62 96 95 14 68 82 87 74 81 9 7 31 28 6 75 96 36 28 11 42 31 0 94 27 0 90 10 42 71 60 62 41 
29 0 51 12 56 42 70 17 67 9 54 7 86 79 66 46 0 88 60 61 0 89 86 22 61 51 18 2 37 91 88 12 82 20 39 35 36 50 32 48 63 1 26 59 68 6 61 70 0 24 15 43 73 4 21 64 92 41 46 65 27 1 13 80 44 13 91 72 25 87 59 44 16 0 69 74 7 66 33 25 12 29 89 90 28 21 11 24 98 94 0 10 22 14 67 19 88 27 51 34 
82 17 22 80 58 88 54 43 99 92 33 92 28 12 65 88 65 30 61 70 70 12 58 27 22 8 96 29 0 60 74 3 7 37 69 53 55 8 59 11 31 79 79 26 72 89 49 4 15 91 12 25 55 78 50 74 36 26 1 92 79 42 86 67 44 2 88 66 16 71 80 92 53 48 28 38 77 34 87 81 73 48 6 47 37 91 85 27 85 27 10 0 18 98 14 47 71 52 46 18 
34 99 29 78 77 99 16 47 47 98 18 92 75 46 77 2 60 61 8 16 53 53 58 13 40 6 69 60 0 19 92 8 99 57 83 72 81 8 89 90 49 19 63 91 95 29 17 25 7 8 40 37 59 86 50 20 10 92 65 25 58 48 99 97 50 0 31 1 86 87 32 20 0 53 70 87 29 23 79 91 5 69 36 6 59 32 80 40 31 0 22 18 0 5 30 77 6 50 85 34 
13 6 95 25 6 49 56 15 75 0 24 53 91 33 75 71 68 72 21 26 88 45 18 21 92 1 51 69 70 50 3 3 80 94 93 66 58 58 38 44 26 81 43 75 30 8 4 28 59 50 24 38 28 81 77 41 91 90 33 82 31 96 32 76 79 74 35 33 20 25 9 51 93 1 52 70 62 43 92 53 31 53 48 37 23 57 91 81 27 90 14 98 5 0 6 53 94 92 27 60 
83 74 45 90 27 68 26 16 95 75 73 52 81 65 54 42 27 78 35 29 35 39 79 39 43 81 87 12 16 3 37 90 80 88 64 44 16 82 44 11 66 37 68 76 99 1 58 21 42 58 41 8 22 91 60 90 78 50 45 96 67 65 97 18 65 1 5 62 41 19 20 92 57 57 60 47 41 81 55 97 75 53 76 46 55 87 10 44 31 10 67 14 30 6 0 49 92 86 40 51 
60 68 21 75 27 42 26 82 57 23 3 55 30 38 0 78 36 23 14 86 71 89 0 65 39 10 51 54 41 60 29 69 97 18 56 60 13 58 53 70 31 47 54 15 59 4 29 49 84 24 52 20 91 36 61 6 89 3 36 32 79 3 9 2 36 26 88 4 93 75 99 42 29 44 96 51 93 46 74 79 98 11 78 54 60 34 74 88 89 42 19 47 77 53 49 0 33 30 64 30 
88 46 41 79 96 76 48 93 31 19 49 85 67 59 39 90 81 41 76 39 3 21 56 83 45 66 37 24 52 58 23 9 38 52 45 25 56 83 82 64 40 22 70 66 84 26 96 78 51 74 56 90 50 66 94 37 65 1 49 81 59 70 37 50 25 26 8 99 9 37 6 94 28 98 53 14 81 28 3 12 25 48 54 37 75 26 47 26 17 71 88 71 6 94 92 33 0 48 29 90 
98 43 87 89 37 41 19 5 39 58 75 77 92 99 89 58 47 84 90 60 42 32 63 49 64 36 17 19 34 6 67 27 77 94 49 62 91 66 1 16 66 6 0 83 10 26 0 2 78 39 61 81 80 43 57 0 52 93 11 26 78 9 31 9 46 6 53 32 7 1 37 86 60 52 69 74 54 17 99 8 54 42 24 15 96 75 32 19 93 60 27 52 50 92 86 30 48 0 27 24 
18 4 34 70 83 80 81 6 43 50 62 76 96 11 59 87 8 76 84 0 60 3 73 67 34 1 63 49 67 7 72 52 11 83 92 91 39 18 85 36 37 43 35 88 72 31 95 6 29 27 80 42 53 63 36 32 45 20 56 54 44 30 28 16 51 0 47 66 89 82 7 51 0 52 85 56 57 93 62 66 2 78 33 84 63 49 97 23 43 62 51 46 85 27 40 64 29 27 0 30 
97 1 98 37 88 48 59 38 28 19 60 41 83 50 91 56 71 61 66 50 54 27 23 79 85 41 80 97 54 79 18 18 57 21 39 3 65 89 8 5 16 97 96 79 80 29 86 51 95 59 76 94 32 18 14 67 47 73 49 86 95 36 22 56 18 24 70 74 19 61 23 9 91 19 60 49 99 17 76 45 58 26 88 71 49 49 55 11 69 41 34 18 34 60 51 30 90 24 30 0 
