100
0 16 74 82 0 64 51 99 2 65 29 47 98 60 59 58 81 60 94 75 40 38 91 33 4 6 26 31 93 42 76 39 82 70 14 20 33 61 51 97 89 42 54 16 44 75 76 67 81 48 6 15 70 38 50 60 78 59 61 48 98 66 2 24 81 92 54 15 92 96 52 28 81 14 48 28 91 65 77 63 10 95 3 91 3 24 20 67 41 39 4 82 93 4 27 76 94 0 33 23 
16 0 90 22 14 43 0 87 28 3 54 67 96 24 89 42 3 61 46 22 16 9 56 81 59 86 81 32 5 16 45 50 83 48 3 43 36 5 59 80 79 76 24 39 73 33 66 96 22 83 48 18 84 35 49 54 46 96 85 2 97 86 41 43 65 46 86 64 9 47 4 35 74 38 87 75 20 4 62 25 18 25 76 95 24 37 0 97 72 92 97 51 41 55 20 58 27 76 57 64 
74 90 0 63 84 25 9 49 19 70 26 18 72 50 93 13 13 44 31 3 53 10 67 90 63 47 68 51 53 10 8 33 3 85 21 12 7 13 70 2 84 48 38 62 19 31 33 12 8 46 64 47 43 90 69 27 69 19 32 9 76 20 95 65 36 14 62 72 52 69 70 58 82 33 9 79 48 55 68 59 84 48 73 35 77 86 98 59 96 79 72 93 84 24 72 44 83 61 68 91 
82 22 63 0 52 42 88 15 77 59 12 93 26 12 17 30 30 73 39 40 98 90 44 34 11 73 71 97 96 1 21 74 11 82 56 22 87 75 54 68 5 89 71 63 48 25 93 92 78 1 11 80 39 85 1 84 74 59 45 7 86 46 72 26 21 18 42 23 53 36 85 60 67 60 85 56 25 56 78 62 12 34 93 67 29 93 43 52 38 26 53 20 77 65 79 37 41 17 6 29 
0 14 84 52 0 59 20 39 6 14 42 9 22 62 90 43 97 92 89 10 13 54 67 36 72 69 98 51 38 77 49 42 65 60 43 87 19 97 90 67 96 9 63 70 26 40 59 1 86 82 90 84 39 70 17 43 86 97 49 38 80 69 88 43 38 71 73 45 11 41 88 69 25 35 46 83 47 3 41 53 60 73 76 94 24 19 50 52 89 66 67 25 61 68 31 98 85 78 79 80 
64 43 25 42 59 0 16 63 76 4 23 26 58 77 82 37 64 34 18 0 95 42 49 51 17 92 70 69 90 66 30 23 8 59 23 90 28 53 50 75 11 64 71 93 72 3 4 7 50 67 12 52 60 35 30 90 16 18 10 92 34 48 47 84 56 53 51 58 84 7 55 11 88 58 57 1 37 32 23 12 50 33 16 71 26 60 17 55 96 27 70 84 4 4 48 16 63 4 71 77 
51 0 9 88 20 16 0 16 40 59 94 45 42 64 10 35 68 61 47 70 98 99 99 72 19 32 57 55 7 24 95 55 40 33 62 23 11 90 26 57 47 34 56 93 54 47 91 67 75 52 88 67 65 48 10 10 47 2 45 72 12 3 47 62 25 32 41 24 93 28 62 99 52 98 32 22 81 40 16 3 96 76 24 70 47 35 69 67 69 70 35 93 98 38 83 26 22 36 80 30 
99 87 49 15 39 63 16 0 95 60 16 69 37 8 47 62 21 60 61 21 99 78 45 31 26 18 99 21 74 80 33 88 4 52 71 65 84 74 12 23 81 78 40 25 56 22 13 64 59 35 4 99 11 23 30 7 95 31 5 93 77 12 37 30 58 98 16 7 39 78 97 12 9 70 83 82 27 59 70 1 41 2 88 12 40 85 98 59 79 25 84 46 43 55 3 99 60 96 42 75 
2 28 19 77 6 76 40 95 0 0 64 39 94 84 64 12 84 27 75 6 50 96 63 4 79 61 47 85 76 93 75 35 60 39 51 37 31 34 35 39 93 64 4 85 63 72 49 46 95 95 49 0 18 46 24 58 65 88 58 75 79 12 87 12 81 96 35 67 39 4 38 90 75 79 33 75 93 73 9 51 18 36 15 41 54 82 68 12 36 92 2 79 0 33 38 53 76 93 36 24 
65 3 70 59 14 4 59 60 0 0 20 82 68 42 87 50 63 14 13 30 38 15 74 92 97 0 89 97 97 59 4 68 27 67 23 24 34 33 64 60 83 90 49 31 99 90 80 74 30 34 6 8 9 66 51 61 10 67 34 45 63 93 47 17 46 16 83 24 16 30 22 17 46 32 3 6 87 79 50 45 77 73 90 10 58 32 25 53 4 91 85 20 4 6 33 38 91 56 90 18 
29 54 26 12 42 23 94 16 64 20 0 59 39 2 26 86 63 31 9 13 71 96 30 6 67 83 42 4 50 21 52 9 9 43 44 51 82 67 96 50 54 73 66 51 3 71 43 73 78 69 25 71 20 26 29 49 90 93 74 96 37 36 14 67 62 22 5 34 42 88 51 93 62 6 94 34 87 5 85 33 59 38 43 21 26 9 51 83 68 61 37 71 43 40 76 48 5 39 50 9 
47 67 18 93 9 26 45 69 39 82 59 0 13 54 64 42 80 33 59 24 43 22 19 90 39 66 34 99 11 94 68 27 41 65 53 76 61 79 56 65 35 84 62 26 98 14 41 65 9 94 45 39 25 19 46 61 6 87 9 42 9 25 39 9 50 40 54 49 58 29 15 30 72 57 99 11 70 60 54 84 12 25 78 3 79 96 15 26 34 83 45 86 6 64 16 44 8 64 48 51 
98 96 72 26 22 58 42 37 94 68 39 13 0 68 20 47 24 67 0 70 47 20 55 95 77 2 61 62 88 84 79 8 3 63 71 39 63 91 39 88 10 12 34 97 61 1 6 94 89 20 70 7 15 77 44 65 30 67 95 16 46 99 87 77 5 83 9 16 51 47 18 77 69 53 96 27 40 1 34 5 86 98 31 26 24 60 52 14 85 1 25 95 27 51 76 75 57 82 88 20 
60 24 50 12 62 77 64 8 84 42 2 54 68 0 37 8 24 86 94 89 64 17 38 55 87 71 3 72 3 34 26 24 47 18 24 60 80 72 11 74 40 74 32 26 71 90 18 45 31 55 42 18 57 55 52 20 29 60 82 79 99 16 61 13 81 63 58 97 82 81 58 46 66 22 62 41 33 89 43 35 55 95 8 59 27 93 46 72 30 52 19 94 17 59 8 6 1 80 42 82 
59 89 93 17 90 82 10 47 64 87 26 64 20 37 0 79 15 20 28 28 40 45 41 26 65 88 42 44 28 48 87 25 11 95 88 37 5 80 24 4 34 87 20 5 94 53 91 64 80 10 6 61 32 82 24 49 61 49 86 56 74 44 10 41 38 35 84 90 81 78 52 23 19 85 46 29 57 18 78 43 40 51 3 0 13 94 7 64 74 73 92 30 72 74 44 68 17 98 29 76 
58 42 13 30 43 37 35 62 12 50 86 42 47 8 79 0 36 44 75 86 37 47 83 2 90 79 94 73 96 99 26 98 90 90 61 20 13 4 21 41 35 28 96 65 76 83 35 55 82 10 95 75 55 54 27 48 59 44 44 54 65 88 63 31 91 73 75 40 68 44 78 30 65 45 12 80 11 75 55 86 69 98 24 7 5 38 33 17 10 2 48 29 21 21 65 82 41 15 35 54 
81 3 13 30 97 64 68 21 84 63 63 80 24 24 15 36 0 78 78 30 28 13 37 26 66 61 70 55 7 53 12 1 23 97 67 17 91 45 23 20 16 94 47 10 13 69 13 3 85 99 45 58 16 48 33 74 25 94 3 79 87 12 84 50 28 90 10 2 78 16 21 87 17 73 30 30 22 68 3 10 39 51 88 74 41 44 96 21 49 92 23 7 22 70 71 39 43 10 8 82 
60 61 44 73 92 34 61 60 27 14 31 33 67 86 20 44 78 0 80 15 92 22 47 55 35 89 90 85 81 41 27 27 33 33 94 53 57 61 12 56 61 14 17 40 5 75 38 76 94 65 97 83 67 15 95 70 13 7 11 77 38 23 97 32 36 0 62 64 36 97 1 59 63 64 59 60 7 83 17 30 39 4 39 24 17 64 38 37 70 47 28 11 94 69 60 35 31 19 47 9 
94 46 31 39 89 18 47 61 75 13 9 59 0 94 28 75 78 80 0 79 89 12 31 0 10 81 75 84 41 39 44 51 49 57 21 85 21 11 58 41 98 59 48 14 94 10 8 32 90 86 70 3 58 18 28 10 31 37 91 76 99 22 17 14 32 44 40 34 42 39 33 82 0 18 49 42 47 9 49 92 3 74 30 3 84 52 98 85 92 14 5 92 70 22 90 53 55 9 52 31 
75 22 3 40 10 0 70 21 6 30 13 24 70 89 28 86 30 15 79 0 92 61 6 61 59 44 46 88 10 64 59 28 31 15 95 85 31 20 1 54 5 27 12 9 17 64 21 97 44 55 44 86 76 20 3 34 18 8 23 39 95 98 56 3 16 49 85 88 7 0 94 9 61 75 41 24 79 12 2 68 76 44 77 54 31 66 91 99 44 88 98 45 41 15 82 78 72 66 75 57 
40 16 53 98 13 95 98 99 50 38 71 43 47 64 40 37 28 92 89 92 0 52 56 46 15 91 7 9 17 62 33 45 69 48 83 86 43 45 15 50 83 19 52 51 7 16 18 14 15 12 1 78 35 58 37 96 10 35 31 59 43 28 92 59 87 65 30 98 53 65 29 64 15 4 11 40 91 52 85 6 88 18 5 55 94 26 7 43 66 10 73 8 48 35 42 22 27 86 45 45 
38 9 10 90 54 42 99 78 96 15 96 22 20 17 45 47 13 22 12 61 52 0 18 15 56 66 53 7 68 79 85 19 44 94 69 41 69 33 93 84 56 23 24 72 10 6 10 28 69 60 85 81 92 4 59 96 91 25 83 56 27 11 16 55 76 71 86 23 2 7 47 42 55 82 57 26 50 36 99 65 67 96 80 89 87 84 45 77 69 24 62 48 61 3 77 68 26 80 60 79 
91 56 67 44 67 49 99 45 63 74 30 19 55 38 41 83 37 47 31 6 56 18 0 35 74 92 56 60 91 0 8 68 65 35 25 60 72 6 15 86 10 97 54 3 88 0 47 67 51 47 24 78 8 26 8 10 24 16 87 43 11 80 58 36 56 99 94 81 65 35 9 43 84 16 55 95 28 31 86 88 76 34 85 6 39 96 59 26 66 88 98 67 99 82 65 70 79 20 44 7 
33 81 90 34 36 51 72 31 4 92 6 90 95 55 26 2 26 55 0 61 46 15 35 0 34 73 71 46 99 93 41 25 55 9 90 15 67 77 10 67 72 62 26 31 13 31 63 95 96 46 0 43 9 45 23 54 30 72 95 6 96 70 74 67 86 36 57 94 28 53 41 35 17 88 4 6 64 15 52 15 70 62 9 2 4 15 61 96 99 81 0 71 88 35 43 4 12 56 88 65 
4 59 63 11 72 17 19 26 79 97 67 39 77 87 65 90 66 35 10 59 15 56 74 34 0 30 35 82 52 82 79 84 47 13 99 41 94 7 79 72 15 44 74 23 19 73 84 45 84 22 49 13 30 97 6 20 2 75 52 20 5 57 92 15 61 98 38 20 35 91 93 64 67 95 60 45 22 67 59 19 4 99 21 51 26 86 25 74 46 53 62 35 58 86 78 84 56 51 80 73 
6 86 47 73 69 92 32 18 61 0 83 66 2 71 88 79 61 89 81 44 91 66 92 73 30 0 44 88 26 12 31 77 74 26 34 90 44 27 55 46 76 43 26 21 46 73 90 31 76 2 72 95 67 2 18 23 1 56 10 46 81 76 41 81 63 16 98 31 4 1 61 81 67 63 58 84 19 21 41 88 71 45 50 45 51 92 33 69 70 81 26 58 18 95 15 3 32 69 81 60 
26 81 68 71 98 70 57 99 47 89 42 34 61 3 42 94 70 90 75 46 7 53 56 71 35 44 0 44 11 78 51 55 25 89 10 7 61 76 65 88 59 2 15 79 29 49 99 58 62 22 64 75 4 4 74 77 13 88 44 59 8 76 83 35 76 67 73 20 87 87 55 55 54 15 25 18 53 13 39 8 63 22 95 54 96 42 1 13 28 87 49 69 82 0 22 30 47 83 43 39 
31 32 51 97 51 69 55 21 85 97 4 99 62 72 44 73 55 85 84 88 9 7 60 46 82 88 44 0 76 44 2 17 95 44 75 71 96 88 97 59 93 37 1 51 31 8 68 88 0 49 21 17 68 88 22 95 97 77 58 53 14 7 20 51 68 38 55 15 82 50 46 55 47 60 42 37 59 6 99 16 3 43 98 52 52 39 68 24 70 94 70 99 58 93 5 99 75 31 69 62 
93 5 53 96 38 90 7 74 76 97 50 11 88 3 28 96 7 81 41 10 17 68 91 99 52 26 11 76 0 18 41 1 32 72 64 54 70 32 40 6 5 84 66 72 86 41 93 54 72 2 18 62 90 69 56 28 81 73 34 87 91 13 8 36 47 40 70 24 48 63 59 67 61 7 80 81 26 76 80 50 5 61 42 15 75 40 80 49 77 87 79 79 15 92 58 38 34 66 24 87 
42 16 10 1 77 66 24 80 93 59 21 94 84 34 48 99 53 41 39 64 62 79 0 93 82 12 78 44 18 0 30 66 83 99 87 91 70 43 62 97 64 72 20 5 44 8 78 83 37 36 42 77 29 67 83 11 51 64 68 78 58 62 41 92 9 67 6 7 51 98 15 56 92 70 76 95 48 33 26 20 13 5 70 79 59 12 97 83 2 72 43 34 8 29 86 33 53 13 27 3 
76 45 8 21 49 30 95 33 75 4 52 68 79 26 87 26 12 27 44 59 33 85 8 41 79 31 51 2 41 30 0 80 40 65 16 81 86 69 64 43 79 38 56 27 51 12 83 17 12 46 88 4 91 78 35 40 37 82 67 68 13 98 29 49 43 12 49 19 76 38 38 21 46 12 0 81 35 45 48 48 81 76 14 72 53 67 33 66 46 66 34 93 64 54 17 73 91 48 43 60 
39 50 33 74 42 23 55 88 35 68 9 27 8 24 25 98 1 27 51 28 45 19 68 25 84 77 55 17 1 66 80 0 52 74 29 91 89 68 73 21 4 87 40 76 93 10 82 41 53 21 65 11 87 57 63 15 12 85 40 75 82 67 44 73 61 72 82 50 85 59 95 45 55 14 5 99 64 73 51 98 5 83 12 10 62 63 58 34 45 19 92 63 37 51 11 73 93 71 52 94 
82 83 3 11 65 8 40 4 60 27 9 41 3 47 11 90 23 33 49 31 69 44 65 55 47 74 25 95 32 83 40 52 0 96 52 83 79 5 13 12 6 90 11 52 2 47 38 58 17 14 55 70 54 37 39 77 51 16 30 30 73 53 91 23 37 29 30 29 49 61 5 74 19 95 20 5 74 75 52 40 59 32 70 59 92 30 7 79 85 14 34 27 3 62 26 81 73 65 86 34 
70 48 85 82 60 59 33 52 39 67 43 65 63 18 95 90 97 33 57 15 48 94 35 9 13 26 89 44 72 99 65 74 96 0 47 65 43 65 24 53 86 3 5 46 66 77 76 91 0 11 32 22 59 88 32 96 35 81 46 72 31 85 20 28 31 91 89 24 48 47 82 13 47 32 16 27 9 21 74 55 12 19 91 1 79 57 45 36 22 60 29 82 57 47 6 83 85 97 77 9 
14 3 21 56 43 23 62 71 51 23 44 53 71 24 88 61 67 94 21 95 83 69 25 90 99 34 10 75 64 87 16 29 52 47 0 83 71 88 39 60 5 42 18 18 1 75 70 68 85 10 47 75 28 63 63 56 64 22 29 28 36 42 57 64 5 9 24 80 83 80 14 18 46 34 11 59 28 73 89 97 91 35 60 88 43 0 21 34 6 67 37 87 51 48 4 40 3 31 89 40 
20 43 12 22 87 90 23 65 37 24 51 76 39 60 37 20 17 53 85 85 86 41 60 15 41 90 7 71 54 91 81 91 83 65 83 0 97 90 51 10 40 25 31 70 5 51 46 67 12 18 45 67 34 41 99 8 22 8 4 66 17 99 54 42 5 21 18 24 81 19 55 3 70 48 43 4 18 49 94 69 68 58 94 92 83 59 34 18 47 49 39 7 67 67 62 19 85 91 96 15 
33 36 7 87 19 28 11 84 31 34 82 61 63 80 5 13 91 57 21 31 43 69 72 67 94 44 61 96 70 70 86 89 79 43 71 97 0 28 16 2 73 39 50 21 51 93 35 53 69 61 33 71 96 23 60 51 97 19 18 13 31 85 37 16 25 96 5 7 2 49 51 43 30 31 9 39 30 31 79 73 31 47 81 43 49 85 80 14 60 83 87 59 35 80 64 13 37 34 53 8 
61 5 13 75 97 53 90 74 34 33 67 79 91 72 80 4 45 61 11 20 45 33 6 77 7 27 76 88 32 43 69 68 5 65 88 90 28 0 53 98 52 60 38 76 59 82 49 64 17 50 53 12 51 89 10 24 94 13 41 37 51 25 28 47 50 71 52 11 50 95 22 88 53 26 95 32 17 15 11 56 10 71 97 5 87 72 60 36 28 47 38 75 75 55 42 29 94 61 62 12 
51 59 70 54 90 50 26 12 35 64 96 56 39 11 24 21 23 12 58 1 15 93 15 10 79 55 65 97 40 62 64 73 13 24 39 51 16 53 0 76 29 93 40 89 52 77 53 56 9 45 13 67 13 42 42 2 14 97 63 2 56 78 68 21 15 96 12 88 62 74 37 80 33 55 88 11 29 66 56 39 87 38 13 51 48 53 74 16 21 44 83 34 23 25 16 88 79 21 89 94 
97 80 2 68 67 75 57 23 39 60 50 65 88 74 4 41 20 56 41 54 50 84 86 67 72 46 88 59 6 97 43 21 12 53 60 10 2 98 76 0 5 15 69 41 82 76 58 31 53 13 43 69 85 51 52 12 52 96 94 50 28 9 4 32 70 44 70 1 85 32 54 75 19 19 68 52 83 41 59 94 44 41 98 43 38 42 1 24 83 87 59 14 20 82 24 33 3 75 36 43 
89 79 84 5 96 11 47 81 93 83 54 35 10 40 34 35 16 61 98 5 83 56 10 72 15 76 59 93 5 64 79 4 6 86 5 40 73 52 29 5 0 32 35 97 40 17 99 81 65 27 88 10 30 36 63 64 12 20 16 96 23 36 76 30 75 14 3 61 88 73 78 14 70 98 94 18 20 29 66 48 94 37 42 96 44 10 37 20 69 22 37 51 28 73 4 1 36 70 22 10 
42 76 48 89 9 64 34 78 64 90 73 84 12 74 87 28 94 14 59 27 19 23 97 62 44 43 2 37 84 72 38 87 90 3 42 25 39 60 93 15 32 0 68 49 62 84 87 3 24 91 40 85 86 46 32 26 65 84 84 64 52 41 38 30 97 51 2 20 78 59 43 40 77 6 59 47 30 48 28 24 67 44 7 5 88 62 76 35 6 82 0 8 14 5 76 72 54 26 20 55 
54 24 38 71 63 71 56 40 4 49 66 62 34 32 20 96 47 17 48 12 52 24 54 26 74 26 15 1 66 20 56 40 11 5 18 31 50 38 40 69 35 68 0 94 6 6 44 58 80 58 15 5 28 6 7 56 2 46 51 28 84 82 54 3 33 27 15 3 65 71 49 62 54 35 82 91 38 32 94 56 75 83 41 71 88 45 33 58 60 59 90 55 35 46 48 18 71 85 70 40 
16 39 62 63 70 93 93 25 85 31 51 26 97 26 5 65 10 40 14 9 51 72 3 31 23 21 79 51 72 5 27 76 52 46 18 70 21 76 89 41 97 49 94 0 74 23 80 40 71 52 75 24 23 53 13 77 77 47 20 49 54 0 45 16 79 69 61 13 86 31 66 11 35 30 5 36 16 0 37 23 67 62 30 44 6 29 30 76 93 81 55 77 92 30 16 18 39 92 53 0 
44 73 19 48 26 72 54 56 63 99 3 98 61 71 94 76 13 5 94 17 7 10 88 13 19 46 29 31 86 44 51 93 2 66 1 5 51 59 52 82 40 62 6 74 0 32 19 71 43 25 73 20 85 57 58 93 42 89 32 49 79 13 61 88 59 42 1 15 83 37 72 94 50 14 50 87 46 31 91 13 94 65 27 24 60 77 54 58 51 61 66 79 12 90 51 1 71 5 39 40 
75 33 31 25 40 3 47 22 72 90 71 14 1 90 53 83 69 75 10 64 16 6 0 31 73 73 49 8 41 8 12 10 47 77 75 51 93 82 77 76 17 84 6 23 32 0 86 7 53 91 47 98 44 43 34 97 47 3 20 31 47 30 98 29 88 61 12 57 77 46 28 71 78 24 98 54 58 48 85 26 43 0 87 51 40 29 28 27 68 38 28 91 93 97 41 45 86 71 40 2 
76 66 33 93 59 4 91 13 49 80 43 41 6 18 91 35 13 38 8 21 18 10 47 63 84 90 99 68 93 78 83 82 38 76 70 46 35 49 53 58 99 87 44 80 19 86 0 90 99 7 31 49 7 15 69 67 95 52 61 81 61 53 13 16 76 37 73 25 13 70 73 44 38 29 46 76 64 54 98 26 48 14 0 71 84 79 60 15 81 88 23 53 72 32 37 63 15 97 4 77 
67 96 12 92 1 7 67 64 46 74 73 65 94 45 64 55 3 76 32 97 14 28 67 95 45 31 58 88 54 83 17 41 58 91 68 67 53 64 56 31 81 3 58 40 71 7 90 0 9 98 61 98 63 44 46 48 8 54 12 99 97 39 92 72 22 99 55 9 35 44 28 33 2 49 32 70 1 52 84 29 41 80 70 22 74 89 9 28 83 8 19 87 28 42 69 36 0 55 3 31 
81 22 8 78 86 50 75 59 95 30 78 9 89 31 80 82 85 94 90 44 15 69 51 96 84 76 62 0 72 37 12 53 17 0 85 12 69 17 9 53 65 24 80 71 43 53 99 9 0 41 59 84 50 44 2 12 12 52 70 84 37 13 38 61 0 68 96 48 18 33 97 17 78 3 70 6 13 58 88 68 97 96 14 5 93 86 84 20 93 86 92 89 55 19 39 6 80 89 36 47 
48 83 46 1 82 67 52 35 95 34 69 94 20 55 10 10 99 65 86 55 12 60 47 46 22 2 22 49 2 36 46 21 14 11 10 18 61 50 45 13 27 91 58 52 25 91 7 98 41 0 87 24 72 25 53 77 9 83 58 75 39 90 27 6 20 93 85 58 94 15 49 58 14 25 37 86 11 55 69 15 63 31 47 6 75 14 38 88 65 62 62 31 48 75 67 95 86 24 98 56 
6 48 64 11 90 12 88 4 49 6 25 45 70 42 6 95 45 97 70 44 1 85 24 0 49 72 64 21 18 42 88 65 55 32 47 45 33 53 13 43 88 40 15 75 73 47 31 61 59 87 0 9 8 84 77 2 73 72 13 13 51 33 78 5 72 67 22 63 21 44 58 31 47 21 96 97 89 65 10 2 95 97 17 87 48 88 94 55 34 96 87 4 10 11 14 0 90 93 88 71 
15 18 47 80 84 52 67 99 0 8 71 39 7 18 61 75 58 83 3 86 78 81 78 43 13 95 75 17 62 77 4 11 70 22 75 67 71 12 67 69 10 85 5 24 20 98 49 98 84 24 9 0 38 79 42 22 79 49 58 81 34 96 63 45 21 75 83 73 47 30 25 84 79 96 60 54 85 83 51 75 91 50 79 39 30 87 28 19 53 63 72 21 42 61 55 69 42 46 94 50 
70 84 43 39 39 60 65 11 18 9 20 25 15 57 32 55 16 67 58 76 35 92 8 9 30 67 4 68 90 29 91 87 54 59 28 34 96 51 13 85 30 86 28 23 85 44 7 63 50 72 8 38 0 80 82 45 18 64 62 96 22 76 70 62 77 65 3 88 95 35 33 28 0 68 9 90 0 95 95 65 92 10 22 12 6 67 0 30 35 29 7 80 27 68 57 70 7 91 25 58 
38 35 90 85 70 35 48 23 46 66 26 19 77 55 82 54 48 15 18 20 58 4 26 45 97 2 4 88 69 67 78 57 37 88 63 41 23 89 42 51 36 46 6 53 57 43 15 44 44 25 84 79 80 0 1 54 48 57 72 55 23 21 61 45 41 58 19 57 7 33 30 70 61 59 4 36 17 74 56 11 60 13 26 48 46 56 75 91 71 12 45 30 44 10 11 17 97 53 0 98 
50 49 69 1 17 30 10 30 24 51 29 46 44 52 24 27 33 95 28 3 37 59 8 23 6 18 74 22 56 83 35 63 39 32 63 99 60 10 42 52 63 32 7 13 58 34 69 46 2 53 77 42 82 1 0 34 1 33 55 22 79 26 37 42 77 20 70 38 20 56 37 86 56 97 93 24 88 88 49 59 96 34 7 43 13 70 80 42 1 13 32 88 82 4 41 68 25 70 67 16 
60 54 27 84 43 90 10 7 58 61 49 61 65 20 49 48 74 70 10 34 96 96 10 54 20 23 77 95 28 11 40 15 77 96 56 8 51 24 2 12 64 26 56 77 93 97 67 48 12 77 2 22 45 54 34 0 30 19 39 5 33 1 63 90 58 2 52 15 17 2 78 0 99 35 97 74 16 67 1 11 96 76 94 30 66 87 83 45 58 62 46 1 21 16 81 68 26 68 99 79 
78 46 69 74 86 16 47 95 65 10 90 6 30 29 61 59 25 13 31 18 10 91 24 30 2 1 13 97 81 51 37 12 51 35 64 22 97 94 14 52 12 65 2 77 42 47 95 8 12 9 73 79 18 48 1 30 0 66 64 44 83 34 76 66 55 19 10 9 10 56 83 33 78 77 84 90 36 10 83 55 56 21 54 7 73 87 83 26 99 25 52 42 17 67 65 27 57 35 26 65 
59 96 19 59 97 18 2 31 88 67 93 87 67 60 49 44 94 7 37 8 35 25 16 72 75 56 88 77 73 64 82 85 16 81 22 8 19 13 97 96 20 84 46 47 89 3 52 54 52 83 72 49 64 57 33 19 66 0 94 47 87 84 34 57 11 64 91 59 85 42 2 98 55 51 45 88 75 76 76 73 81 12 43 16 84 95 93 10 71 88 44 72 49 75 4 9 36 85 67 22 
61 85 32 45 49 10 45 5 58 34 74 9 95 82 86 44 3 11 91 23 31 83 87 95 52 10 44 58 34 68 67 40 30 46 29 4 18 41 63 94 16 84 51 20 32 20 61 12 70 58 13 58 62 72 55 39 64 94 0 54 51 3 60 65 82 77 97 54 90 98 77 98 79 36 29 25 78 53 62 94 47 88 70 95 20 56 34 2 30 18 76 12 40 91 50 48 10 44 76 85 
48 2 9 7 38 92 72 93 75 45 96 42 16 79 56 54 79 77 76 39 59 56 43 6 20 46 59 53 87 78 68 75 30 72 28 66 13 37 2 50 96 64 28 49 49 31 81 99 84 75 13 81 96 55 22 5 44 47 54 0 47 66 29 62 62 68 71 51 52 76 74 2 45 93 68 43 76 70 83 74 49 36 8 50 49 84 57 36 75 74 32 84 96 94 33 14 66 72 32 16 
98 97 76 86 80 34 12 77 79 63 37 9 46 99 74 65 87 38 99 95 43 27 11 96 5 81 8 14 91 58 13 82 73 31 36 17 31 51 56 28 23 52 84 54 79 47 61 97 37 39 51 34 22 23 79 33 83 87 51 47 0 31 36 61 24 72 82 41 85 98 97 34 81 94 49 70 88 84 79 56 49 21 23 46 87 36 44 80 52 11 12 68 82 8 27 96 80 13 33 47 
66 86 20 46 69 48 3 12 12 93 36 25 99 16 44 88 12 23 22 98 28 11 80 70 57 76 76 7 13 62 98 67 53 85 42 99 85 25 78 9 36 41 82 0 13 30 53 39 13 90 33 96 76 21 26 1 34 84 3 66 31 0 77 17 60 26 35 37 11 54 49 19 32 37 27 1 24 51 33 96 63 9 87 46 42 69 91 19 0 50 57 42 82 61 91 94 90 52 90 17 
2 41 95 72 88 47 47 37 87 47 14 39 87 61 10 63 84 97 17 56 92 16 58 74 92 41 83 20 8 41 29 44 91 20 57 54 37 28 68 4 76 38 54 45 61 98 13 92 38 27 78 63 70 61 37 63 76 34 60 29 36 77 0 92 88 27 99 74 95 52 84 4 4 93 2 17 58 79 53 32 95 47 85 23 11 83 73 89 45 33 22 78 76 34 96 95 17 0 59 34 
24 43 65 26 43 84 62 30 12 17 67 9 77 13 41 31 50 32 14 3 59 55 36 67 15 81 35 51 36 92 49 73 23 28 64 42 16 47 21 32 30 30 3 16 88 29 16 72 61 6 5 45 62 45 42 90 66 57 65 62 61 17 92 0 23 55 3 68 48 29 25 66 95 47 23 42 32 96 85 21 26 3 83 98 60 33 85 0 1 48 64 76 28 11 77 58 84 75 83 81 
81 65 36 21 38 56 25 58 81 46 62 50 5 81 38 91 28 36 32 16 87 76 56 86 61 63 76 68 47 9 43 61 37 31 5 5 25 50 15 70 75 97 33 79 59 88 76 22 0 20 72 21 77 41 77 58 55 11 82 62 24 60 88 23 0 63 3 45 0 76 1 51 16 71 24 55 32 31 78 63 36 8 20 76 57 79 40 28 34 75 7 72 29 60 19 86 99 2 10 96 
92 46 14 18 71 53 32 98 96 16 22 40 83 63 35 73 90 0 44 49 65 71 99 36 98 16 67 38 40 67 12 72 29 91 9 21 96 71 96 44 14 51 27 69 42 61 37 99 68 93 67 75 65 58 20 2 19 64 77 68 72 26 27 55 63 0 36 61 62 29 74 0 6 82 27 77 83 18 41 16 18 92 59 82 96 15 9 98 69 69 95 3 85 97 15 22 65 97 34 37 
54 86 62 42 73 51 41 16 35 83 5 54 9 58 84 75 10 62 40 85 30 86 94 57 38 98 73 55 70 6 49 82 30 89 24 18 5 52 12 70 3 2 15 61 1 12 73 55 96 85 22 83 3 19 70 52 10 91 97 71 82 35 99 3 3 36 0 75 37 23 26 17 11 84 65 25 32 89 91 71 56 61 0 29 66 56 5 55 5 16 62 3 47 59 7 58 95 93 63 48 
15 64 72 23 45 58 24 7 67 24 34 49 16 97 90 40 2 64 34 88 98 23 81 94 20 31 20 15 24 7 19 50 29 24 80 24 7 11 88 1 61 20 3 13 15 57 25 9 48 58 63 73 88 57 38 15 9 59 54 51 41 37 74 68 45 61 75 0 13 39 32 95 20 75 89 68 32 99 20 88 75 46 40 6 66 29 91 11 75 94 91 22 36 39 51 66 20 45 35 64 
92 9 52 53 11 84 93 39 39 16 42 58 51 82 81 68 78 36 42 7 53 2 65 28 35 4 87 82 48 51 76 85 49 48 83 81 2 50 62 85 88 78 65 86 83 77 13 35 18 94 21 47 95 7 20 17 10 85 90 52 85 11 95 48 0 62 37 13 0 32 20 64 43 75 72 69 30 70 9 11 33 99 47 69 61 76 37 71 18 40 84 46 32 87 6 42 8 99 96 50 
96 47 69 36 41 7 28 78 4 30 88 29 47 81 78 44 16 97 39 0 65 7 35 53 91 1 87 50 63 98 38 59 61 47 80 19 49 95 74 32 73 59 71 31 37 46 70 44 33 15 44 30 35 33 56 2 56 42 98 76 98 54 52 29 76 29 23 39 32 0 89 77 9 32 37 70 80 37 4 96 95 4 64 43 5 0 81 31 48 61 34 42 97 61 0 27 2 40 58 11 
52 4 70 85 88 55 62 97 38 22 51 15 18 58 52 78 21 1 33 94 29 47 9 41 93 61 55 46 59 15 38 95 5 82 14 55 51 22 37 54 78 43 49 66 72 28 73 28 97 49 58 25 33 30 37 78 83 2 77 74 97 49 84 25 1 74 26 32 20 89 0 27 44 32 16 53 84 94 62 33 79 1 21 16 66 10 43 87 82 97 17 89 38 6 34 23 31 23 82 34 
28 35 58 60 69 11 99 12 90 17 93 30 77 46 23 30 87 59 82 9 64 42 43 35 64 81 55 55 67 56 21 45 74 13 18 3 43 88 80 75 14 40 62 11 94 71 44 33 17 58 31 84 28 70 86 0 33 98 98 2 34 19 4 66 51 0 17 95 64 77 27 0 86 29 46 86 82 58 3 26 58 65 7 81 56 59 77 90 26 56 62 39 96 43 3 1 39 54 6 31 
81 74 82 67 25 88 52 9 75 46 62 72 69 66 19 65 17 63 0 61 15 55 84 17 67 67 54 47 61 92 46 55 19 47 46 70 30 53 33 19 70 77 54 35 50 78 38 2 78 14 47 79 0 61 56 99 78 55 79 45 81 32 4 95 16 6 11 20 43 9 44 86 0 16 19 80 26 80 82 23 71 20 16 2 27 85 79 94 3 17 96 4 79 89 38 62 46 60 28 75 
14 38 33 60 35 58 98 70 79 32 6 57 53 22 85 45 73 64 18 75 4 82 16 88 95 63 15 60 7 70 12 14 95 32 34 48 31 26 55 19 98 6 35 30 14 24 29 49 3 25 21 96 68 59 97 35 77 51 36 93 94 37 93 47 71 82 84 75 75 32 32 29 16 0 89 70 25 14 82 53 34 33 45 36 21 17 76 57 21 68 17 40 49 12 47 42 37 85 64 8 
48 87 9 85 46 57 32 83 33 3 94 99 96 62 46 12 30 59 49 41 11 57 55 4 60 58 25 42 80 76 0 5 20 16 11 43 9 95 88 68 94 59 82 5 50 98 46 32 70 37 96 60 9 4 93 97 84 45 29 68 49 27 2 23 24 27 65 89 72 37 16 46 19 89 0 79 17 24 30 19 66 61 42 82 50 80 54 96 32 53 20 18 79 24 47 83 26 97 10 77 
28 75 79 56 83 1 22 82 75 6 34 11 27 41 29 80 30 60 42 24 40 26 95 6 45 84 18 37 81 95 81 99 5 27 59 4 39 32 11 52 18 47 91 36 87 54 76 70 6 86 97 54 90 36 24 74 90 88 25 43 70 1 17 42 55 77 25 68 69 70 53 86 80 70 79 0 8 60 14 33 44 10 55 78 12 65 44 35 81 95 92 5 76 92 52 5 46 81 20 96 
91 20 48 25 47 37 81 27 93 87 87 70 40 33 57 11 22 7 47 79 91 50 28 64 22 19 53 59 26 48 35 64 74 9 28 18 30 17 29 83 20 30 38 16 46 58 64 1 13 11 89 85 0 17 88 16 36 75 78 76 88 24 58 32 32 83 32 32 30 80 84 82 26 25 17 8 0 19 45 58 39 62 84 25 37 53 83 80 2 91 81 39 44 43 95 84 4 51 92 25 
65 4 55 56 3 32 40 59 73 79 5 60 1 89 18 75 68 83 9 12 52 36 31 15 67 21 13 6 76 33 45 73 75 21 73 49 31 15 66 41 29 48 32 0 31 48 54 52 58 55 65 83 95 74 88 67 10 76 53 70 84 51 79 96 31 18 89 99 70 37 94 58 80 14 24 60 19 0 53 67 57 83 77 98 48 83 89 97 71 87 92 18 39 29 3 77 52 87 15 93 
77 62 68 78 41 23 16 70 9 50 85 54 34 43 78 55 3 17 49 2 85 99 86 52 59 41 39 99 80 26 48 51 52 74 89 94 79 11 56 59 66 28 94 37 91 85 98 84 88 69 10 51 95 56 49 1 83 76 62 83 79 33 53 85 78 41 91 20 9 4 62 3 82 82 30 14 45 53 0 95 52 6 15 56 40 60 95 83 97 88 48 2 31 98 24 91 67 85 58 43 
63 25 59 62 53 12 3 1 51 45 33 84 5 35 43 86 10 30 92 68 6 65 88 15 19 88 8 16 50 20 48 98 40 55 97 69 73 56 39 94 48 24 56 23 13 26 26 29 68 15 2 75 65 11 59 11 55 73 94 74 56 96 32 21 63 16 71 88 11 96 33 26 23 53 19 33 58 67 95 0 72 11 66 29 93 75 30 37 25 27 90 32 43 1 91 91 76 66 64 47 
10 18 84 12 60 50 96 41 18 77 59 12 86 55 40 69 39 39 3 76 88 67 76 70 4 71 63 3 5 13 81 5 59 12 91 68 31 10 87 44 94 67 75 67 94 43 48 41 97 63 95 91 92 60 96 96 56 81 47 49 49 63 95 26 36 18 56 75 33 95 79 58 71 34 66 44 39 57 52 72 0 84 94 96 15 86 8 54 7 30 27 27 37 41 11 38 9 4 93 60 
95 25 48 34 73 33 76 2 36 73 38 25 98 95 51 98 51 4 74 44 18 96 34 62 99 45 22 43 61 5 76 83 32 19 35 58 47 71 38 41 37 44 83 62 65 0 14 80 96 31 97 50 10 13 34 76 21 12 88 36 21 9 47 3 8 92 61 46 99 4 1 65 20 33 61 10 62 83 6 11 84 0 19 30 68 90 84 66 4 66 84 58 39 7 84 21 88 42 23 39 
3 76 73 93 76 16 24 88 15 90 43 78 31 8 3 24 88 39 30 77 5 80 85 9 21 50 95 98 42 70 14 12 70 91 60 94 81 97 13 98 42 7 41 30 27 87 0 70 14 47 17 79 22 26 7 94 54 43 70 8 23 87 85 83 20 59 0 40 47 64 21 7 16 45 42 55 84 77 15 66 94 19 0 61 71 1 57 29 22 64 31 65 49 57 6 83 43 28 23 29 
91 95 35 67 94 71 70 12 41 10 21 3 26 59 0 7 74 24 3 54 55 89 6 2 51 45 54 52 15 79 72 10 59 1 88 92 43 5 51 43 96 5 71 44 24 51 71 22 5 6 87 39 12 48 43 30 7 16 95 50 46 46 23 98 76 82 29 6 69 43 16 81 2 36 82 78 25 98 56 29 96 30 61 0 83 26 34 91 26 18 46 81 17 29 79 7 96 6 54 24 
3 24 77 29 24 26 47 40 54 58 26 79 24 27 13 5 41 17 84 31 94 87 39 4 26 51 96 52 75 59 53 62 92 79 43 83 49 87 48 38 44 88 88 6 60 40 84 74 93 75 48 30 6 46 13 66 73 84 20 49 87 42 11 60 57 96 66 66 61 5 66 56 27 21 50 12 37 48 40 93 15 68 71 83 0 3 57 91 43 53 10 30 10 44 12 91 50 90 40 53 
24 37 86 93 19 60 35 85 82 32 9 96 60 93 94 38 44 64 52 66 26 84 96 15 86 92 42 39 40 12 67 63 30 57 0 59 85 72 53 42 10 62 45 29 77 29 79 89 86 14 88 87 67 56 70 87 87 95 56 84 36 69 83 33 79 15 56 29 76 0 10 59 85 17 80 65 53 83 60 75 86 90 1 26 3 0 20 39 62 39 6 46 2 18 35 24 36 93 0 89 
20 0 98 43 50 17 69 98 68 25 51 15 52 46 7 33 96 38 98 91 7 45 59 61 25 33 1 68 80 97 33 58 7 45 21 34 80 60 74 1 37 76 33 30 54 28 60 9 84 38 94 28 0 75 80 83 83 93 34 57 44 91 73 85 40 9 5 91 37 81 43 77 79 76 54 44 83 89 95 30 8 84 57 34 57 20 0 45 11 43 90 72 12 49 53 18 64 10 83 7 
67 97 59 52 52 55 67 59 12 53 83 26 14 72 64 17 21 37 85 99 43 77 26 96 74 69 13 24 49 83 66 34 79 36 34 18 14 36 16 24 20 35 58 76 58 27 15 28 20 88 55 19 30 91 42 45 26 10 2 36 80 19 89 0 28 98 55 11 71 31 87 90 94 57 96 35 80 97 83 37 54 66 29 91 91 39 45 0 37 70 80 44 47 2 35 24 26 9 52 12 
41 72 96 38 89 96 69 79 36 4 68 34 85 30 74 10 49 70 92 44 66 69 66 99 46 70 28 70 77 2 46 45 85 22 6 47 60 28 21 83 69 6 60 93 51 68 81 83 93 65 34 53 35 71 1 58 99 71 30 75 52 0 45 1 34 69 5 75 18 48 82 26 3 21 32 81 2 71 97 25 7 4 22 26 43 62 11 37 0 43 80 15 84 56 15 3 90 18 48 67 
39 92 79 26 66 27 70 25 92 91 61 83 1 52 73 2 92 47 14 88 10 24 88 81 53 81 87 94 87 72 66 19 14 60 67 49 83 47 44 87 22 82 59 81 61 38 88 8 86 62 96 63 29 12 13 62 25 88 18 74 11 50 33 48 75 69 16 94 40 61 97 56 17 68 53 95 91 87 88 27 30 66 64 18 53 39 43 70 43 0 30 29 37 52 87 37 52 21 24 46 
4 97 72 53 67 70 35 84 2 85 37 45 25 19 92 48 23 28 5 98 73 62 98 0 62 26 49 70 79 43 34 92 34 29 37 39 87 38 83 59 37 0 90 55 66 28 23 19 92 62 87 72 7 45 32 46 52 44 76 32 12 57 22 64 7 95 62 91 84 34 17 62 96 17 20 92 81 92 48 90 27 84 31 46 10 6 90 80 80 30 0 82 50 34 12 41 21 3 56 12 
82 51 93 20 25 84 93 46 79 20 71 86 95 94 30 29 7 11 92 45 8 48 67 71 35 58 69 99 79 34 93 63 27 82 87 7 59 75 34 14 51 8 55 77 79 91 53 87 89 31 4 21 80 30 88 1 42 72 12 84 68 42 78 76 72 3 3 22 46 42 89 39 4 40 18 5 39 18 2 32 27 58 65 81 30 46 72 44 15 29 82 0 59 55 85 56 27 51 18 71 
93 41 84 77 61 4 98 43 0 4 43 6 27 17 72 21 22 94 70 41 48 61 99 88 58 18 82 58 15 8 64 37 3 57 51 67 35 75 23 20 28 14 35 92 12 93 72 28 55 48 10 42 27 44 82 21 17 49 40 96 82 82 76 28 29 85 47 36 32 97 38 96 79 49 79 76 44 39 31 43 37 39 49 17 10 2 12 47 84 37 50 59 0 25 56 66 66 10 61 16 
4 55 24 65 68 4 38 55 33 6 40 64 51 59 74 21 70 69 22 15 35 3 82 35 86 95 0 93 92 29 54 51 62 47 48 67 80 55 25 82 73 5 46 30 90 97 32 42 19 75 11 61 68 10 4 16 67 75 91 94 8 61 34 11 60 97 59 39 87 61 6 43 89 12 24 92 43 29 98 1 41 7 57 29 44 18 49 2 56 52 34 55 25 0 76 45 63 95 27 25 
27 20 72 79 31 48 83 3 38 33 76 16 76 8 44 65 71 60 90 82 42 77 65 43 78 15 22 5 58 86 17 11 26 6 4 62 64 42 16 24 4 76 48 16 51 41 37 69 39 67 14 55 57 11 41 81 65 4 50 33 27 91 96 77 19 15 7 51 6 0 34 3 38 47 47 52 95 3 24 91 11 84 6 79 12 35 53 35 15 87 12 85 56 76 0 39 96 42 42 85 
76 58 44 37 98 16 26 99 53 38 48 44 75 6 68 82 39 35 53 78 22 68 70 4 84 3 30 99 38 33 73 73 81 83 40 19 13 29 88 33 1 72 18 18 1 45 63 36 6 95 0 69 70 17 68 68 27 9 48 14 96 94 95 58 86 22 58 66 42 27 23 1 62 42 83 5 84 77 91 91 38 21 83 7 91 24 18 24 3 37 41 56 66 45 39 0 62 98 0 6 
94 27 83 41 85 63 22 60 76 91 5 8 57 1 17 41 43 31 55 72 27 26 79 12 56 32 47 75 34 53 91 93 73 85 3 85 37 94 79 3 36 54 71 39 71 86 15 0 80 86 90 42 7 97 25 26 57 36 10 66 80 90 17 84 99 65 95 20 8 2 31 39 46 37 26 46 4 52 67 76 9 88 43 96 50 36 64 26 90 52 21 27 66 63 96 62 0 76 52 67 
0 76 61 17 78 4 36 96 93 56 39 64 82 80 98 15 10 19 9 66 86 80 20 56 51 69 83 31 66 13 48 71 65 97 31 91 34 61 21 75 70 26 85 92 5 71 97 55 89 24 93 46 91 53 70 68 35 85 44 72 13 52 0 75 2 97 93 45 99 40 23 54 60 85 97 81 51 87 85 66 4 42 28 6 90 93 10 9 18 21 3 51 10 95 42 98 76 0 49 38 
33 57 68 6 79 71 80 42 36 90 50 48 88 42 29 35 8 47 52 75 45 60 44 88 80 81 43 69 24 27 43 52 86 77 89 96 53 62 89 36 22 20 70 53 39 40 4 3 36 98 88 94 25 0 67 99 26 67 76 32 33 90 59 83 10 34 63 35 96 58 82 6 28 64 10 20 92 15 58 64 93 23 23 54 40 0 83 52 48 24 56 18 61 27 42 0 52 49 0 56 
23 64 91 29 80 77 30 75 24 18 9 51 20 82 76 54 82 9 31 57 45 79 7 65 73 60 39 62 87 3 60 94 34 9 40 15 8 12 94 43 10 55 40 0 40 2 77 31 47 56 71 50 58 98 16 79 65 22 85 16 47 17 34 81 96 37 48 64 50 11 34 31 75 8 77 96 25 93 43 47 60 39 29 24 53 89 7 12 67 46 12 71 16 25 85 6 67 38 56 0 
0 14 89 86 3 69 85 1 98 50 91 25 72 67 20 14 69 52 15 9 64 4 35 97 49 25 96 73 7 30 48 66 46 32 69 42 93 89 58 44 96 8 1 3 29 61 19 6 90 8 85 37 29 17 22 5 59 91 37 98 82 23 93 18 67 81 25 4 52 42 75 71 61 65 18 77 62 15 74 47 77 24 89 28 54 23 94 17 3 51 44 90 66 95 80 57 46 10 87 10 
14 0 31 64 79 5 80 60 10 18 27 20 90 61 70 32 48 18 29 67 37 4 85 19 35 82 87 97 7 24 67 7 91 51 9 49 45 39 81 87 54 96 32 9 74 43 91 69 75 36 14 54 6 4 70 4 80 34 71 45 60 43 60 48 32 37 98 47 16 34 82 11 62 65 11 57 49 64 11 36 23 79 40 89 32 50 3 60 69 13 23 11 25 63 47 8 65 2 35 93 
89 31 0 47 8 33 33 53 6 71 70 58 8 92 11 58 64 46 96 93 32 79 15 71 38 48 37 35 39 58 58 83 82 24 49 70 34 0 10 81 29 57 84 21 28 86 75 41 61 32 34 63 48 63 80 56 44 9 4 12 89 85 83 0 21 11 55 72 88 92 1 88 45 25 49 26 35 69 93 39 94 50 21 2 47 63 48 72 59 32 5 53 29 97 79 65 44 43 80 80 
86 64 47 0 23 27 8 20 73 47 89 1 21 61 2 12 47 48 88 18 38 33 54 72 7 62 29 50 34 41 94 56 70 16 6 20 6 27 59 67 85 42 94 99 57 27 97 39 82 3 2 40 94 96 0 77 48 30 83 82 29 37 46 93 4 20 21 54 72 59 95 48 8 82 47 76 14 50 93 49 4 51 65 87 28 99 24 29 9 2 46 43 86 89 71 28 56 19 31 28 
3 79 8 23 0 13 11 2 56 11 85 11 43 36 40 59 27 31 81 60 96 1 3 83 1 65 84 20 20 5 35 85 84 99 58 29 10 86 3 72 13 41 63 54 6 16 10 40 99 0 41 26 3 25 4 16 99 16 73 64 4 33 93 58 27 93 1 75 51 72 37 71 55 92 11 55 8 40 81 37 97 16 15 14 62 26 40 10 50 64 45 0 39 82 66 11 15 92 76 12 
69 5 33 27 13 0 70 19 30 29 1 1 43 6 29 6 2 96 86 16 23 80 26 59 39 12 70 50 3 24 78 59 6 61 62 86 90 14 9 41 14 9 49 63 55 44 4 42 53 54 45 39 99 61 3 69 1 14 17 48 76 92 87 64 37 29 19 36 15 76 49 30 50 12 4 74 96 0 81 33 15 15 30 74 97 84 57 0 65 73 29 24 40 92 16 24 3 15 16 87 
85 80 33 8 11 70 0 72 66 82 24 26 19 27 46 3 90 4 42 81 65 20 56 1 73 53 11 37 76 80 0 30 54 33 80 19 81 36 24 6 21 40 90 65 85 62 21 37 77 71 59 0 31 74 34 47 40 83 17 63 80 23 25 8 57 99 48 20 4 98 28 44 70 85 65 2 55 17 9 56 40 13 74 80 65 94 68 5 62 36 56 88 76 51 47 92 66 13 61 63 
1 60 53 20 2 19 72 0 71 34 27 37 68 49 52 16 29 17 98 45 91 32 70 91 22 99 99 95 60 78 50 92 22 55 95 94 83 8 48 82 11 69 39 23 21 22 58 97 7 0 16 60 33 81 57 5 83 85 57 1 63 66 22 70 39 26 56 97 9 60 59 10 16 14 63 2 31 53 96 43 46 77 12 59 59 18 44 66 67 69 92 34 62 3 14 51 63 53 89 31 
98 10 6 73 56 30 66 71 0 12 71 23 46 60 14 64 50 35 62 3 32 85 14 49 63 65 60 96 37 18 17 79 84 61 57 79 8 26 81 88 7 16 67 65 37 53 69 66 43 20 18 35 66 11 86 50 13 44 9 85 52 90 70 88 80 10 29 11 62 26 57 56 69 3 5 52 88 18 12 53 47 26 83 81 72 93 90 65 89 9 22 32 81 19 49 2 94 10 29 68 
50 18 71 47 11 29 82 34 12 0 18 47 49 67 2 26 90 4 63 96 14 16 32 73 18 77 33 98 46 85 0 79 93 3 69 21 8 61 0 7 71 88 40 43 87 98 29 96 16 76 9 70 47 85 11 38 93 10 52 41 65 6 25 63 85 39 45 33 24 5 92 89 94 54 94 97 50 73 27 44 47 30 18 73 75 45 64 2 58 69 2 17 68 98 73 38 40 58 35 28 
91 27 70 89 85 1 24 27 71 18 0 98 82 44 97 82 67 65 65 81 17 7 44 53 47 1 32 98 48 90 85 55 65 30 5 51 67 79 34 41 37 98 84 86 81 79 48 4 11 61 29 20 37 66 18 13 27 33 22 30 66 39 31 33 26 98 25 91 43 33 59 71 79 29 83 87 51 18 16 74 82 17 90 26 61 38 84 48 56 88 5 67 51 38 22 86 64 27 56 15 
25 20 58 1 11 1 26 37 23 47 98 0 31 15 48 11 43 39 80 94 30 45 93 34 46 45 94 17 6 76 61 58 74 43 67 56 7 47 89 9 19 76 60 23 88 0 91 87 11 15 80 32 19 13 36 63 72 12 56 23 22 98 25 75 44 57 87 14 62 12 75 5 60 34 99 59 2 26 15 90 43 30 9 81 22 42 91 53 93 96 63 43 24 19 56 92 42 16 45 36 
72 90 8 21 43 43 19 68 46 49 82 31 0 92 6 10 29 47 58 5 22 4 80 93 84 81 77 45 37 90 54 64 74 29 67 34 22 62 63 0 25 78 90 53 25 23 56 39 49 4 13 37 72 74 31 28 85 92 29 38 83 11 18 6 54 82 70 25 88 64 90 21 90 9 58 15 39 63 59 48 86 53 73 84 95 13 55 30 20 90 93 24 3 39 83 51 24 9 35 19 
67 61 92 61 36 6 27 49 60 67 44 15 92 0 82 20 72 84 38 92 99 52 72 73 12 31 52 86 47 0 6 35 41 30 78 0 24 97 78 49 54 54 75 29 47 59 86 46 12 56 17 73 87 18 14 71 17 35 47 35 31 95 34 43 5 47 37 17 97 81 78 36 70 77 43 98 89 42 96 12 66 72 7 17 27 12 11 60 63 12 88 45 98 8 80 10 45 23 58 70 
20 70 11 2 40 29 46 52 14 2 97 48 6 82 0 84 67 66 10 71 58 16 17 61 39 23 92 11 49 60 95 9 83 65 56 89 78 71 70 82 50 51 66 64 94 34 19 80 8 7 14 23 62 86 90 55 11 54 63 68 51 57 5 86 83 82 78 65 40 98 75 46 74 65 86 28 25 9 8 97 45 4 11 17 54 18 63 68 47 93 70 67 79 5 43 35 5 51 68 20 
14 32 58 12 59 6 3 16 64 26 82 11 10 20 84 0 13 6 10 52 70 9 9 65 89 29 99 46 84 56 78 36 88 26 69 29 76 39 42 19 73 76 64 29 69 73 34 30 39 16 85 72 36 62 21 52 16 16 24 66 23 22 47 45 36 11 43 42 95 88 9 18 80 33 76 59 20 2 24 23 9 1 86 5 35 53 47 23 40 53 1 35 24 64 91 90 16 76 46 5 
69 48 64 47 27 2 90 29 50 90 67 43 29 72 67 13 0 37 89 79 34 35 19 63 81 11 7 98 75 39 75 67 91 85 88 6 55 58 7 80 15 99 86 45 98 43 61 55 4 18 98 47 94 77 64 69 66 85 17 69 95 15 49 23 68 27 61 95 80 92 86 94 30 97 40 90 43 32 75 28 26 64 45 7 70 48 23 65 77 53 93 92 22 44 12 9 83 31 31 89 
52 18 46 48 31 96 4 17 35 4 65 39 47 84 66 6 37 0 8 50 84 65 97 90 6 8 71 46 99 70 63 18 15 84 57 97 0 73 49 99 29 56 86 36 13 55 95 32 57 94 97 34 14 30 69 19 62 95 44 75 61 59 49 59 79 73 9 39 0 67 93 83 58 8 14 52 92 68 64 1 98 28 95 37 43 19 6 65 16 64 72 34 69 59 98 64 50 96 53 87 
15 29 96 88 81 86 42 98 62 63 65 80 58 38 10 10 89 8 0 34 83 79 15 92 9 1 42 82 11 28 59 6 6 5 69 94 28 29 9 53 19 45 95 43 24 14 3 34 77 47 9 54 4 29 6 36 0 39 64 85 44 10 68 10 98 2 59 79 7 53 8 25 53 34 52 76 4 67 23 24 2 9 80 62 32 38 39 95 85 8 39 84 87 23 70 82 16 32 90 87 
9 67 93 18 60 16 81 45 3 96 81 94 5 92 71 52 79 50 34 0 12 48 82 23 82 16 81 43 59 89 98 25 21 11 91 41 68 77 97 28 95 27 68 68 34 73 80 63 12 65 86 98 98 13 18 57 61 73 0 60 44 45 98 51 14 17 87 29 64 40 77 88 35 74 52 4 71 49 95 13 25 84 81 9 69 81 42 80 63 74 65 4 95 96 74 70 41 85 31 61 
64 37 32 38 96 23 65 91 32 14 17 30 22 99 58 70 34 84 83 12 0 37 25 69 62 21 1 37 63 29 35 38 52 2 11 96 60 14 66 66 1 18 30 62 86 68 58 26 7 20 12 55 9 83 36 58 24 12 38 16 91 1 57 14 60 78 62 61 24 68 89 62 89 47 2 83 33 15 49 78 1 42 93 49 19 5 34 17 88 52 44 32 37 23 83 50 84 2 49 64 
4 4 79 33 1 80 20 32 85 16 7 45 4 52 16 9 35 65 79 48 37 0 39 55 63 21 13 27 23 91 86 71 54 61 52 10 21 33 70 23 94 0 48 0 40 49 14 12 57 26 90 87 5 77 21 16 24 5 51 27 26 57 86 52 71 6 99 66 72 63 29 12 29 36 89 26 1 27 83 17 17 9 65 73 34 9 7 85 74 67 95 54 51 61 93 18 8 47 99 74 
35 85 15 54 3 26 56 70 14 32 44 93 80 72 17 9 19 97 15 82 25 39 0 17 84 65 82 59 67 37 52 74 17 14 57 57 35 71 0 14 14 72 85 98 62 50 56 23 49 5 66 98 2 1 50 61 86 86 42 40 75 84 50 71 61 91 86 62 2 71 0 63 21 40 89 89 41 84 2 82 27 38 92 23 22 72 14 44 94 64 69 84 3 40 64 98 0 74 5 77 
97 19 71 72 83 59 1 91 49 73 53 34 93 73 61 65 63 90 92 23 69 55 17 0 15 36 21 83 31 25 26 94 87 26 13 5 12 63 38 99 47 3 97 26 79 80 96 91 99 97 59 84 73 6 21 51 4 69 40 51 21 11 92 92 58 20 8 14 87 72 69 83 70 68 11 35 89 43 52 47 42 35 99 89 83 37 48 37 89 10 75 6 6 30 56 45 84 70 44 90 
49 35 38 7 1 39 73 22 63 18 47 46 84 12 39 89 81 6 9 82 62 63 84 15 0 26 89 81 67 51 33 10 40 83 62 28 18 66 14 24 44 41 61 57 69 16 50 29 19 6 76 65 71 37 44 59 43 88 66 25 61 22 50 19 57 20 82 25 92 37 87 50 62 0 75 9 54 87 89 67 4 98 41 1 55 59 56 71 0 72 23 11 78 89 65 65 21 59 76 91 
25 82 48 62 65 12 53 99 65 77 1 45 81 31 23 29 11 8 1 16 21 21 65 36 26 0 96 71 90 0 75 27 23 4 15 45 38 55 78 79 81 80 57 60 79 56 29 55 70 14 73 82 47 82 59 23 15 66 77 53 83 60 81 69 38 57 98 28 56 66 73 13 54 63 69 83 58 26 18 44 53 71 66 18 40 63 97 91 5 77 77 32 85 35 16 85 94 61 8 24 
96 87 37 29 84 70 11 99 60 33 32 94 77 52 92 99 7 71 42 81 1 13 82 21 89 96 0 45 43 16 3 16 84 53 31 34 22 74 17 71 24 36 76 99 5 56 19 87 60 58 1 19 56 41 65 49 93 57 41 42 87 9 81 80 37 31 99 52 98 78 46 66 72 2 48 13 94 84 74 92 7 73 19 68 92 23 20 94 43 9 96 39 21 84 87 46 41 17 12 67 
73 97 35 50 20 50 37 95 96 98 98 17 45 86 11 46 98 46 82 43 37 27 59 83 81 71 45 0 75 55 99 88 24 59 94 20 29 96 38 55 25 72 48 96 66 16 42 18 74 45 7 11 0 3 59 67 79 49 70 78 96 14 63 29 65 49 5 28 61 19 48 1 41 75 51 27 86 77 47 23 35 0 22 17 81 97 70 79 47 89 41 94 92 65 92 83 77 32 44 13 
7 7 39 34 20 3 76 60 37 46 48 6 37 47 49 84 75 99 11 59 63 23 67 31 67 90 43 75 0 1 60 76 12 4 96 44 72 68 82 83 51 92 61 76 21 8 89 57 76 48 99 91 83 82 93 16 64 51 5 19 24 16 6 63 12 45 56 82 1 1 66 17 17 98 0 36 37 3 64 33 99 96 17 34 42 85 47 89 98 23 67 14 90 28 31 45 16 10 13 94 
30 24 58 41 5 24 80 78 18 85 90 76 90 0 60 56 39 70 28 89 29 91 37 25 51 0 16 55 1 0 39 33 74 9 76 76 95 0 23 29 30 49 58 93 29 87 64 45 6 93 29 73 48 12 90 11 63 6 77 48 23 31 2 82 24 11 91 11 43 74 45 42 52 62 27 7 87 99 59 55 17 14 44 88 41 57 8 59 79 8 35 83 31 6 15 81 74 44 89 13 
48 67 58 94 35 78 0 50 17 0 85 61 54 6 95 78 75 63 59 98 35 86 52 26 33 75 3 99 60 39 0 83 50 15 80 1 81 17 12 4 58 68 49 29 21 27 16 14 60 34 14 28 37 67 45 72 89 50 94 71 86 45 23 27 71 84 48 59 42 55 24 78 35 68 21 27 37 68 67 33 5 58 38 52 78 55 38 27 89 56 19 39 22 56 28 83 14 38 98 58 
66 7 83 56 85 59 30 92 79 79 55 58 64 35 9 36 67 18 6 25 38 71 74 94 10 27 16 88 76 33 83 0 9 27 93 83 73 98 39 58 89 55 73 81 36 38 28 22 74 3 89 14 51 99 93 62 95 46 2 33 87 83 52 32 69 2 0 84 3 14 71 61 26 37 70 10 38 15 48 25 6 78 78 82 30 71 24 24 54 26 6 32 3 88 33 69 10 10 40 62 
46 91 82 70 84 6 54 22 84 93 65 74 74 41 83 88 91 15 6 21 52 54 17 87 40 23 84 24 12 74 50 9 0 15 91 64 8 28 30 38 75 50 48 77 49 32 32 57 82 30 42 30 47 40 30 79 6 95 39 27 38 42 47 54 9 35 32 74 90 97 78 10 11 19 60 81 89 0 10 99 41 11 34 33 58 60 33 81 60 68 60 41 52 97 86 23 26 65 89 57 
32 51 24 16 99 61 33 55 61 3 30 43 29 30 65 26 85 84 5 11 2 61 14 26 83 4 53 59 4 9 15 27 15 0 20 17 83 42 88 5 55 87 0 34 85 30 35 8 36 96 24 9 3 77 14 99 93 6 53 90 59 78 79 26 36 5 9 44 12 49 45 86 48 42 4 95 63 46 63 27 14 74 73 83 29 40 97 2 51 65 48 41 13 70 93 11 43 62 58 64 
69 9 49 6 58 62 80 95 57 69 5 67 67 78 56 69 88 57 69 91 11 52 57 13 62 15 31 94 96 76 80 93 91 20 0 77 51 19 16 46 69 24 18 57 22 64 90 32 54 93 19 12 65 76 90 76 46 46 93 92 37 94 20 97 21 6 91 44 64 43 77 77 8 54 64 31 51 71 0 39 96 73 72 59 65 92 87 46 47 13 84 4 7 58 45 76 57 87 55 47 
42 49 70 20 29 86 19 94 79 21 51 56 34 0 89 29 6 97 94 41 96 10 57 5 28 45 34 20 44 76 1 83 64 17 77 0 67 3 51 49 60 21 90 66 24 3 70 51 56 58 61 7 19 49 0 94 9 61 40 56 19 16 30 10 6 95 55 17 99 10 14 7 96 43 54 73 92 97 74 68 94 21 41 7 65 31 15 12 26 39 47 81 13 67 92 63 55 27 10 0 
93 45 34 6 10 90 81 83 8 8 67 7 22 24 78 76 55 0 28 68 60 21 35 12 18 38 22 29 72 95 81 73 8 83 51 67 0 52 80 66 74 75 65 49 16 78 70 75 74 8 0 77 22 3 6 32 76 25 64 0 48 66 37 67 38 37 44 79 35 43 56 5 69 0 62 44 62 97 96 13 30 75 6 41 18 99 36 83 24 8 88 14 62 73 86 0 67 98 3 19 
89 39 0 27 86 14 36 8 26 61 79 47 62 97 71 39 58 73 29 77 14 33 71 63 66 55 74 96 68 0 17 98 28 42 19 3 52 0 26 84 42 64 20 40 9 40 52 92 57 4 13 96 65 3 29 96 44 45 33 12 95 27 25 71 1 24 10 2 27 96 27 83 60 64 40 65 9 10 56 4 73 27 90 63 71 55 81 38 58 84 87 38 62 10 82 85 6 0 99 82 
58 81 10 59 3 9 24 48 81 0 34 89 63 78 70 42 7 49 9 97 66 70 0 38 14 78 17 38 82 23 12 39 30 88 16 51 80 26 0 60 73 18 15 80 22 45 15 90 38 45 49 1 54 3 98 5 50 69 86 94 45 51 81 18 95 65 38 25 64 1 76 87 38 54 51 30 37 71 2 78 20 40 32 39 59 33 17 69 46 44 12 92 34 94 69 97 49 49 66 0 
44 87 81 67 72 41 6 82 88 7 41 9 0 49 82 19 80 99 53 28 66 23 14 99 24 79 71 55 83 29 4 58 38 5 46 49 66 84 60 0 50 26 67 62 79 23 32 17 32 17 22 17 27 0 78 48 32 59 91 22 50 78 33 49 35 79 14 24 93 26 23 54 69 4 77 13 92 28 63 4 64 51 88 89 76 72 77 65 95 83 24 90 39 90 84 44 42 29 52 66 
96 54 29 85 13 14 21 11 7 71 37 19 25 54 50 73 15 29 19 95 1 94 14 47 44 81 24 25 51 30 58 89 75 55 69 60 74 42 73 50 0 34 74 37 49 85 83 59 69 78 5 67 9 86 93 37 5 40 8 22 16 64 56 14 30 63 90 5 76 71 15 0 99 28 24 16 20 74 79 60 14 92 62 9 83 13 86 9 4 33 26 67 21 61 60 48 60 91 69 9 
8 96 57 42 41 9 40 69 16 88 98 76 78 54 51 76 99 56 45 27 18 0 72 3 41 80 36 72 92 49 68 55 50 87 24 21 75 64 18 26 34 0 48 86 67 52 99 74 97 74 78 74 88 74 16 4 32 59 70 99 61 57 52 98 63 45 36 13 42 28 68 41 80 27 89 53 79 24 15 11 9 29 38 23 44 92 17 88 92 90 42 1 95 27 91 30 40 85 80 36 
1 32 84 94 63 49 90 39 67 40 84 60 90 75 66 64 86 86 95 68 30 48 85 97 61 57 76 48 61 58 49 73 48 0 18 90 65 20 15 67 74 48 0 86 79 72 96 96 16 35 93 43 8 31 35 57 54 49 59 49 35 72 53 90 33 16 20 45 92 20 98 10 93 49 46 57 72 41 16 65 28 43 75 84 66 95 60 51 41 86 16 44 20 11 73 28 82 57 36 79 
3 9 21 99 54 63 65 23 65 43 86 23 53 29 64 29 45 36 43 68 62 0 98 26 57 60 99 96 76 93 29 81 77 34 57 66 49 40 80 62 37 86 86 0 52 33 24 57 70 68 18 33 12 6 37 88 46 47 3 73 82 44 7 37 67 30 73 95 36 13 70 11 84 90 28 50 84 45 39 70 24 82 89 69 85 99 51 85 14 44 37 97 84 10 29 45 18 77 20 56 
29 74 28 57 6 55 85 21 37 87 81 88 25 47 94 69 98 13 24 34 86 40 62 79 69 79 5 66 21 29 21 36 49 85 22 24 16 9 22 79 49 67 79 52 0 54 63 59 4 94 14 26 64 40 44 44 58 31 67 4 56 69 90 49 10 49 96 0 42 45 50 0 32 63 49 47 15 26 83 69 26 12 6 30 45 10 58 3 50 61 7 58 20 60 43 21 11 60 92 74 
61 43 86 27 16 44 62 22 53 98 79 0 23 59 34 73 43 55 14 73 68 49 50 80 16 56 56 16 8 87 27 38 32 30 64 3 78 40 45 23 85 52 72 33 54 0 9 85 53 10 2 90 56 81 9 93 8 61 92 1 13 41 83 7 21 10 32 46 35 8 86 96 70 39 71 40 47 50 83 87 84 98 81 25 60 40 79 86 25 70 65 55 22 88 71 79 78 46 90 48 
19 91 75 97 10 4 21 58 69 29 48 91 56 86 19 34 61 95 3 80 58 14 56 96 50 29 19 42 89 64 16 28 32 35 90 70 70 52 15 32 83 99 96 24 63 9 0 89 50 86 9 62 63 20 45 73 45 1 35 66 22 73 88 94 52 42 21 65 49 81 36 15 9 68 44 65 26 18 67 36 52 19 84 12 58 15 29 68 76 27 99 59 30 89 84 72 2 92 21 92 
6 69 41 39 40 42 37 97 66 96 4 87 39 46 80 30 55 32 34 63 26 12 23 91 29 55 87 18 57 45 14 22 57 8 32 51 75 92 90 17 59 74 96 57 59 85 89 0 70 23 14 80 38 24 46 94 47 84 12 75 70 28 3 8 72 29 38 12 73 22 56 93 86 93 43 71 63 87 91 95 70 42 57 74 39 5 39 38 25 34 24 13 95 43 17 4 77 69 72 62 
90 75 61 82 99 53 77 7 43 16 11 11 49 12 8 39 4 57 77 12 7 57 49 99 19 70 60 74 76 6 60 74 82 36 54 56 74 57 38 32 69 97 16 70 4 53 50 70 0 30 35 44 5 15 42 91 40 99 23 36 78 0 55 89 43 80 15 60 72 10 58 40 55 47 73 6 70 48 56 9 69 98 73 93 41 38 35 40 31 69 89 11 0 1 12 79 13 53 80 26 
8 36 32 3 0 54 71 0 20 76 61 15 4 56 7 16 18 94 47 65 20 26 5 97 6 14 58 45 48 93 34 3 30 96 93 58 8 4 45 17 78 74 35 68 94 10 86 23 30 0 93 84 58 8 26 41 48 34 52 79 56 75 21 26 79 5 0 52 99 88 58 18 26 90 72 49 14 93 96 57 20 4 57 63 6 52 68 68 35 32 42 54 26 66 95 73 23 75 64 15 
85 14 34 2 41 45 59 16 18 9 29 80 13 17 14 85 98 97 9 86 12 90 66 59 76 73 1 7 99 29 14 89 42 24 19 61 0 13 49 22 5 78 93 18 14 2 9 14 35 93 0 60 22 53 58 57 27 4 85 64 4 46 63 43 29 66 71 37 28 19 62 61 90 65 61 78 99 52 52 65 96 26 40 39 39 40 40 29 38 59 70 27 4 74 84 81 45 32 83 89 
37 54 63 40 26 39 0 60 35 70 20 32 37 73 23 72 47 34 54 98 55 87 98 84 65 82 19 11 91 73 28 14 30 9 12 7 77 96 1 17 67 74 43 33 26 90 62 80 44 84 60 0 11 57 94 67 49 8 0 80 22 49 58 49 77 26 90 42 65 46 11 2 51 93 1 43 9 49 77 19 73 23 82 19 8 95 4 66 48 91 74 34 62 1 29 95 84 4 15 14 
29 6 48 94 3 99 31 33 66 47 37 19 72 87 62 36 94 14 4 98 9 5 2 73 71 47 56 0 83 48 37 51 47 3 65 19 22 65 54 27 9 88 8 12 64 56 63 38 5 58 22 11 0 31 12 38 63 9 18 9 0 73 28 67 8 94 61 91 31 96 50 69 32 20 41 35 82 85 84 42 9 6 68 63 76 44 63 7 24 18 59 69 78 82 86 41 50 72 18 31 
17 4 63 96 25 61 74 81 11 85 66 13 74 18 86 62 77 30 29 13 83 77 1 6 37 82 41 3 82 12 67 99 40 77 76 49 3 3 3 0 86 74 31 6 40 81 20 24 15 8 53 57 31 0 16 34 13 30 80 21 91 99 2 80 46 6 69 51 12 14 76 14 99 66 9 96 11 87 19 3 10 60 41 18 21 25 95 84 91 76 41 61 91 82 1 33 28 37 76 69 
22 70 80 0 4 3 34 57 86 11 18 36 31 14 90 21 64 69 6 18 36 21 50 21 44 59 65 59 93 90 45 93 30 14 90 0 6 29 98 78 93 16 35 37 44 9 45 46 42 26 58 94 12 16 0 20 24 51 6 33 57 64 59 94 6 19 20 54 13 0 70 0 12 33 63 55 73 73 72 10 92 6 60 76 41 38 10 43 40 43 3 78 86 11 87 97 43 8 97 93 
5 4 56 77 16 69 47 5 50 38 13 63 28 71 55 52 69 19 36 57 58 16 61 51 59 23 49 67 16 11 72 62 79 99 76 94 32 96 5 48 37 4 57 88 44 93 73 94 91 41 57 67 38 34 20 0 35 26 3 96 19 21 48 91 1 29 93 24 53 9 41 70 40 90 54 48 16 78 56 80 44 26 54 5 15 30 34 13 65 41 72 8 91 72 46 93 55 50 45 24 
59 80 44 48 99 1 40 83 13 93 27 72 85 17 11 16 66 62 0 61 24 24 86 4 43 15 93 79 64 63 89 95 6 93 46 9 76 44 50 32 5 32 54 46 58 8 45 47 40 48 27 49 63 13 24 35 0 61 50 20 92 64 28 79 0 38 4 55 64 47 73 73 44 99 47 40 2 47 23 0 41 52 93 27 76 24 0 22 51 82 16 57 37 28 92 84 13 87 29 77 
91 34 9 30 16 14 83 85 44 10 33 12 92 35 54 16 85 95 39 73 12 5 86 69 88 66 57 49 51 6 50 46 95 6 46 61 25 45 69 59 40 59 49 47 31 61 1 84 99 34 4 8 9 30 51 26 61 0 94 23 47 3 51 29 13 16 53 71 73 47 36 47 91 60 62 52 60 38 51 4 9 80 49 97 30 40 85 23 62 91 44 59 28 7 3 42 90 98 41 14 
37 71 4 83 73 17 17 57 9 52 22 56 29 47 63 24 17 44 64 0 38 51 42 40 66 77 41 70 5 77 94 2 39 53 93 40 64 33 86 91 8 70 59 3 67 92 35 12 23 52 85 0 18 80 6 3 50 94 0 92 27 0 0 96 1 44 80 54 69 4 76 28 26 78 97 16 35 86 83 71 9 19 61 30 21 87 33 7 93 51 66 51 19 32 0 82 14 41 45 33 
98 45 12 82 64 48 63 1 85 41 30 23 38 35 68 66 69 75 85 60 16 27 40 51 25 53 42 78 19 48 71 33 27 90 92 56 0 12 94 22 22 99 49 73 4 1 66 75 36 79 64 80 9 21 33 96 20 23 92 0 75 43 60 68 27 14 43 4 73 5 95 23 62 0 40 34 97 83 57 33 55 84 76 69 7 39 84 0 39 38 41 21 3 96 18 55 3 22 80 89 
82 60 89 29 4 76 80 63 52 65 66 22 83 31 51 23 95 61 44 44 91 26 75 21 61 83 87 96 24 23 86 87 38 59 37 19 48 95 45 50 16 61 35 82 56 13 22 70 78 56 4 22 0 91 57 19 92 47 27 75 0 95 88 38 87 81 6 7 25 93 36 89 35 45 0 60 55 40 52 52 11 81 56 30 21 62 28 55 95 83 10 5 67 61 62 14 94 4 72 43 
23 43 85 37 33 92 23 66 90 6 39 98 11 95 57 22 15 59 10 45 1 57 84 11 22 60 9 14 16 31 45 83 42 78 94 16 66 27 51 78 64 57 72 44 69 41 73 28 0 75 46 49 73 99 64 21 64 3 0 43 95 0 77 5 29 16 8 46 99 68 8 13 87 51 16 1 64 87 50 79 7 32 93 42 14 31 69 33 29 29 89 31 97 15 52 81 96 28 6 49 
93 60 83 46 93 87 25 22 70 25 31 25 18 34 5 47 49 49 68 98 57 86 50 92 50 81 81 63 6 2 23 52 47 79 20 30 37 25 81 33 56 52 53 7 90 83 88 3 55 21 63 58 28 2 59 48 28 51 0 60 88 77 0 67 73 53 88 97 81 78 2 21 84 51 7 43 51 1 1 72 49 41 1 19 82 38 44 47 17 33 67 98 19 88 38 45 0 80 9 46 
18 48 0 93 58 64 8 70 88 63 33 75 6 43 86 45 23 59 10 51 14 52 71 92 19 69 80 29 63 82 27 32 54 26 97 10 67 71 18 49 14 98 90 37 49 7 94 8 89 26 43 49 67 80 94 91 79 29 96 68 38 5 67 0 14 40 58 14 35 31 11 37 98 72 97 16 70 5 64 96 98 9 79 49 18 91 26 75 15 76 3 63 26 76 11 5 25 46 94 19 
67 32 21 4 27 37 57 39 80 85 26 44 54 5 83 36 68 79 98 14 60 71 61 58 57 38 37 65 12 24 71 69 9 36 21 6 38 1 95 35 30 63 33 67 10 21 52 72 43 79 29 77 8 46 6 1 0 13 1 27 87 29 73 14 0 11 18 9 7 81 56 16 77 38 17 40 64 85 56 22 82 58 61 92 50 50 47 70 57 53 1 36 99 81 68 59 68 45 84 73 
81 37 11 20 93 29 99 26 10 39 98 57 82 47 82 11 27 73 2 17 78 6 91 20 20 57 31 49 45 11 84 2 35 5 6 95 37 24 65 79 63 45 16 30 49 10 42 29 80 5 66 26 94 6 19 29 38 16 44 14 81 16 53 40 11 0 79 88 17 69 71 67 70 88 71 26 99 81 6 10 56 37 98 28 75 18 94 48 98 57 8 7 38 48 15 67 1 1 75 5 
25 98 55 21 1 19 48 56 29 45 25 87 70 37 78 43 61 9 59 87 62 99 86 8 82 98 99 5 56 91 48 0 32 9 91 55 44 10 38 14 90 36 20 73 96 32 21 38 15 0 71 90 61 69 20 93 4 53 80 43 6 8 88 58 18 79 0 75 12 3 41 72 82 24 49 75 65 95 58 94 40 63 56 0 66 73 25 13 89 13 1 87 39 87 65 19 66 40 47 3 
4 47 72 54 75 36 20 97 11 33 91 14 25 17 65 42 95 39 79 29 61 66 62 14 25 28 52 28 82 11 59 84 74 44 44 17 79 2 25 24 5 13 45 95 0 46 65 12 60 52 37 42 91 51 54 24 55 71 54 4 7 46 97 14 9 88 75 0 74 81 64 94 25 86 21 64 16 91 87 21 53 45 59 11 13 25 83 50 84 9 53 96 31 55 87 97 65 1 18 86 
52 16 88 72 51 15 4 9 62 24 43 62 88 97 40 95 80 0 7 64 24 72 2 87 92 56 98 61 1 43 42 3 90 12 64 99 35 27 64 93 76 42 92 36 42 35 49 73 72 99 28 65 31 12 13 53 64 73 69 73 25 99 81 35 7 17 12 74 0 19 55 1 2 74 50 18 13 35 63 67 32 10 65 32 51 96 39 89 96 60 69 2 38 43 88 99 47 27 52 12 
42 34 92 59 72 76 98 60 26 5 33 12 64 81 98 88 92 67 53 40 68 63 71 72 37 66 78 19 1 74 55 14 97 49 43 10 43 96 1 26 71 28 20 13 45 8 81 22 10 88 19 46 96 14 0 9 47 47 4 5 93 68 78 31 81 69 3 81 19 0 64 60 66 63 77 8 46 0 4 40 3 42 57 38 10 60 48 35 73 27 91 83 90 26 54 45 77 32 32 15 
75 82 1 95 37 49 28 59 57 92 59 75 90 78 75 9 86 93 8 77 89 29 0 69 87 73 46 48 66 45 24 71 78 45 77 14 56 27 76 23 15 68 98 70 50 86 36 56 58 58 62 11 50 76 70 41 73 36 76 95 36 8 2 11 56 71 41 64 55 64 0 44 33 84 46 51 25 47 95 51 68 19 92 27 19 79 20 88 20 58 41 57 36 25 31 92 16 18 24 72 
71 11 88 48 71 30 44 10 56 89 71 5 21 36 46 18 94 83 25 88 62 12 63 83 50 13 66 1 17 42 78 61 10 86 77 7 5 83 87 54 0 41 10 11 0 96 15 93 40 18 61 2 69 14 0 70 73 47 28 23 89 13 21 37 16 67 72 94 1 60 44 0 58 22 94 71 31 9 51 19 71 32 91 79 94 48 98 72 90 32 68 29 80 17 90 73 77 68 77 45 
61 62 45 8 55 50 70 16 69 94 79 60 90 70 74 80 30 58 53 35 89 29 21 70 62 54 72 41 17 52 35 26 11 48 8 96 69 60 38 69 99 80 93 84 32 70 9 86 55 26 90 51 32 99 12 40 44 91 26 62 35 87 84 98 77 70 82 25 2 66 33 58 0 56 79 73 85 72 21 68 99 18 27 6 25 52 25 20 7 38 57 92 69 1 92 3 34 69 54 36 
65 65 25 82 92 12 85 14 3 54 29 34 9 77 65 33 97 8 34 74 47 36 40 68 0 63 2 75 98 62 68 37 19 42 54 43 0 64 54 4 28 27 49 90 63 39 68 93 47 90 65 93 20 66 33 90 99 60 78 0 45 51 51 72 38 88 24 86 74 63 84 22 56 0 19 73 19 86 77 52 36 11 8 14 99 62 54 49 88 73 16 13 95 0 70 78 76 69 52 33 
18 11 49 47 11 4 65 63 5 94 83 99 58 43 86 76 40 14 52 52 2 89 89 11 75 69 48 51 0 27 21 70 60 4 64 54 62 40 51 77 24 89 46 28 49 71 44 43 73 72 61 1 41 9 63 54 47 62 97 40 0 16 7 97 17 71 49 21 50 77 46 94 79 19 0 65 1 72 16 30 47 98 36 41 94 45 69 13 29 25 29 43 55 93 97 93 0 30 35 94 
77 57 26 76 55 74 2 2 52 97 87 59 15 98 28 59 90 52 76 4 83 26 89 35 9 83 13 27 36 7 27 10 81 95 31 73 44 65 30 13 16 53 57 50 47 40 65 71 6 49 78 43 35 96 55 48 40 52 16 34 60 1 43 16 40 26 75 64 18 8 51 71 73 73 65 0 61 62 68 75 8 83 12 90 92 54 62 99 32 71 80 96 15 48 92 93 21 68 39 56 
62 49 35 14 8 96 55 31 88 50 51 2 39 89 25 20 43 92 4 71 33 1 41 89 54 58 94 86 37 87 37 38 89 63 51 92 62 9 37 92 20 79 72 84 15 47 26 63 70 14 99 9 82 11 73 16 2 60 35 97 55 64 51 70 64 99 65 16 13 46 25 31 85 19 1 61 0 67 7 26 82 69 91 32 60 67 5 82 75 13 6 61 55 85 0 44 58 20 47 10 
15 64 69 50 40 0 17 53 18 73 18 26 63 42 9 2 32 68 67 49 15 27 84 43 87 26 84 77 3 99 68 15 0 46 71 97 97 10 71 28 74 24 41 45 26 50 18 87 48 93 52 49 85 87 73 78 47 38 86 83 40 87 1 5 85 81 95 91 35 0 47 9 72 86 72 62 67 0 50 43 40 88 4 46 28 14 94 63 27 85 71 4 21 94 52 27 52 19 29 6 
74 11 93 93 81 81 9 96 12 27 16 15 59 96 8 24 75 64 23 95 49 83 2 52 89 18 74 47 64 59 67 48 10 63 0 74 96 56 2 63 79 15 16 39 83 83 67 91 56 96 52 77 84 19 72 56 23 51 83 57 52 50 1 64 56 6 58 87 63 4 95 51 21 77 16 68 7 50 0 56 99 86 32 21 80 24 19 76 3 59 46 3 97 61 5 81 48 75 68 30 
47 36 39 49 37 33 56 43 53 44 74 90 48 12 97 23 28 1 24 13 78 17 82 47 67 44 92 23 33 55 33 25 99 27 39 68 13 4 78 4 60 11 65 70 69 87 36 95 9 57 65 19 42 3 10 80 0 4 71 33 52 79 72 96 22 10 94 21 67 40 51 19 68 52 30 75 26 43 56 0 40 63 63 95 3 24 80 32 45 86 41 71 84 85 82 34 71 71 1 2 
77 23 94 4 97 15 40 46 47 47 82 43 86 66 45 9 26 98 2 25 1 17 27 42 4 53 7 35 99 17 5 6 41 14 96 94 30 73 20 64 14 9 28 24 26 84 52 70 69 20 96 73 9 10 92 44 41 9 9 55 11 7 49 98 82 56 40 53 32 3 68 71 99 36 47 8 82 40 99 40 0 25 95 99 81 95 56 30 46 4 6 19 32 71 18 44 90 42 3 3 
24 79 50 51 16 15 13 77 26 30 17 30 53 72 4 1 64 28 9 84 42 9 38 35 98 71 73 0 96 14 58 78 11 74 73 21 75 27 40 51 92 29 43 82 12 98 19 42 98 4 26 23 6 60 6 26 52 80 19 84 81 32 41 9 58 37 63 45 10 42 19 32 18 11 98 83 69 88 86 63 25 0 73 39 22 85 18 53 48 81 22 34 34 12 4 46 28 46 48 45 
89 40 21 65 15 30 74 12 83 18 90 9 73 7 11 86 45 95 80 81 93 65 92 99 41 66 19 22 17 44 38 78 34 73 72 41 6 90 32 88 62 38 75 89 6 81 84 57 73 57 40 82 68 41 60 54 93 49 61 76 56 93 1 79 61 98 56 59 65 57 92 91 27 8 36 12 91 4 32 63 95 73 0 10 74 62 48 60 8 82 47 26 7 57 31 92 45 97 17 66 
28 89 2 87 14 74 80 59 81 73 26 81 84 17 17 5 7 37 62 9 49 73 23 89 1 18 68 17 34 88 52 82 33 83 59 7 41 63 39 89 9 23 84 69 30 25 12 74 93 63 39 19 63 18 76 5 27 97 30 69 30 42 19 49 92 28 0 11 32 38 27 79 6 14 41 90 32 46 21 95 99 39 10 0 41 81 94 64 46 0 44 16 11 33 48 49 2 2 35 99 
54 32 47 28 62 97 65 59 72 75 61 22 95 27 54 35 70 43 32 69 19 34 22 83 55 40 92 81 42 41 78 30 58 29 65 65 18 71 59 76 83 44 66 85 45 60 58 39 41 6 39 8 76 21 41 15 76 30 21 7 21 14 82 18 50 75 66 13 51 10 19 94 25 99 94 92 60 28 80 3 81 22 74 41 0 98 70 83 52 43 59 36 86 23 77 39 55 52 24 13 
23 50 63 99 26 84 94 18 93 45 38 42 13 12 18 53 48 19 38 81 5 9 72 37 59 63 23 97 85 57 55 71 60 40 92 31 99 55 33 72 13 92 95 99 10 40 15 5 38 52 40 95 44 25 38 30 24 40 87 39 62 31 38 91 50 18 73 25 96 60 79 48 52 62 45 54 67 14 24 24 95 85 62 81 98 0 76 29 68 1 34 74 9 41 11 38 82 39 25 28 
94 3 48 24 40 57 68 44 90 64 84 91 55 11 63 47 23 6 39 42 34 7 14 48 56 97 20 70 47 8 38 24 33 97 87 15 36 81 17 77 86 17 60 51 58 79 29 39 35 68 40 4 63 95 10 34 0 85 33 84 28 69 44 26 47 94 25 83 39 48 20 98 25 54 69 62 5 94 19 80 56 18 48 94 70 76 0 31 63 61 48 18 89 56 61 97 78 84 74 1 
17 60 72 29 10 0 5 66 65 2 48 53 30 60 68 23 65 65 95 80 17 85 44 37 71 91 94 79 89 59 27 24 81 2 46 12 83 38 69 65 9 88 51 85 3 86 68 38 40 68 29 66 7 84 43 13 22 23 7 0 55 33 47 75 70 48 13 50 89 35 88 72 20 49 13 99 82 63 76 32 30 53 60 64 83 29 31 0 54 24 55 64 67 66 87 68 65 91 67 45 
3 69 59 9 50 65 62 67 89 58 56 93 20 63 47 40 77 16 85 63 88 74 94 89 0 5 43 47 98 79 89 54 60 51 47 26 24 58 46 95 4 92 41 14 50 25 76 25 31 35 38 48 24 91 40 65 51 62 93 39 95 29 17 15 57 98 89 84 96 73 20 90 7 88 29 32 75 27 3 45 46 48 8 46 52 68 63 54 0 64 64 67 75 19 29 90 47 73 18 62 
51 13 32 2 64 73 36 69 9 69 88 96 90 12 93 53 53 64 8 74 52 67 64 10 72 77 9 89 23 8 56 26 68 65 13 39 8 84 44 83 33 90 86 44 61 70 27 34 69 32 59 91 18 76 43 41 82 91 51 38 83 29 33 76 53 57 13 9 60 27 58 32 38 73 25 71 13 85 59 86 4 81 82 0 43 1 61 24 64 0 60 3 1 84 88 33 9 47 84 3 
44 23 5 46 45 29 56 92 22 2 5 63 93 88 70 1 93 72 39 65 44 95 69 75 23 77 96 41 67 35 19 6 60 48 84 47 88 87 12 24 26 42 16 37 7 65 99 24 89 42 70 74 59 41 3 72 16 44 66 41 10 89 67 3 1 8 1 53 69 91 41 68 57 16 29 80 6 71 46 41 6 22 47 44 59 34 48 55 64 60 0 82 60 44 45 97 2 31 79 22 
90 11 53 43 0 24 88 34 32 17 67 43 24 45 67 35 92 34 84 4 32 54 84 6 11 32 39 94 14 83 39 32 41 41 4 81 14 38 92 90 67 1 44 97 58 55 59 13 11 54 27 34 69 61 78 8 57 59 51 21 5 31 98 63 36 7 87 96 2 83 57 29 92 13 43 96 61 4 3 71 19 34 26 16 36 74 18 64 67 3 82 0 81 17 9 25 91 35 77 43 
66 25 29 86 39 40 76 62 81 68 51 24 3 98 79 24 22 69 87 95 37 51 3 6 78 85 21 92 90 31 22 3 52 13 7 13 62 62 34 39 21 95 20 84 20 22 30 95 0 26 4 62 78 91 86 91 37 28 19 3 67 97 19 26 99 38 39 31 38 90 36 80 69 95 55 15 55 21 97 84 32 34 7 11 86 9 89 67 75 1 60 81 0 88 69 84 22 8 62 85 
95 63 97 89 82 92 51 3 19 98 38 19 39 8 5 64 44 59 23 96 23 61 40 30 89 35 84 65 28 6 56 88 97 70 58 67 73 10 94 90 61 27 11 10 60 88 89 43 1 66 74 1 82 82 11 72 28 7 32 96 61 15 88 76 81 48 87 55 43 26 25 17 1 0 93 48 85 94 61 85 71 12 57 33 23 41 56 66 19 84 44 17 88 0 13 92 65 13 71 18 
80 47 79 71 66 16 47 14 49 73 22 56 83 80 43 91 12 98 70 74 83 93 64 56 65 16 87 92 31 15 28 33 86 93 45 92 86 82 69 84 60 91 73 29 43 71 84 17 12 95 84 29 86 1 87 46 92 3 0 18 62 52 38 11 68 15 65 87 88 54 31 90 92 70 97 92 0 52 5 82 18 4 31 48 77 11 61 87 29 88 45 9 69 13 0 5 77 10 44 69 
57 8 65 28 11 24 92 51 2 38 86 92 51 10 35 90 9 64 82 70 50 18 98 45 65 85 46 83 45 81 83 69 23 11 76 63 0 85 97 44 48 30 28 45 21 79 72 4 79 73 81 95 41 33 97 93 84 42 82 55 14 81 45 5 59 67 19 97 99 45 92 73 3 78 93 93 44 27 81 34 44 46 92 49 39 38 97 68 90 33 97 25 84 92 5 0 62 7 18 2 
46 65 44 56 15 3 66 63 94 40 64 42 24 45 5 16 83 50 16 41 84 8 0 84 21 94 41 77 16 74 14 10 26 43 57 55 67 6 49 42 60 40 82 18 11 78 2 77 13 23 45 84 50 28 43 55 13 90 14 3 94 96 0 25 68 1 66 65 47 77 16 77 34 76 0 21 58 52 48 71 90 28 45 2 55 82 78 65 47 9 2 91 22 65 77 62 0 95 33 51 
10 2 43 19 92 15 13 53 10 58 27 16 9 23 51 76 31 96 32 85 2 47 74 70 59 61 17 32 10 44 38 10 65 62 87 27 98 0 49 29 91 85 57 77 60 46 92 69 53 75 32 4 72 37 8 50 87 98 41 22 4 28 80 46 45 1 40 1 27 32 18 68 69 69 30 68 20 19 75 71 42 46 97 2 52 39 84 91 73 47 31 35 8 13 10 7 95 0 21 15 
87 35 80 31 76 16 61 89 29 35 56 45 35 58 68 46 31 53 90 31 49 99 5 44 76 8 12 44 13 89 98 40 89 58 55 10 3 99 66 52 69 80 36 20 92 90 21 72 80 64 83 15 18 76 97 45 29 41 45 80 72 6 9 94 84 75 47 18 52 32 24 77 54 52 35 39 47 29 68 1 3 48 17 35 24 25 74 67 18 84 79 77 62 71 44 18 33 21 0 94 
10 93 80 28 12 87 63 31 68 28 15 36 19 70 20 5 89 87 87 61 64 74 77 90 91 24 67 13 94 13 58 62 57 64 47 0 19 82 0 66 9 36 79 56 74 48 92 62 26 15 89 14 31 69 93 24 77 14 33 89 43 49 46 19 73 5 3 86 12 15 72 45 36 33 94 56 10 6 30 2 3 45 66 99 13 28 1 45 62 3 22 43 85 18 69 2 51 15 94 0 
