100
0 21 78 95 30 19 1 65 62 95 78 66 79 33 72 17 52 71 65 29 77 57 26 85 82 16 10 54 37 97 1 36 31 2 16 38 99 15 13 19 75 3 80 69 77 6 88 52 49 61 45 73 66 42 24 86 76 39 26 82 92 44 99 49 3 7 70 53 19 32 56 89 81 15 92 93 36 26 67 96 31 87 72 44 16 30 16 83 71 79 39 60 24 65 85 79 38 17 44 7 
21 0 67 40 2 26 10 26 72 54 80 98 93 89 99 73 91 6 38 66 57 27 52 37 0 94 39 32 33 14 32 31 12 76 56 6 90 68 35 84 24 63 87 67 1 13 11 93 67 51 10 87 54 66 7 74 26 8 30 4 44 12 97 7 67 45 9 95 91 77 16 70 37 3 36 14 42 40 35 2 69 0 0 36 51 76 70 97 36 19 94 14 70 96 78 7 74 49 2 14 
78 67 0 43 71 49 2 83 7 70 11 75 57 47 22 71 13 93 15 29 35 29 52 14 60 29 29 12 96 28 15 2 71 34 80 47 58 2 41 44 90 58 33 42 34 84 89 35 51 97 10 57 16 59 90 65 28 23 15 97 14 49 23 89 1 28 6 31 19 46 68 92 74 34 33 70 99 88 66 16 4 24 83 32 90 73 97 90 91 70 5 66 46 13 76 0 38 34 2 68 
95 40 43 0 85 86 62 23 4 49 41 91 17 27 63 85 97 2 46 70 87 52 72 59 22 72 23 54 83 34 49 37 56 6 88 27 47 33 38 93 15 11 15 67 86 50 60 62 98 26 8 44 9 10 71 33 64 7 76 87 71 48 30 12 10 53 52 32 88 48 88 70 42 43 37 16 60 55 44 69 93 71 22 17 6 91 19 77 76 3 32 18 96 89 99 61 87 22 45 48 
30 2 71 85 0 95 75 18 6 54 94 42 8 85 98 9 92 4 95 94 87 80 0 29 95 91 12 50 31 4 11 41 57 38 94 17 86 47 33 95 54 8 0 3 42 6 22 32 96 72 67 28 65 98 57 9 33 22 79 93 71 71 58 45 0 13 11 73 67 34 36 6 96 57 97 14 23 30 13 65 41 55 64 87 54 12 70 61 26 70 49 99 53 94 2 59 62 82 91 56 
19 26 49 86 95 0 42 14 88 22 70 96 87 61 38 56 36 11 9 74 93 94 31 81 99 65 69 84 29 34 47 10 68 23 35 72 36 54 47 45 49 67 11 37 40 15 46 20 27 13 29 47 42 54 35 55 4 94 15 80 85 10 31 35 60 26 32 31 56 8 3 40 18 58 77 35 42 33 57 51 75 13 33 91 96 90 43 27 20 9 38 97 72 41 0 74 41 48 89 66 
1 10 2 62 75 42 0 57 7 28 40 95 41 36 27 28 78 44 19 32 7 15 13 81 5 0 58 28 6 51 84 38 1 59 16 37 89 39 99 13 51 65 3 42 51 90 86 15 28 34 87 30 11 58 6 80 52 22 87 53 54 60 53 84 54 65 88 70 56 61 56 64 58 80 26 91 76 5 92 17 13 0 55 91 50 21 7 52 51 12 75 82 96 50 61 26 96 82 52 75 
65 26 83 23 18 14 57 0 37 85 55 4 47 35 1 43 55 30 65 36 71 52 50 74 77 39 86 82 55 28 58 54 8 34 42 56 69 53 60 19 23 25 60 69 20 3 88 39 36 48 80 78 86 95 7 29 7 81 67 78 90 60 23 9 63 44 99 84 7 47 78 50 79 33 0 12 56 68 86 21 61 33 90 58 19 7 60 41 74 82 9 23 32 56 65 36 79 26 63 40 
62 72 7 4 6 88 7 37 0 5 23 52 26 92 15 52 89 60 84 29 75 30 22 21 31 2 57 40 37 25 58 93 21 91 33 94 95 43 58 86 80 68 81 56 24 37 45 51 87 2 3 5 36 90 18 64 34 70 31 9 96 85 90 80 34 41 61 71 48 35 26 37 85 23 44 26 57 47 66 88 96 40 5 38 9 42 77 4 45 13 99 74 0 69 94 11 41 34 23 68 
95 54 70 49 54 22 28 85 5 0 70 46 32 68 21 30 78 86 26 76 8 83 76 44 24 92 42 94 84 21 43 2 96 8 44 67 55 5 8 48 57 13 15 86 54 53 67 12 3 73 65 22 56 26 27 57 17 24 14 9 88 39 89 76 24 51 59 50 76 25 97 54 92 94 36 43 47 59 59 51 85 79 23 42 82 71 14 97 97 22 63 14 19 34 40 0 12 48 19 83 
78 80 11 41 94 70 40 55 23 70 0 68 89 39 65 22 91 64 72 11 21 25 3 6 57 10 49 11 5 50 39 22 19 66 4 4 67 0 60 44 90 87 29 52 25 74 96 29 84 14 30 1 29 42 19 86 45 86 82 81 4 1 31 5 20 8 15 25 23 81 51 81 42 96 37 89 67 15 4 60 71 43 85 42 99 60 75 10 17 43 10 88 78 37 87 30 35 0 44 29 
66 98 75 91 42 96 95 4 52 46 68 0 97 95 23 92 5 40 19 4 26 93 45 17 63 53 25 36 66 20 84 80 38 74 79 5 77 86 33 67 25 56 44 17 20 2 38 73 94 41 45 38 50 79 39 79 45 28 0 69 10 33 24 79 77 82 87 30 26 20 16 40 13 95 64 21 33 45 40 3 68 98 53 16 94 62 25 78 43 36 68 69 58 66 71 75 84 1 41 22 
79 93 57 17 8 87 41 47 26 32 89 97 0 51 80 7 22 47 44 65 73 6 0 80 13 22 92 4 84 17 32 42 23 11 13 55 9 0 95 75 74 34 82 53 71 80 25 67 68 79 82 68 27 14 92 95 9 35 20 84 78 82 48 85 25 58 44 68 50 72 48 45 86 93 40 61 57 85 66 71 13 58 6 93 95 50 77 24 37 7 89 45 49 2 72 48 58 1 84 99 
33 89 47 27 85 61 36 35 92 68 39 95 51 0 70 56 98 93 0 60 19 39 61 48 96 82 9 73 47 77 87 8 32 85 49 57 17 54 97 8 93 25 15 49 84 85 97 42 27 32 60 31 24 19 14 40 70 45 82 28 6 24 37 78 88 10 24 22 50 51 34 84 31 6 81 61 70 46 2 85 68 2 69 72 42 80 22 89 59 86 75 58 77 43 14 98 78 10 75 72 
72 99 22 63 98 38 27 1 15 21 65 23 80 70 0 37 62 89 16 30 55 69 36 91 29 8 35 51 31 94 12 45 65 30 90 70 74 21 24 46 16 98 66 64 77 36 72 4 22 73 24 4 59 34 50 69 12 18 35 63 97 88 89 30 79 99 37 89 74 34 15 47 14 7 25 49 38 32 77 42 18 25 83 69 6 77 53 32 34 35 11 88 95 46 67 50 10 90 83 4 
17 73 71 85 9 56 28 43 52 30 22 92 7 56 37 0 72 43 0 54 68 52 75 57 51 43 90 27 41 37 17 91 78 22 80 70 25 47 86 85 56 44 82 55 35 27 67 69 71 97 89 14 31 96 95 0 41 45 93 84 80 2 61 79 21 65 7 35 80 98 81 94 58 39 29 9 89 47 96 54 34 96 83 91 77 4 23 40 90 2 26 76 69 75 10 33 79 50 90 32 
52 91 13 97 92 36 78 55 89 78 91 5 22 98 62 72 0 91 78 25 30 78 33 73 43 54 83 12 25 89 93 82 26 61 60 88 35 79 14 71 99 54 35 42 33 87 88 52 62 63 12 14 10 52 70 75 15 82 4 18 60 48 28 6 81 41 45 72 15 20 27 80 77 92 52 36 87 25 54 85 40 74 8 62 76 78 58 89 51 37 8 19 25 59 91 48 56 83 14 8 
71 6 93 2 4 11 44 30 60 86 64 40 47 93 89 43 91 0 27 14 64 72 41 75 20 78 0 4 47 14 63 7 23 13 5 42 63 54 1 12 89 69 39 11 18 37 92 0 48 97 95 65 37 77 28 92 3 44 10 75 42 44 52 42 30 34 63 68 0 37 53 36 60 48 65 69 81 97 3 98 48 47 27 9 68 38 38 44 0 66 7 54 70 63 91 84 60 7 73 45 
65 38 15 46 95 9 19 65 84 26 72 19 44 0 16 0 78 27 0 73 91 39 83 43 32 46 33 9 82 46 52 30 13 83 35 55 89 2 90 57 88 51 83 8 20 17 30 57 10 55 38 15 40 46 50 26 94 11 71 46 36 32 35 47 27 34 87 55 0 61 63 11 84 54 46 35 6 55 16 38 42 26 40 70 62 74 64 96 60 89 12 17 79 59 21 14 79 82 79 20 
29 66 29 70 94 74 32 36 29 76 11 4 65 60 30 54 25 14 73 0 14 6 7 54 99 33 41 82 24 6 13 73 91 82 78 57 30 31 48 92 3 24 88 87 64 37 44 15 56 29 67 24 19 40 90 10 26 18 49 44 12 1 8 76 7 44 28 25 70 73 1 54 88 92 43 68 70 15 92 87 82 14 52 70 10 41 43 75 49 43 78 19 3 81 66 23 54 57 15 13 
77 57 35 87 87 93 7 71 75 8 21 26 73 19 55 68 30 64 91 14 0 92 89 53 71 49 11 94 67 47 81 13 99 30 23 84 92 16 32 13 79 42 13 18 14 81 98 18 48 54 24 71 34 30 49 3 83 82 39 49 80 10 50 94 98 35 90 99 46 64 55 54 55 26 55 38 50 50 60 52 72 62 59 43 33 88 45 18 86 31 89 29 54 3 10 66 38 34 10 31 
57 27 29 52 80 94 15 52 30 83 25 93 6 39 69 52 78 72 39 6 92 0 15 95 49 27 78 73 33 37 97 32 85 55 67 26 36 52 93 11 87 41 12 57 69 10 99 22 49 61 29 50 97 65 15 24 46 86 9 22 81 95 25 46 60 30 54 43 63 34 77 64 94 25 2 73 7 7 37 76 4 32 84 64 66 7 95 14 33 68 16 70 61 27 8 71 75 58 43 65 
26 52 52 72 0 31 13 50 22 76 3 45 0 61 36 75 33 41 83 7 89 15 0 54 12 38 38 59 83 71 11 19 97 9 32 60 32 82 74 9 64 15 14 45 99 22 89 37 8 70 11 14 52 13 13 88 90 68 52 98 98 6 30 16 83 74 94 33 25 92 69 34 81 12 12 21 38 52 30 10 2 21 93 39 64 39 89 49 75 87 86 66 29 43 86 71 89 34 70 12 
85 37 14 59 29 81 81 74 21 44 6 17 80 48 91 57 73 75 43 54 53 95 54 0 81 70 22 93 38 85 31 13 22 89 23 57 86 7 2 41 41 3 9 19 36 23 26 42 17 72 97 78 87 94 89 11 2 14 77 22 2 92 97 75 20 74 53 30 7 68 24 1 36 8 43 18 58 77 75 39 76 60 90 87 72 40 90 73 48 93 79 38 9 44 8 46 36 51 68 0 
82 0 60 22 95 99 5 77 31 24 57 63 13 96 29 51 43 20 32 99 71 49 12 81 0 20 88 0 45 15 38 10 73 42 91 5 80 59 18 35 26 21 7 76 58 45 31 21 38 35 37 33 30 51 20 58 74 80 46 53 82 56 32 12 9 17 58 0 89 55 6 6 62 60 90 60 52 22 78 47 27 93 91 8 56 64 57 63 83 92 95 90 99 99 36 57 55 19 83 15 
16 94 29 72 91 65 0 39 2 92 10 53 22 82 8 43 54 78 46 33 49 27 38 70 20 0 55 31 93 1 21 44 6 65 39 92 96 79 25 1 48 9 26 78 23 36 42 48 54 54 79 86 37 72 52 41 80 52 6 0 98 61 21 38 46 35 23 35 0 95 77 47 78 24 79 62 71 10 59 15 46 40 29 5 14 68 6 47 59 3 32 78 11 77 15 22 61 30 71 73 
10 39 29 23 12 69 58 86 57 42 49 25 92 9 35 90 83 0 33 41 11 78 38 22 88 55 0 95 40 14 92 88 35 6 20 14 42 89 27 76 73 88 31 6 34 19 75 67 89 49 42 27 38 91 25 22 42 20 59 1 52 9 67 89 31 57 67 75 76 68 43 98 73 22 52 66 74 23 77 90 47 66 67 11 93 47 20 59 40 85 33 85 30 41 44 69 82 0 0 6 
54 32 12 54 50 84 28 82 40 94 11 36 4 73 51 27 12 4 9 82 94 73 59 93 0 31 95 0 97 53 12 28 6 73 83 9 31 11 59 41 61 18 10 24 29 82 18 96 33 15 51 86 67 12 43 60 79 10 27 29 18 32 99 96 25 9 94 70 36 48 57 44 4 22 64 50 14 17 42 13 35 82 97 37 58 20 68 31 86 56 78 75 19 56 72 89 71 3 8 59 
37 33 96 83 31 29 6 55 37 84 5 66 84 47 31 41 25 47 82 24 67 33 83 38 45 93 40 97 0 89 35 67 28 66 85 83 11 44 43 21 20 36 81 55 36 72 64 35 13 50 97 90 77 5 23 50 16 42 57 48 90 23 70 71 11 57 22 61 11 80 13 33 79 81 3 33 84 52 92 17 85 94 52 1 92 80 54 42 54 49 23 15 48 82 50 16 63 49 52 68 
97 14 28 34 4 34 51 28 25 21 50 20 17 77 94 37 89 14 46 6 47 37 71 85 15 1 14 53 89 0 94 95 49 92 31 56 77 5 25 25 25 65 65 39 93 48 62 19 75 42 12 91 75 98 69 99 52 10 65 52 34 15 77 38 32 12 39 38 28 80 90 82 49 23 74 35 25 75 50 57 25 60 22 74 93 30 65 49 27 93 94 25 80 75 3 94 96 35 80 34 
1 32 15 49 11 47 84 58 58 43 39 84 32 87 12 17 93 63 52 13 81 97 11 31 38 21 92 12 35 94 0 90 11 70 24 22 8 67 76 93 73 78 21 99 90 72 18 13 43 70 60 58 15 28 44 86 43 3 67 85 65 66 35 27 33 35 54 46 92 18 7 41 38 60 87 54 15 13 72 78 39 68 0 40 37 92 61 96 63 42 67 92 64 21 37 46 29 17 90 16 
36 31 2 37 41 10 38 54 93 2 22 80 42 8 45 91 82 7 30 73 13 32 19 13 10 44 88 28 67 95 90 0 7 96 43 6 45 1 15 45 7 45 99 55 78 73 35 39 24 46 96 80 4 63 33 84 12 95 2 95 22 22 26 41 85 32 14 27 50 92 1 86 71 5 24 51 74 90 15 7 93 19 82 35 23 17 40 74 95 9 81 53 80 48 65 77 95 92 80 92 
31 12 71 56 57 68 1 8 21 96 19 38 23 32 65 78 26 23 13 91 99 85 97 22 73 6 35 6 28 49 11 7 0 23 57 30 63 26 6 59 58 97 89 26 36 68 20 95 58 81 44 78 61 53 15 11 52 83 74 95 66 59 46 58 57 77 60 48 80 50 61 60 2 78 4 2 59 61 78 27 39 5 19 19 28 33 95 95 16 46 41 52 29 15 31 89 50 3 89 80 
2 76 34 6 38 23 59 34 91 8 66 74 11 85 30 22 61 13 83 82 30 55 9 89 42 65 6 73 66 92 70 96 23 0 69 83 55 51 94 90 34 88 95 98 98 4 39 29 71 2 23 75 66 45 7 96 29 12 22 35 29 37 52 28 33 89 16 94 46 47 61 77 73 71 17 2 31 68 29 90 49 68 95 46 23 82 8 52 45 96 79 94 0 57 1 91 38 17 36 85 
16 56 80 88 94 35 16 42 33 44 4 79 13 49 90 80 60 5 35 78 23 67 32 23 91 39 20 83 85 31 24 43 57 69 0 60 0 92 88 91 66 85 95 36 52 70 91 78 7 7 77 17 44 12 74 95 92 70 82 22 8 41 9 11 35 52 27 93 28 93 64 2 22 23 79 49 24 81 90 93 1 54 26 1 92 72 37 95 73 55 81 6 71 23 18 18 47 71 9 31 
38 6 47 27 17 72 37 56 94 67 4 5 55 57 70 70 88 42 55 57 84 26 60 57 5 92 14 9 83 56 22 6 30 83 60 0 58 72 23 55 30 32 55 39 78 51 17 25 28 77 51 95 83 49 13 81 80 39 53 33 36 55 6 4 66 47 88 2 47 13 9 51 18 92 72 34 24 12 47 84 16 64 96 9 11 5 9 84 85 41 69 93 79 90 33 56 47 99 31 24 
99 90 58 47 86 36 89 69 95 55 67 77 9 17 74 25 35 63 89 30 92 36 32 86 80 96 42 31 11 77 8 45 63 55 0 58 0 83 63 26 67 4 87 67 21 4 87 83 27 41 3 84 93 55 95 54 82 61 34 66 28 57 83 19 85 92 92 71 83 27 63 26 83 20 84 38 47 88 40 54 65 28 57 14 94 57 98 28 74 35 49 12 23 58 37 36 75 16 52 3 
15 68 2 33 47 54 39 53 43 5 0 86 0 54 21 47 79 54 2 31 16 52 82 7 59 79 89 11 44 5 67 1 26 51 92 72 83 0 42 4 28 16 77 22 60 57 92 94 17 60 29 97 42 20 2 46 44 35 99 94 86 63 38 45 93 73 46 92 98 96 31 61 29 34 98 0 19 82 23 88 28 24 42 77 75 31 92 8 76 55 27 33 27 69 31 65 74 43 35 71 
13 35 41 38 33 47 99 60 58 8 60 33 95 97 24 86 14 1 90 48 32 93 74 2 18 25 27 59 43 25 76 15 6 94 88 23 63 42 0 55 16 32 27 38 8 72 57 79 10 90 11 2 41 94 4 63 60 71 67 3 52 61 82 44 0 63 42 65 23 32 21 12 18 26 57 13 50 5 89 31 56 69 83 21 68 57 50 81 21 8 33 34 12 45 71 43 42 0 5 21 
19 84 44 93 95 45 13 19 86 48 44 67 75 8 46 85 71 12 57 92 13 11 9 41 35 1 76 41 21 25 93 45 59 90 91 55 26 4 55 0 19 12 15 38 55 79 89 93 67 87 65 21 61 32 76 1 67 9 3 46 86 57 8 63 87 30 7 64 33 30 55 49 78 87 2 20 32 82 62 19 28 27 80 45 25 69 5 24 82 82 69 84 91 49 47 1 70 69 36 86 
75 24 90 15 54 49 51 23 80 57 90 25 74 93 16 56 99 89 88 3 79 87 64 41 26 48 73 61 20 25 73 7 58 34 66 30 67 28 16 19 0 47 8 71 23 39 96 91 37 16 75 12 14 51 65 12 55 41 31 52 94 67 70 69 85 25 5 99 58 88 17 52 72 38 96 38 39 75 25 5 57 87 82 7 1 65 18 37 32 85 4 68 4 12 67 35 99 88 81 5 
3 63 58 11 8 67 65 25 68 13 87 56 34 25 98 44 54 69 51 24 42 41 15 3 21 9 88 18 36 65 78 45 97 88 85 32 4 16 32 12 47 0 48 43 77 22 31 28 40 79 2 56 38 6 78 86 43 0 60 78 83 18 49 69 25 77 31 25 20 4 75 60 25 32 34 26 8 38 19 20 0 43 41 81 13 46 67 27 39 92 61 33 49 96 14 37 87 61 47 97 
80 87 33 15 0 11 3 60 81 15 29 44 82 15 66 82 35 39 83 88 13 12 14 9 7 26 31 10 81 65 21 99 89 95 95 55 87 77 27 15 8 48 0 23 59 10 65 82 73 93 12 82 86 77 27 81 14 22 39 47 95 22 50 84 33 4 8 35 38 56 1 30 41 26 15 78 37 84 75 40 4 36 21 10 33 65 59 95 52 14 90 0 74 89 25 79 30 21 31 54 
69 67 42 67 3 37 42 69 56 86 52 17 53 49 64 55 42 11 8 87 18 57 45 19 76 78 6 24 55 39 99 55 26 98 36 39 67 22 38 38 71 43 23 0 88 74 58 61 3 51 14 36 94 31 23 19 91 65 37 27 86 82 78 59 11 57 96 8 67 67 6 56 36 16 26 21 41 71 62 6 68 28 29 68 48 83 33 41 59 91 50 43 18 90 15 81 72 37 16 90 
77 1 34 86 42 40 51 20 24 54 25 20 71 84 77 35 33 18 20 64 14 69 99 36 58 23 34 29 36 93 90 78 36 98 52 78 21 60 8 55 23 77 59 88 0 20 56 7 1 36 16 71 12 53 48 39 10 67 95 74 94 86 45 99 74 78 64 16 58 98 85 48 66 36 99 17 20 42 58 57 9 97 92 98 49 52 72 95 45 15 68 28 39 60 95 19 76 43 94 88 
6 13 84 50 6 15 90 3 37 53 74 2 80 85 36 27 87 37 17 37 81 10 22 23 45 36 19 82 72 48 72 73 68 4 70 51 4 57 72 79 39 22 10 74 20 0 14 82 39 20 54 5 82 58 25 29 73 5 57 85 85 72 71 16 85 98 97 69 2 73 49 6 83 53 89 13 43 19 72 8 68 47 76 28 90 0 46 66 2 76 13 21 41 8 60 78 90 62 1 4 
88 11 89 60 22 46 86 88 45 67 96 38 25 97 72 67 88 92 30 44 98 99 89 26 31 42 75 18 64 62 18 35 20 39 91 17 87 92 57 89 96 31 65 58 56 14 0 83 41 28 69 49 19 89 33 90 89 72 63 53 23 95 26 36 8 98 58 90 42 26 88 80 6 97 99 25 48 48 5 9 53 30 26 14 93 21 44 30 92 36 25 87 0 61 36 88 31 37 53 64 
52 93 35 62 32 20 15 39 51 12 29 73 67 42 4 69 52 0 57 15 18 22 37 42 21 48 67 96 35 19 13 39 95 29 78 25 83 94 79 93 91 28 82 61 7 82 83 0 54 86 52 1 60 65 50 64 85 55 14 72 34 9 27 75 63 61 92 70 84 13 12 44 29 28 74 1 59 42 9 13 57 62 99 70 89 77 53 24 44 31 9 89 72 97 21 40 86 88 93 31 
49 67 51 98 96 27 28 36 87 3 84 94 68 27 22 71 62 48 10 56 48 49 8 17 38 54 89 33 13 75 43 24 58 71 7 28 27 17 10 67 37 40 73 3 1 39 41 54 0 87 53 43 92 16 93 46 89 43 29 64 91 17 47 51 61 0 54 34 95 8 66 12 3 15 59 91 82 57 99 90 53 2 45 40 2 30 59 8 94 7 89 51 23 79 97 69 36 33 18 54 
61 51 97 26 72 13 34 48 2 73 14 41 79 32 73 97 63 97 55 29 54 61 70 72 35 54 49 15 50 42 70 46 81 2 7 77 41 60 90 87 16 79 93 51 36 20 28 86 87 0 79 75 4 73 15 39 39 55 74 50 95 38 42 22 77 34 74 43 16 56 65 73 96 73 33 23 8 93 37 77 47 79 50 46 53 13 61 77 89 8 59 64 16 52 57 73 75 50 53 73 
45 10 10 8 67 29 87 80 3 65 30 45 82 60 24 89 12 95 38 67 24 29 11 97 37 79 42 51 97 12 60 96 44 23 77 51 3 29 11 65 75 2 12 14 16 54 69 52 53 79 0 27 15 63 53 21 40 5 52 79 89 28 84 93 53 68 10 74 37 14 52 95 39 23 51 49 88 46 34 33 51 87 63 83 97 79 45 56 21 64 70 64 74 73 71 13 74 13 77 80 
73 87 57 44 28 47 30 78 5 22 1 38 68 31 4 14 14 65 15 24 71 50 14 78 33 86 27 86 90 91 58 80 78 75 17 95 84 97 2 21 12 56 82 36 71 5 49 1 43 75 27 0 26 79 7 25 61 16 22 49 30 31 53 45 83 98 34 63 86 6 78 62 66 11 25 9 58 63 83 39 21 86 31 17 44 8 48 35 30 62 85 9 47 62 1 40 24 47 77 91 
66 54 16 9 65 42 11 86 36 56 29 50 27 24 59 31 10 37 40 19 34 97 52 87 30 37 38 67 77 75 15 4 61 66 44 83 93 42 41 61 14 38 86 94 12 82 19 60 92 4 15 26 0 75 73 69 38 7 28 96 99 57 89 30 95 0 48 19 84 94 89 8 56 32 5 87 51 1 46 7 70 44 8 55 75 58 27 22 76 36 62 74 79 26 61 15 60 78 3 27 
42 66 59 10 98 54 58 95 90 26 42 79 14 19 34 96 52 77 46 40 30 65 13 94 51 72 91 12 5 98 28 63 53 45 12 49 55 20 94 32 51 6 77 31 53 58 89 65 16 73 63 79 75 0 92 23 74 16 37 80 82 10 39 67 70 96 67 85 44 2 21 43 96 81 9 57 57 98 38 11 28 57 9 48 21 63 64 18 85 80 55 99 49 30 33 36 19 69 13 95 
24 7 90 71 57 35 6 7 18 27 19 39 92 14 50 95 70 28 50 90 49 15 13 89 20 52 25 43 23 69 44 33 15 7 74 13 95 2 4 76 65 78 27 23 48 25 33 50 93 15 53 7 73 92 0 46 52 80 66 46 39 70 86 63 98 78 54 63 90 50 36 23 25 11 62 45 31 77 61 32 37 63 82 14 62 85 81 85 3 86 46 37 1 59 50 42 28 86 83 79 
86 74 65 33 9 55 80 29 64 57 86 79 95 40 69 0 75 92 26 10 3 24 88 11 58 41 22 60 50 99 86 84 11 96 95 81 54 46 63 1 12 86 81 19 39 29 90 64 46 39 21 25 69 23 46 0 42 96 14 19 60 12 69 30 61 56 67 13 65 75 57 6 17 7 50 34 1 85 33 28 80 86 36 17 15 27 89 57 92 73 67 67 30 56 73 7 53 43 26 79 
76 26 28 64 33 4 52 7 34 17 45 45 9 70 12 41 15 3 94 26 83 46 90 2 74 80 42 79 16 52 43 12 52 29 92 80 82 44 60 67 55 43 14 91 10 73 89 85 89 39 40 61 38 74 52 42 0 91 7 0 70 11 0 16 60 42 2 43 5 28 29 92 91 2 49 65 21 57 13 17 5 22 91 74 5 94 62 17 96 95 89 5 49 11 19 46 95 80 55 55 
39 8 23 7 22 94 22 81 70 24 86 28 35 45 18 45 82 44 11 18 82 86 68 14 80 52 20 10 42 10 3 95 83 12 70 39 61 35 71 9 41 0 22 65 67 5 72 55 43 55 5 16 7 16 80 96 91 0 63 41 20 62 87 92 49 94 87 31 92 49 80 7 64 98 8 69 2 12 67 76 41 84 47 77 6 87 41 79 70 79 48 19 31 59 39 28 26 7 33 68 
26 30 15 76 79 15 87 67 31 14 82 0 20 82 35 93 4 10 71 49 39 9 52 77 46 6 59 27 57 65 67 2 74 22 82 53 34 99 67 3 31 60 39 37 95 57 63 14 29 74 52 22 28 37 66 14 7 63 0 41 71 22 41 39 12 15 94 89 15 41 87 18 59 98 11 77 92 22 93 85 19 47 83 62 38 30 83 39 48 88 1 57 97 83 8 78 75 41 60 69 
82 4 97 87 93 80 53 78 9 9 81 69 84 28 63 84 18 75 46 44 49 22 98 22 53 0 1 29 48 52 85 95 95 35 22 33 66 94 3 46 52 78 47 27 74 85 53 72 64 50 79 49 96 80 46 19 0 41 41 0 17 18 88 58 44 47 53 41 55 87 1 47 79 86 66 45 78 90 83 78 45 46 30 38 85 36 23 49 75 26 14 54 23 31 25 19 47 67 78 17 
92 44 14 71 71 85 54 90 96 88 4 10 78 6 97 80 60 42 36 12 80 81 98 2 82 98 52 18 90 34 65 22 66 29 8 36 28 86 52 86 94 83 95 86 94 85 23 34 91 95 89 30 99 82 39 60 70 20 71 17 0 12 2 26 96 54 10 76 55 15 44 81 12 63 78 88 36 72 27 40 41 22 32 16 20 3 85 35 51 98 15 53 17 24 69 43 87 88 57 75 
44 12 49 48 71 10 60 60 85 39 1 33 82 24 88 2 48 44 32 1 10 95 6 92 56 61 9 32 23 15 66 22 59 37 41 55 57 63 61 57 67 18 22 82 86 72 95 9 17 38 28 31 57 10 70 12 11 62 22 18 12 0 42 73 14 88 97 39 75 50 78 16 35 68 25 34 96 13 14 10 72 25 54 1 32 93 94 45 10 70 24 28 69 80 68 28 89 54 2 58 
99 97 23 30 58 31 53 23 90 89 31 24 48 37 89 61 28 52 35 8 50 25 30 97 32 21 67 99 70 77 35 26 46 52 9 6 83 38 82 8 70 49 50 78 45 71 26 27 47 42 84 53 89 39 86 69 0 87 41 88 2 42 0 71 20 39 59 3 50 36 1 61 29 1 53 81 72 67 12 92 62 53 49 13 93 40 88 55 76 77 23 35 41 7 90 51 45 63 61 49 
49 7 89 12 45 35 84 9 80 76 5 79 85 78 30 79 6 42 47 76 94 46 16 75 12 38 89 96 71 38 27 41 58 28 11 4 19 45 44 63 69 69 84 59 99 16 36 75 51 22 93 45 30 67 63 30 16 92 39 58 26 73 71 0 90 27 50 28 50 13 81 71 9 29 88 74 61 22 2 93 33 85 14 75 8 96 4 53 85 22 81 9 2 28 96 66 99 85 69 46 
3 67 1 10 0 60 54 63 34 24 20 77 25 88 79 21 81 30 27 7 98 60 83 20 9 46 31 25 11 32 33 85 57 33 35 66 85 93 0 87 85 25 33 11 74 85 8 63 61 77 53 83 95 70 98 61 60 49 12 44 96 14 20 90 0 53 36 20 22 80 82 46 23 53 99 69 61 57 65 79 24 32 44 63 81 83 61 44 39 15 31 49 90 38 77 70 96 58 13 98 
7 45 28 53 13 26 65 44 41 51 8 82 58 10 99 65 41 34 34 44 35 30 74 74 17 35 57 9 57 12 35 32 77 89 52 47 92 73 63 30 25 77 4 57 78 98 98 61 0 34 68 98 0 96 78 56 42 94 15 47 54 88 39 27 53 0 93 88 26 87 28 17 66 33 18 44 63 77 55 82 43 75 88 75 87 92 86 50 83 20 47 44 51 22 52 87 55 3 61 26 
70 9 6 52 11 32 88 99 61 59 15 87 44 24 37 7 45 63 87 28 90 54 94 53 58 23 67 94 22 39 54 14 60 16 27 88 92 46 42 7 5 31 8 96 64 97 58 92 54 74 10 34 48 67 54 67 2 87 94 53 10 97 59 50 36 93 0 2 19 83 10 66 36 87 40 83 8 97 74 45 46 90 47 40 13 16 56 1 14 46 63 10 1 90 4 2 59 38 8 99 
53 95 31 32 73 31 70 84 71 50 25 30 68 22 89 35 72 68 55 25 99 43 33 30 0 35 75 70 61 38 46 27 48 94 93 2 71 92 65 64 99 25 35 8 16 69 90 70 34 43 74 63 19 85 63 13 43 31 89 41 76 39 3 28 20 88 2 0 3 1 78 97 37 24 26 55 7 91 80 17 0 76 16 99 80 22 64 54 13 19 28 92 50 9 12 37 79 65 57 51 
19 91 19 88 67 56 56 7 48 76 23 26 50 50 74 80 15 0 0 70 46 63 25 7 89 0 76 36 11 28 92 50 80 46 28 47 83 98 23 33 58 20 38 67 58 2 42 84 95 16 37 86 84 44 90 65 5 92 15 55 55 75 50 50 22 26 19 3 0 63 45 3 76 33 34 75 95 13 60 87 77 83 23 67 31 81 27 50 53 27 69 9 41 3 88 96 57 65 61 35 
32 77 46 48 34 8 61 47 35 25 81 20 72 51 34 98 20 37 61 73 64 34 92 68 55 95 68 48 80 80 18 92 50 47 93 13 27 96 32 30 88 4 56 67 98 73 26 13 8 56 14 6 94 2 50 75 28 49 41 87 15 50 36 13 80 87 83 1 63 0 33 69 47 27 79 74 91 52 62 81 84 9 52 27 45 59 41 28 58 12 77 37 36 84 26 96 72 34 62 63 
56 16 68 88 36 3 56 78 26 97 51 16 48 34 15 81 27 53 63 1 55 77 69 24 6 77 43 57 13 90 7 1 61 61 64 9 63 31 21 55 17 75 1 6 85 49 88 12 66 65 52 78 89 21 36 57 29 80 87 1 44 78 1 81 82 28 10 78 45 33 0 84 11 36 43 36 40 47 60 16 36 74 85 87 30 7 34 62 61 40 97 96 13 16 53 50 44 50 68 73 
89 70 92 70 6 40 64 50 37 54 81 40 45 84 47 94 80 36 11 54 54 64 34 1 6 47 98 44 33 82 41 86 60 77 2 51 26 61 12 49 52 60 30 56 48 6 80 44 12 73 95 62 8 43 23 6 92 7 18 47 81 16 61 71 46 17 66 97 3 69 84 0 42 83 14 37 16 79 6 0 29 74 49 31 20 8 21 64 9 87 61 9 28 13 3 68 22 96 26 83 
81 37 74 42 96 18 58 79 85 92 42 13 86 31 14 58 77 60 84 88 55 94 81 36 62 78 73 4 79 49 38 71 2 73 22 18 83 29 18 78 72 25 41 36 66 83 6 29 3 96 39 66 56 96 25 17 91 64 59 79 12 35 29 9 23 66 36 37 76 47 11 42 0 70 3 9 21 66 28 68 90 60 61 89 86 76 17 35 35 29 11 1 26 67 6 1 56 83 52 47 
15 3 34 43 57 58 80 33 23 94 96 95 93 6 7 39 92 48 54 92 26 25 12 8 60 24 22 22 81 23 60 5 78 71 23 92 20 34 26 87 38 32 26 16 36 53 97 28 15 73 23 11 32 81 11 7 2 98 98 86 63 68 1 29 53 33 87 24 33 27 36 83 70 0 64 44 0 99 24 57 38 17 97 22 43 58 36 31 14 38 33 54 25 42 24 19 23 93 8 61 
92 36 33 37 97 77 26 0 44 36 37 64 40 81 25 29 52 65 46 43 55 2 12 43 90 79 52 64 3 74 87 24 4 17 79 72 84 98 57 2 96 34 15 26 99 89 99 74 59 33 51 25 5 9 62 50 49 8 11 66 78 25 53 88 99 18 40 26 34 79 43 14 3 64 0 43 53 14 1 76 71 17 41 41 17 97 31 93 8 17 64 78 57 87 53 20 32 75 41 74 
93 14 70 16 14 35 91 12 26 43 89 21 61 61 49 9 36 69 35 68 38 73 21 18 60 62 66 50 33 35 54 51 2 2 49 34 38 0 13 20 38 26 78 21 17 13 25 1 91 23 49 9 87 57 45 34 65 69 77 45 88 34 81 74 69 44 83 55 75 74 36 37 9 44 43 0 23 91 44 58 63 39 99 41 83 46 69 69 64 2 79 75 61 79 34 45 62 32 3 86 
36 42 99 60 23 42 76 56 57 47 67 33 57 70 38 89 87 81 6 70 50 7 38 58 52 71 74 14 84 25 15 74 59 31 24 24 47 19 50 32 39 8 37 41 20 43 48 59 82 8 88 58 51 57 31 1 21 2 92 78 36 96 72 61 61 63 8 7 95 91 40 16 21 0 53 23 0 23 24 42 60 19 57 10 20 23 94 85 4 65 66 97 29 78 77 85 81 16 34 5 
26 40 88 55 30 33 5 68 47 59 15 45 85 46 32 47 25 97 55 15 50 7 52 77 22 10 23 17 52 75 13 90 61 68 81 12 88 82 5 82 75 38 84 71 42 19 48 42 57 93 46 63 1 98 77 85 57 12 22 90 72 13 67 22 57 77 97 91 13 52 47 79 66 99 14 91 23 0 82 67 12 48 54 54 72 56 61 4 45 37 79 93 75 43 38 10 90 60 44 41 
67 35 66 44 13 57 92 86 66 59 4 40 66 2 77 96 54 3 16 92 60 37 30 75 78 59 77 42 92 50 72 15 78 29 90 47 40 23 89 62 25 19 75 62 58 72 5 9 99 37 34 83 46 38 61 33 13 67 93 83 27 14 12 2 65 55 74 80 60 62 60 6 28 24 1 44 24 82 0 72 92 28 66 81 83 45 82 16 20 0 77 57 43 54 55 90 94 43 30 90 
96 2 16 69 65 51 17 21 88 51 60 3 71 85 42 54 85 98 38 87 52 76 10 39 47 15 90 13 17 57 78 7 27 90 93 84 54 88 31 19 5 20 40 6 57 8 9 13 90 77 33 39 7 11 32 28 17 76 85 78 40 10 92 93 79 82 45 17 87 81 16 0 68 57 76 58 42 67 72 0 9 34 45 92 40 23 44 37 64 46 65 77 19 90 88 36 73 49 20 54 
31 69 4 93 41 75 13 61 96 85 71 68 13 68 18 34 40 48 42 82 72 4 2 76 27 46 47 35 85 25 39 93 39 49 1 16 65 28 56 28 57 0 4 68 9 68 53 57 53 47 51 21 70 28 37 80 5 41 19 45 41 72 62 33 24 43 46 0 77 84 36 29 90 38 71 63 60 12 92 9 0 66 13 51 16 60 4 77 33 67 5 94 1 56 99 54 92 55 66 44 
87 0 24 71 55 13 0 33 40 79 43 98 58 2 25 96 74 47 26 14 62 32 21 60 93 40 66 82 94 60 68 19 5 68 54 64 28 24 69 27 87 43 36 28 97 47 30 62 2 79 87 86 44 57 63 86 22 84 47 46 22 25 53 85 32 75 90 76 83 9 74 74 60 17 17 39 19 48 28 34 66 0 38 6 86 89 23 74 16 12 35 7 97 5 4 48 24 76 55 92 
72 0 83 22 64 33 55 90 5 23 85 53 6 69 83 83 8 27 40 52 59 84 93 90 91 29 67 97 52 22 0 82 19 95 26 96 57 42 83 80 82 41 21 29 92 76 26 99 45 50 63 31 8 9 82 36 91 47 83 30 32 54 49 14 44 88 47 16 23 52 85 49 61 97 41 99 57 54 66 45 13 38 0 98 67 87 62 91 55 25 56 33 54 40 18 80 58 49 73 52 
44 36 32 17 87 91 91 58 38 42 42 16 93 72 69 91 62 9 70 70 43 64 39 87 8 5 11 37 1 74 40 35 19 46 1 9 14 77 21 45 7 81 10 68 98 28 14 70 40 46 83 17 55 48 14 17 74 77 62 38 16 1 13 75 63 75 40 99 67 27 87 31 89 22 41 41 10 54 81 92 51 6 98 0 45 97 17 64 40 44 35 28 89 62 28 48 79 94 46 72 
16 51 90 6 54 96 50 19 9 82 99 94 95 42 6 77 76 68 62 10 33 66 64 72 56 14 93 58 92 93 37 23 28 23 92 11 94 75 68 25 1 13 33 48 49 90 93 89 2 53 97 44 75 21 62 15 5 6 38 85 20 32 93 8 81 87 13 80 31 45 30 20 86 43 17 83 20 72 83 40 16 86 67 45 0 89 0 37 49 74 29 59 61 63 91 56 50 94 34 90 
30 76 73 91 12 90 21 7 42 71 60 62 50 80 77 4 78 38 74 41 88 7 39 40 64 68 47 20 80 30 92 17 33 82 72 5 57 31 57 69 65 46 65 83 52 0 21 77 30 13 79 8 58 63 85 27 94 87 30 36 3 93 40 96 83 92 16 22 81 59 7 8 76 58 97 46 23 56 45 23 60 89 87 97 89 0 11 49 82 51 55 11 4 34 52 63 92 54 62 10 
16 70 97 19 70 43 7 60 77 14 75 25 77 22 53 23 58 38 64 43 45 95 89 90 57 6 20 68 54 65 61 40 95 8 37 9 98 92 50 5 18 67 59 33 72 46 44 53 59 61 45 48 27 64 81 89 62 41 83 23 85 94 88 4 61 86 56 64 27 41 34 21 17 36 31 69 94 61 82 44 4 23 62 17 0 11 0 93 18 55 2 82 4 41 20 70 65 29 74 73 
83 97 90 77 61 27 52 41 4 97 10 78 24 89 32 40 89 44 96 75 18 14 49 73 63 47 59 31 42 49 96 74 95 52 95 84 28 8 81 24 37 27 95 41 95 66 30 24 8 77 56 35 22 18 85 57 17 79 39 49 35 45 55 53 44 50 1 54 50 28 62 64 35 31 93 69 85 4 16 37 77 74 91 64 37 49 93 0 38 61 46 33 72 50 56 86 86 87 40 40 
71 36 91 76 26 20 51 74 45 97 17 43 37 59 34 90 51 0 60 49 86 33 75 48 83 59 40 86 54 27 63 95 16 45 73 85 74 76 21 82 32 39 52 59 45 2 92 44 94 89 21 30 76 85 3 92 96 70 48 75 51 10 76 85 39 83 14 13 53 58 61 9 35 14 8 64 4 45 20 64 33 16 55 40 49 82 18 38 0 97 42 91 85 57 70 45 0 9 82 5 
79 19 70 3 70 9 12 82 13 22 43 36 7 86 35 2 37 66 89 43 31 68 87 93 92 3 85 56 49 93 42 9 46 96 55 41 35 55 8 82 85 92 14 91 15 76 36 31 7 8 64 62 36 80 86 73 95 79 88 26 98 70 77 22 15 20 46 19 27 12 40 87 29 38 17 2 65 37 0 46 67 12 25 44 74 51 55 61 97 0 84 43 51 44 18 31 0 52 85 28 
39 94 5 32 49 38 75 9 99 63 10 68 89 75 11 26 8 7 12 78 89 16 86 79 95 32 33 78 23 94 67 81 41 79 81 69 49 27 33 69 4 61 90 50 68 13 25 9 89 59 70 85 62 55 46 67 89 48 1 14 15 24 23 81 31 47 63 28 69 77 97 61 11 33 64 79 66 79 77 65 5 35 56 35 29 55 2 46 42 84 0 38 7 33 15 72 28 33 52 72 
60 14 66 18 99 97 82 23 74 14 88 69 45 58 88 76 19 54 17 19 29 70 66 38 90 78 85 75 15 25 92 53 52 94 6 93 12 33 34 84 68 33 0 43 28 21 87 89 51 64 64 9 74 99 37 67 5 19 57 54 53 28 35 9 49 44 10 92 9 37 96 9 1 54 78 75 97 93 57 77 94 7 33 28 59 11 82 33 91 43 38 0 98 68 62 97 13 98 34 56 
24 70 46 96 53 72 96 32 0 19 78 58 49 77 95 69 25 70 79 3 54 61 29 9 99 11 30 19 48 80 64 80 29 0 71 79 23 27 12 91 4 49 74 18 39 41 0 72 23 16 74 47 79 49 1 30 49 31 97 23 17 69 41 2 90 51 1 50 41 36 13 28 26 25 57 61 29 75 43 19 1 97 54 89 61 4 4 72 85 51 7 98 0 96 7 80 7 64 77 26 
65 96 13 89 94 41 50 56 69 34 37 66 2 43 46 75 59 63 59 81 3 27 43 44 99 77 41 56 82 75 21 48 15 57 23 90 58 69 45 49 12 96 89 90 60 8 61 97 79 52 73 62 26 30 59 56 11 59 83 31 24 80 7 28 38 22 90 9 3 84 16 13 67 42 87 79 78 43 54 90 56 5 40 62 63 34 41 50 57 44 33 68 96 0 3 62 71 54 4 70 
85 78 76 99 2 0 61 65 94 40 87 71 72 14 67 10 91 91 21 66 10 8 86 8 36 15 44 72 50 3 37 65 31 1 18 33 37 31 71 47 67 14 25 15 95 60 36 21 97 57 71 1 61 33 50 73 19 39 8 25 69 68 90 96 77 52 4 12 88 26 53 3 6 24 53 34 77 38 55 88 99 4 18 28 91 52 20 56 70 18 15 62 7 3 0 26 1 6 8 97 
79 7 0 61 59 74 26 36 11 0 30 75 48 98 50 33 48 84 14 23 66 71 71 46 57 22 69 89 16 94 46 77 89 91 18 56 36 65 43 1 35 37 79 81 19 78 88 40 69 73 13 40 15 36 42 7 46 28 78 19 43 28 51 66 70 87 2 37 96 96 50 68 1 19 20 45 85 10 90 36 54 48 80 48 56 63 70 86 45 31 72 97 80 62 26 0 17 20 67 40 
38 74 38 87 62 41 96 79 41 12 35 84 58 78 10 79 56 60 79 54 38 75 89 36 55 61 82 71 63 96 29 95 50 38 47 47 75 74 42 70 99 87 30 72 76 90 31 86 36 75 74 24 60 19 28 53 95 26 75 47 87 89 45 99 96 55 59 79 57 72 44 22 56 23 32 62 81 90 94 73 92 24 58 79 50 92 65 86 0 0 28 13 7 71 1 17 0 57 40 21 
17 49 34 22 82 48 82 26 34 48 0 1 1 10 90 50 83 7 82 57 34 58 34 51 19 30 0 3 49 35 17 92 3 17 71 99 16 43 0 69 88 61 21 37 43 62 37 88 33 50 13 47 78 69 86 43 80 7 41 67 88 54 63 85 58 3 38 65 65 34 50 96 83 93 75 32 16 60 43 49 55 76 49 94 94 54 29 87 9 52 33 98 64 54 6 20 57 0 33 53 
44 2 2 45 91 89 52 63 23 19 44 41 84 75 83 90 14 73 79 15 10 43 70 68 83 71 0 8 52 80 90 80 89 36 9 31 52 35 5 36 81 47 31 16 94 1 53 93 18 53 77 77 3 13 83 26 55 33 60 78 57 2 61 69 13 61 8 57 61 62 68 26 52 8 41 3 34 44 30 20 66 55 73 46 34 62 74 40 82 85 52 34 77 4 8 67 40 33 0 32 
7 14 68 48 56 66 75 40 68 83 29 22 99 72 4 32 8 45 20 13 31 65 12 0 15 73 6 59 68 34 16 92 80 85 31 24 3 71 21 86 5 97 54 90 88 4 64 31 54 73 80 91 27 95 79 79 55 68 69 17 75 58 49 46 98 26 99 51 35 63 73 83 47 61 74 86 5 41 90 54 44 92 52 72 90 10 73 40 5 28 72 56 26 70 97 40 21 53 32 0 
0 39 16 12 33 33 32 74 18 58 80 95 93 31 88 70 85 19 97 5 87 23 27 80 40 98 61 53 29 68 22 26 34 30 73 58 13 2 6 87 83 17 73 35 16 27 89 30 56 93 47 89 25 56 27 29 94 43 32 6 54 72 51 15 41 63 61 49 58 40 23 39 91 81 52 68 9 65 96 83 65 59 11 44 25 88 78 55 52 69 40 26 38 72 40 65 39 96 40 51 
39 0 62 62 7 63 83 93 15 49 69 67 80 28 32 90 28 87 15 48 99 87 94 51 57 36 25 83 26 6 85 84 44 82 15 17 70 38 34 48 51 69 83 19 88 21 50 41 48 66 90 72 41 3 87 76 15 67 25 69 75 13 87 2 55 50 54 62 96 31 59 92 35 28 52 33 90 27 29 1 33 54 71 9 63 77 69 43 82 94 24 62 12 31 7 79 98 84 18 13 
16 62 0 49 36 36 20 8 48 98 33 77 87 38 51 50 8 45 77 0 9 33 67 45 73 47 17 43 45 83 11 7 59 60 70 99 79 47 37 37 51 57 98 50 62 98 5 52 11 26 33 54 58 29 21 94 47 49 89 93 61 51 56 3 46 78 98 85 8 65 8 38 48 77 13 85 76 59 96 69 70 95 19 38 80 31 52 30 3 21 50 51 85 8 52 0 39 33 71 4 
12 62 49 0 22 13 79 84 19 8 97 53 88 12 4 34 16 39 63 78 61 74 47 94 44 16 52 52 44 68 33 26 79 67 42 61 38 25 99 53 34 68 98 55 37 35 9 15 77 98 95 98 9 8 33 91 75 15 50 76 93 43 76 52 53 46 4 22 61 2 90 82 23 3 4 46 3 77 8 29 1 74 78 78 96 81 47 13 96 82 67 39 50 81 43 98 96 50 49 22 
33 7 36 22 0 1 81 17 57 81 5 8 0 87 40 92 96 82 54 41 56 52 58 37 92 98 56 49 9 67 89 11 0 9 40 8 96 65 87 80 19 82 93 89 58 84 79 59 28 40 43 47 15 74 64 14 18 53 33 75 32 67 82 96 76 77 15 31 25 13 10 48 98 24 69 85 97 84 14 4 27 71 31 80 70 57 4 46 21 51 97 64 41 87 76 77 61 58 42 82 
33 63 36 13 1 0 32 48 24 6 19 18 10 45 78 89 61 58 69 64 7 2 86 1 29 98 16 51 95 52 20 85 46 31 7 30 88 8 54 78 10 59 12 86 54 93 22 97 79 32 74 52 16 74 58 67 34 74 74 11 82 94 77 76 1 45 3 2 60 92 75 72 92 36 10 20 98 88 85 1 51 91 4 67 27 50 13 81 59 45 20 67 56 85 54 39 14 94 30 13 
32 83 20 79 81 32 0 42 69 84 80 15 25 20 61 85 75 52 54 75 40 63 30 63 59 2 62 48 73 12 16 8 50 32 0 3 83 44 66 84 17 68 89 75 54 41 28 76 50 6 80 1 85 5 11 13 35 95 88 68 52 26 22 51 66 64 42 39 76 6 55 0 68 14 77 52 1 3 22 58 61 16 45 36 56 47 35 71 6 14 32 35 47 8 81 84 88 32 26 87 
74 93 8 84 17 48 42 0 30 52 60 14 84 89 93 23 48 7 7 0 20 82 37 84 63 64 65 44 22 57 67 29 66 72 84 45 5 1 99 16 85 29 26 56 54 88 1 51 55 66 91 72 95 80 78 96 51 47 19 83 95 20 62 48 18 26 34 9 84 68 45 45 19 5 69 46 76 4 85 62 51 68 80 2 34 30 38 10 39 69 11 10 86 5 31 7 20 3 4 49 
18 15 48 19 57 24 69 30 0 26 2 71 52 94 80 73 2 67 26 19 35 53 86 19 82 73 41 58 65 11 27 52 3 56 92 60 6 88 19 53 95 74 15 69 75 88 3 42 15 49 15 62 20 3 79 12 22 96 5 23 70 83 79 76 70 4 65 9 55 67 47 72 14 36 80 14 85 85 16 74 66 48 89 85 37 4 2 18 98 99 2 89 82 97 49 26 96 10 38 70 
58 49 98 8 81 6 84 52 26 0 40 74 94 92 96 9 50 87 55 90 98 27 38 28 35 69 47 84 33 37 72 48 39 50 39 10 38 47 53 19 72 52 19 71 27 81 4 94 34 85 71 23 48 66 41 56 20 61 3 74 35 44 47 70 83 97 72 25 99 88 41 90 67 1 43 69 65 39 38 15 7 87 48 95 33 32 86 32 71 54 42 84 86 99 75 47 49 13 3 36 
80 69 33 97 5 19 80 60 2 40 0 40 48 2 82 21 46 52 31 7 34 37 41 92 82 29 94 33 86 27 86 88 68 14 7 28 36 1 85 20 77 88 96 79 45 52 84 39 43 92 78 6 38 73 89 90 0 31 26 60 93 11 64 75 2 81 36 84 16 70 20 65 15 99 58 38 68 19 10 62 16 52 9 17 26 1 70 80 90 23 89 29 33 74 15 72 90 30 35 32 
95 67 77 53 8 18 15 14 71 74 40 0 1 7 55 94 53 71 30 51 9 48 94 62 41 2 0 95 89 0 22 69 21 53 7 77 82 66 85 43 86 57 89 88 45 75 82 74 48 23 42 19 45 53 98 48 12 21 16 5 23 47 70 11 25 7 29 7 27 21 67 99 94 69 80 28 32 85 56 79 55 42 58 96 97 35 70 74 81 84 61 85 49 70 51 56 93 88 0 4 
93 80 87 88 0 10 25 84 52 94 48 1 0 23 70 78 80 48 55 82 42 62 26 51 58 30 96 45 97 90 30 12 79 73 4 2 69 96 10 23 88 35 93 17 4 45 5 86 21 21 17 41 75 19 65 2 70 68 26 87 6 17 49 75 34 54 23 0 74 38 65 17 1 91 34 14 63 26 70 20 84 16 13 90 7 27 13 24 32 37 57 37 74 36 22 22 42 84 44 90 
31 28 38 12 87 45 20 89 94 92 2 7 23 0 3 15 12 54 82 19 71 66 21 68 62 82 36 83 26 22 43 15 56 1 60 79 91 39 32 64 32 33 91 11 76 1 25 96 87 33 13 68 6 67 84 74 59 68 56 32 68 22 8 63 49 71 99 47 27 75 2 80 36 61 92 54 17 73 24 87 76 27 0 54 48 90 53 99 2 24 19 83 43 61 65 64 36 73 45 49 
88 32 51 4 40 78 61 93 80 96 82 55 70 3 0 7 81 45 91 72 2 45 6 97 99 40 3 70 97 57 88 15 97 82 92 63 73 84 8 93 19 8 12 59 0 69 65 59 86 39 90 25 88 99 31 21 84 91 66 55 66 0 39 1 22 33 22 24 3 5 52 95 5 80 63 39 84 20 76 95 61 0 93 95 88 62 35 90 79 91 43 52 68 96 70 36 46 75 42 3 
70 90 50 34 92 89 85 23 73 9 21 94 78 15 7 0 50 35 73 70 87 85 42 75 3 11 33 52 10 18 51 8 63 43 23 49 34 30 30 48 44 26 73 54 69 60 36 70 68 26 76 2 1 79 93 95 66 35 20 21 86 69 86 11 51 48 90 49 9 72 44 48 66 67 89 7 90 96 3 93 93 97 13 66 76 78 21 84 51 25 87 31 50 90 85 2 54 20 41 32 
85 28 8 16 96 61 75 48 2 50 46 53 80 12 81 50 0 85 24 30 64 51 43 67 3 4 17 50 48 46 66 2 78 19 35 23 47 51 5 69 90 48 18 7 77 62 71 79 89 31 1 55 89 63 77 15 46 58 56 50 28 98 91 62 23 51 44 61 69 87 41 47 43 87 64 53 36 80 67 3 62 94 34 17 9 43 31 19 61 92 50 26 92 71 7 50 69 87 12 34 
19 87 45 39 82 58 52 7 67 87 52 71 48 54 45 35 85 0 65 51 83 24 2 64 26 64 67 29 91 82 14 82 98 51 56 61 28 40 11 33 11 58 34 81 43 21 73 40 5 61 4 15 93 40 51 89 77 69 81 43 20 73 10 58 2 48 80 89 55 2 66 34 0 9 19 41 63 19 67 9 69 31 82 22 46 19 16 64 8 33 71 89 80 88 91 26 67 35 83 71 
97 15 77 63 54 69 54 7 26 55 31 30 55 82 91 73 24 65 0 82 35 91 48 73 60 77 5 56 97 38 9 14 26 99 25 19 78 62 97 7 93 66 9 18 66 50 14 96 58 36 16 43 33 11 89 68 52 71 62 78 65 69 82 18 33 11 36 45 64 58 39 55 17 70 47 96 35 39 12 96 90 48 0 19 55 91 9 51 39 19 46 44 85 43 41 51 68 78 2 70 
5 48 0 78 41 64 75 0 19 90 7 51 82 19 72 70 30 51 82 0 64 71 16 7 71 30 99 85 31 16 13 23 69 23 42 47 40 29 22 5 53 79 86 28 11 96 11 89 31 56 31 62 48 21 6 34 33 59 30 9 17 62 61 17 53 96 10 92 59 94 83 84 12 42 13 15 24 21 2 51 90 77 59 68 76 17 98 36 76 49 23 82 37 52 66 5 10 40 8 49 
87 99 9 61 56 7 40 20 35 98 34 9 42 71 2 87 64 83 35 64 0 59 83 82 26 22 75 62 44 71 56 82 42 21 51 61 63 49 11 31 83 99 25 81 69 40 97 8 32 28 87 9 37 93 25 2 16 10 20 11 58 52 58 58 58 20 48 30 51 98 47 10 43 1 31 61 26 51 5 91 18 65 82 73 96 99 16 46 79 53 77 8 16 12 52 56 57 72 6 62 
23 87 33 74 52 2 63 82 53 27 37 48 62 66 45 85 51 24 91 71 59 0 46 56 51 13 72 48 51 98 77 71 69 94 26 99 77 1 34 92 60 62 66 58 28 68 53 82 69 22 61 61 33 17 85 34 50 78 73 73 93 99 50 69 34 17 58 20 7 37 13 49 54 67 2 58 27 62 20 50 69 26 52 59 44 95 7 70 19 88 94 90 78 89 0 6 10 12 56 49 
27 94 67 47 58 86 30 37 86 38 41 94 26 21 6 42 43 2 48 16 83 46 0 78 38 42 8 12 43 52 6 22 45 63 82 85 51 24 84 29 7 85 37 68 61 43 15 68 21 79 66 98 79 71 10 69 43 43 62 43 77 94 56 13 25 64 34 53 17 29 98 3 97 23 11 66 67 38 0 36 38 83 33 73 24 22 16 34 59 12 71 50 11 10 83 91 41 83 57 20 
80 51 45 94 37 1 63 84 19 28 92 62 51 68 97 75 67 64 73 7 82 56 78 0 31 35 25 1 6 3 24 41 98 31 24 15 27 81 18 84 95 0 68 45 50 9 50 17 80 91 31 82 19 41 23 3 30 77 48 83 81 13 84 48 19 37 42 6 53 41 17 26 24 11 37 50 27 3 78 69 98 74 56 74 89 19 68 3 88 35 38 18 25 36 59 49 84 74 34 66 
40 57 73 44 92 29 59 63 82 35 82 41 58 62 99 3 3 26 60 71 26 51 38 31 0 9 28 96 65 26 35 45 67 16 48 19 6 79 75 53 78 55 18 32 36 52 37 68 32 26 34 47 12 72 74 58 81 37 73 12 48 79 39 3 87 20 8 63 78 50 33 33 18 13 11 15 89 19 26 57 63 67 63 47 95 51 72 3 60 29 64 21 31 53 9 68 87 68 70 60 
98 36 47 16 98 98 2 64 73 69 29 2 30 82 40 11 4 64 77 30 22 13 42 35 9 0 26 90 29 98 16 5 54 86 93 77 24 95 49 28 92 35 99 85 15 75 10 92 8 55 48 1 98 4 5 10 96 90 51 40 4 76 56 96 47 71 40 42 83 41 42 86 91 34 94 37 34 61 71 83 42 74 50 2 29 26 14 30 43 51 55 80 90 67 39 6 32 75 33 76 
61 25 17 52 56 16 62 65 41 47 94 0 96 36 3 33 17 67 5 99 75 72 8 25 28 26 0 91 12 92 32 93 9 85 3 10 22 47 56 16 49 63 25 94 39 32 49 52 52 86 30 64 63 94 10 31 74 30 67 27 21 40 53 30 50 96 17 12 88 57 27 20 88 82 72 63 7 55 92 35 83 11 25 54 16 69 46 72 21 14 22 1 82 77 81 20 65 20 27 39 
53 83 43 52 49 51 48 44 58 84 33 95 45 83 70 52 50 29 56 85 62 48 12 1 96 90 91 0 0 85 0 66 10 35 50 8 61 45 43 4 65 15 26 58 41 88 4 95 71 46 36 22 14 80 17 62 43 50 10 64 75 61 6 27 84 21 65 2 63 33 91 30 78 88 18 62 82 3 2 23 64 13 23 45 4 96 86 81 42 18 27 0 28 99 28 58 69 97 35 8 
29 26 45 44 9 95 73 22 65 33 86 89 97 26 97 10 48 91 97 31 44 51 43 6 65 29 12 0 0 63 94 81 53 67 85 10 31 96 70 55 64 12 26 56 85 53 3 51 82 46 12 56 15 7 98 65 51 87 0 43 82 56 24 52 15 27 54 27 92 3 55 30 86 34 98 49 74 28 60 95 78 95 46 63 72 6 91 45 71 86 99 80 10 14 59 8 28 92 55 70 
68 6 83 68 67 52 12 57 11 37 27 0 90 22 57 18 46 82 38 16 71 98 52 3 26 98 92 85 63 0 95 22 48 69 23 62 7 8 91 9 23 38 20 91 40 85 69 35 71 65 29 98 9 9 99 38 49 54 48 54 10 45 97 17 80 83 29 79 53 88 0 0 78 32 25 25 95 19 46 81 92 60 42 51 24 48 5 88 50 46 89 64 69 89 74 14 13 82 42 86 
22 85 11 33 89 20 16 67 27 72 86 22 30 43 88 51 66 14 9 13 56 77 6 24 35 16 32 0 94 95 0 88 29 72 75 44 11 4 45 81 15 4 10 72 84 94 32 17 84 95 25 81 34 94 33 71 36 22 70 55 83 65 57 92 13 8 23 8 55 26 37 96 44 53 95 33 5 89 62 71 40 39 70 27 82 18 38 66 99 78 52 57 19 94 67 80 24 30 14 30 
26 84 7 26 11 85 8 29 52 48 88 69 12 15 15 8 2 82 14 23 82 71 22 41 45 5 93 66 81 22 88 0 44 91 51 41 95 48 29 35 47 46 86 35 94 39 89 60 59 94 83 8 55 75 31 48 6 39 22 24 66 33 42 83 19 4 91 36 51 75 85 66 78 50 81 48 54 1 79 50 75 64 73 22 73 18 82 51 56 73 68 74 17 69 66 13 29 47 4 83 
34 44 59 79 0 46 50 66 3 39 68 21 79 56 97 63 78 98 26 69 42 69 45 98 67 54 9 10 53 48 29 44 0 50 68 48 67 1 54 81 15 66 95 25 38 88 17 43 65 81 50 10 84 34 39 15 35 85 28 49 71 75 30 58 34 15 31 15 18 6 8 8 95 39 89 10 12 29 54 31 63 62 5 97 1 9 89 71 77 23 13 68 93 31 82 5 18 74 30 82 
30 82 60 67 9 31 32 72 56 50 14 53 73 1 82 43 19 51 99 23 21 94 63 31 16 86 85 35 67 69 72 91 50 0 31 90 45 79 7 81 9 50 37 64 46 35 30 34 93 65 62 99 9 84 11 49 52 99 5 8 2 27 17 74 0 15 33 40 13 44 32 79 87 46 87 42 48 68 30 70 0 74 18 57 45 60 58 2 27 86 19 50 94 51 81 21 13 73 83 69 
73 15 70 42 40 7 0 84 92 39 7 7 4 60 92 23 35 56 25 42 51 26 82 24 48 93 3 50 85 23 75 51 68 31 0 27 19 97 51 65 90 96 33 35 10 65 63 93 31 56 28 78 63 56 18 28 75 57 33 31 20 91 18 85 58 89 8 84 80 38 77 67 73 57 3 6 11 77 5 42 50 98 92 63 90 13 76 57 1 19 18 97 31 34 98 88 77 77 42 93 
58 17 99 61 8 30 3 45 60 10 28 77 2 79 63 49 23 61 19 47 61 99 85 15 19 77 10 8 10 62 44 41 48 90 27 0 13 49 97 30 61 51 11 2 0 52 30 66 15 89 57 35 48 95 93 10 26 60 21 44 59 54 41 85 34 25 81 73 82 16 14 67 37 54 90 8 97 5 43 31 43 88 82 57 97 3 13 71 61 48 7 17 66 47 47 82 52 78 91 9 
13 70 79 38 96 88 83 5 6 38 36 82 69 91 73 34 47 28 78 40 63 77 51 27 6 24 22 61 31 7 11 95 67 45 19 13 0 16 20 95 87 58 96 68 84 50 89 72 93 29 2 26 41 99 92 73 87 95 68 22 61 58 2 36 29 12 41 63 28 94 96 8 31 3 78 50 15 56 30 77 22 6 45 56 68 95 60 1 46 41 50 3 48 56 62 39 7 95 7 17 
2 38 47 25 65 8 44 1 88 47 1 66 96 39 84 30 51 40 62 29 49 1 24 81 79 95 47 45 96 8 4 48 1 79 97 49 16 0 43 6 49 28 32 90 89 63 63 63 85 99 15 13 10 67 14 90 5 61 1 18 34 81 66 95 96 5 81 66 95 57 24 71 91 90 26 37 65 72 23 29 39 88 84 84 44 99 89 14 74 42 36 83 63 30 75 3 14 53 36 69 
6 34 37 99 87 54 66 99 19 53 85 85 10 32 8 30 5 11 97 22 11 34 84 18 75 49 56 43 70 91 45 29 54 7 51 97 20 43 0 91 71 67 85 52 88 3 71 64 54 87 49 57 51 52 22 36 68 14 36 82 28 77 16 95 33 52 34 97 88 17 34 72 46 39 33 54 94 30 95 67 60 30 16 67 69 90 96 44 63 17 39 37 97 27 35 25 91 72 89 36 
87 48 37 53 80 78 84 16 53 19 20 43 23 64 93 48 69 33 7 5 31 92 29 84 53 28 16 4 55 9 81 35 81 81 65 30 95 6 91 0 63 8 95 44 32 23 13 66 38 41 40 16 38 27 51 47 87 71 80 69 29 28 69 97 23 69 71 13 62 16 44 50 29 26 38 55 35 63 11 73 9 46 75 65 81 50 1 60 53 73 0 20 84 38 33 61 65 98 12 59 
83 51 51 34 19 10 17 85 95 72 77 86 88 32 19 44 90 11 93 53 83 60 7 95 78 92 49 65 64 23 15 47 15 9 90 61 87 49 71 63 0 77 10 66 42 91 76 55 21 54 95 35 53 26 56 20 74 62 44 8 39 40 76 78 49 33 52 58 91 33 57 53 77 73 58 49 99 30 35 92 88 41 24 80 16 54 53 56 37 56 75 85 72 71 1 2 57 33 48 33 
17 69 57 68 82 59 68 29 74 52 88 57 35 33 8 26 48 58 66 79 99 62 85 0 55 35 63 15 12 38 4 46 66 50 96 51 58 28 67 8 77 0 54 70 18 28 25 98 26 92 62 65 23 15 75 94 11 38 45 12 79 18 24 79 77 78 32 4 55 5 55 24 39 29 77 93 59 84 26 89 47 93 79 84 56 69 51 93 10 16 62 28 67 29 57 58 12 39 79 4 
73 83 98 98 93 12 89 26 15 19 96 89 93 91 12 73 18 34 9 86 25 66 37 68 18 99 25 26 26 20 10 86 95 37 33 11 96 32 85 95 10 54 0 32 79 32 72 42 6 13 46 54 93 78 37 44 0 6 25 77 25 29 73 70 80 73 8 79 31 79 35 22 79 35 65 24 61 12 65 48 55 42 96 70 72 46 58 18 84 69 1 48 13 33 40 24 37 89 13 47 
35 19 50 55 89 86 75 56 69 71 79 88 17 11 59 54 7 81 18 28 81 58 68 45 32 85 94 58 56 91 72 35 25 64 35 2 68 90 52 44 66 70 32 0 32 60 52 85 4 74 83 72 3 68 77 37 48 80 87 37 67 98 29 69 62 50 5 32 1 69 86 44 7 40 15 89 56 94 78 65 18 11 91 27 71 31 2 67 54 63 72 96 18 70 19 83 80 63 45 33 
16 88 62 37 58 54 54 54 75 27 45 45 4 76 0 69 77 43 66 11 69 28 61 50 36 15 39 41 85 40 84 94 38 46 10 0 84 89 88 32 42 18 79 32 0 2 25 82 72 13 36 95 67 43 26 94 26 76 69 8 14 34 57 7 71 38 80 20 23 20 78 75 23 71 36 92 58 12 96 4 13 24 75 6 43 2 69 10 94 17 30 86 57 6 88 71 18 51 20 42 
27 21 98 35 84 93 41 88 88 81 52 75 45 1 69 60 62 21 50 96 40 68 43 9 52 75 32 88 53 85 94 39 88 35 65 52 50 63 3 23 91 28 32 60 2 0 37 10 3 42 23 96 32 70 67 35 47 74 80 82 80 58 64 50 70 75 53 44 15 61 62 89 10 6 87 96 63 68 81 83 86 83 91 32 70 47 70 28 67 67 1 69 86 30 24 2 49 42 76 93 
89 50 5 9 79 22 28 1 3 4 84 82 5 25 65 36 71 73 14 11 97 53 15 50 37 10 49 4 3 69 32 89 17 30 63 30 89 63 71 13 76 25 72 52 25 37 0 55 62 84 14 47 42 99 64 60 80 83 97 4 47 97 41 20 52 69 26 5 22 7 39 79 94 42 87 42 86 79 91 13 60 65 81 38 47 48 91 90 39 4 72 48 58 87 84 85 38 45 3 23 
30 41 52 15 59 97 76 51 42 94 39 74 86 96 59 70 79 40 96 89 8 82 68 17 68 92 52 95 51 35 17 60 43 34 93 66 72 63 64 66 55 98 42 85 82 10 55 0 68 29 78 42 86 56 52 38 3 26 7 81 55 45 24 56 2 46 77 5 23 18 0 73 90 15 83 30 96 81 94 3 65 40 12 71 53 24 72 59 34 81 6 31 10 27 83 51 98 41 13 56 
56 48 11 77 28 79 50 55 15 34 43 48 21 87 86 68 89 5 58 31 32 69 21 80 32 8 52 71 82 71 84 59 65 93 31 15 93 85 54 38 21 26 6 4 72 3 62 68 0 26 97 62 59 26 51 37 21 17 51 56 76 15 34 9 75 41 33 53 15 86 0 37 94 66 64 5 99 59 73 43 65 73 89 73 2 6 75 15 0 0 18 69 30 14 28 17 14 51 54 62 
93 66 26 98 40 32 6 66 49 85 92 23 21 33 39 26 31 61 36 56 28 22 79 91 26 55 86 46 46 65 95 94 81 65 56 89 29 99 87 41 54 92 13 74 13 42 84 29 26 0 86 83 89 88 69 68 29 62 61 47 87 71 26 38 55 86 60 90 44 66 50 32 34 26 47 91 36 22 10 18 42 97 15 97 32 30 75 70 42 4 94 18 68 15 52 84 50 0 81 48 
47 90 33 95 43 74 80 91 15 71 78 42 17 13 90 76 1 4 16 31 87 61 66 31 34 48 30 36 12 29 25 83 50 62 28 57 2 15 49 40 95 62 46 83 36 23 14 78 97 86 0 26 70 48 49 14 83 77 47 85 40 37 97 59 88 8 58 69 60 82 62 65 79 30 34 47 94 80 26 61 18 14 32 73 17 29 9 31 29 66 71 92 37 81 54 60 58 63 15 38 
89 72 54 98 47 52 1 72 62 23 6 19 41 68 25 2 55 15 43 62 9 61 98 82 47 1 64 22 56 98 81 8 10 99 78 35 26 13 57 16 35 65 54 72 95 96 47 42 62 83 26 0 57 8 23 71 34 66 79 57 26 83 47 87 74 14 15 39 71 58 48 81 37 24 66 32 48 54 34 94 45 49 76 62 61 2 49 15 10 18 94 47 27 94 10 40 44 52 53 50 
25 41 58 9 15 16 85 95 20 48 38 45 75 6 88 1 89 93 33 48 37 33 79 19 12 98 63 14 15 9 34 55 84 9 63 48 41 10 51 38 53 23 93 3 67 32 42 86 59 89 70 57 0 0 25 1 50 36 50 31 97 36 31 1 73 89 68 75 14 25 37 68 25 92 87 86 23 88 69 59 89 17 82 1 34 50 51 54 34 59 27 86 89 79 44 11 69 90 2 82 
56 3 29 8 74 74 5 80 3 66 73 53 19 67 99 79 63 40 11 21 93 17 71 41 72 4 94 80 7 9 94 75 34 84 56 95 99 67 52 27 26 15 78 68 43 70 99 56 26 88 48 8 0 0 58 17 98 32 44 29 6 65 40 6 60 95 47 42 30 68 86 89 18 81 92 57 26 94 44 41 91 99 81 54 88 90 96 96 34 97 97 34 87 59 93 0 82 46 34 74 
27 87 21 33 64 58 11 78 79 41 89 98 65 84 31 93 77 51 89 6 25 85 10 23 74 5 10 17 98 99 33 31 39 11 18 93 92 14 22 51 56 75 37 77 26 67 64 52 51 69 49 23 25 58 0 95 87 54 59 91 71 81 33 13 62 87 40 97 31 0 79 39 26 98 62 26 94 87 12 1 25 19 93 69 3 48 43 65 88 5 27 2 21 14 67 44 58 5 89 28 
29 76 94 91 14 67 13 96 12 56 90 48 2 74 21 95 15 89 68 34 2 34 69 3 58 10 31 62 65 38 71 48 15 49 28 10 73 90 36 47 20 94 44 37 94 35 60 38 37 68 14 71 1 17 95 0 41 47 72 38 39 31 46 54 95 33 48 75 21 11 91 16 54 11 56 2 1 80 14 55 5 76 63 21 82 77 59 77 30 9 70 33 18 53 3 47 63 87 37 45 
94 15 47 75 18 34 35 51 22 20 0 12 70 59 84 66 46 77 52 33 16 50 43 30 81 96 74 43 51 49 36 6 35 52 75 26 87 5 68 87 74 11 0 48 26 47 80 3 21 29 83 34 50 98 87 41 0 43 75 71 42 14 34 43 48 67 6 51 77 31 88 21 63 41 71 90 74 30 5 7 99 85 79 37 42 86 7 43 88 35 92 22 4 47 37 35 32 41 42 61 
43 67 49 15 53 74 95 47 96 61 31 21 68 68 91 35 58 69 71 59 10 78 43 77 37 90 30 50 87 54 22 39 85 99 57 60 95 61 14 71 62 38 6 80 76 74 83 26 17 62 77 66 36 32 54 47 43 0 20 79 7 62 97 53 28 96 88 76 94 50 21 70 84 73 88 38 45 85 72 28 50 6 94 28 49 37 63 57 71 20 84 92 4 99 40 35 69 47 89 85 
32 25 89 50 33 74 88 19 5 3 26 16 26 56 66 20 56 81 62 30 20 73 62 48 73 51 67 10 0 48 70 22 28 5 33 21 68 1 36 80 44 45 25 87 69 80 97 7 51 61 47 79 50 44 59 72 75 20 0 17 82 69 59 40 80 61 90 53 40 1 30 10 79 9 2 78 49 21 53 55 93 54 38 25 69 76 28 49 66 39 30 33 7 87 42 52 49 75 45 51 
6 69 93 76 75 11 68 83 23 74 60 5 87 32 55 21 50 43 78 9 11 73 43 83 12 40 27 64 43 54 55 24 49 8 31 44 22 18 82 69 8 12 77 37 8 82 4 81 56 47 85 57 31 29 91 38 71 79 17 0 98 35 80 97 22 73 25 39 95 23 33 86 37 68 46 79 65 85 29 1 65 16 40 73 15 60 79 49 94 15 46 22 9 70 38 90 33 17 51 27 
54 75 61 93 32 82 52 95 70 35 93 23 6 68 66 86 28 20 65 17 58 93 77 81 48 4 21 75 82 10 83 66 71 2 20 59 61 34 28 29 39 79 25 67 14 80 47 55 76 87 40 26 97 6 71 39 42 7 82 98 0 9 87 16 33 91 11 80 90 2 55 5 20 51 36 84 50 72 10 25 46 80 76 31 62 48 7 49 63 16 6 7 31 47 46 49 75 78 17 50 
72 13 51 43 67 94 26 20 83 44 11 47 17 22 0 69 98 73 69 62 52 99 94 13 79 76 40 61 56 45 65 33 75 27 91 54 58 81 77 28 40 18 29 98 34 58 97 45 15 71 37 83 36 65 81 31 14 62 69 35 9 0 9 24 78 37 27 40 80 98 71 53 66 92 12 4 29 96 38 96 28 76 83 17 88 77 9 31 51 42 97 25 44 69 2 16 7 84 49 54 
51 87 56 76 82 77 22 62 79 47 64 70 49 8 39 86 91 10 82 61 58 50 56 84 39 56 53 6 24 97 57 42 30 17 18 41 2 66 16 69 76 24 73 29 57 64 41 24 34 26 97 47 31 40 33 46 34 97 59 80 87 9 0 53 16 35 24 28 29 30 37 89 94 43 97 77 5 14 4 71 24 82 87 58 19 27 61 67 22 59 50 56 93 7 91 41 35 86 63 36 
15 2 3 52 96 76 51 48 76 70 75 11 75 63 1 11 62 58 18 17 58 69 13 48 3 96 30 27 52 17 92 83 58 74 85 85 36 95 95 97 78 79 70 69 7 50 20 56 9 38 59 87 1 6 13 54 43 53 40 97 16 24 53 0 91 52 46 38 7 22 37 81 82 1 29 14 77 35 19 21 94 55 6 69 22 9 92 61 32 21 25 69 12 60 6 61 9 82 57 1 
41 55 46 53 76 1 66 18 70 83 2 25 34 49 22 51 23 2 33 53 58 34 25 19 87 47 50 84 15 80 13 19 34 0 58 34 29 96 33 23 49 77 80 62 71 70 52 2 75 55 88 74 73 60 62 95 48 28 80 22 33 78 16 91 0 87 47 67 8 18 60 15 17 16 23 10 79 28 45 33 12 37 22 99 48 69 57 81 15 18 50 5 67 78 87 59 27 39 15 47 
63 50 78 46 77 45 64 26 4 97 81 7 54 71 33 48 51 48 11 96 20 17 64 37 20 71 96 21 27 83 8 4 15 15 89 25 12 5 52 69 33 78 73 50 38 75 69 46 41 86 8 14 89 95 87 33 67 96 61 73 91 37 35 52 87 0 82 84 94 81 89 65 88 75 65 66 44 32 42 12 46 6 97 5 4 61 54 89 64 10 30 83 46 15 94 92 39 7 85 14 
61 54 98 4 15 3 42 34 65 72 36 29 23 99 22 90 44 80 36 10 48 58 34 42 8 40 17 65 54 29 23 91 31 33 8 81 41 81 34 71 52 32 8 5 80 53 26 77 33 60 58 15 68 47 40 48 6 88 90 25 11 27 24 46 47 82 0 26 6 22 99 68 3 82 52 96 85 39 50 83 2 27 54 95 26 42 3 80 59 61 97 96 61 5 79 43 77 68 24 96 
49 62 85 22 31 2 39 9 9 25 84 7 0 47 24 49 61 89 45 92 30 20 53 6 63 42 12 2 27 79 8 36 15 40 84 73 63 66 97 13 58 4 79 32 20 44 5 5 53 90 69 39 75 42 97 75 51 76 53 39 80 40 28 38 67 84 26 0 82 79 11 95 67 51 73 62 77 1 42 59 93 2 63 22 83 9 73 25 55 15 0 14 25 96 76 47 86 51 49 10 
58 96 8 61 25 60 76 84 55 99 16 27 74 27 3 9 69 55 64 59 51 7 17 53 78 83 88 63 92 53 55 51 18 13 80 82 28 95 88 62 91 55 31 1 23 15 22 23 15 44 60 71 14 30 31 21 77 94 40 95 90 80 29 7 8 94 6 82 0 23 50 64 81 3 25 63 85 34 45 49 6 14 65 1 38 46 15 8 2 86 74 49 62 35 41 47 52 24 92 45 
40 31 65 2 13 92 6 68 67 88 70 21 38 75 5 72 87 2 58 94 98 37 29 41 50 41 57 33 3 88 26 75 6 44 38 16 94 57 17 16 33 5 79 69 20 61 7 18 86 66 82 58 25 68 0 11 31 50 1 23 2 98 30 22 18 81 22 79 23 0 88 93 49 30 10 28 64 7 19 59 94 43 1 1 60 28 30 1 71 18 72 0 38 26 79 30 76 44 57 79 
23 59 8 90 10 75 55 45 47 41 20 67 65 2 52 44 41 66 39 83 47 13 98 17 33 42 27 91 55 0 37 85 8 32 77 14 96 24 34 44 57 55 35 86 78 62 39 0 0 50 62 48 37 86 79 91 88 21 30 33 55 71 37 37 60 89 99 11 50 88 0 63 48 72 1 37 37 22 85 5 73 78 20 58 87 65 72 43 72 2 5 77 59 17 60 63 80 5 72 36 
39 92 38 82 48 72 0 45 72 90 65 99 17 80 95 48 47 34 55 84 10 49 3 26 33 86 20 30 30 0 96 66 8 79 67 67 8 71 72 50 53 24 22 44 75 89 79 73 37 32 65 81 68 89 39 16 21 70 10 86 5 53 89 81 15 65 68 95 64 93 63 0 8 12 3 1 96 38 48 16 41 83 38 28 32 28 90 18 4 31 96 56 37 34 82 45 74 75 75 87 
91 35 48 23 98 92 68 19 14 67 15 94 1 36 5 66 43 0 17 12 43 54 97 24 18 91 88 78 86 78 44 78 95 87 73 37 31 91 46 29 77 39 79 7 23 10 94 90 94 34 79 37 25 18 26 54 63 84 79 37 20 66 94 82 17 88 3 67 81 49 48 8 0 81 24 74 26 39 10 26 28 86 61 96 53 17 55 1 16 9 39 42 52 67 92 8 18 40 27 75 
81 28 77 3 24 36 14 5 36 1 99 69 91 61 80 67 87 9 70 42 1 67 23 11 13 34 82 88 34 32 53 50 39 46 57 54 3 90 39 26 73 29 35 40 71 6 42 15 66 26 30 24 92 81 98 11 41 73 9 68 51 92 43 1 16 75 82 51 3 30 72 12 81 0 7 79 71 30 85 59 63 9 78 41 0 56 65 74 40 11 16 57 53 41 39 12 66 47 69 18 
52 52 13 4 69 10 77 69 80 43 58 80 34 92 63 89 64 19 47 13 31 2 11 37 11 94 72 18 98 25 95 81 89 87 3 90 78 26 33 38 58 77 65 15 36 87 87 83 64 47 34 66 87 92 62 56 71 88 2 46 36 12 97 29 23 65 52 73 25 10 1 3 24 7 0 89 54 73 58 55 82 45 78 59 13 4 22 95 88 94 71 33 44 68 26 88 76 75 38 99 
68 33 85 46 85 20 52 46 14 69 38 28 14 54 39 7 53 41 96 15 61 58 66 50 15 37 63 62 49 25 33 48 10 42 6 8 50 37 54 55 49 93 24 89 92 96 42 30 5 91 47 32 86 57 26 2 90 38 78 79 84 4 77 14 10 66 96 62 63 28 37 1 74 79 89 0 78 59 40 96 66 81 28 57 87 38 66 49 54 6 55 84 30 33 12 72 25 82 1 81 
9 90 76 3 97 98 1 76 85 65 68 32 63 17 84 90 36 63 35 24 26 27 67 27 89 34 7 82 74 95 5 54 12 48 11 97 15 65 94 35 99 59 61 56 58 63 86 96 99 36 94 48 23 26 94 1 74 45 49 65 50 29 5 77 79 44 85 77 85 64 37 96 26 71 54 78 0 1 6 71 0 65 93 20 16 7 1 14 38 6 33 7 84 42 42 91 11 41 65 42 
65 27 59 77 84 88 3 4 85 39 19 85 26 73 20 96 80 19 39 21 51 62 38 3 19 61 55 3 28 19 89 1 29 68 77 5 56 72 30 63 30 84 12 94 12 68 79 81 59 22 80 54 88 94 87 80 30 85 21 85 72 96 14 35 28 32 39 1 34 7 22 38 39 30 73 59 1 0 86 24 8 42 35 9 11 58 21 78 85 47 14 21 89 41 53 74 38 4 0 15 
96 29 96 8 14 85 22 85 16 38 10 56 70 24 76 3 67 67 12 2 5 20 0 78 26 71 92 2 60 46 62 79 54 30 5 43 30 23 95 11 35 26 65 78 96 81 91 94 73 10 26 34 69 44 12 14 5 72 53 29 10 38 4 19 45 42 50 42 45 19 85 48 10 85 58 40 6 86 0 39 89 12 15 23 15 21 38 43 69 54 72 78 87 80 49 28 36 29 93 58 
83 1 69 29 4 1 58 62 74 15 62 79 20 87 95 93 3 9 96 51 91 50 36 69 57 83 35 23 95 81 71 50 31 70 42 31 77 29 67 73 92 89 48 65 4 83 13 3 43 18 61 94 59 41 1 55 7 28 55 1 25 96 71 21 33 12 83 59 49 59 5 16 26 59 55 96 71 24 39 0 91 56 63 12 65 26 99 79 24 82 97 10 97 45 6 39 26 66 20 31 
65 33 70 1 27 51 61 51 66 7 16 55 84 76 61 93 62 69 90 90 18 69 38 98 63 42 83 64 78 92 40 75 63 0 50 43 22 39 60 9 88 47 55 18 13 86 60 65 65 42 18 45 89 91 25 5 99 50 93 65 46 28 24 94 12 46 2 93 6 94 73 41 28 63 82 66 0 8 89 91 0 63 18 51 14 19 32 59 14 8 26 11 77 74 42 9 41 34 47 9 
59 54 95 74 71 91 16 68 48 87 52 42 16 27 0 97 94 31 48 77 65 26 83 74 67 74 11 13 95 60 39 64 62 74 98 88 6 88 30 46 41 93 42 11 24 83 65 40 73 97 14 49 17 99 19 76 85 6 54 16 80 76 82 55 37 6 27 2 14 43 78 83 86 9 45 81 65 42 12 56 63 0 71 69 49 31 68 36 9 7 32 43 76 14 36 81 64 83 24 30 
11 71 19 78 31 4 45 80 89 48 9 58 13 0 93 13 34 82 0 59 82 52 33 56 63 50 25 23 46 42 70 73 5 18 92 82 45 84 16 75 24 79 96 91 75 91 81 12 89 15 32 76 82 81 93 63 79 94 38 40 76 83 87 6 22 97 54 63 65 1 20 38 61 78 78 28 93 35 15 63 18 71 0 69 35 45 36 84 80 5 12 88 37 95 36 88 0 70 78 10 
44 9 38 78 80 67 36 2 85 95 17 96 90 54 95 66 17 22 19 68 73 59 73 74 47 2 54 45 63 51 27 22 97 57 63 57 56 84 67 65 80 84 70 27 6 32 38 71 73 97 73 62 1 54 69 21 37 28 25 73 31 17 58 69 99 5 95 22 1 1 58 28 96 41 59 57 20 9 23 12 51 69 69 0 95 64 30 71 0 2 76 96 43 61 6 74 65 72 13 75 
25 63 80 96 70 27 56 34 37 33 26 97 7 48 88 76 9 46 55 76 96 44 24 89 95 29 16 4 72 24 82 73 1 45 90 97 68 44 69 81 16 56 72 71 43 70 47 53 2 32 17 61 34 88 3 82 42 49 69 15 62 88 19 22 48 4 26 83 38 60 87 32 53 0 13 87 16 11 15 65 14 49 35 95 0 55 73 2 0 86 98 79 8 96 60 99 73 46 81 46 
88 77 31 81 57 50 47 30 4 32 1 35 27 90 62 78 43 19 91 17 99 95 22 19 51 26 69 96 6 48 18 18 9 60 13 3 95 99 90 50 54 69 46 31 2 47 48 24 6 30 29 2 50 90 48 77 86 37 76 60 48 77 27 9 69 61 42 9 46 28 65 28 17 56 4 38 7 58 21 26 19 31 45 64 55 0 48 20 12 7 11 79 39 58 79 41 13 52 89 7 
78 69 52 47 4 13 35 38 2 86 70 70 13 53 35 21 31 16 9 98 16 7 16 68 72 14 46 86 91 5 38 82 89 58 76 13 60 89 96 1 53 51 58 2 69 70 91 72 75 75 9 49 51 96 43 59 7 63 28 79 7 9 61 92 57 54 3 73 15 30 72 90 55 65 22 66 1 21 38 99 32 68 36 30 73 48 0 65 50 2 43 88 29 85 89 65 82 60 75 87 
55 43 30 13 46 81 71 10 18 32 80 74 24 99 90 84 19 64 51 36 46 70 34 3 3 30 72 81 45 88 66 51 71 2 57 71 1 14 44 60 56 93 18 67 10 28 90 59 15 70 31 15 54 96 65 77 43 57 49 49 49 31 67 61 81 89 80 25 8 1 43 18 1 74 95 49 14 78 43 79 59 36 84 71 2 20 65 0 27 76 2 20 0 83 67 79 68 13 20 17 
52 82 3 96 21 59 6 39 98 71 90 81 32 2 79 51 61 8 39 76 79 19 59 88 60 43 21 42 71 50 99 56 77 27 1 61 46 74 63 53 37 10 84 54 94 67 39 34 0 42 29 10 34 34 88 30 88 71 66 94 63 51 22 32 15 64 59 55 2 71 72 4 16 40 88 54 38 85 69 24 14 9 80 0 0 12 50 27 0 72 11 54 72 86 38 93 61 6 2 55 
69 94 21 82 51 45 14 69 99 54 23 84 37 24 91 25 92 33 19 49 53 88 12 35 29 51 14 18 86 46 78 73 23 86 19 48 41 42 17 73 56 16 69 63 17 67 4 81 0 4 66 18 59 97 5 9 35 20 39 15 16 42 59 21 18 10 61 15 86 18 2 31 9 11 94 6 6 47 54 82 8 7 5 2 86 7 2 76 72 0 30 88 67 56 65 27 38 64 47 27 
40 24 50 67 97 20 32 11 2 42 89 61 57 19 43 87 50 71 46 23 77 94 71 38 64 55 22 27 99 89 52 68 13 19 18 7 50 36 39 0 75 62 1 72 30 1 72 6 18 94 71 94 27 97 27 70 92 84 30 46 6 97 50 25 50 30 97 0 74 72 5 96 39 16 71 55 33 14 72 97 26 32 12 76 98 11 43 2 11 30 0 2 47 64 81 3 35 48 73 62 
26 62 51 39 64 67 35 10 89 84 29 85 37 83 52 31 26 89 44 82 8 90 50 18 21 80 1 0 80 64 57 74 68 50 97 17 3 83 37 20 85 28 48 96 86 69 48 31 69 18 92 47 86 34 2 33 22 92 33 22 7 25 56 69 5 83 96 14 49 0 77 56 42 57 33 84 7 21 78 10 11 43 88 96 79 79 88 20 54 88 2 0 37 48 46 97 84 21 85 76 
38 12 85 50 41 56 47 86 82 86 33 49 74 43 68 50 92 80 85 37 16 78 11 25 31 90 82 28 10 69 19 17 93 94 31 66 48 63 97 84 72 67 13 18 57 86 58 10 30 68 37 27 89 87 21 18 4 4 7 9 31 44 93 12 67 46 61 25 62 38 59 37 52 53 44 30 84 89 87 97 77 76 37 43 8 39 29 0 72 67 47 37 0 39 68 31 35 35 81 52 
72 31 8 81 87 85 8 5 97 99 74 70 36 61 96 90 71 88 43 52 12 89 10 36 53 67 77 99 14 89 94 69 31 51 34 47 56 30 27 38 71 29 33 70 6 30 87 27 14 15 81 94 79 59 14 53 47 99 87 70 47 69 7 60 78 15 5 96 35 26 17 34 67 41 68 33 42 41 80 45 74 14 95 61 96 58 85 83 86 56 64 48 39 0 34 33 83 46 82 43 
40 7 52 43 76 54 81 31 49 75 15 51 22 65 70 85 7 91 41 66 52 0 83 59 9 39 81 28 59 74 67 66 82 81 98 47 62 75 35 33 1 57 40 19 88 24 84 83 28 52 54 10 44 93 67 3 37 40 42 38 46 2 91 6 87 94 79 76 41 79 60 82 92 39 26 12 42 53 49 6 42 36 36 6 60 79 89 67 38 65 81 46 68 34 0 81 7 72 82 25 
65 79 0 98 77 39 84 7 26 47 72 56 22 64 36 2 50 26 51 5 56 6 91 49 68 6 20 58 8 14 80 13 5 21 88 82 39 3 25 61 2 58 24 83 71 2 85 51 17 84 60 40 11 0 44 47 35 35 52 90 49 16 41 61 59 92 43 47 47 30 63 45 8 12 88 72 91 74 28 39 9 81 88 74 99 41 65 79 93 27 3 97 31 33 81 0 37 3 86 55 
39 98 39 96 61 14 88 20 96 49 90 93 42 36 46 54 69 67 68 10 57 10 41 84 87 32 65 69 28 13 24 29 18 13 77 52 7 14 91 65 57 12 37 80 18 49 38 98 14 50 58 44 69 82 58 63 32 69 49 33 75 7 35 9 27 39 77 86 52 76 80 74 18 66 76 25 11 38 36 26 41 64 0 65 73 13 82 68 61 38 35 84 35 83 7 37 0 88 89 20 
96 84 33 50 58 94 32 3 10 13 30 88 84 73 75 20 87 35 78 40 72 12 83 74 68 75 20 97 92 82 30 47 74 73 77 78 95 53 72 98 33 39 89 63 51 42 45 41 51 0 63 52 90 46 5 87 41 47 75 17 78 84 86 82 39 7 68 51 24 44 5 75 40 47 75 82 41 4 29 66 34 83 70 72 46 52 60 13 6 64 48 21 35 46 72 3 88 0 27 75 
40 18 71 49 42 30 26 4 38 3 35 0 44 45 42 41 12 83 2 8 6 56 57 34 70 33 27 35 55 42 14 4 30 83 42 91 7 36 89 12 48 79 13 45 20 76 3 13 54 81 15 53 2 34 89 37 42 89 45 51 17 49 63 57 15 85 24 49 92 57 72 75 27 69 38 1 65 0 93 20 47 24 78 13 81 89 75 20 2 47 73 85 81 82 82 86 89 27 0 31 
51 13 4 22 82 13 87 49 70 36 32 4 90 49 3 32 34 71 70 49 62 49 20 66 60 76 39 8 70 86 30 83 82 69 93 9 17 69 36 59 33 4 47 33 42 93 23 56 62 48 38 50 82 74 28 45 61 85 51 27 50 54 36 1 47 14 96 10 45 79 36 87 75 18 99 81 42 15 58 31 9 30 10 75 46 7 87 17 55 27 62 76 52 43 25 55 20 75 31 0 
