100
0 50 70 87 1 84 24 60 46 11 79 98 60 37 86 34 74 56 0 3 26 55 42 3 25 60 42 58 91 25 56 35 58 74 39 3 15 51 18 63 52 54 49 35 96 41 84 85 53 81 92 42 29 68 96 78 76 92 30 7 11 65 58 61 82 96 64 57 37 34 60 29 96 28 48 33 29 88 70 84 84 77 14 56 66 15 60 49 39 8 64 2 95 39 63 78 48 95 17 33 
50 0 40 82 58 77 59 55 97 18 30 10 18 35 13 19 16 99 29 79 97 25 46 82 35 56 2 32 55 36 87 4 32 31 75 85 25 31 45 72 71 76 40 1 45 89 10 79 70 8 21 84 74 52 88 37 17 79 34 84 17 3 66 7 90 34 65 15 82 97 64 77 79 37 50 61 59 34 5 95 76 11 3 31 94 67 76 21 92 50 88 41 38 61 83 91 40 24 44 78 
70 40 0 8 17 22 48 48 96 92 99 88 86 34 19 45 17 79 1 26 74 19 45 81 14 85 97 20 98 10 87 52 42 51 51 77 28 21 66 50 92 3 81 34 85 41 52 73 71 23 4 58 70 40 24 25 9 24 10 30 2 77 59 45 36 86 88 94 65 7 99 53 62 80 38 99 5 9 58 63 77 54 8 7 11 85 71 31 97 3 96 57 0 97 14 10 44 90 24 28 
87 82 8 0 44 6 28 16 68 26 2 47 13 44 77 92 71 91 48 69 75 92 93 74 41 87 77 90 81 43 79 91 32 87 59 28 3 43 71 97 81 2 81 70 70 43 94 45 70 42 59 17 99 50 78 31 80 21 16 95 59 79 60 67 48 75 20 26 36 92 17 50 23 65 49 11 97 9 9 84 47 41 80 74 84 97 28 79 5 0 64 49 57 23 80 52 26 60 20 9 
1 58 17 44 0 53 63 35 29 36 10 59 3 99 15 69 7 68 56 29 61 94 64 83 94 18 0 57 64 15 42 1 93 36 86 6 68 67 67 18 82 27 76 17 58 93 4 47 32 19 19 54 37 93 11 3 15 39 82 88 60 70 41 46 72 13 81 87 59 48 66 21 42 79 98 24 66 2 99 26 34 38 67 2 21 65 24 80 3 43 13 95 28 15 64 84 4 50 94 87 
84 77 22 6 53 0 90 38 47 24 42 10 92 47 13 25 81 42 65 66 44 70 66 54 6 77 14 36 73 79 80 87 0 77 96 49 46 68 84 3 25 18 48 85 15 63 98 56 6 59 46 99 94 34 95 45 22 30 30 22 62 67 89 48 67 75 81 21 74 83 91 33 72 18 23 81 12 18 92 19 90 10 21 3 84 7 11 31 36 71 47 63 72 0 29 69 42 96 21 24 
24 59 48 28 63 90 0 90 4 2 35 48 89 4 98 5 49 38 36 52 79 34 53 81 97 87 44 38 2 54 67 95 38 66 30 9 18 54 53 34 7 64 26 33 12 68 90 40 16 23 29 54 6 29 58 78 31 61 54 38 26 20 71 82 47 45 7 71 79 24 95 72 73 2 63 37 58 54 88 61 90 26 35 45 92 52 63 95 13 43 4 62 4 62 44 42 63 21 93 3 
60 55 48 16 35 38 90 0 73 15 39 84 74 18 59 39 47 87 92 69 93 2 27 24 95 14 77 55 93 58 37 91 39 91 85 24 84 66 42 54 60 16 51 96 43 39 68 5 18 91 94 85 17 80 18 64 3 52 69 81 31 96 52 72 66 12 41 45 55 61 53 76 81 42 91 29 20 12 33 50 6 85 14 42 20 11 1 80 23 92 88 11 15 29 30 74 81 8 39 31 
46 97 96 68 29 47 4 73 0 6 9 73 22 26 16 91 39 25 39 86 57 93 40 97 43 87 83 96 79 94 10 89 56 35 59 64 32 86 0 75 70 58 88 35 67 59 63 67 72 31 14 25 10 46 25 93 10 30 18 42 59 67 13 7 77 32 6 60 20 64 31 41 65 29 43 16 60 67 55 79 11 79 86 91 65 38 5 33 90 18 87 32 5 94 19 71 24 11 5 79 
11 18 92 26 36 24 2 15 6 0 67 38 37 32 19 74 35 12 81 20 14 91 1 69 77 8 84 2 51 55 92 80 76 48 42 19 83 26 48 82 93 8 83 15 40 37 68 49 8 4 52 78 26 34 23 29 60 98 4 50 66 37 30 54 38 14 5 70 1 14 38 99 94 35 52 88 3 31 5 37 74 61 21 86 13 17 80 18 31 40 70 5 78 94 63 10 90 11 52 98 
79 30 99 2 10 42 35 39 9 67 0 97 16 15 76 6 61 31 31 59 44 3 92 16 63 45 86 25 23 2 22 85 51 85 85 53 80 42 9 14 38 13 88 44 41 60 44 89 63 82 4 46 3 75 38 30 75 25 77 34 95 39 57 43 28 19 53 1 38 53 17 57 14 96 19 25 80 21 74 29 80 55 48 44 77 29 3 45 79 8 63 30 47 88 12 69 29 29 27 11 
98 10 88 47 59 10 48 84 73 38 97 0 97 98 75 15 98 80 6 9 51 23 44 77 88 43 13 66 10 11 97 48 96 63 41 2 97 17 2 62 66 91 83 9 61 69 15 19 23 27 22 97 46 6 68 39 86 78 62 36 57 42 91 18 24 47 52 93 60 80 92 77 24 47 78 8 31 48 18 11 60 1 30 0 86 36 24 56 45 28 95 63 17 40 74 58 73 38 70 85 
60 18 86 13 3 92 89 74 22 37 16 97 0 73 62 98 45 77 53 42 69 39 43 33 18 64 75 42 48 50 63 49 99 80 99 77 60 4 14 79 1 94 7 2 36 27 78 18 39 48 20 65 79 48 77 85 44 69 42 39 78 57 42 71 14 42 87 2 56 78 53 1 83 5 78 64 26 24 40 74 85 49 94 13 69 51 10 67 78 76 5 52 55 77 5 89 45 7 30 5 
37 35 34 44 99 47 4 18 26 32 15 98 73 0 95 51 66 64 77 55 43 48 74 71 16 43 78 20 14 42 1 0 99 71 78 13 17 18 93 87 25 9 40 57 52 8 48 30 3 92 75 3 29 61 35 60 46 50 5 25 71 32 30 46 64 4 63 48 20 66 80 95 5 90 34 35 34 59 30 80 45 0 86 75 42 21 74 3 90 35 47 62 19 89 5 36 79 68 63 54 
86 13 19 77 15 13 98 59 16 19 76 75 62 95 0 57 22 7 8 9 1 11 10 89 57 51 51 32 29 31 80 73 4 1 70 50 57 51 59 33 40 53 61 35 48 12 56 64 78 44 24 20 28 11 36 98 62 88 85 49 19 50 12 10 63 96 67 12 83 0 75 25 28 52 56 64 22 38 0 0 37 34 98 31 53 30 21 24 5 7 74 72 36 22 45 62 36 46 0 30 
34 19 45 92 69 25 5 39 91 74 6 15 98 51 57 0 28 61 99 28 60 76 7 32 15 60 34 79 70 54 48 50 51 66 44 34 41 76 94 40 80 64 80 8 10 34 23 53 85 55 7 99 90 72 68 35 99 74 28 1 44 6 82 96 42 0 92 10 71 53 57 4 10 15 3 19 59 99 52 21 75 5 2 20 5 93 76 89 54 95 29 88 35 70 83 1 65 93 35 54 
74 16 17 71 7 81 49 47 39 35 61 98 45 66 22 28 0 47 8 34 74 52 20 26 55 0 7 25 46 13 16 48 52 28 96 90 43 32 49 85 34 57 6 13 36 83 92 1 37 83 28 76 68 81 4 54 61 39 40 92 19 11 14 56 90 84 34 56 78 50 89 30 4 54 27 26 64 6 11 71 45 6 32 51 22 28 67 89 62 40 24 78 52 91 36 66 76 7 92 38 
56 99 79 91 68 42 38 87 25 12 31 80 77 64 7 61 47 0 14 41 90 54 66 80 64 49 36 27 37 83 31 17 96 54 63 80 42 78 50 19 40 31 72 27 85 84 14 70 6 86 89 54 88 7 48 98 74 8 13 13 75 15 23 89 51 67 79 93 50 58 6 90 51 54 69 27 16 48 30 60 39 21 12 56 10 26 6 37 86 75 27 91 10 14 82 77 67 54 95 60 
0 29 1 48 56 65 36 92 39 81 31 6 53 77 8 99 8 14 0 47 9 47 18 71 37 61 16 42 98 83 38 59 74 36 55 84 6 33 48 11 60 29 34 7 51 58 36 60 44 64 8 76 13 75 42 44 15 28 37 40 11 19 69 47 73 98 84 87 90 35 52 18 3 28 72 38 44 42 76 17 92 79 96 37 24 77 47 15 69 31 84 42 78 57 30 37 52 47 62 77 
3 79 26 69 29 66 52 69 86 20 59 9 42 55 9 28 34 41 47 0 94 15 60 54 47 5 48 60 7 44 32 86 52 21 61 33 32 17 99 86 62 27 6 88 53 44 33 95 80 23 27 81 73 63 65 88 78 50 49 84 41 36 76 26 20 10 52 38 38 18 64 28 4 73 96 33 69 50 60 18 46 27 31 51 15 40 26 91 23 48 11 56 83 73 39 19 85 19 19 12 
26 97 74 75 61 44 79 93 57 14 44 51 69 43 1 60 74 90 9 94 0 68 8 62 11 39 52 0 82 57 19 59 75 28 14 48 90 88 90 56 89 84 42 49 83 43 47 28 79 95 97 36 74 0 32 63 59 89 86 22 28 49 38 60 8 19 52 3 65 49 93 50 54 76 17 17 25 51 88 26 37 43 24 72 50 61 11 10 46 77 36 47 9 44 86 57 70 89 31 3 
55 25 19 92 94 70 34 2 93 91 3 23 39 48 11 76 52 54 47 15 68 0 51 38 59 59 70 27 50 19 24 86 88 36 81 11 32 54 96 61 8 12 45 84 53 6 75 95 0 72 57 31 24 3 74 56 99 35 26 52 27 36 94 30 33 34 50 24 5 9 82 91 84 75 72 19 76 21 95 47 71 64 79 63 37 56 65 82 44 24 10 98 89 94 36 73 12 53 29 27 
42 46 45 93 64 66 53 27 40 1 92 44 43 74 10 7 20 66 18 60 8 51 0 9 8 48 68 27 48 0 18 50 0 4 60 76 14 49 78 57 0 74 3 15 6 59 61 89 30 95 45 75 89 17 49 62 83 13 35 26 98 49 86 77 63 77 40 77 95 26 64 35 29 97 74 67 40 4 42 12 21 45 56 91 43 63 2 99 31 18 11 20 70 39 0 16 73 62 23 47 
3 82 81 74 83 54 81 24 97 69 16 77 33 71 89 32 26 80 71 54 62 38 9 0 97 88 3 23 47 47 94 29 88 4 61 8 61 48 96 13 5 63 56 62 62 77 65 29 10 60 81 99 6 77 11 25 40 15 62 44 72 51 15 57 84 30 84 56 68 50 7 98 31 10 12 29 6 39 98 8 60 29 88 22 79 67 16 69 23 65 74 71 81 31 14 12 20 98 56 58 
25 35 14 41 94 6 97 95 43 77 63 88 18 16 57 15 55 64 37 47 11 59 8 97 0 63 86 90 9 46 42 35 75 28 27 79 18 74 80 10 49 3 14 86 18 64 14 37 75 8 74 84 91 48 6 55 24 10 18 24 8 82 54 54 31 12 63 23 42 18 2 19 38 28 0 98 72 39 2 87 18 15 47 54 30 13 11 70 86 79 7 86 84 35 87 30 88 0 56 34 
60 56 85 87 18 77 87 14 87 8 45 43 64 43 51 60 0 49 61 5 39 59 48 88 63 0 74 82 37 70 82 59 70 2 99 49 83 83 36 96 64 25 23 25 28 69 32 24 30 39 3 42 25 29 68 28 99 28 67 19 4 86 58 74 68 88 49 36 11 32 56 22 97 38 14 64 65 26 6 19 94 86 27 10 75 70 37 82 4 62 51 90 67 53 33 42 62 98 40 28 
42 2 97 77 0 14 44 77 83 84 86 13 75 78 51 34 7 36 16 48 52 70 68 3 86 74 0 83 27 16 11 17 35 33 8 29 15 65 75 8 2 27 24 10 91 28 40 37 3 81 71 32 31 34 68 57 77 37 58 27 55 60 96 42 44 66 44 37 4 61 52 24 56 93 98 47 81 11 12 4 85 39 33 30 0 79 82 77 81 15 23 92 3 89 42 3 22 56 9 76 
58 32 20 90 57 36 38 55 96 2 25 66 42 20 32 79 25 27 42 60 0 27 27 23 90 82 83 0 3 43 93 44 0 47 23 81 64 4 98 71 81 0 3 55 42 32 41 58 16 19 34 15 13 1 14 6 17 8 2 12 40 46 57 58 33 89 43 27 34 86 89 2 85 79 40 78 89 27 16 58 61 57 33 21 71 15 36 41 30 61 18 25 5 1 9 5 21 18 49 63 
91 55 98 81 64 73 2 93 79 51 23 10 48 14 29 70 46 37 98 7 82 50 48 47 9 37 27 3 0 27 36 31 63 93 94 41 15 58 22 43 26 52 75 15 67 49 48 20 92 16 35 63 72 94 74 84 68 2 92 66 31 25 53 83 1 53 60 29 53 79 90 68 39 67 77 25 28 87 80 52 79 35 11 45 78 60 33 16 55 42 21 66 73 21 69 9 6 12 34 56 
25 36 10 43 15 79 54 58 94 55 2 11 50 42 31 54 13 83 83 44 57 19 0 47 46 70 16 43 27 0 66 43 70 16 17 61 32 58 21 49 1 38 95 1 52 29 38 66 95 41 18 75 47 97 23 81 94 98 41 80 35 53 95 9 43 60 69 73 70 62 42 28 43 51 4 56 78 56 91 76 79 80 87 16 80 41 1 64 84 80 88 72 4 83 23 54 5 72 1 49 
56 87 87 79 42 80 67 37 10 92 22 97 63 1 80 48 16 31 38 32 19 24 18 94 42 82 11 93 36 66 0 78 61 77 54 9 74 94 8 36 82 78 97 57 24 52 11 82 73 57 20 73 52 93 63 92 51 32 14 28 83 73 21 75 74 74 47 63 91 31 76 96 11 76 18 91 27 64 53 18 92 42 72 95 65 14 26 98 14 41 8 70 4 12 18 64 38 76 51 76 
35 4 52 91 1 87 95 91 89 80 85 48 49 0 73 50 48 17 59 86 59 86 50 29 35 59 17 44 31 43 78 0 64 54 11 71 83 67 84 80 71 73 5 13 26 96 7 0 59 26 31 10 72 78 74 85 43 41 87 47 58 1 96 55 1 48 98 36 49 51 14 22 86 63 24 63 86 99 0 52 73 25 9 68 51 27 55 89 28 43 42 10 4 21 30 61 37 59 2 95 
58 32 42 32 93 0 38 39 56 76 51 96 99 99 4 51 52 96 74 52 75 88 0 88 75 70 35 0 63 70 61 64 0 2 33 2 52 45 83 28 38 10 87 70 21 12 9 74 25 90 86 15 65 10 29 52 11 57 68 93 99 46 17 60 16 76 24 25 21 63 1 92 39 54 8 54 11 50 14 44 72 50 0 39 47 4 25 25 24 4 98 34 84 1 32 30 79 18 70 56 
74 31 51 87 36 77 66 91 35 48 85 63 80 71 1 66 28 54 36 21 28 36 4 4 28 2 33 47 93 16 77 54 2 0 23 29 96 12 79 35 31 92 40 18 15 7 11 80 19 10 54 84 51 20 14 31 27 43 60 94 82 3 28 32 51 3 21 91 70 88 15 94 66 76 50 20 78 52 70 49 63 81 78 27 25 96 37 9 53 30 88 75 2 44 32 88 13 29 43 86 
39 75 51 59 86 96 30 85 59 42 85 41 99 78 70 44 96 63 55 61 14 81 60 61 27 99 8 23 94 17 54 11 33 23 0 86 25 24 44 21 56 52 63 59 2 40 11 24 1 95 0 17 42 8 25 31 65 63 37 77 60 17 87 21 79 91 4 97 41 58 43 79 1 96 87 64 85 67 12 46 68 74 7 48 42 93 97 93 45 56 62 48 77 80 58 18 3 92 72 60 
3 85 77 28 6 49 9 24 64 19 53 2 77 13 50 34 90 80 84 33 48 11 76 8 79 49 29 81 41 61 9 71 2 29 86 0 19 65 57 89 84 33 11 17 13 84 14 58 38 10 39 82 11 75 37 67 31 31 2 58 49 16 42 22 19 2 74 71 28 98 16 69 96 42 86 6 0 20 5 80 49 48 89 65 56 26 26 67 18 41 97 49 98 16 98 46 25 64 29 71 
15 25 28 3 68 46 18 84 32 83 80 97 60 17 57 41 43 42 6 32 90 32 14 61 18 83 15 64 15 32 74 83 52 96 25 19 0 76 23 64 19 86 90 95 47 80 99 75 62 4 36 10 13 54 76 92 98 9 66 51 0 38 3 56 37 62 55 21 8 25 72 74 47 91 84 30 98 19 65 92 13 25 5 63 31 12 11 92 55 89 80 79 9 46 82 17 87 78 87 73 
51 31 21 43 67 68 54 66 86 26 42 17 4 18 51 76 32 78 33 17 88 54 49 48 74 83 65 4 58 58 94 67 45 12 24 65 76 0 20 62 67 96 71 47 65 28 78 35 73 49 34 26 94 2 43 33 59 61 61 59 38 63 58 81 66 76 84 67 24 27 8 62 77 97 94 97 77 17 28 14 89 9 19 38 13 45 29 12 42 21 54 94 55 74 54 61 90 71 8 48 
18 45 66 71 67 84 53 42 0 48 9 2 14 93 59 94 49 50 48 99 90 96 78 96 80 36 75 98 22 21 8 84 83 79 44 57 23 20 0 19 33 33 34 62 97 64 53 8 29 49 63 14 78 45 16 97 20 78 63 77 38 11 83 54 5 66 98 97 31 94 94 44 42 9 68 99 22 6 5 61 2 65 30 99 67 10 5 76 24 32 21 5 28 55 2 51 43 52 74 2 
63 72 50 97 18 3 34 54 75 82 14 62 79 87 33 40 85 19 11 86 56 61 57 13 10 96 8 71 43 49 36 80 28 35 21 89 64 62 19 0 21 29 84 2 16 71 22 66 0 10 45 67 38 33 6 57 42 84 83 88 15 63 12 59 75 92 59 32 50 58 90 46 3 88 49 98 0 91 82 76 3 77 55 15 34 1 43 47 86 39 90 89 5 70 41 39 90 72 4 9 
52 71 92 81 82 25 7 60 70 93 38 66 1 25 40 80 34 40 60 62 89 8 0 5 49 64 2 81 26 1 82 71 38 31 56 84 19 67 33 21 0 46 58 18 23 42 61 30 91 61 18 20 33 47 38 97 79 0 4 39 39 31 43 0 13 97 74 57 16 72 30 36 85 46 28 66 33 78 24 49 52 63 28 76 88 70 72 63 56 77 57 85 91 43 36 3 37 94 54 83 
54 76 3 2 27 18 64 16 58 8 13 91 94 9 53 64 57 31 29 27 84 12 74 63 3 25 27 0 52 38 78 73 10 92 52 33 86 96 33 29 46 0 78 37 26 76 89 83 52 41 43 50 23 34 84 49 13 1 79 61 10 13 17 54 60 41 24 56 35 7 77 20 83 73 60 70 89 8 87 4 15 70 88 53 78 86 33 31 24 16 71 72 44 97 69 87 23 63 55 38 
49 40 81 81 76 48 26 51 88 83 88 83 7 40 61 80 6 72 34 6 42 45 3 56 14 23 24 3 75 95 97 5 87 40 63 11 90 71 34 84 58 78 0 25 94 87 49 83 77 3 69 63 9 95 4 49 72 25 42 1 12 18 90 89 77 10 9 22 59 4 51 28 52 10 51 12 24 44 0 40 19 99 89 23 37 82 3 31 42 5 69 75 56 95 9 6 96 94 1 61 
35 1 34 70 17 85 33 96 35 15 44 9 2 57 35 8 13 27 7 88 49 84 15 62 86 25 10 55 15 1 57 13 70 18 59 17 95 47 62 2 18 37 25 0 43 7 29 43 83 62 98 61 26 24 6 1 73 64 85 93 20 11 94 87 52 83 98 87 15 56 7 48 17 98 73 11 14 81 4 57 68 70 18 8 17 98 91 76 90 36 32 57 14 24 27 58 42 45 78 60 
96 45 85 70 58 15 12 43 67 40 41 61 36 52 48 10 36 85 51 53 83 53 6 62 18 28 91 42 67 52 24 26 21 15 2 13 47 65 97 16 23 26 94 43 0 91 62 41 74 11 99 82 91 55 24 83 92 22 15 70 91 14 69 50 77 93 15 1 3 61 21 60 63 90 34 33 36 30 71 13 83 92 12 44 84 13 61 48 82 13 75 14 20 52 87 23 78 85 89 7 
41 89 41 43 93 63 68 39 59 37 60 69 27 8 12 34 83 84 58 44 43 6 59 77 64 69 28 32 49 29 52 96 12 7 40 84 80 28 64 71 42 76 87 7 91 0 66 51 6 58 63 27 92 59 78 73 26 89 58 12 26 34 38 61 85 13 9 7 12 19 28 7 51 19 83 3 72 4 78 25 40 24 35 5 29 45 17 13 97 10 42 38 68 78 62 90 31 81 23 90 
84 10 52 94 4 98 90 68 63 68 44 15 78 48 56 23 92 14 36 33 47 75 61 65 14 32 40 41 48 38 11 7 9 11 11 14 99 78 53 22 61 89 49 29 62 66 0 86 51 8 5 3 8 16 94 23 54 78 46 41 18 89 7 30 50 84 41 87 92 9 96 20 30 62 46 1 2 1 27 67 33 96 45 71 71 58 81 51 29 67 40 16 2 74 16 83 30 42 59 38 
85 79 73 45 47 56 40 5 67 49 89 19 18 30 64 53 1 70 60 95 28 95 89 29 37 24 37 58 20 66 82 0 74 80 24 58 75 35 8 66 30 83 83 43 41 51 86 0 5 95 97 88 33 52 8 76 16 64 99 26 29 15 4 6 65 88 85 78 81 28 7 7 57 42 18 73 43 78 54 25 62 46 30 38 20 82 68 44 61 64 15 21 79 88 89 25 9 42 75 97 
53 70 71 70 32 6 16 18 72 8 63 23 39 3 78 85 37 6 44 80 79 0 30 10 75 30 3 16 92 95 73 59 25 19 1 38 62 73 29 0 91 52 77 83 74 6 51 5 0 9 98 0 91 29 54 34 42 11 59 30 75 55 59 96 40 14 14 42 81 99 84 40 17 85 53 15 51 17 76 76 6 95 99 66 97 32 38 54 27 4 42 16 14 71 66 21 4 57 11 77 
81 8 23 42 19 59 23 91 31 4 82 27 48 92 44 55 83 86 64 23 95 72 95 60 8 39 81 19 16 41 57 26 90 10 95 10 4 49 49 10 61 41 3 62 11 58 8 95 9 0 68 81 34 63 22 99 78 97 63 1 61 69 19 53 18 12 48 99 1 43 75 43 45 48 12 50 36 80 98 17 70 83 89 46 23 88 5 48 10 27 52 9 70 45 29 1 20 74 49 30 
92 21 4 59 19 46 29 94 14 52 4 22 20 75 24 7 28 89 8 27 97 57 45 81 74 3 71 34 35 18 20 31 86 54 0 39 36 34 63 45 18 43 69 98 99 63 5 97 98 68 0 90 68 18 32 77 60 18 23 19 12 75 37 69 57 17 95 70 76 31 50 26 59 74 94 67 48 69 98 51 50 52 86 59 15 67 92 52 55 14 57 32 67 15 41 36 54 90 71 41 
42 84 58 17 54 99 54 85 25 78 46 97 65 3 20 99 76 54 76 81 36 31 75 99 84 42 32 15 63 75 73 10 15 84 17 82 10 26 14 67 20 50 63 61 82 27 3 88 0 81 90 0 24 81 31 15 92 8 28 80 22 3 79 56 0 15 50 93 73 35 4 15 12 46 98 72 6 29 1 50 28 19 23 29 49 57 37 53 71 20 75 92 36 31 76 15 29 51 9 35 
29 74 70 99 37 94 6 17 10 26 3 46 79 29 28 90 68 88 13 73 74 24 89 6 91 25 31 13 72 47 52 72 65 51 42 11 13 94 78 38 33 23 9 26 91 92 8 33 91 34 68 24 0 0 50 60 47 7 47 90 74 62 50 75 97 76 3 77 9 9 39 94 60 16 32 22 57 14 91 3 87 94 68 12 70 16 90 69 22 25 49 19 80 43 93 29 21 8 1 92 
68 52 40 50 93 34 29 80 46 34 75 6 48 61 11 72 81 7 75 63 0 3 17 77 48 29 34 1 94 97 93 78 10 20 8 75 54 2 45 33 47 34 95 24 55 59 16 52 29 63 18 81 0 0 48 38 28 26 44 56 30 73 88 47 94 98 27 90 99 52 9 88 62 46 70 78 26 13 73 68 66 65 92 63 38 36 71 96 62 22 41 54 40 68 24 39 90 53 90 73 
96 88 24 78 11 95 58 18 25 23 38 68 77 35 36 68 4 48 42 65 32 74 49 11 6 68 68 14 74 23 63 74 29 14 25 37 76 43 16 6 38 84 4 6 24 78 94 8 54 22 32 31 50 48 0 67 92 59 30 32 24 27 40 53 2 94 51 39 39 28 77 24 40 11 98 81 4 81 28 40 77 99 18 18 46 50 88 12 15 10 37 36 60 76 60 26 31 26 62 66 
78 37 25 31 3 45 78 64 93 29 30 39 85 60 98 35 54 98 44 88 63 56 62 25 55 28 57 6 84 81 92 85 52 31 31 67 92 33 97 57 97 49 49 1 83 73 23 76 34 99 77 15 60 38 67 0 93 6 21 7 47 44 53 53 20 43 26 16 48 38 19 76 31 39 22 12 62 74 52 96 27 88 0 21 27 87 66 51 81 56 67 34 37 12 93 1 18 24 34 35 
76 17 9 80 15 22 31 3 10 60 75 86 44 46 62 99 61 74 15 78 59 99 83 40 24 99 77 17 68 94 51 43 11 27 65 31 98 59 20 42 79 13 72 73 92 26 54 16 42 78 60 92 47 28 92 93 0 86 68 30 39 80 4 45 3 80 40 90 80 39 26 87 24 9 48 88 70 75 76 13 79 97 67 62 48 72 71 30 27 33 98 75 86 41 76 91 52 28 16 3 
92 79 24 21 39 30 61 52 30 98 25 78 69 50 88 74 39 8 28 50 89 35 13 15 10 28 37 8 2 98 32 41 57 43 63 31 9 61 78 84 0 1 25 64 22 89 78 64 11 97 18 8 7 26 59 6 86 0 33 14 54 11 80 54 80 86 25 35 0 5 3 12 83 36 42 55 85 7 67 33 97 73 22 79 76 87 55 54 66 34 67 63 75 39 18 6 86 10 8 80 
30 34 10 16 82 30 54 69 18 4 77 62 42 5 85 28 40 13 37 49 86 26 35 62 18 67 58 2 92 41 14 87 68 60 37 2 66 61 63 83 4 79 42 85 15 58 46 99 59 63 23 28 47 44 30 21 68 33 0 78 44 11 30 60 23 90 46 46 92 96 20 44 58 38 21 24 57 76 93 96 44 10 92 54 3 59 74 20 36 90 66 34 71 22 57 0 58 31 50 88 
7 84 30 95 88 22 38 81 42 50 34 36 39 25 49 1 92 13 40 84 22 52 26 44 24 19 27 12 66 80 28 47 93 94 77 58 51 59 77 88 39 61 1 93 70 12 41 26 30 1 19 80 90 56 32 7 30 14 78 0 66 52 52 90 33 60 25 93 81 78 77 68 3 89 58 36 2 20 82 43 32 35 37 26 16 17 98 17 38 37 39 66 59 36 62 98 55 94 86 26 
11 17 2 59 60 62 26 31 59 66 95 57 78 71 19 44 19 75 11 41 28 27 98 72 8 4 55 40 31 35 83 58 99 82 60 49 0 38 38 15 39 10 12 20 91 26 18 29 75 61 12 22 74 30 24 47 39 54 44 66 0 44 88 11 82 82 32 77 93 87 32 91 16 31 96 94 36 64 81 77 2 50 81 88 8 82 43 77 11 25 98 28 0 17 74 57 3 47 77 59 
65 3 77 79 70 67 20 96 67 37 39 42 57 32 50 6 11 15 19 36 49 36 49 51 82 86 60 46 25 53 73 1 46 3 17 16 38 63 11 63 31 13 18 11 14 34 89 15 55 69 75 3 62 73 27 44 80 11 11 52 44 0 76 74 25 99 13 91 22 77 22 65 71 49 27 88 75 14 94 23 57 27 33 92 29 75 97 48 5 41 37 98 70 57 22 86 15 85 79 39 
58 66 59 60 41 89 71 52 13 30 57 91 42 30 12 82 14 23 69 76 38 94 86 15 54 58 96 57 53 95 21 96 17 28 87 42 3 58 83 12 43 17 90 94 69 38 7 4 59 19 37 79 50 88 40 53 4 80 30 52 88 76 0 69 31 58 49 60 65 77 77 78 40 77 37 26 80 95 66 12 16 95 46 19 97 19 29 73 39 91 41 48 1 87 14 8 79 92 75 9 
61 7 45 67 46 48 82 72 7 54 43 18 71 46 10 96 56 89 47 26 60 30 77 57 54 74 42 58 83 9 75 55 60 32 21 22 56 81 54 59 0 54 89 87 50 61 30 6 96 53 69 56 75 47 53 53 45 54 60 90 11 74 69 0 96 59 34 94 16 37 65 51 98 48 55 23 48 75 77 67 37 9 9 57 64 7 99 1 58 42 41 29 44 64 93 37 70 32 90 11 
82 90 36 48 72 67 47 66 77 38 28 24 14 64 63 42 90 51 73 20 8 33 63 84 31 68 44 33 1 43 74 1 16 51 79 19 37 66 5 75 13 60 77 52 77 85 50 65 40 18 57 0 97 94 2 20 3 80 23 33 82 25 31 96 0 27 48 44 73 64 2 67 11 52 16 91 76 48 3 97 59 82 20 32 78 63 67 0 89 9 42 24 92 72 4 29 43 16 70 31 
96 34 86 75 13 75 45 12 32 14 19 47 42 4 96 0 84 67 98 10 19 34 77 30 12 88 66 89 53 60 74 48 76 3 91 2 62 76 66 92 97 41 10 83 93 13 84 88 14 12 17 15 76 98 94 43 80 86 90 60 82 99 58 59 27 0 96 35 97 26 65 72 38 79 0 13 0 90 44 28 0 76 72 99 56 4 61 76 4 99 28 48 71 76 41 39 49 97 34 64 
64 65 88 20 81 81 7 41 6 5 53 52 87 63 67 92 34 79 84 52 52 50 40 84 63 49 44 43 60 69 47 98 24 21 4 74 55 84 98 59 74 24 9 98 15 9 41 85 14 48 95 50 3 27 51 26 40 25 46 25 32 13 49 34 48 96 0 91 58 79 82 41 59 9 21 76 18 66 40 68 16 85 85 35 24 21 26 14 65 53 15 61 33 60 90 58 64 81 85 94 
57 15 94 26 87 21 71 45 60 70 1 93 2 48 12 10 56 93 87 38 3 24 77 56 23 36 37 27 29 73 63 36 25 91 97 71 21 67 97 32 57 56 22 87 1 7 87 78 42 99 70 93 77 90 39 16 90 35 46 93 77 91 60 94 44 35 91 0 72 53 85 1 44 67 26 50 65 25 20 18 23 74 55 57 9 89 74 46 46 69 89 32 32 90 31 3 21 56 66 42 
37 82 65 36 59 74 79 55 20 1 38 60 56 20 83 71 78 50 90 38 65 5 95 68 42 11 4 34 53 70 91 49 21 70 41 28 8 24 31 50 16 35 59 15 3 12 92 81 81 1 76 73 9 99 39 48 80 0 92 81 93 22 65 16 73 97 58 72 0 37 46 83 15 59 80 60 87 9 69 61 69 33 0 37 51 70 6 16 11 74 38 12 5 75 46 66 37 43 13 41 
34 97 7 92 48 83 24 61 64 14 53 80 78 66 0 53 50 58 35 18 49 9 26 50 18 32 61 86 79 62 31 51 63 88 58 98 25 27 94 58 72 7 4 56 61 19 9 28 99 43 31 35 9 52 28 38 39 5 96 78 87 77 77 37 64 26 79 53 37 0 32 29 15 71 65 15 57 17 77 64 38 10 21 29 3 48 90 33 18 35 20 31 69 56 88 10 30 32 22 33 
60 64 99 17 66 91 95 53 31 38 17 92 53 80 75 57 89 6 52 64 93 82 64 7 2 56 52 89 90 42 76 14 1 15 43 16 72 8 94 90 30 77 51 7 21 28 96 7 84 75 50 4 39 9 77 19 26 3 20 77 32 22 77 65 2 65 82 85 46 32 0 16 19 29 86 95 3 34 98 92 45 76 48 99 62 15 32 1 95 13 31 76 42 75 66 70 8 40 38 40 
29 77 53 50 21 33 72 76 41 99 57 77 1 95 25 4 30 90 18 28 50 91 35 98 19 22 24 2 68 28 96 22 92 94 79 69 74 62 44 46 36 20 28 48 60 7 20 7 40 43 26 15 94 88 24 76 87 12 44 68 91 65 78 51 67 72 41 1 83 29 16 0 81 49 48 22 6 47 8 87 0 87 55 33 56 18 60 86 71 49 66 15 67 25 8 90 74 53 0 14 
96 79 62 23 42 72 73 81 65 94 14 24 83 5 28 10 4 51 3 4 54 84 29 31 38 97 56 85 39 43 11 86 39 66 1 96 47 77 42 3 85 83 52 17 63 51 30 57 17 45 59 12 60 62 40 31 24 83 58 3 16 71 40 98 11 38 59 44 15 15 19 81 0 83 80 87 59 58 66 8 52 75 51 74 67 84 16 56 69 3 64 94 80 72 72 81 37 6 76 15 
28 37 80 65 79 18 2 42 29 35 96 47 5 90 52 15 54 54 28 73 76 75 97 10 28 38 93 79 67 51 76 63 54 76 96 42 91 97 9 88 46 73 10 98 90 19 62 42 85 48 74 46 16 46 11 39 9 36 38 89 31 49 77 48 52 79 9 67 59 71 29 49 83 0 7 37 7 98 27 65 97 31 14 42 52 2 47 27 34 10 71 51 6 23 48 63 52 56 49 35 
48 50 38 49 98 23 63 91 43 52 19 78 78 34 56 3 27 69 72 96 17 72 74 12 0 14 98 40 77 4 18 24 8 50 87 86 84 94 68 49 28 60 51 73 34 83 46 18 53 12 94 98 32 70 98 22 48 42 21 58 96 27 37 55 16 0 21 26 80 65 86 48 80 7 0 12 55 74 38 76 98 26 7 13 95 69 29 51 15 2 70 20 25 4 33 12 64 52 74 96 
33 61 99 11 24 81 37 29 16 88 25 8 64 35 64 19 26 27 38 33 17 19 67 29 98 64 47 78 25 56 91 63 54 20 64 6 30 97 99 98 66 70 12 11 33 3 1 73 15 50 67 72 22 78 81 12 88 55 24 36 94 88 26 23 91 13 76 50 60 15 95 22 87 37 12 0 74 34 73 27 38 6 49 18 70 76 52 56 73 15 75 92 89 15 21 53 21 96 16 61 
29 59 5 97 66 12 58 20 60 3 80 31 26 34 22 59 64 16 44 69 25 76 40 6 72 65 81 89 28 78 27 86 11 78 85 0 98 77 22 0 33 89 24 14 36 72 2 43 51 36 48 6 57 26 4 62 70 85 57 2 36 75 80 48 76 0 18 65 87 57 3 6 59 7 55 74 0 5 19 85 12 4 64 66 27 65 47 38 55 62 25 67 91 57 6 34 58 68 87 68 
88 34 9 9 2 18 54 12 67 31 21 48 24 59 38 99 6 48 42 50 51 21 4 39 39 26 11 27 87 56 64 99 50 52 67 20 19 17 6 91 78 8 44 81 30 4 1 78 17 80 69 29 14 13 81 74 75 7 76 20 64 14 95 75 48 90 66 25 9 17 34 47 58 98 74 34 5 0 73 7 64 34 20 41 40 16 30 24 84 84 96 23 49 33 44 1 3 91 86 55 
70 5 58 9 99 92 88 33 55 5 74 18 40 30 0 52 11 30 76 60 88 95 42 98 2 6 12 16 80 91 53 0 14 70 12 5 65 28 5 82 24 87 0 4 71 78 27 54 76 98 98 1 91 73 28 52 76 67 93 82 81 94 66 77 3 44 40 20 69 77 98 8 66 27 38 73 19 73 0 13 1 17 11 84 33 29 51 58 61 4 91 20 44 18 8 10 6 50 21 27 
84 95 63 84 26 19 61 50 79 37 29 11 74 80 0 21 71 60 17 18 26 47 12 8 87 19 4 58 52 76 18 52 44 49 46 80 92 14 61 76 49 4 40 57 13 25 67 25 76 17 51 50 3 68 40 96 13 33 96 43 77 23 12 67 97 28 68 18 61 64 92 87 8 65 76 27 85 7 13 0 7 30 61 63 63 96 44 82 34 85 21 32 95 37 78 70 64 35 7 12 
84 76 77 47 34 90 90 6 11 74 80 60 85 45 37 75 45 39 92 46 37 71 21 60 18 94 85 61 79 79 92 73 72 63 68 49 13 89 2 3 52 15 19 68 83 40 33 62 6 70 50 28 87 66 77 27 79 97 44 32 2 57 16 37 59 0 16 23 69 38 45 0 52 97 98 38 12 64 1 7 0 5 53 37 18 60 60 80 21 52 19 19 35 28 22 20 63 87 94 65 
77 11 54 41 38 10 26 85 79 61 55 1 49 0 34 5 6 21 79 27 43 64 45 29 15 86 39 57 35 80 42 25 50 81 74 48 25 9 65 77 63 70 99 70 92 24 96 46 95 83 52 19 94 65 99 88 97 73 10 35 50 27 95 9 82 76 85 74 33 10 76 87 75 31 26 6 4 34 17 30 5 0 61 52 72 3 63 86 85 73 82 39 64 10 90 71 34 24 6 4 
14 3 8 80 67 21 35 14 86 21 48 30 94 86 98 2 32 12 96 31 24 79 56 88 47 27 33 33 11 87 72 9 0 78 7 89 5 19 30 55 28 88 89 18 12 35 45 30 99 89 86 23 68 92 18 0 67 22 92 37 81 33 46 9 20 72 85 55 0 21 48 55 51 14 7 49 64 20 11 61 53 61 0 44 7 46 37 5 33 8 26 83 83 92 49 23 79 9 50 6 
56 31 7 74 2 3 45 42 91 86 44 0 13 75 31 20 51 56 37 51 72 63 91 22 54 10 30 21 45 16 95 68 39 27 48 65 63 38 99 15 76 53 23 8 44 5 71 38 66 46 59 29 12 63 18 21 62 79 54 26 88 92 19 57 32 99 35 57 37 29 99 33 74 42 13 18 66 41 84 63 37 52 44 0 20 60 50 35 33 13 37 22 14 19 46 96 26 95 87 69 
66 94 11 84 21 84 92 20 65 13 77 86 69 42 53 5 22 10 24 15 50 37 43 79 30 75 0 71 78 80 65 51 47 25 42 56 31 13 67 34 88 78 37 17 84 29 71 20 97 23 15 49 70 38 46 27 48 76 3 16 8 29 97 64 78 56 24 9 51 3 62 56 67 52 95 70 27 40 33 63 18 72 7 20 0 91 39 55 82 65 82 90 67 73 36 99 17 17 33 36 
15 67 85 97 65 7 52 11 38 17 29 36 51 21 30 93 28 26 77 40 61 56 63 67 13 70 79 15 60 41 14 27 4 96 93 26 12 45 10 1 70 86 82 98 13 45 58 82 32 88 67 57 16 36 50 87 72 87 59 17 82 75 19 7 63 4 21 89 70 48 15 18 84 2 69 76 65 16 29 96 60 3 46 60 91 0 84 31 41 25 97 64 12 70 68 53 57 43 30 73 
60 76 71 28 24 11 63 1 5 80 3 24 10 74 21 76 67 6 47 26 11 65 2 16 11 37 82 36 33 1 26 55 25 37 97 26 11 29 5 43 72 33 3 91 61 17 81 68 38 5 92 37 90 71 88 66 71 55 74 98 43 97 29 99 67 61 26 74 6 90 32 60 16 47 29 52 47 30 51 44 60 63 37 50 39 84 0 8 24 21 20 42 1 92 65 45 4 66 55 13 
49 21 31 79 80 31 95 80 33 18 45 56 67 3 24 89 89 37 15 91 10 82 99 69 70 82 77 41 16 64 98 89 25 9 93 67 92 12 76 47 63 31 31 76 48 13 51 44 54 48 52 53 69 96 12 51 30 54 20 17 77 48 73 1 0 76 14 46 16 33 1 86 56 27 51 56 38 24 58 82 80 86 5 35 55 31 8 0 69 0 37 40 56 67 48 23 10 42 88 48 
39 92 97 5 3 36 13 23 90 31 79 45 78 90 5 54 62 86 69 23 46 44 31 23 86 4 81 30 55 84 14 28 24 53 45 18 55 42 24 86 56 24 42 90 82 97 29 61 27 10 55 71 22 62 15 81 27 66 36 38 11 5 39 58 89 4 65 46 11 18 95 71 69 34 15 73 55 84 61 34 21 85 33 33 82 41 24 69 0 84 39 18 19 9 80 97 23 67 57 66 
8 50 3 0 43 71 43 92 18 40 8 28 76 35 7 95 40 75 31 48 77 24 18 65 79 62 15 61 42 80 41 43 4 30 56 41 89 21 32 39 77 16 5 36 13 10 67 64 4 27 14 20 25 22 10 56 33 34 90 37 25 41 91 42 9 99 53 69 74 35 13 49 3 10 2 15 62 84 4 85 52 73 8 13 65 25 21 0 84 0 23 54 79 1 12 25 62 9 8 49 
64 88 96 64 13 47 4 88 87 70 63 95 5 47 74 29 24 27 84 11 36 10 11 74 7 51 23 18 21 88 8 42 98 88 62 97 80 54 21 90 57 71 69 32 75 42 40 15 42 52 57 75 49 41 37 67 98 67 66 39 98 37 41 41 42 28 15 89 38 20 31 66 64 71 70 75 25 96 91 21 19 82 26 37 82 97 20 37 39 23 0 78 61 78 65 11 29 81 93 88 
2 41 57 49 95 63 62 11 32 5 30 63 52 62 72 88 78 91 42 56 47 98 20 71 86 90 92 25 66 72 70 10 34 75 48 49 79 94 5 89 85 72 75 57 14 38 16 21 16 9 32 92 19 54 36 34 75 63 34 66 28 98 48 29 24 48 61 32 12 31 76 15 94 51 20 92 67 23 20 32 19 39 83 22 90 64 42 40 18 54 78 0 51 1 63 48 34 0 45 28 
95 38 0 57 28 72 4 15 5 78 47 17 55 19 36 35 52 10 78 83 9 89 70 81 84 67 3 5 73 4 4 4 84 2 77 98 9 55 28 5 91 44 56 14 20 68 2 79 14 70 67 36 80 40 60 37 86 75 71 59 0 70 1 44 92 71 33 32 5 69 42 67 80 6 25 89 91 49 44 95 35 64 83 14 67 12 1 56 19 79 61 51 0 68 92 1 38 29 39 72 
39 61 97 23 15 0 62 29 94 94 88 40 77 89 22 70 91 14 57 73 44 94 39 31 35 53 89 1 21 83 12 21 1 44 80 16 46 74 55 70 43 97 95 24 52 78 74 88 71 45 15 31 43 68 76 12 41 39 22 36 17 57 87 64 72 76 60 90 75 56 75 25 72 23 4 15 57 33 18 37 28 10 92 19 73 70 92 67 9 1 78 1 68 0 3 95 26 22 78 56 
63 83 14 80 64 29 44 30 19 63 12 74 5 5 45 83 36 82 30 39 86 36 0 14 87 33 42 9 69 23 18 30 32 32 58 98 82 54 2 41 36 69 9 27 87 62 16 89 66 29 41 76 93 24 60 93 76 18 57 62 74 22 14 93 4 41 90 31 46 88 66 8 72 48 33 21 6 44 8 78 22 90 49 46 36 68 65 48 80 12 65 63 92 3 0 34 70 55 53 30 
78 91 10 52 84 69 42 74 71 10 69 58 89 36 62 1 66 77 37 19 57 73 16 12 30 42 3 5 9 54 64 61 30 88 18 46 17 61 51 39 3 87 6 58 23 90 83 25 21 1 36 15 29 39 26 1 91 6 0 98 57 86 8 37 29 39 58 3 66 10 70 90 81 63 12 53 34 1 10 70 20 71 23 96 99 53 45 23 97 25 11 48 1 95 34 0 93 85 14 85 
48 40 44 26 4 42 63 81 24 90 29 73 45 79 36 65 76 67 52 85 70 12 73 20 88 62 22 21 6 5 38 37 79 13 3 25 87 90 43 90 37 23 96 42 78 31 30 9 4 20 54 29 21 90 31 18 52 86 58 55 3 15 79 70 43 49 64 21 37 30 8 74 37 52 64 21 58 3 6 64 63 34 79 26 17 57 4 10 23 62 29 34 38 26 70 93 0 15 54 99 
95 24 90 60 50 96 21 8 11 11 29 38 7 68 46 93 7 54 47 19 89 53 62 98 0 98 56 18 12 72 76 59 18 29 92 64 78 71 52 72 94 63 94 45 85 81 42 42 57 74 90 51 8 53 26 24 28 10 31 94 47 85 92 32 16 97 81 56 43 32 40 53 6 56 52 96 68 91 50 35 87 24 9 95 17 43 66 42 67 9 81 0 29 22 55 85 15 0 88 79 
17 44 24 20 94 21 93 39 5 52 27 70 30 63 0 35 92 95 62 19 31 29 23 56 56 40 9 49 34 1 51 2 70 43 72 29 87 8 74 4 54 55 1 78 89 23 59 75 11 49 71 9 1 90 62 34 16 8 50 86 77 79 75 90 70 34 85 66 13 22 38 0 76 49 74 16 87 86 21 7 94 6 50 87 33 30 55 88 57 8 93 45 39 78 53 14 54 88 0 98 
33 78 28 9 87 24 3 31 79 98 11 85 5 54 30 54 38 60 77 12 3 27 47 58 34 28 76 63 56 49 76 95 56 86 60 71 73 48 2 9 83 38 61 60 7 90 38 97 77 30 41 35 92 73 66 35 3 80 88 26 59 39 9 11 31 64 94 42 41 33 40 14 15 35 96 61 68 55 27 12 65 4 6 69 36 73 13 48 66 49 88 28 72 56 30 85 99 79 98 0 
0 27 39 4 82 12 71 67 29 36 36 85 66 33 8 38 24 32 13 29 26 43 82 94 73 91 97 2 63 11 21 21 0 40 69 23 69 41 91 52 1 75 4 31 81 34 46 77 69 60 44 52 57 79 88 78 58 8 8 16 54 52 95 71 76 28 53 68 35 75 90 67 58 42 80 84 38 78 44 39 63 89 88 21 46 34 26 79 75 69 20 34 26 30 67 87 79 32 1 55 
27 0 70 53 13 34 76 24 25 25 81 46 91 55 90 51 37 3 9 75 29 20 12 73 53 79 9 50 71 68 88 33 79 33 9 51 62 39 15 37 41 26 18 32 32 11 11 70 68 80 12 95 94 30 30 16 79 91 93 51 11 40 56 67 67 71 85 31 2 86 73 3 34 75 88 7 50 75 68 74 35 2 40 77 32 85 80 11 71 91 46 48 90 36 23 21 24 51 70 74 
39 70 0 57 23 70 61 4 50 65 88 87 67 14 22 40 31 60 30 24 74 59 40 45 14 78 93 67 47 0 41 34 94 10 52 5 66 92 8 60 63 3 43 25 9 72 5 61 32 40 33 2 15 78 11 56 34 7 19 8 57 38 37 14 19 35 54 29 13 37 1 60 71 11 62 70 8 22 79 93 21 95 22 10 34 80 82 44 69 60 29 8 48 78 70 58 44 87 19 27 
4 53 57 0 44 16 59 84 90 10 21 28 92 53 95 86 40 50 9 66 64 21 55 24 60 11 22 0 40 1 25 86 4 96 14 72 77 49 53 61 47 45 69 61 87 12 66 42 10 10 9 79 87 38 94 74 18 48 28 10 81 27 74 91 43 33 63 38 79 20 5 41 94 11 22 22 83 52 69 30 41 72 76 40 5 40 97 51 5 18 65 55 86 90 29 48 91 32 92 83 
82 13 23 44 0 36 95 97 87 82 48 62 69 58 80 52 9 68 42 53 59 24 79 19 89 39 63 81 51 24 42 30 21 59 4 69 56 65 89 83 49 61 90 98 92 8 6 7 44 25 81 50 16 41 47 75 22 57 18 68 18 52 66 99 68 3 39 67 75 38 49 57 15 7 10 20 65 9 9 15 6 9 89 75 64 80 19 68 88 52 51 68 43 29 12 92 98 9 93 14 
12 34 70 16 36 0 92 32 11 2 38 17 0 1 94 18 28 99 16 66 45 40 3 36 81 48 90 49 39 82 15 90 67 59 30 15 34 1 68 57 76 95 63 5 55 94 75 81 25 30 10 70 95 78 51 91 37 2 24 55 72 20 13 97 49 28 35 55 72 44 36 96 39 60 38 0 86 53 65 92 79 33 88 56 57 77 16 8 21 6 55 12 20 26 28 6 30 75 19 5 
71 76 61 59 95 92 0 1 25 4 57 13 16 66 48 94 83 18 53 83 93 41 19 78 5 17 13 89 79 96 19 17 11 67 96 92 33 67 29 86 85 11 41 83 1 5 37 20 51 64 5 50 85 6 47 63 75 97 63 8 44 25 70 59 71 88 42 87 34 21 49 94 66 19 88 16 45 33 64 21 35 46 89 76 6 18 62 56 6 92 1 91 14 50 56 72 69 75 37 66 
67 24 4 84 97 32 1 0 29 25 92 28 86 7 1 31 25 68 97 13 86 58 0 35 31 35 51 10 94 31 5 24 24 15 87 61 61 60 51 26 49 24 53 89 24 62 85 63 65 40 83 73 29 97 57 34 48 62 64 20 50 84 0 10 15 70 71 58 61 45 81 35 46 78 41 25 28 15 71 60 8 8 84 21 54 39 69 22 15 8 56 5 48 67 83 89 82 36 19 54 
29 25 50 90 87 11 25 29 0 32 32 83 23 91 31 10 47 89 99 77 44 51 5 61 35 20 42 44 51 47 76 67 75 62 80 81 60 98 83 0 26 56 85 35 23 82 84 76 10 85 6 18 49 30 85 51 57 70 69 60 9 2 21 62 55 46 90 13 67 27 32 91 34 50 44 65 84 94 81 63 44 25 18 75 42 26 31 62 51 6 82 32 89 38 34 70 88 21 35 83 
36 25 65 10 82 2 4 25 32 0 17 68 28 23 5 10 72 13 93 89 87 97 15 53 87 47 33 19 26 71 11 75 17 87 17 72 41 24 85 2 14 78 63 81 53 63 92 82 39 58 50 23 54 73 56 58 28 98 92 99 61 55 86 20 63 47 83 34 66 98 5 79 86 21 71 49 85 38 6 7 62 55 3 90 39 92 21 90 64 92 62 55 99 35 9 97 10 80 3 6 
36 81 88 21 48 38 57 92 32 17 0 62 29 55 20 21 24 40 64 11 72 51 66 83 68 99 31 33 64 43 80 93 89 17 19 35 39 22 98 52 47 61 7 44 76 63 13 92 14 5 51 90 72 69 69 16 87 96 25 29 77 0 69 76 1 41 34 30 17 83 3 41 35 75 72 8 8 4 2 0 19 1 47 54 93 72 80 63 73 77 39 12 28 87 82 39 4 44 9 49 
85 46 87 28 62 17 13 28 83 68 62 0 74 4 80 48 60 70 39 8 79 13 9 54 48 67 8 78 41 56 30 21 89 75 85 26 21 37 22 30 36 69 10 27 85 87 19 76 91 35 52 17 97 99 47 42 34 18 85 51 25 29 83 46 67 68 99 30 86 3 27 9 72 58 66 45 65 12 65 97 3 41 96 7 53 46 66 41 94 28 28 89 22 70 54 38 57 41 42 62 
66 91 67 92 69 0 16 86 23 28 29 74 0 16 45 85 75 36 85 68 88 55 30 96 74 1 53 23 66 96 73 70 22 95 36 76 55 55 8 47 73 27 73 82 72 63 49 35 84 75 24 75 6 95 67 46 3 35 43 47 35 3 25 70 21 76 66 83 8 60 38 13 13 61 27 4 58 90 79 87 29 20 89 69 91 10 86 25 54 98 97 66 67 69 65 54 0 42 41 89 
33 55 14 53 58 1 66 7 91 23 55 4 16 0 21 61 57 3 12 0 1 84 5 90 49 75 56 81 62 53 47 4 72 45 25 46 98 74 39 31 70 6 22 98 29 76 98 37 78 78 43 85 3 98 73 15 93 21 82 1 5 5 1 23 83 68 84 17 30 12 12 87 43 18 40 7 79 94 72 70 80 29 53 83 98 93 75 69 94 52 2 33 83 97 24 22 33 6 29 62 
8 90 22 95 80 94 48 1 31 5 20 80 45 21 0 3 36 54 13 16 93 43 14 86 32 15 5 37 17 39 61 19 86 57 53 63 89 82 95 50 65 39 7 21 71 5 79 43 24 10 55 48 56 80 79 92 74 43 5 97 53 49 2 91 73 91 33 27 69 73 10 72 66 45 37 30 84 75 66 27 38 81 12 3 94 77 45 45 84 8 60 69 17 84 59 70 99 75 15 73 
38 51 40 86 52 18 94 31 10 10 21 48 85 61 3 0 26 64 2 99 49 3 43 53 70 49 92 76 24 86 91 59 43 17 83 71 49 84 17 14 9 88 70 52 15 44 58 65 56 8 13 7 51 36 95 37 11 38 77 59 96 30 75 82 69 8 9 52 88 57 9 78 41 73 24 94 74 72 4 15 77 23 22 69 81 44 7 36 41 61 99 82 86 97 1 1 53 36 82 9 
24 37 31 40 9 28 83 25 47 72 24 60 75 57 36 26 0 97 39 19 51 73 25 51 86 56 83 87 23 49 46 79 96 3 44 8 95 38 57 30 48 40 43 6 68 39 23 53 55 57 54 82 74 2 39 15 3 62 98 0 16 73 90 24 26 81 36 18 78 8 92 96 99 0 63 23 44 8 10 74 98 70 43 98 66 90 84 10 31 43 84 12 11 98 38 91 30 99 13 2 
32 3 60 50 68 99 18 68 89 13 40 70 36 3 54 64 97 0 96 57 2 92 64 64 48 2 35 51 62 22 78 72 84 13 90 17 79 99 48 39 80 15 84 99 1 64 85 92 67 48 83 23 79 36 68 43 23 86 89 94 28 76 35 40 97 38 21 44 35 93 9 67 78 30 85 10 27 53 23 95 19 64 27 44 45 27 99 97 61 49 18 69 63 33 84 66 78 96 27 7 
13 9 30 9 42 16 53 97 99 93 64 39 85 12 13 2 39 96 0 28 86 33 26 41 33 8 69 21 69 95 48 2 46 38 67 67 42 83 67 40 70 48 18 57 51 31 49 45 27 55 84 0 71 71 58 4 49 45 52 91 7 16 67 37 33 97 69 21 85 31 55 68 58 84 20 44 1 67 16 33 89 44 30 18 98 81 7 49 40 93 90 33 50 80 25 26 6 30 81 9 
29 75 24 66 53 66 83 13 77 89 11 8 68 0 16 99 19 57 28 0 61 46 17 38 43 59 0 9 69 50 98 35 55 7 86 11 57 95 11 6 9 74 25 48 11 73 12 56 48 87 69 85 2 80 90 96 16 4 10 15 23 18 22 39 1 63 67 39 42 0 13 60 78 16 60 5 40 51 9 57 47 7 90 56 57 27 45 71 75 22 74 76 9 95 95 12 80 27 34 50 
26 29 74 64 59 45 93 86 44 87 72 79 88 1 93 49 51 2 86 61 0 13 45 51 95 20 52 8 24 72 99 43 67 1 47 68 74 24 88 92 42 97 42 42 67 79 68 66 65 66 45 17 68 30 91 20 1 13 66 14 12 78 12 6 13 43 9 20 89 13 9 85 74 9 44 49 69 60 27 98 50 95 59 48 86 14 82 14 25 79 7 70 6 44 72 43 30 76 82 68 
43 20 59 21 24 40 41 58 51 97 51 13 55 84 43 3 73 92 33 46 13 0 15 37 82 85 99 82 35 49 53 97 24 9 6 98 54 84 24 86 9 93 51 53 82 19 16 2 9 25 49 21 20 69 20 76 71 38 30 23 60 0 8 58 69 23 34 12 21 94 19 76 5 5 8 41 51 8 80 42 78 92 96 65 83 61 56 51 17 27 92 66 28 96 89 54 10 87 80 44 
82 12 40 55 79 3 19 0 5 15 66 9 30 5 14 43 25 64 26 17 45 15 0 8 87 64 3 70 53 45 31 63 29 17 10 54 96 90 22 75 31 59 9 13 88 34 54 27 47 37 30 15 88 21 90 68 38 87 27 85 38 32 98 85 63 41 75 27 27 33 86 59 21 48 33 71 65 96 82 85 36 75 19 97 7 68 56 48 84 85 69 15 45 50 56 58 9 43 68 39 
94 73 45 24 19 36 78 35 61 53 83 54 96 90 86 53 51 64 41 38 51 37 8 0 45 59 95 5 20 74 18 27 28 89 36 35 48 3 45 20 38 93 40 53 3 18 64 95 52 28 72 19 57 65 97 64 78 30 87 29 71 61 30 20 28 41 28 8 3 93 90 72 65 15 32 21 9 85 49 87 92 90 26 35 55 3 73 70 64 80 41 36 65 7 67 89 65 31 36 0 
73 53 14 60 89 81 5 31 35 87 68 48 74 49 32 70 86 48 33 43 95 82 87 45 0 60 65 43 59 66 70 15 30 15 13 77 62 20 46 88 76 92 24 70 72 11 99 45 97 76 54 82 32 46 74 89 33 8 38 11 56 97 92 28 61 54 55 3 22 35 66 80 69 27 6 73 84 2 41 90 23 56 17 70 89 30 19 9 59 0 18 85 30 0 65 40 22 33 61 18 
91 79 78 11 39 48 17 35 20 47 99 67 1 75 15 49 56 2 8 59 20 85 64 59 60 0 39 10 69 33 80 90 67 92 33 86 69 28 61 44 86 76 22 23 30 76 33 83 46 24 79 2 22 19 90 37 22 41 22 75 37 77 60 9 87 23 95 28 3 14 64 31 87 80 35 99 14 5 18 51 99 20 0 71 29 28 49 57 48 66 77 44 29 8 74 31 84 38 9 48 
97 9 93 22 63 90 13 51 42 33 31 8 53 56 5 92 83 35 69 0 52 99 3 95 65 39 0 62 59 75 87 83 34 26 73 55 17 9 85 69 70 23 17 73 87 84 20 42 45 83 24 10 17 93 48 1 25 95 81 96 24 47 73 60 37 79 80 27 74 72 6 54 31 28 97 87 19 93 44 32 99 67 30 60 13 83 56 59 81 62 32 35 62 11 50 49 58 99 90 98 
2 50 67 0 81 49 89 10 44 19 33 78 23 81 37 76 87 51 21 9 8 82 70 5 43 10 62 0 25 45 81 61 36 28 1 96 42 76 36 26 2 69 55 58 67 2 72 96 54 79 47 8 75 71 42 59 77 27 71 31 72 78 46 86 45 69 17 24 90 9 56 88 50 10 19 25 35 71 27 97 83 88 59 1 87 11 37 31 80 71 55 52 7 1 4 49 38 38 69 66 
63 71 47 40 51 39 79 94 51 26 64 41 66 62 17 24 23 62 69 69 24 35 53 20 59 69 59 25 0 74 87 8 16 23 64 27 84 30 55 64 90 53 63 46 65 83 3 94 89 72 28 92 15 28 19 73 12 45 72 81 56 93 60 87 55 16 86 41 79 40 13 12 76 29 34 2 57 15 79 41 89 36 51 21 3 57 73 14 49 71 83 26 15 45 51 36 93 32 79 88 
11 68 0 1 24 82 96 31 47 71 43 56 96 53 39 86 49 22 95 50 72 49 45 74 66 33 75 45 74 0 74 83 64 54 78 36 46 96 96 20 42 67 21 3 10 72 80 84 31 82 7 72 93 74 60 23 46 73 43 99 68 87 79 98 99 82 11 83 4 38 86 9 45 60 1 71 73 71 0 58 89 19 11 99 97 77 61 22 28 17 87 83 54 28 99 43 27 84 1 58 
21 88 41 25 42 15 19 5 76 11 80 30 73 47 61 91 46 78 48 98 99 53 31 18 70 80 87 81 87 74 0 67 51 95 7 8 55 59 30 36 42 1 5 97 88 61 69 68 91 86 93 68 30 95 74 87 28 9 6 66 63 3 10 6 45 86 12 32 80 11 62 12 19 56 95 11 97 87 41 35 88 37 66 50 63 19 1 31 87 77 0 96 38 43 29 74 27 72 31 64 
21 33 34 86 30 90 17 24 67 75 93 21 70 4 19 59 79 72 2 35 43 97 63 27 15 90 83 61 8 83 67 0 8 19 70 55 71 24 83 31 28 39 84 39 12 77 1 94 22 47 57 85 55 57 7 84 4 15 65 70 48 15 75 68 0 39 61 21 93 60 52 23 21 32 66 66 73 17 13 42 67 58 2 83 40 7 6 12 43 24 31 32 51 24 77 58 39 74 73 29 
0 79 94 4 21 67 11 24 75 17 89 89 22 72 86 43 96 84 46 55 67 24 29 28 30 67 34 36 16 64 51 8 0 89 73 7 87 16 18 68 9 43 23 23 71 59 25 50 39 86 44 77 62 53 53 15 18 48 97 51 84 28 10 33 84 71 63 55 66 3 44 38 73 82 31 25 7 42 33 26 68 67 90 63 25 51 83 11 90 88 93 88 7 5 96 41 45 79 2 69 
40 33 10 96 59 59 67 15 62 87 17 75 95 45 57 17 3 13 38 7 1 9 17 89 15 92 26 28 23 54 95 19 89 0 20 61 17 74 20 67 16 13 25 12 97 77 40 5 82 86 45 95 80 14 83 18 75 2 20 84 16 98 99 9 37 99 44 47 53 19 98 59 43 26 28 3 64 70 47 38 76 59 21 59 80 28 14 75 13 87 6 95 88 77 86 94 62 83 13 18 
69 9 52 14 4 30 96 87 80 17 19 85 36 25 53 83 44 90 67 86 47 6 10 36 13 33 73 1 64 78 7 70 73 20 0 76 89 94 66 95 86 31 84 4 1 35 88 25 64 35 57 81 44 14 66 43 88 23 53 90 55 30 95 81 53 16 82 4 35 83 50 89 72 20 79 61 39 78 49 3 8 7 8 42 93 57 97 9 58 19 12 19 18 7 20 4 42 20 50 13 
23 51 5 72 69 15 92 61 81 72 35 26 76 46 63 71 8 17 67 11 68 98 54 35 77 86 55 96 27 36 8 55 7 61 76 0 43 46 19 6 97 72 26 59 96 26 33 95 21 53 85 72 41 57 74 44 96 25 27 10 3 92 95 96 59 98 21 48 44 40 92 55 39 74 90 2 96 98 13 65 3 94 67 58 43 40 94 63 15 87 65 39 83 67 59 5 98 67 24 99 
69 62 66 77 56 34 33 61 60 41 39 21 55 98 89 49 95 79 42 57 74 54 96 48 62 69 17 42 84 46 55 71 87 17 89 43 0 30 32 64 54 7 24 38 88 48 65 93 26 1 48 17 26 44 34 72 11 69 59 86 83 67 27 69 49 96 43 68 13 71 95 86 13 23 9 55 2 10 11 54 1 8 57 27 44 62 12 51 46 10 31 77 99 43 45 64 45 76 6 64 
41 39 92 49 65 1 67 60 98 24 22 37 55 74 82 84 38 99 83 95 24 84 90 3 20 28 9 76 30 96 59 24 16 74 94 46 30 0 79 40 29 58 24 15 24 80 54 64 29 49 82 74 38 14 14 45 72 90 57 38 24 83 68 13 4 23 66 48 5 30 64 7 39 30 14 71 93 10 96 45 52 69 7 53 35 95 93 12 92 73 10 43 38 32 83 87 73 65 78 58 
91 15 8 53 89 68 29 51 83 85 98 22 8 39 95 17 57 48 67 11 88 24 22 45 46 61 85 36 55 96 30 83 18 20 66 19 32 79 0 30 72 91 76 52 5 72 33 75 94 78 9 20 84 36 55 97 51 39 35 35 92 2 97 50 33 88 80 24 58 63 84 50 84 6 91 15 20 7 5 38 10 70 8 29 58 5 62 24 82 87 48 28 56 90 55 99 55 66 7 12 
52 37 60 61 83 57 86 26 0 2 52 30 47 31 50 14 30 39 40 6 92 86 75 20 88 44 69 26 64 20 36 31 68 67 95 6 64 40 30 0 36 94 83 65 52 1 1 5 65 82 40 83 97 69 46 61 26 57 50 18 40 30 71 31 35 66 21 53 18 65 91 86 86 20 86 77 82 31 32 51 1 26 26 80 37 33 79 16 27 54 95 72 84 78 99 26 27 26 2 91 
1 41 63 47 49 76 85 49 26 14 47 36 73 70 65 9 48 80 70 9 42 9 31 38 76 86 70 2 90 42 42 28 9 16 86 97 54 29 72 36 0 79 97 30 26 25 55 27 44 78 94 25 13 1 17 5 27 19 57 11 41 94 73 35 77 94 48 23 76 4 56 91 77 31 41 67 25 0 71 45 71 1 37 61 62 71 29 25 2 47 81 20 50 1 60 72 48 25 15 50 
75 26 3 45 61 95 11 24 56 78 61 69 27 6 39 88 40 15 48 74 97 93 59 93 92 76 23 69 53 67 1 39 43 13 31 72 7 58 91 94 79 0 6 46 7 91 50 2 7 47 46 2 13 4 92 0 57 6 96 83 88 20 61 33 47 61 86 38 37 75 20 10 66 14 78 2 71 13 13 27 55 28 49 99 99 21 52 41 35 63 73 43 52 79 41 12 52 81 7 30 
4 18 43 69 90 63 41 53 85 63 7 10 73 22 7 70 43 84 18 25 42 51 9 40 24 22 17 55 63 21 5 84 23 25 84 26 24 24 76 83 97 6 0 56 41 12 26 29 34 33 11 50 17 56 99 62 72 98 91 32 86 10 62 37 80 72 1 28 71 41 47 29 59 82 40 79 72 36 36 29 88 82 68 5 65 59 91 54 27 45 90 28 74 52 10 74 63 22 82 44 
31 32 25 61 98 5 83 89 35 81 44 27 82 98 21 52 6 99 57 48 42 53 13 53 70 23 73 58 46 3 97 39 23 12 4 59 38 15 52 65 30 46 56 0 34 36 89 57 76 89 69 68 90 10 94 68 70 27 94 12 40 69 34 70 68 96 50 95 36 67 54 31 26 66 33 86 36 97 33 90 49 4 12 25 93 78 37 5 36 87 67 22 8 26 59 10 29 82 26 31 
81 32 9 87 92 55 1 24 23 53 76 85 72 29 71 15 68 1 51 11 67 82 88 3 72 30 87 67 65 10 88 12 71 97 1 96 88 24 5 52 26 7 41 34 0 84 32 68 47 72 26 24 70 1 64 11 14 27 58 29 33 31 27 93 51 66 81 74 36 92 79 47 52 51 41 61 84 86 45 98 24 67 47 91 81 81 58 26 16 84 87 59 38 60 10 93 18 92 79 19 
34 11 72 12 8 94 5 62 82 63 63 87 63 76 5 44 39 64 31 73 79 19 34 18 11 76 84 2 83 72 61 77 59 77 35 26 48 80 72 1 25 91 12 36 84 0 77 1 12 35 83 23 14 21 94 36 63 63 55 46 25 60 44 99 4 51 88 48 46 74 39 82 85 2 70 85 67 21 29 8 73 75 51 4 79 98 82 21 31 81 70 67 54 94 50 83 95 1 87 84 
46 11 5 66 6 75 37 85 84 92 13 19 49 98 79 58 23 85 49 12 68 16 54 64 99 33 20 72 3 80 69 1 25 40 88 33 65 54 33 1 55 50 26 89 32 77 0 37 37 25 18 39 41 16 73 62 94 26 7 3 74 26 46 17 63 5 89 98 13 77 35 34 55 70 28 39 84 99 33 79 18 0 22 78 9 32 49 72 4 95 60 7 52 92 73 57 8 25 91 71 
77 70 61 42 7 81 20 63 76 82 92 76 35 37 43 65 53 92 45 56 66 2 27 95 45 83 42 96 94 84 68 94 50 5 25 95 93 64 75 5 27 2 29 57 68 1 37 0 91 60 71 74 99 58 65 74 4 48 83 63 49 67 16 27 65 87 25 41 93 97 55 22 93 60 84 97 49 84 61 95 17 96 68 77 87 0 46 35 21 1 98 45 97 37 57 22 98 83 63 22 
69 68 32 10 44 25 51 65 10 39 14 91 84 78 24 56 55 67 27 48 65 9 47 52 97 46 45 54 89 31 91 22 39 82 64 21 26 29 94 65 44 7 34 76 47 12 37 91 0 81 4 47 7 43 16 70 50 69 54 16 62 60 69 69 29 2 92 13 90 60 62 95 82 25 63 72 63 30 61 38 37 41 20 67 29 94 42 39 62 78 58 67 58 50 38 59 95 99 31 99 
60 80 40 10 25 30 64 40 85 58 5 35 75 78 10 8 57 48 55 87 66 25 37 28 76 24 83 79 72 82 86 47 86 86 35 53 1 49 78 82 78 47 33 89 72 35 25 60 81 0 26 91 57 92 29 20 99 88 40 1 90 12 61 25 12 65 78 60 45 16 34 35 31 22 32 39 73 69 40 43 36 44 61 27 45 90 19 17 95 11 54 30 21 97 42 92 9 9 63 85 
44 12 33 9 81 10 5 83 6 50 51 52 24 43 55 13 54 83 84 69 45 49 30 72 54 79 24 47 28 7 93 57 44 45 57 85 48 82 9 40 94 46 11 69 26 83 18 71 4 26 0 58 2 79 45 14 22 84 84 84 77 30 29 36 45 79 84 80 20 7 45 21 24 45 15 93 34 60 9 3 41 0 55 62 91 14 46 5 23 11 48 9 81 88 56 20 14 43 46 69 
52 95 2 79 50 70 50 73 18 23 90 17 75 85 48 7 82 23 0 85 17 21 15 19 82 2 10 8 92 72 68 85 77 95 81 72 17 74 20 83 25 2 50 68 24 23 39 74 47 91 58 0 91 36 44 66 12 85 53 69 55 71 73 38 10 20 92 21 20 97 67 66 18 60 86 86 59 45 39 34 96 93 52 47 47 5 90 60 71 93 82 64 32 26 3 33 80 30 95 20 
57 94 15 87 16 95 85 29 49 54 72 97 6 3 56 51 74 79 71 2 68 20 88 57 32 22 17 75 15 93 30 55 62 80 44 41 26 38 84 97 13 13 17 90 70 14 41 99 7 57 2 91 0 7 33 89 81 53 57 32 69 18 99 64 52 89 38 97 54 3 75 61 88 76 55 50 32 36 44 17 98 11 96 30 17 40 92 46 16 84 99 27 46 86 89 7 64 14 76 21 
79 30 78 38 41 78 6 97 30 73 69 99 95 98 80 36 2 36 71 80 30 69 21 65 46 19 93 71 28 74 95 57 53 14 14 57 44 14 36 69 1 4 56 10 1 21 16 58 43 92 79 36 7 0 15 3 8 85 57 60 20 24 66 12 84 60 87 21 71 73 94 61 17 95 15 75 59 87 76 46 60 5 76 63 86 88 59 0 42 26 64 10 62 22 66 48 98 25 69 90 
88 30 11 94 47 51 47 57 85 56 69 47 67 73 79 95 39 68 58 90 91 20 90 97 74 90 48 42 19 60 74 7 53 83 66 74 34 14 55 46 17 92 99 94 64 94 73 65 16 29 45 44 33 15 0 13 6 50 48 74 93 99 23 19 10 98 81 76 98 71 56 0 22 80 27 58 28 90 69 66 79 37 44 97 57 20 3 66 56 80 48 52 43 0 70 28 23 15 83 50 
78 16 56 74 75 91 63 34 51 58 16 42 46 15 92 37 15 43 4 96 20 76 68 64 89 37 1 59 73 23 87 84 15 18 43 44 72 45 97 61 5 0 62 68 11 36 62 74 70 20 14 66 89 3 13 0 43 56 35 58 72 67 53 68 84 71 66 88 83 97 27 93 14 33 7 42 75 52 70 35 48 96 41 25 37 9 12 4 96 58 4 0 86 71 99 52 65 22 59 49 
58 79 34 18 22 37 75 48 57 28 87 34 3 93 74 11 3 23 49 16 1 71 38 78 33 22 25 77 12 46 28 4 18 75 88 96 11 72 51 26 27 57 72 70 14 63 94 4 50 99 22 12 81 8 6 43 0 4 69 11 52 24 67 54 79 42 73 89 66 16 71 77 6 82 17 40 92 45 8 95 93 3 91 95 77 12 27 56 63 31 9 85 11 24 69 11 77 30 45 83 
8 91 7 48 57 2 97 62 70 98 96 18 35 21 43 38 62 86 45 4 13 38 87 30 8 41 95 27 45 73 9 15 48 2 23 25 69 90 39 57 19 6 98 27 27 63 26 48 69 88 84 85 53 85 50 56 4 0 71 68 50 26 21 88 58 44 32 25 0 74 76 9 53 85 62 87 81 43 12 1 98 92 26 32 40 89 60 17 92 86 95 79 39 7 45 12 27 66 12 62 
8 93 19 28 18 24 63 64 69 92 25 85 43 82 5 77 98 89 52 10 66 30 27 87 38 22 81 71 72 43 6 65 97 20 53 27 59 57 35 50 57 96 91 94 58 55 7 83 54 40 84 53 57 57 48 35 69 71 0 2 71 63 39 67 98 93 21 57 82 5 6 62 71 69 86 78 60 28 34 75 63 99 25 41 71 16 15 4 91 16 10 71 59 65 49 62 86 38 12 84 
16 51 8 10 68 55 8 20 60 99 29 51 47 1 97 59 0 94 91 15 14 23 85 29 11 75 96 31 81 99 66 70 51 84 90 10 86 38 35 18 11 83 32 12 29 46 3 63 16 1 84 69 32 60 74 58 11 68 2 0 17 32 46 20 52 30 90 21 14 44 11 37 69 69 9 35 14 71 86 31 6 62 44 42 18 61 67 0 27 29 94 35 61 0 55 50 98 68 42 49 
54 11 57 81 18 72 44 50 9 61 77 25 35 5 53 96 16 28 7 23 12 60 38 71 56 37 24 72 56 68 63 48 84 16 55 3 83 24 92 40 41 88 86 40 33 25 74 49 62 90 77 55 69 20 93 72 52 50 71 17 0 48 37 27 1 16 41 15 61 84 79 7 97 43 34 65 75 58 18 69 27 48 96 37 71 69 58 66 54 58 72 24 42 41 90 63 44 17 18 2 
52 40 38 27 52 20 25 84 2 55 0 29 3 5 49 30 73 76 16 18 78 0 32 61 97 77 47 78 93 87 3 15 28 98 30 92 67 83 2 30 94 20 10 69 31 60 26 67 60 12 30 71 18 24 99 67 24 26 63 32 48 0 88 50 96 3 59 8 77 47 89 70 87 71 44 13 67 27 24 2 60 24 38 0 68 48 98 95 97 17 90 66 19 42 89 38 80 10 69 7 
95 56 37 74 66 13 70 0 21 86 69 83 25 1 2 75 90 35 67 22 12 8 98 30 92 60 73 46 60 79 10 75 10 99 95 95 27 68 97 71 73 61 62 34 27 44 46 16 69 61 29 73 99 66 23 53 67 21 39 46 37 88 0 86 7 56 41 12 62 82 38 84 25 56 41 58 83 35 5 90 67 87 72 12 2 67 56 9 29 18 42 25 73 63 31 2 38 52 52 17 
71 67 14 91 99 97 59 10 62 20 76 46 70 23 91 82 24 40 37 39 6 58 85 20 28 9 60 86 87 98 6 68 33 9 81 96 69 13 50 31 35 33 37 70 93 99 17 27 69 25 36 38 64 12 19 68 54 88 67 20 27 50 86 0 36 15 37 88 89 76 73 18 38 80 50 60 81 43 8 92 5 62 66 12 34 38 14 17 92 9 68 34 25 1 33 98 31 80 62 87 
76 67 19 43 68 49 71 15 55 63 1 67 21 83 73 69 26 97 33 1 13 69 63 28 61 87 37 45 55 99 45 0 84 37 53 59 49 4 33 35 77 47 80 68 51 4 63 65 29 12 45 10 52 84 10 84 79 58 98 52 1 96 7 36 0 31 16 90 27 23 42 54 96 32 64 38 65 16 23 59 68 26 36 46 39 57 9 64 58 32 55 71 25 75 48 73 6 58 46 76 
28 71 35 33 3 28 88 70 46 47 41 68 76 68 91 8 81 38 97 63 43 23 41 41 54 23 79 69 16 82 86 39 71 99 16 98 96 23 88 66 94 61 72 96 66 51 5 87 2 65 79 20 89 60 98 71 42 44 93 30 16 3 56 15 31 0 64 14 77 32 34 78 26 17 9 75 4 13 81 20 76 84 10 86 62 95 85 22 73 11 96 6 45 95 79 95 49 2 12 2 
53 85 54 63 39 35 42 71 90 83 34 99 66 84 33 9 36 21 69 67 9 34 75 28 55 95 80 17 86 11 12 61 63 44 82 21 43 66 80 21 48 86 1 50 81 88 89 25 92 78 84 92 38 87 81 66 73 32 21 90 41 59 41 37 16 64 0 12 23 5 3 18 26 85 92 41 32 52 9 58 63 71 17 14 49 93 29 14 6 69 11 30 9 53 55 21 44 39 61 15 
68 31 29 38 67 55 87 58 13 34 30 30 83 17 27 52 18 44 21 39 20 12 27 8 3 28 27 24 41 83 32 21 55 47 4 48 68 48 24 53 23 38 28 95 74 48 98 41 13 60 80 21 97 21 76 88 89 25 57 21 15 8 12 88 90 14 12 0 4 72 17 61 65 16 41 54 52 34 81 58 14 35 7 76 76 85 48 26 9 67 50 54 4 5 12 55 18 63 42 87 
35 2 13 79 75 72 34 61 67 66 17 86 8 30 69 88 78 35 85 42 89 21 27 3 22 3 74 90 79 4 80 93 66 53 35 44 13 5 58 18 76 37 71 36 36 46 13 93 90 45 20 20 54 71 98 83 66 0 82 14 61 77 62 89 27 77 23 4 0 98 11 36 14 28 86 8 33 51 97 35 16 7 10 74 60 24 38 20 8 42 41 49 82 76 54 91 95 9 85 92 
75 86 37 20 38 44 21 45 27 98 83 3 60 12 73 57 8 93 31 0 13 94 33 93 35 14 72 9 40 38 11 60 3 19 83 40 71 30 63 65 4 75 41 67 92 74 77 97 60 16 7 97 3 73 71 97 16 74 5 44 84 47 82 76 23 32 5 72 98 0 26 38 61 93 52 28 24 67 53 21 1 3 33 22 54 7 1 74 58 4 92 38 8 84 91 92 82 1 84 80 
90 73 1 5 49 36 49 81 32 5 3 27 38 12 10 9 92 9 55 13 9 19 86 90 66 64 6 56 13 86 62 52 44 98 50 92 95 64 84 91 56 20 47 54 79 39 35 55 62 34 45 67 75 94 56 27 71 76 6 11 79 89 38 73 42 34 3 17 11 26 0 72 90 99 33 81 1 1 40 29 66 12 67 95 39 3 50 11 72 60 17 68 31 48 11 85 99 51 99 65 
67 3 60 41 57 96 94 35 91 79 41 9 13 87 72 78 96 67 68 60 85 76 59 72 80 31 54 88 12 9 12 23 38 59 89 55 86 7 50 86 91 10 29 31 47 82 34 22 95 35 21 66 61 61 0 93 77 9 62 37 7 70 84 18 54 78 18 61 36 38 72 0 83 65 90 52 14 81 47 34 47 57 96 37 63 15 57 31 18 94 37 76 4 8 71 42 14 40 41 94 
58 34 71 94 15 39 66 46 34 86 35 72 13 43 66 41 99 78 58 78 74 5 21 65 69 87 31 50 76 45 19 21 73 43 72 39 13 39 84 86 77 66 59 26 52 85 55 93 82 31 24 18 88 17 22 14 6 53 71 69 97 87 25 38 96 26 26 65 14 61 90 83 0 46 76 98 4 79 44 9 84 22 48 53 4 59 50 69 0 57 64 97 12 97 95 13 1 63 51 77 
42 75 11 11 7 60 19 78 50 21 75 58 61 18 45 73 0 30 84 16 9 5 48 15 27 80 28 10 29 60 56 32 82 26 20 74 23 30 6 20 31 14 82 66 51 2 70 60 25 22 45 60 76 95 80 33 82 85 69 69 43 71 56 80 32 17 85 16 28 93 99 65 46 0 5 47 77 33 89 92 94 99 47 10 62 45 73 69 72 53 84 78 12 36 33 90 75 1 4 21 
80 88 62 22 10 38 88 41 44 71 72 66 27 40 37 24 63 85 20 60 44 8 33 32 6 35 97 19 34 1 95 66 31 28 79 90 9 14 91 86 41 78 40 33 41 70 28 84 63 32 15 86 55 15 27 7 17 62 86 9 34 44 41 50 64 9 92 41 86 52 33 90 76 5 0 50 60 65 39 56 20 61 91 88 59 48 42 94 34 72 68 21 78 65 57 16 60 74 29 74 
84 7 70 22 20 0 16 25 65 49 8 45 4 7 30 94 23 10 44 5 49 41 71 21 73 99 87 25 2 71 11 66 25 3 61 2 55 71 15 77 67 2 79 86 61 85 39 97 72 39 93 86 50 75 58 42 40 87 78 35 65 13 58 60 38 75 41 54 8 28 81 52 98 47 50 0 55 81 5 49 8 16 3 87 3 29 33 30 30 91 62 61 22 72 30 0 61 94 66 45 
38 50 8 83 65 86 45 28 84 85 8 65 58 79 84 74 44 27 1 40 69 51 65 9 84 14 19 35 57 73 97 73 7 64 39 96 2 93 20 82 25 71 72 36 84 67 84 49 63 73 34 59 32 59 28 75 92 81 60 14 75 67 83 81 65 4 32 52 33 24 1 14 4 77 60 55 0 57 7 89 81 45 80 16 57 41 8 52 91 0 53 35 14 71 9 11 8 42 98 74 
78 75 22 52 9 53 33 15 94 38 4 12 90 94 75 72 8 53 67 51 60 8 96 85 2 5 93 71 15 71 87 17 42 70 78 98 10 10 7 31 0 13 36 97 86 21 99 84 30 69 60 45 36 87 90 52 45 43 28 71 58 27 35 43 16 13 52 34 51 67 1 81 79 33 65 81 57 0 16 24 95 98 77 40 87 31 35 98 88 87 1 40 93 25 81 87 29 34 45 27 
44 68 79 69 9 65 64 71 81 6 2 65 79 72 66 4 10 23 16 9 27 80 82 49 41 18 44 27 79 0 41 13 33 47 49 13 11 96 5 32 71 13 36 33 45 29 33 61 61 40 9 39 44 76 69 70 8 12 34 86 18 24 5 8 23 81 9 81 97 53 40 47 44 89 39 5 7 16 0 81 21 26 19 77 56 70 61 61 92 85 85 74 92 4 2 52 45 14 0 66 
39 74 93 30 15 92 21 60 63 7 0 97 87 70 27 15 74 95 33 57 98 42 85 87 90 51 32 97 41 58 35 42 26 38 3 65 54 45 38 51 45 27 29 90 98 8 79 95 38 43 3 34 17 46 66 35 95 1 75 31 69 2 90 92 59 20 58 58 35 21 29 34 9 92 56 49 89 24 81 0 38 25 33 90 17 37 46 89 98 34 60 77 49 47 19 39 1 18 4 93 
63 35 21 41 6 79 35 8 44 62 19 3 29 80 38 77 98 19 89 47 50 78 36 92 23 99 99 83 89 89 88 67 68 76 8 3 1 52 10 1 71 55 88 49 24 73 18 17 37 36 41 96 98 60 79 48 93 98 63 6 27 60 67 5 68 76 63 14 16 1 66 47 84 94 20 8 81 95 21 38 0 86 62 86 0 42 19 34 33 90 88 83 54 84 69 52 40 77 44 71 
89 2 95 72 9 33 46 8 25 55 1 41 20 29 81 23 70 64 44 7 95 92 75 90 56 20 67 88 36 19 37 58 67 59 7 94 8 69 70 26 1 28 82 4 67 75 0 96 41 44 0 93 11 5 37 96 3 92 99 62 48 24 87 62 26 84 71 35 7 3 12 57 22 99 61 16 45 98 26 25 86 0 88 98 24 92 81 14 12 97 6 18 27 48 39 65 71 51 51 66 
88 40 22 76 89 88 89 84 18 3 47 96 89 53 12 22 43 27 30 90 59 96 19 26 17 0 30 59 51 11 66 2 90 21 8 67 57 7 8 26 37 49 68 12 47 51 22 68 20 61 55 52 96 76 44 41 91 26 25 44 96 38 72 66 36 10 17 7 10 33 67 96 48 47 91 3 80 77 19 33 62 88 0 1 12 93 16 78 40 71 39 52 52 39 36 52 56 15 67 76 
21 77 10 40 75 56 76 21 75 90 54 7 69 83 3 69 98 44 18 56 48 65 97 35 70 71 60 1 21 99 50 83 63 59 42 58 27 53 29 80 61 99 5 25 91 4 78 77 67 27 62 47 30 63 97 25 95 32 41 42 37 0 12 12 46 86 14 76 74 22 95 37 53 10 88 87 16 40 77 90 86 98 1 0 98 3 2 98 93 13 54 27 84 18 57 87 11 56 59 53 
46 32 34 5 64 57 6 54 42 39 93 53 91 98 94 81 66 45 98 57 86 83 7 55 89 29 13 87 3 97 63 40 25 80 93 43 44 35 58 37 62 99 65 93 81 79 9 87 29 45 91 47 17 86 57 37 77 40 71 18 71 68 2 34 39 62 49 76 60 54 39 63 4 62 59 3 57 87 56 17 0 24 12 98 0 57 65 25 48 1 38 29 90 31 19 1 71 61 63 84 
34 85 80 40 80 77 18 39 26 92 72 46 10 93 77 44 90 27 81 27 14 61 68 3 30 28 83 11 57 77 19 7 51 28 57 40 62 95 5 33 71 21 59 78 81 98 32 0 94 90 14 5 40 88 20 9 12 89 16 61 69 48 67 38 57 95 93 85 24 7 3 15 59 45 48 29 41 31 70 37 42 92 93 3 57 0 82 38 45 44 30 99 41 99 75 10 49 66 59 54 
26 80 82 97 19 16 62 69 31 21 80 66 86 75 45 7 84 99 7 45 82 56 56 73 19 49 56 37 73 61 1 6 83 14 97 94 12 93 62 79 29 52 91 37 58 82 49 46 42 19 46 90 92 59 3 12 27 60 15 67 58 98 56 14 9 85 29 48 38 1 50 57 50 73 42 33 8 35 61 46 19 81 16 2 65 82 0 79 7 10 74 19 27 87 18 23 84 92 27 85 
79 11 44 51 68 8 56 22 62 90 63 41 25 69 45 36 10 97 49 71 14 51 48 70 9 57 59 31 14 22 31 12 11 75 9 63 51 12 24 16 25 41 54 5 26 21 72 35 39 17 5 60 46 0 66 4 56 17 4 0 66 95 9 17 64 22 14 26 20 74 11 31 69 69 94 30 52 98 61 89 34 14 78 98 25 38 79 0 92 9 48 5 15 40 25 9 29 73 8 25 
75 71 69 5 88 21 6 15 51 64 73 94 54 94 84 41 31 61 40 75 25 17 84 64 59 48 81 80 49 28 87 43 90 13 58 15 46 92 82 27 2 35 27 36 16 31 4 21 62 95 23 71 16 42 56 96 63 92 91 27 54 97 29 92 58 73 6 9 8 58 72 18 0 72 34 30 91 88 92 98 33 12 40 93 48 45 7 92 0 15 4 16 92 22 13 88 43 51 9 74 
69 91 60 18 52 6 92 8 6 92 77 28 98 52 8 61 43 49 93 22 79 27 85 80 0 66 62 71 71 17 77 24 88 87 19 87 10 73 87 54 47 63 45 87 84 81 95 1 78 11 11 93 84 26 80 58 31 86 16 29 58 17 18 9 32 11 69 67 42 4 60 94 57 53 72 91 0 87 85 34 90 97 71 13 1 44 10 9 15 0 63 65 39 98 30 33 31 34 63 90 
20 46 29 65 51 55 1 56 82 62 39 28 97 2 60 99 84 18 90 74 7 92 69 41 18 77 32 55 83 87 0 31 93 6 12 65 31 10 48 95 81 73 90 67 87 70 60 98 58 54 48 82 99 64 48 4 9 95 10 94 72 90 42 68 55 96 11 50 41 92 17 37 64 84 68 62 53 1 85 60 88 6 39 54 38 30 74 48 4 63 0 9 38 33 17 49 71 22 79 94 
34 48 8 55 68 12 91 5 32 55 12 89 66 33 69 82 12 69 33 76 70 66 15 36 85 44 35 52 26 83 96 32 88 95 19 39 77 43 28 72 20 43 28 22 59 67 7 45 67 30 9 64 27 10 52 0 85 79 71 35 24 66 25 34 71 6 30 54 49 38 68 76 97 78 21 61 35 40 74 77 83 18 52 27 29 99 19 5 16 65 9 0 77 20 37 27 29 55 65 46 
26 90 48 86 43 20 14 48 89 99 28 22 67 83 17 86 11 63 50 9 6 28 45 65 30 29 62 7 15 54 38 51 7 88 18 83 99 38 56 84 50 52 74 8 38 54 52 97 58 21 81 32 46 62 43 86 11 39 59 61 42 19 73 25 25 45 9 4 82 8 31 4 12 12 78 22 14 93 92 49 54 27 52 84 90 41 27 15 92 39 38 77 0 75 65 1 82 98 92 90 
30 36 78 90 29 26 50 67 38 35 87 70 69 97 84 97 98 33 80 95 44 96 50 7 0 8 11 1 45 28 43 24 5 77 7 67 43 32 90 78 1 79 52 26 60 94 92 37 50 97 88 26 86 22 0 71 24 7 65 0 41 42 63 1 75 95 53 5 76 84 48 8 97 36 65 72 71 25 4 47 84 48 39 18 31 99 87 40 22 98 33 20 75 0 94 51 53 39 55 48 
67 23 70 29 12 28 56 83 34 9 82 54 65 24 59 1 38 84 25 95 72 89 56 67 65 74 50 4 51 99 29 77 96 86 20 59 45 83 55 99 60 41 10 59 10 50 73 57 38 42 56 3 89 66 70 99 69 45 49 55 90 89 31 33 48 79 55 12 54 91 11 71 95 33 57 30 9 81 2 19 69 39 36 57 19 75 18 25 13 30 17 37 65 94 0 54 16 33 3 35 
87 21 58 48 92 6 72 89 70 97 39 38 54 22 70 1 91 66 26 12 43 54 58 89 40 31 49 49 36 43 74 58 41 94 4 5 64 87 99 26 72 12 74 10 93 83 57 22 59 92 20 33 7 48 28 52 11 12 62 50 63 38 2 98 73 95 21 55 91 92 85 42 13 90 16 0 11 87 52 39 52 65 52 87 1 10 23 9 88 33 49 27 1 51 54 0 87 28 58 12 
79 24 44 91 98 30 69 82 88 10 4 57 0 33 99 53 30 78 6 80 30 10 9 65 22 84 58 38 93 27 27 39 45 62 42 98 45 73 55 27 48 52 63 29 18 95 8 98 95 9 14 80 64 98 23 65 77 27 86 98 44 80 38 31 6 49 44 18 95 82 99 14 1 75 60 61 8 29 45 1 40 71 56 11 71 49 84 29 43 31 71 29 82 53 16 87 0 71 64 76 
32 51 87 32 9 75 75 36 21 80 44 41 42 6 75 36 99 96 30 27 76 87 43 31 33 38 99 38 32 84 72 74 79 83 20 67 76 65 66 26 25 81 22 82 92 1 25 83 99 9 43 30 14 25 15 22 30 66 38 68 17 10 52 80 58 2 39 63 9 1 51 40 63 1 74 94 42 34 14 18 77 51 15 56 61 66 92 73 51 34 22 55 98 39 33 28 71 0 87 24 
1 70 19 92 93 19 37 19 35 3 9 42 41 29 15 82 13 27 81 34 82 80 68 36 61 9 90 69 79 1 31 73 2 13 50 24 6 78 7 2 15 7 82 26 79 87 91 63 31 63 46 95 76 69 83 59 45 12 12 42 18 69 52 62 46 12 61 42 85 84 99 41 51 4 29 66 98 45 0 4 44 51 67 59 63 59 27 8 9 63 79 65 92 55 3 58 64 87 0 71 
55 74 27 83 14 5 66 54 83 6 49 62 89 62 73 9 2 7 9 50 68 44 39 0 18 48 98 66 88 58 64 29 69 18 13 99 64 58 12 91 50 30 44 31 19 84 71 22 99 85 69 20 21 90 50 49 83 62 84 49 2 7 17 87 76 2 15 87 92 80 65 94 77 21 74 45 74 27 66 93 71 66 76 53 84 54 85 25 74 90 94 46 90 48 35 12 76 24 71 0 
