100
0 61 48 56 9 95 86 67 86 52 56 77 53 9 84 54 62 15 67 0 47 72 80 1 99 59 36 50 81 21 99 19 33 42 70 68 47 39 8 31 94 30 77 85 2 37 36 30 88 16 77 95 46 20 57 63 33 81 48 55 19 13 9 17 49 4 30 75 87 89 40 73 36 49 36 15 50 37 55 72 45 46 16 63 11 12 66 69 14 92 47 68 64 62 24 4 36 37 17 46 
61 0 31 94 13 24 59 51 1 53 47 35 44 76 83 73 90 13 4 75 69 81 37 68 81 74 17 49 61 46 70 56 46 60 15 23 87 71 35 65 47 58 5 86 85 10 95 58 53 74 93 62 72 94 83 14 93 10 46 86 10 84 80 24 17 9 86 99 2 0 41 59 69 6 68 15 30 98 36 8 99 35 11 13 74 13 59 61 86 74 11 15 89 37 69 83 85 50 86 25 
48 31 0 70 53 34 91 17 82 87 68 64 7 84 11 39 85 41 68 98 48 58 71 0 34 95 66 91 84 45 24 83 43 58 62 36 47 34 78 98 93 96 41 85 73 40 5 9 46 92 40 29 85 11 15 64 99 65 44 81 71 39 40 86 90 63 33 5 65 69 58 5 80 51 33 33 60 48 63 59 74 76 61 49 8 56 29 2 74 18 49 12 9 31 54 85 58 22 40 39 
56 94 70 0 96 97 89 70 22 40 95 61 40 80 45 59 59 37 26 56 25 59 36 99 59 95 62 68 1 95 0 16 69 54 89 43 71 2 24 48 67 15 19 99 73 30 94 73 72 31 44 26 65 22 97 15 69 71 89 82 93 22 4 54 11 69 27 65 29 30 77 76 59 51 71 56 24 17 86 3 70 92 78 23 81 71 9 86 60 99 23 42 21 76 1 74 53 35 13 6 
9 13 53 96 0 59 97 92 23 47 80 84 85 54 73 76 64 91 87 77 84 56 91 98 69 40 21 16 55 53 48 39 88 19 85 12 15 22 9 96 74 13 12 68 73 51 82 80 75 75 77 23 69 50 25 76 74 16 91 65 40 66 10 91 69 57 70 68 14 96 86 86 59 52 4 9 25 20 9 27 92 32 27 32 90 21 62 46 56 69 6 16 41 25 49 67 78 89 38 72 
95 24 34 97 59 0 43 90 99 27 62 45 61 50 60 11 69 2 71 37 66 54 40 20 92 74 55 58 62 40 72 52 98 86 49 85 38 69 13 67 37 24 66 23 75 92 36 98 10 31 63 21 81 73 84 30 8 49 29 3 99 89 20 42 26 41 8 18 48 27 41 85 45 22 79 42 87 26 19 75 76 3 27 77 8 45 0 64 51 99 2 65 29 47 98 60 59 58 81 60 
86 59 91 89 97 43 0 37 24 26 36 57 32 94 50 63 71 87 20 70 22 44 44 3 41 64 96 72 2 48 46 72 67 51 41 34 98 94 57 58 85 97 4 78 34 30 3 96 54 27 29 83 90 58 24 43 6 27 55 38 37 74 65 96 59 17 57 85 19 11 59 38 67 95 57 70 74 61 84 24 91 16 25 30 19 91 14 43 0 87 28 3 54 67 96 24 89 42 3 61 
67 51 17 70 92 90 37 0 80 29 64 70 23 97 6 23 72 5 45 50 21 18 10 54 68 78 7 79 49 4 30 4 63 36 9 37 5 1 67 1 56 27 3 15 59 19 59 93 77 6 15 33 16 13 30 77 9 60 2 1 41 19 3 70 38 43 95 28 4 52 70 70 85 53 16 79 65 32 99 68 86 55 28 44 16 19 84 25 9 49 19 70 26 18 72 50 93 13 13 44 
86 1 82 22 23 99 24 80 0 74 39 27 36 27 87 73 63 8 77 58 40 63 58 22 66 90 60 1 37 53 95 27 72 49 12 20 92 67 33 96 32 14 30 47 56 97 30 48 60 3 93 41 23 35 13 79 79 11 99 64 98 5 36 50 41 38 76 16 79 68 2 67 53 94 76 50 33 31 86 52 55 88 26 67 36 14 52 42 88 15 77 59 12 93 26 12 17 30 30 73 
52 53 87 40 47 27 26 29 74 0 47 44 76 60 62 83 34 10 12 40 13 17 73 52 10 84 21 33 34 98 84 72 69 61 20 19 24 74 69 33 15 52 65 6 78 31 48 21 84 15 53 50 82 13 6 22 16 3 7 58 59 37 48 71 37 38 32 39 38 75 34 33 9 37 61 28 54 29 17 85 16 71 79 63 22 11 60 59 20 39 6 14 42 9 22 62 90 43 97 92 
56 47 68 95 80 62 36 64 39 47 0 58 97 70 84 73 68 3 56 24 78 63 38 84 67 83 5 74 91 97 39 69 35 3 54 7 24 55 50 72 10 14 37 51 71 66 35 57 96 75 47 68 13 96 90 99 65 46 6 49 8 61 73 70 99 58 23 76 89 66 31 49 80 9 5 43 20 78 65 23 32 19 48 72 41 28 82 60 16 63 76 4 23 26 58 77 82 37 64 34 
77 35 64 61 84 45 57 70 27 44 58 0 7 79 76 76 57 71 8 51 92 52 77 65 31 48 8 16 88 0 60 32 26 49 70 65 46 88 77 55 17 16 14 0 64 9 36 34 65 86 96 9 75 19 96 39 71 92 25 14 68 82 20 81 25 34 73 98 51 38 82 54 40 47 81 48 51 84 43 5 77 65 91 30 9 21 8 40 19 16 40 59 94 45 42 64 10 35 68 61 
53 44 7 40 85 61 32 23 36 76 97 7 0 91 23 43 9 3 7 71 20 16 61 6 33 93 11 64 92 3 54 84 85 2 21 93 73 29 78 82 57 42 2 57 33 93 96 29 27 74 49 43 61 99 57 1 18 57 82 7 76 3 57 20 41 41 92 67 32 45 21 38 84 35 34 67 48 16 93 30 58 6 38 80 63 11 57 58 58 50 95 60 16 69 37 8 47 62 21 60 
9 76 84 80 54 50 94 97 27 60 70 79 91 0 72 55 54 39 97 46 13 30 54 77 6 84 94 38 43 35 39 30 76 30 19 57 24 40 66 50 65 19 57 49 55 33 53 82 33 29 36 87 37 28 36 11 63 83 23 22 53 37 54 23 66 31 10 59 3 68 21 29 48 91 51 50 58 39 17 61 12 43 5 86 55 78 13 43 5 25 2 0 64 39 94 84 64 12 84 27 
84 83 11 45 73 60 50 6 87 62 84 76 23 72 0 85 10 60 65 11 87 45 26 75 1 79 56 19 85 32 91 41 24 47 62 15 49 30 94 78 56 39 92 33 89 98 32 84 58 87 89 70 47 98 3 26 14 58 47 81 34 14 85 20 84 66 78 14 10 60 17 58 76 20 38 38 34 52 93 32 68 3 47 39 71 84 69 60 97 92 37 17 20 82 68 42 87 50 63 14 
54 73 39 59 76 11 63 23 73 83 73 76 43 55 85 0 13 33 33 87 76 31 57 94 39 87 5 45 17 5 49 48 68 72 82 83 96 58 45 18 28 67 11 17 26 38 96 54 72 12 27 3 7 3 31 56 98 16 85 17 47 28 73 90 34 33 71 66 53 16 80 45 99 30 58 81 58 95 50 89 30 34 86 47 78 54 17 20 41 53 76 23 32 59 39 2 26 86 63 31 
62 90 85 59 64 69 71 72 63 34 68 57 9 54 10 13 0 65 72 42 99 4 14 85 56 15 50 22 97 85 51 86 23 27 73 39 36 34 80 35 26 53 27 3 56 71 55 56 17 86 59 27 44 28 51 25 1 96 37 8 5 71 42 45 8 13 39 35 56 10 6 18 49 67 17 22 53 71 54 87 6 67 64 28 81 73 53 51 55 28 44 68 99 21 13 54 64 42 80 33 
15 13 41 37 91 2 87 5 8 10 3 71 3 39 60 33 65 0 78 0 5 11 70 99 87 6 1 73 55 3 58 64 36 11 7 35 3 89 20 63 63 50 44 11 45 90 22 56 58 23 59 42 80 25 76 83 59 86 25 63 44 75 0 45 27 71 36 26 21 39 63 45 15 98 11 59 97 50 71 43 72 62 90 20 20 4 63 95 71 4 69 91 39 89 37 68 20 47 24 67 
67 4 68 26 87 71 20 45 77 12 56 8 7 97 65 33 72 78 0 92 27 58 24 70 88 29 17 79 25 7 10 96 50 67 53 44 58 14 21 95 32 79 88 11 66 83 75 36 32 53 8 31 83 54 22 68 6 1 26 37 89 55 0 6 23 96 99 90 3 8 51 52 48 99 37 77 40 17 68 54 64 62 77 92 16 4 74 68 37 43 24 6 48 58 60 84 37 8 24 86 
0 75 98 56 77 37 70 50 58 40 24 51 71 46 11 87 42 0 92 0 61 15 70 40 56 37 9 87 8 25 2 78 56 63 13 89 27 12 69 27 48 32 74 58 88 25 82 52 44 21 20 4 9 13 53 70 74 74 56 36 91 17 46 21 49 44 25 82 38 4 11 98 58 52 36 6 91 67 5 44 91 40 58 84 46 36 62 17 35 31 75 52 20 95 94 29 42 79 15 20 
47 69 48 25 84 66 22 21 40 13 78 92 20 13 87 76 99 5 27 61 0 93 92 58 23 12 16 55 32 9 64 16 90 39 47 35 44 96 48 10 94 69 22 66 96 41 35 39 43 61 4 57 8 14 16 66 84 83 33 30 11 76 12 66 76 7 9 36 15 54 53 5 95 63 59 6 0 79 77 37 64 87 98 16 11 94 33 25 60 37 3 35 62 23 93 37 12 20 36 44 
72 81 58 59 56 54 44 18 63 17 63 52 16 30 45 31 4 11 58 15 93 0 51 94 39 24 30 43 15 90 18 99 70 88 0 81 1 70 33 52 19 45 12 95 46 8 16 38 71 57 78 26 71 92 94 14 6 71 26 33 13 12 56 51 97 79 76 72 64 64 99 24 14 45 22 22 26 31 68 4 28 57 96 52 46 2 67 66 97 25 11 24 95 26 31 52 42 3 83 78 
80 37 71 36 91 40 44 10 58 73 38 77 61 54 26 57 14 70 24 70 92 51 0 77 27 39 93 25 91 33 42 88 58 46 66 41 54 84 78 61 35 25 6 28 90 84 25 58 25 53 4 10 85 98 81 29 42 45 18 20 0 65 91 62 72 65 36 34 47 67 83 75 91 36 48 45 64 22 36 32 18 93 42 89 75 48 71 94 32 56 50 83 56 38 56 85 65 70 71 38 
1 68 0 99 98 20 3 54 22 52 84 65 6 77 75 94 85 99 70 40 58 94 77 0 5 8 31 44 6 37 37 54 46 10 2 69 92 49 47 75 13 47 73 72 21 7 39 73 73 42 11 64 71 13 15 2 51 71 83 88 27 59 25 73 93 2 64 23 32 60 91 86 77 96 26 2 63 43 44 99 32 22 47 90 39 19 55 84 90 88 96 92 32 2 25 7 56 65 34 97 
99 81 34 59 69 92 41 68 66 10 67 31 33 6 1 39 56 87 88 56 23 39 27 5 0 34 53 18 61 14 93 31 79 7 38 84 70 90 30 18 45 28 44 19 83 68 47 35 94 5 74 26 63 74 3 76 96 85 56 10 75 86 66 25 13 90 5 78 46 98 30 97 9 17 63 43 22 83 5 59 15 14 36 69 30 35 68 45 43 10 41 1 72 46 79 86 76 27 86 91 
59 74 95 95 40 74 64 78 90 84 83 48 93 84 79 87 15 6 29 37 12 24 39 8 34 0 9 9 97 74 36 66 55 24 11 54 70 20 5 62 8 47 43 55 73 45 22 96 84 92 99 38 1 57 76 62 95 42 14 37 93 9 88 73 71 1 84 53 37 70 79 99 56 66 39 41 14 85 82 24 40 60 84 24 31 47 91 37 20 89 43 51 37 98 69 56 70 82 34 72 
36 17 66 62 21 55 96 7 60 21 5 8 11 94 56 5 50 1 17 9 16 30 93 31 53 9 0 29 71 3 58 68 77 58 32 48 9 15 80 89 26 75 69 8 38 43 69 5 31 89 87 0 83 42 43 18 47 1 40 77 48 24 11 28 35 43 48 77 58 60 57 27 56 60 54 38 75 37 87 36 72 92 77 11 8 96 82 61 60 84 22 31 85 91 35 38 47 1 54 32 
50 49 91 68 16 58 72 79 1 33 74 16 64 38 19 45 22 73 79 87 55 43 25 44 18 9 29 0 23 90 84 98 85 72 8 81 6 67 46 89 2 10 55 67 82 70 19 79 56 70 31 94 62 18 8 94 40 56 73 44 75 38 38 19 95 81 88 37 59 10 44 55 24 62 56 45 65 66 51 8 67 19 15 89 53 64 69 15 3 25 30 77 39 78 92 14 34 80 30 51 
81 61 84 1 55 62 2 49 37 34 91 88 92 43 85 17 97 55 25 8 32 15 91 6 61 97 71 23 0 20 24 55 73 45 45 58 48 64 25 71 16 11 60 15 63 99 53 24 84 9 44 43 10 78 50 29 26 48 67 28 5 73 92 8 32 61 57 16 78 76 76 81 5 26 46 19 65 37 56 51 20 33 25 35 89 42 53 59 51 46 16 57 50 7 86 54 52 33 16 25 
21 46 45 95 53 40 48 4 53 98 97 0 3 35 32 5 85 3 7 25 9 90 33 37 14 74 3 90 20 0 80 68 53 53 81 74 14 99 79 3 57 4 44 84 19 7 71 67 44 27 28 66 96 47 77 18 95 23 43 10 63 59 39 39 44 19 33 43 41 31 81 45 75 87 76 44 73 98 20 42 3 10 84 74 71 42 63 89 95 77 94 71 3 50 98 13 22 12 82 77 
99 70 24 0 48 72 46 30 95 84 39 60 54 39 91 49 51 58 10 2 64 18 42 37 93 36 58 84 24 80 0 43 12 22 83 70 80 89 83 22 44 99 50 55 9 8 43 31 4 8 95 71 39 83 55 10 64 49 48 76 4 0 89 0 87 82 10 53 70 19 78 44 1 37 76 63 72 86 59 67 87 54 91 32 75 14 14 42 45 62 46 21 38 89 70 45 83 77 55 17 
19 56 83 16 39 52 72 4 27 72 69 32 84 30 41 48 86 64 96 78 16 99 88 54 31 66 68 98 55 68 43 0 80 67 32 7 89 74 15 97 51 34 42 46 23 97 9 55 95 90 60 91 16 6 24 71 46 24 94 89 11 12 35 6 76 43 62 41 3 71 65 25 39 80 70 76 27 65 72 22 96 0 90 82 22 73 47 8 46 71 24 47 7 89 68 29 63 19 90 96 
33 46 43 69 88 98 67 63 72 69 35 26 85 76 24 68 23 36 50 56 90 70 58 46 79 55 77 85 73 53 12 80 0 78 40 81 64 73 49 42 71 17 66 83 78 71 23 77 54 24 23 43 19 30 7 76 36 97 44 95 13 4 11 11 46 45 71 32 35 93 4 72 72 52 44 2 21 96 75 12 79 8 70 37 33 26 38 70 1 75 90 47 87 60 29 3 16 88 9 13 
42 60 58 54 19 86 51 36 49 61 3 49 2 30 47 72 27 11 67 63 39 88 46 10 7 24 58 72 45 53 22 67 78 0 0 22 42 43 82 36 18 0 57 22 86 74 92 71 69 75 79 84 62 62 77 34 22 5 72 1 20 48 6 42 53 59 27 13 46 51 79 98 41 78 23 35 4 15 25 84 28 23 49 16 2 82 39 70 79 52 24 30 10 84 0 44 41 36 52 13 
70 15 62 89 85 49 41 9 12 20 54 70 21 19 62 82 73 7 53 13 47 0 66 2 38 11 32 8 45 81 83 32 40 0 0 39 55 52 16 58 39 69 0 66 43 4 72 65 28 63 70 33 66 85 28 5 64 88 19 6 38 42 41 34 75 67 30 93 90 95 19 13 22 21 29 26 95 30 41 88 72 27 5 79 52 96 39 98 24 61 34 93 12 35 40 41 78 64 7 24 
68 23 36 43 12 85 34 37 20 19 7 65 93 57 15 83 39 35 44 89 35 81 41 69 84 54 48 81 58 74 70 7 81 22 39 0 92 46 96 6 99 52 6 2 12 55 19 49 56 43 97 16 54 79 48 87 21 2 45 90 7 79 77 87 84 95 37 60 19 70 18 9 63 59 30 46 52 46 83 82 82 89 56 90 69 52 95 65 78 6 7 53 87 6 0 34 38 31 15 20 
47 87 47 71 15 38 98 5 92 24 24 46 73 24 49 96 36 3 58 27 44 1 54 92 70 70 9 6 48 14 80 89 64 42 55 92 0 9 44 91 19 78 20 11 8 98 82 42 69 6 53 10 69 9 26 76 12 30 41 20 82 30 94 51 84 40 81 40 88 83 47 51 33 60 23 89 14 20 89 43 15 77 18 19 29 61 5 72 7 18 18 94 66 73 75 11 38 27 12 24 
39 71 34 2 22 69 94 1 67 74 55 88 29 40 30 58 34 89 14 12 96 70 84 49 90 20 15 67 64 99 89 74 73 43 52 46 9 0 6 27 14 70 78 32 37 72 88 79 51 62 96 57 0 64 35 82 80 31 41 26 82 12 15 84 77 2 83 48 60 45 11 52 91 20 63 73 81 77 97 15 3 85 44 9 63 31 87 86 45 11 44 14 45 51 51 50 8 67 32 22 
8 35 78 24 9 13 57 67 33 69 50 77 78 66 94 45 80 20 21 69 48 33 78 47 30 5 80 46 25 79 83 15 49 82 16 96 44 6 0 36 66 80 71 70 65 33 15 23 43 74 64 40 25 34 60 64 75 47 87 4 93 73 56 84 51 20 10 21 17 95 15 34 34 4 80 25 9 68 50 44 76 38 72 38 45 73 51 5 1 85 41 1 70 23 43 95 27 2 18 65 
31 65 98 48 96 67 58 1 96 33 72 55 82 50 78 18 35 63 95 27 10 52 61 75 18 62 89 89 71 3 22 97 42 36 58 6 91 27 36 0 44 98 99 27 56 83 0 87 12 1 5 16 48 83 0 17 90 72 58 52 82 14 97 67 62 17 0 99 31 93 21 0 98 60 47 79 30 6 13 75 80 56 90 62 35 51 68 79 50 27 85 73 2 6 37 33 8 42 20 20 
94 47 93 67 74 37 85 56 32 15 10 17 57 65 56 28 26 63 32 48 94 19 35 13 45 8 26 2 16 57 44 51 71 18 39 99 19 14 66 44 0 27 63 83 97 20 16 7 53 70 79 14 36 9 56 93 2 18 31 49 74 9 14 46 36 3 29 88 65 87 7 65 71 79 20 70 16 81 11 88 37 1 98 13 71 54 96 34 90 17 58 2 51 69 85 49 37 38 71 50 
30 58 96 15 13 24 97 27 14 52 14 16 42 19 39 67 53 50 79 32 69 45 25 47 28 47 75 10 11 4 99 34 17 0 69 52 78 70 80 98 27 0 11 63 16 75 48 73 33 44 1 39 70 88 46 63 90 71 75 3 72 98 37 55 53 50 77 10 83 19 29 67 85 70 26 97 85 25 31 5 98 14 28 31 26 98 47 2 27 40 65 9 4 83 0 86 69 57 17 39 
77 5 41 19 12 66 4 3 30 65 37 14 2 57 92 11 27 44 88 74 22 12 6 73 44 43 69 55 60 44 50 42 66 57 0 6 20 78 71 99 63 11 0 73 51 52 12 46 65 49 93 62 27 13 47 31 35 89 83 89 0 24 28 15 37 59 15 63 25 37 0 8 8 67 15 41 6 46 79 27 31 67 71 72 7 87 3 13 57 16 59 27 95 69 1 3 88 27 14 39 
85 86 85 99 68 23 78 15 47 6 51 0 57 49 33 17 3 11 11 58 66 95 28 72 19 55 8 67 15 84 55 46 83 22 66 2 11 32 70 27 83 63 73 0 98 29 53 87 38 99 35 17 71 77 29 69 72 94 68 31 57 21 42 75 12 19 73 39 2 38 68 24 38 44 32 29 79 39 55 5 88 48 57 21 67 14 86 9 62 0 36 30 27 4 33 34 12 98 61 71 
2 85 73 73 73 75 34 59 56 78 71 64 33 55 89 26 56 45 66 88 96 46 90 21 83 73 38 82 63 19 9 23 78 86 43 12 8 37 65 56 97 16 51 98 0 9 40 16 51 90 72 68 45 52 1 67 20 84 41 25 90 3 96 16 75 35 90 61 65 71 11 76 45 12 95 31 19 3 16 61 74 77 37 70 13 17 97 62 65 72 58 76 47 74 13 28 10 97 15 90 
37 10 40 30 51 92 30 19 97 31 66 9 93 33 98 38 71 90 83 25 41 8 84 7 68 45 43 70 99 7 8 97 71 74 4 55 98 72 33 83 20 75 52 29 9 0 39 95 88 67 33 56 82 71 41 15 94 39 43 12 24 36 9 85 79 36 10 66 22 10 80 61 16 54 81 77 18 31 97 68 34 4 80 42 43 25 71 49 55 76 81 93 29 46 57 46 46 48 48 41 
36 95 5 94 82 36 3 59 30 48 35 36 96 53 32 96 55 22 75 82 35 16 25 39 47 22 69 19 53 71 43 9 23 92 72 19 82 88 15 0 16 48 12 53 40 39 0 91 24 97 91 7 43 15 45 3 66 12 65 35 80 13 76 92 21 97 72 12 63 99 84 23 68 85 31 5 19 27 39 93 25 93 25 92 25 27 15 41 82 88 83 78 93 49 93 72 51 42 96 37 
30 58 9 73 80 98 96 93 48 21 57 34 29 82 84 54 56 56 36 52 39 38 58 73 35 96 5 79 24 67 31 55 77 71 65 49 42 79 23 87 7 73 46 87 16 95 91 0 85 8 67 95 49 53 44 28 60 70 81 41 66 97 54 2 49 97 12 51 97 68 72 4 45 95 38 99 49 36 24 23 36 90 76 51 42 22 37 18 5 69 62 75 44 16 2 96 22 38 49 46 
88 53 46 72 75 10 54 77 60 84 96 65 27 33 58 72 17 58 32 44 43 71 25 73 94 84 31 56 84 44 4 95 54 69 28 56 69 51 43 12 53 33 65 38 51 88 24 85 0 89 41 78 0 17 24 7 26 38 25 78 77 16 30 10 90 84 91 86 6 70 75 55 13 85 15 17 56 78 41 55 60 98 59 92 54 44 94 27 28 2 98 15 34 67 20 13 93 62 46 59 
16 74 92 31 75 31 27 6 3 15 75 86 74 29 87 12 86 23 53 21 61 57 53 42 5 92 89 70 9 27 8 90 24 75 63 43 6 62 74 1 70 44 49 99 90 67 97 8 89 0 54 6 69 43 25 49 85 69 16 61 78 11 71 50 5 38 31 10 66 91 16 56 24 11 19 20 23 70 17 74 67 77 60 45 40 97 42 34 48 8 35 71 75 86 11 76 38 22 33 65 
77 93 40 44 77 63 29 15 93 53 47 96 49 36 89 27 59 59 8 20 4 78 4 11 74 99 87 31 44 28 95 60 23 79 70 97 53 96 64 5 79 1 93 35 72 33 91 67 41 54 0 26 52 31 45 55 88 81 68 28 8 27 6 59 87 55 44 57 59 19 22 12 1 49 54 73 60 67 20 6 19 99 85 31 95 0 39 99 29 56 7 44 24 47 77 10 10 74 36 20 
95 62 29 26 23 21 83 33 41 50 68 9 43 87 70 3 27 42 31 4 57 26 10 64 26 38 0 94 43 66 71 91 43 84 33 16 10 57 40 16 14 39 62 17 68 56 7 95 78 6 26 0 55 10 54 35 69 10 81 93 46 17 53 24 30 92 64 33 75 16 86 89 86 6 47 49 82 23 47 15 32 64 77 98 3 48 86 97 21 60 10 51 35 66 44 22 78 14 77 3 
46 72 85 65 69 81 90 16 23 82 13 75 61 37 47 7 44 80 83 9 8 71 85 71 63 1 83 62 10 96 39 16 19 62 66 54 69 0 25 48 36 70 27 71 45 82 43 49 0 69 52 55 0 28 64 21 40 13 34 69 61 3 97 49 33 67 89 94 1 18 93 50 78 56 66 5 87 67 66 70 14 67 2 37 70 71 5 60 11 20 88 87 93 57 20 52 37 63 3 13 
20 94 11 22 50 73 58 13 35 13 96 19 99 28 98 3 28 25 54 13 14 92 98 13 74 57 42 18 78 47 83 6 30 62 85 79 9 64 34 83 9 88 13 77 52 71 15 53 17 43 31 10 28 0 26 73 52 6 89 86 81 22 0 65 40 2 59 89 36 41 64 0 39 67 8 39 91 3 1 37 54 7 10 47 43 53 59 30 20 40 73 19 33 40 16 23 40 51 49 59 
57 83 15 97 25 84 24 30 13 6 90 96 57 36 3 31 51 76 22 53 16 94 81 15 3 76 43 8 50 77 55 24 7 77 28 48 26 35 60 0 56 46 47 29 1 41 45 44 24 25 45 54 64 26 0 11 44 28 73 25 36 34 26 59 87 94 71 79 1 48 16 39 73 68 79 54 94 59 90 62 8 87 98 67 26 93 5 75 41 81 56 31 37 50 69 18 95 36 22 48 
63 14 64 15 76 30 43 77 79 22 99 39 1 11 26 56 25 83 68 70 66 14 29 2 76 62 18 94 29 18 10 71 76 34 5 87 76 82 64 17 93 63 31 69 67 15 3 28 7 49 55 35 21 73 11 0 19 6 19 6 46 73 84 50 39 0 7 8 22 88 6 14 55 24 23 9 70 54 62 73 99 93 88 73 12 51 55 31 20 17 69 3 43 81 57 42 22 22 32 71 
33 93 99 69 74 8 6 9 79 16 65 71 18 63 14 98 1 59 6 74 84 6 42 51 96 95 47 40 26 95 64 46 36 22 64 21 12 80 75 90 2 90 35 72 20 94 66 60 26 85 88 69 40 52 44 19 0 93 58 31 95 27 58 59 86 40 99 1 30 83 39 55 84 37 81 86 4 58 46 86 49 65 87 47 63 48 72 43 24 41 18 50 1 88 47 49 59 21 32 44 
81 10 65 71 16 49 27 60 11 3 46 92 57 83 58 16 96 86 1 74 83 71 45 71 85 42 1 56 48 23 49 24 97 5 88 2 30 31 47 72 18 71 89 94 84 39 12 70 38 69 81 10 13 6 28 6 93 0 58 23 72 63 26 71 20 74 76 48 19 36 92 49 38 5 18 57 44 30 7 51 30 80 99 60 97 51 69 35 30 56 68 46 3 92 62 56 45 32 82 43 
48 46 44 89 91 29 55 2 99 7 6 25 82 23 47 85 37 25 26 56 33 26 18 83 56 14 40 73 67 43 48 94 44 72 19 45 41 41 87 58 31 75 83 68 41 43 65 81 25 16 68 81 34 89 73 19 58 58 0 14 11 95 90 66 27 12 40 41 87 99 65 12 25 4 2 65 48 22 34 9 33 46 92 49 13 73 25 15 8 70 2 24 38 9 36 90 45 14 33 18 
55 86 81 82 65 3 38 1 64 58 49 14 7 22 81 17 8 63 37 36 30 33 20 88 10 37 77 44 28 10 76 89 95 1 6 90 20 26 4 52 49 3 89 31 25 12 35 41 78 61 28 93 69 86 25 6 31 23 14 0 66 95 20 71 14 96 53 74 66 86 55 54 46 71 4 83 58 37 47 69 93 2 6 87 17 54 7 80 28 27 64 29 64 15 97 17 43 45 14 79 
19 10 71 93 40 99 37 41 98 59 8 68 76 53 34 47 5 44 89 91 11 13 0 27 75 93 48 75 5 63 4 11 13 20 38 7 82 82 93 82 74 72 0 57 90 24 80 66 77 78 8 46 61 81 36 46 95 72 11 66 0 9 83 19 33 50 22 16 1 87 8 79 77 86 36 59 40 20 61 17 93 10 23 13 93 34 59 51 5 40 27 20 18 59 9 30 42 1 64 77 
13 84 39 22 66 89 74 19 5 37 61 82 3 37 14 28 71 75 55 17 76 12 65 59 86 9 24 38 73 59 0 12 4 48 42 79 30 12 73 14 9 98 24 21 3 36 13 97 16 11 27 17 3 22 34 73 27 63 95 95 9 0 72 35 29 56 95 30 93 85 73 67 79 73 41 20 6 32 46 86 33 13 33 96 69 80 46 69 15 56 81 3 81 42 69 44 36 81 14 59 
9 80 40 4 10 20 65 3 36 48 73 20 57 54 85 73 42 0 0 46 12 56 91 25 66 88 11 38 92 39 89 35 11 6 41 77 94 15 56 97 14 37 28 42 96 9 76 54 30 71 6 53 97 0 26 84 58 26 90 20 83 72 0 44 77 16 15 52 79 47 27 62 55 18 62 75 39 71 87 36 5 82 9 2 20 87 19 26 75 31 5 17 95 42 32 39 91 10 76 42 
17 24 86 54 91 42 96 70 50 71 70 81 20 23 20 90 45 45 6 21 66 51 62 73 25 73 28 19 8 39 0 6 11 42 34 87 51 84 84 67 46 55 15 75 16 85 92 2 10 50 59 24 49 65 59 50 59 71 66 71 19 35 44 0 49 9 23 53 20 95 43 62 49 82 42 41 99 0 9 21 19 96 20 75 33 12 45 72 46 56 68 34 4 44 0 87 67 77 47 59 
49 17 90 11 69 26 59 38 41 37 99 25 41 66 84 34 8 27 23 49 76 97 72 93 13 71 35 95 32 44 87 76 46 53 75 84 84 77 51 62 36 53 37 12 75 79 21 49 90 5 87 30 33 40 87 39 86 20 27 14 33 29 77 49 0 44 16 73 49 68 22 33 76 15 38 1 97 27 23 92 91 84 57 11 92 56 5 0 69 12 36 12 14 99 43 28 4 51 9 33 
4 9 63 69 57 41 17 43 38 38 58 34 41 31 66 33 13 71 96 44 7 79 65 2 90 1 43 81 61 19 82 43 45 59 67 95 40 2 20 17 3 50 59 19 35 36 97 97 84 38 55 92 67 2 94 0 40 74 12 96 50 56 16 9 44 0 15 75 9 32 90 21 22 88 77 84 40 42 23 54 25 55 14 96 73 47 86 47 42 0 25 98 4 69 33 80 24 74 22 48 
30 86 33 27 70 8 57 95 76 32 23 73 92 10 78 71 39 36 99 25 9 76 36 64 5 84 48 88 57 33 10 62 71 27 30 37 81 83 10 0 29 77 15 73 90 10 72 12 91 31 44 64 89 59 71 7 99 76 40 53 22 95 15 23 16 15 0 56 82 12 49 32 9 27 10 88 22 12 94 77 16 31 20 66 32 63 30 95 83 43 18 65 63 85 53 43 74 17 89 48 
75 99 5 65 68 18 85 28 16 39 76 98 67 59 14 66 35 26 90 82 36 72 34 23 78 53 77 37 16 43 53 41 32 13 93 60 40 48 21 99 88 10 63 39 61 66 12 51 86 10 57 33 94 89 79 8 1 48 41 74 16 30 52 53 73 75 56 0 90 20 70 93 97 57 52 40 40 56 29 54 52 42 16 37 2 68 73 25 32 82 33 41 22 88 1 52 32 43 68 39 
87 2 65 29 14 48 19 4 79 38 89 51 32 3 10 53 56 21 3 38 15 64 47 32 46 37 58 59 78 41 70 3 35 46 90 19 88 60 17 31 65 83 25 2 65 22 63 97 6 66 59 75 1 36 1 22 30 19 87 66 1 93 79 20 49 9 82 90 0 20 26 28 93 45 33 89 29 28 80 27 76 73 3 6 43 63 30 91 98 56 23 47 52 79 96 79 41 20 17 45 
89 0 69 30 96 27 11 52 68 75 66 38 45 68 60 16 10 39 8 4 54 64 67 60 98 70 60 10 76 31 19 71 93 51 95 70 83 45 95 93 87 19 37 38 71 10 99 68 70 91 19 16 18 41 48 88 83 36 99 86 87 85 47 95 68 32 12 20 20 0 4 40 89 81 7 53 7 19 39 92 73 8 60 33 4 16 50 67 5 81 21 97 80 33 44 52 69 69 77 76 
40 41 58 77 86 41 59 70 2 34 31 82 21 21 17 80 6 63 51 11 53 99 83 91 30 79 57 44 76 81 78 65 4 79 19 18 47 11 15 21 7 29 0 68 11 80 84 72 75 16 22 86 93 64 16 6 39 92 65 55 8 73 27 43 22 90 49 70 26 4 0 10 80 71 26 92 3 20 36 45 17 97 5 67 31 85 27 32 75 95 89 98 7 93 31 63 16 11 33 23 
73 59 5 76 86 85 38 70 67 33 49 54 38 29 58 45 18 45 52 98 5 24 75 86 97 99 27 55 81 45 44 25 72 98 13 9 51 52 34 0 65 67 8 24 76 61 23 4 55 56 12 89 50 0 39 14 55 49 12 54 79 67 62 62 33 21 32 93 28 40 10 0 96 30 38 48 11 46 8 15 67 6 76 9 51 41 69 4 96 74 96 81 91 28 20 30 99 85 1 18 
36 69 80 59 59 45 67 85 53 9 80 40 84 48 76 99 49 15 48 58 95 14 91 77 9 56 56 24 5 75 1 39 72 41 22 63 33 91 34 98 71 85 8 38 45 16 68 45 13 24 1 86 78 39 73 55 84 38 25 46 77 79 55 49 76 22 9 97 93 89 80 96 0 54 76 59 77 41 67 23 19 13 19 60 76 94 61 29 75 32 78 88 76 0 47 46 39 54 7 61 
49 6 51 51 52 22 95 53 94 37 9 47 35 91 20 30 67 98 99 52 63 45 36 96 17 66 60 62 26 87 37 80 52 78 21 59 60 20 4 60 79 70 67 44 12 54 85 95 85 11 49 6 56 67 68 24 37 5 4 71 86 73 18 82 15 88 27 57 45 81 71 30 54 0 66 77 75 40 66 18 24 76 5 25 15 22 29 20 86 81 32 61 54 10 27 50 94 13 62 5 
36 68 33 71 4 79 57 16 76 61 5 81 34 51 38 58 17 11 37 36 59 22 48 26 63 39 54 56 46 76 76 70 44 23 29 30 23 63 80 47 20 26 15 32 95 81 31 38 15 19 54 47 66 8 79 23 81 18 2 4 36 41 62 42 38 77 10 52 33 7 26 38 76 66 0 40 94 22 27 0 76 35 83 53 53 69 32 30 12 13 50 53 87 6 15 81 87 23 77 94 
15 15 33 56 9 42 70 79 50 28 43 48 67 50 38 81 22 59 77 6 6 22 45 2 43 41 38 45 19 44 63 76 2 35 26 46 89 73 25 79 70 97 41 29 31 77 5 99 17 20 73 49 5 39 54 9 86 57 65 83 59 20 75 41 1 84 88 40 89 53 92 48 59 77 40 0 67 62 65 77 38 59 99 80 66 67 82 65 89 58 79 24 68 45 76 8 51 79 73 70 
50 30 60 24 25 87 74 65 33 54 20 51 48 58 34 58 53 97 40 91 0 26 64 63 22 14 75 65 65 73 72 27 21 4 95 52 14 81 9 30 16 85 6 79 19 18 19 49 56 23 60 82 87 91 94 70 4 44 48 58 40 6 39 99 97 40 22 40 29 7 3 11 77 75 94 67 0 96 58 67 2 71 29 39 95 36 61 18 27 5 37 67 24 29 94 86 61 65 53 80 
37 98 48 17 20 26 61 32 31 29 78 84 16 39 52 95 71 50 17 67 79 31 22 43 83 85 37 66 37 98 86 65 96 15 30 46 20 77 68 6 81 25 46 39 3 31 27 36 78 70 67 23 67 3 59 54 58 30 22 37 20 32 71 0 27 42 12 56 28 19 20 46 41 40 22 62 96 0 46 94 33 51 60 53 65 34 17 35 76 48 70 99 89 79 91 0 98 60 55 47 
55 36 63 86 9 19 84 99 86 17 65 43 93 17 93 50 54 71 68 5 77 68 36 44 5 82 87 51 56 20 59 72 75 25 41 83 89 97 50 13 11 31 79 55 16 97 39 24 41 17 20 47 66 1 90 62 46 7 34 47 61 46 87 9 23 23 94 29 80 39 36 8 67 66 27 65 58 46 0 46 80 96 71 87 45 10 23 56 74 14 1 78 17 77 72 28 89 54 96 30 
72 8 59 3 27 75 24 68 52 85 23 5 30 61 32 89 87 43 54 44 37 4 32 99 59 24 36 8 51 42 67 22 12 84 88 82 43 15 44 75 88 5 27 5 61 68 93 23 55 74 6 15 70 37 62 73 86 51 9 69 17 86 36 21 92 54 77 54 27 92 45 15 23 18 0 77 67 94 46 0 35 4 23 95 12 49 8 87 0 37 50 96 60 53 67 36 45 99 63 40 
45 99 74 70 92 76 91 86 55 16 32 77 58 12 68 30 6 72 64 91 64 28 18 32 15 40 72 67 20 3 87 96 79 28 72 82 15 3 76 80 37 98 31 88 74 34 25 36 60 67 19 32 14 54 8 99 49 30 33 93 93 33 5 19 91 25 16 52 76 73 17 67 19 24 76 38 2 33 80 35 0 46 68 54 64 39 79 36 53 16 57 60 7 49 90 32 65 35 53 64 
46 35 76 92 32 3 16 55 88 71 19 65 6 43 3 34 67 62 62 40 87 57 93 22 14 60 92 19 33 10 54 0 8 23 27 89 77 85 38 56 1 14 67 48 77 4 93 90 98 77 99 64 67 7 87 93 65 80 46 2 10 13 82 96 84 55 31 42 73 8 97 6 13 76 35 59 71 51 96 4 46 0 35 95 4 89 35 1 44 52 49 31 95 53 28 48 61 95 98 73 
16 11 61 78 27 27 25 28 26 79 48 91 38 5 47 86 64 90 77 58 98 96 42 47 36 84 77 15 25 84 91 90 70 49 5 56 18 44 72 90 98 28 71 57 37 80 25 76 59 60 85 77 2 10 98 88 87 99 92 6 23 33 9 20 57 14 20 16 3 60 5 76 19 5 83 99 29 60 71 23 68 35 0 8 99 34 25 50 22 0 68 99 82 52 94 69 30 59 10 2 
63 13 49 23 32 77 30 44 67 63 72 30 80 86 39 47 28 20 92 84 16 52 89 90 69 24 11 89 35 74 32 82 37 16 79 90 19 9 38 62 13 31 72 21 70 42 92 51 92 45 31 98 37 47 67 73 47 60 49 87 13 96 2 75 11 96 66 37 6 33 67 9 60 25 53 80 39 53 87 95 54 95 8 0 20 64 9 8 23 71 15 77 74 29 2 28 14 16 65 43 
11 74 8 81 90 8 19 16 36 22 41 9 63 55 71 78 81 20 16 46 11 46 75 39 30 31 8 53 89 71 75 22 33 2 52 69 29 63 45 35 71 26 7 67 13 43 25 42 54 40 95 3 70 43 26 12 63 97 13 17 93 69 20 33 92 73 32 2 43 4 31 51 76 15 53 66 95 65 45 12 64 4 99 20 0 58 31 56 74 91 0 13 2 57 93 93 74 82 81 35 
12 13 56 71 21 45 91 19 14 11 28 21 11 78 84 54 73 4 4 36 94 2 48 19 35 47 96 64 42 42 14 73 26 82 96 52 61 31 73 51 54 98 87 14 17 25 27 22 44 97 0 48 71 53 93 51 48 51 73 54 34 80 87 12 56 47 63 68 63 16 85 41 94 22 69 67 36 34 10 49 39 89 34 64 58 0 43 16 76 96 6 17 38 73 16 23 35 85 91 59 
66 59 29 9 62 0 14 84 52 60 82 8 57 13 69 17 53 63 74 62 33 67 71 55 68 91 82 69 53 63 14 47 38 39 39 95 5 87 51 68 96 47 3 86 97 71 15 37 94 42 39 86 5 59 5 55 72 69 25 7 59 46 19 45 5 86 30 73 30 50 27 69 61 29 32 82 61 17 23 8 79 35 25 9 31 43 0 43 49 96 25 28 36 20 39 82 45 20 3 42 
69 61 2 86 46 64 43 25 42 59 60 40 58 43 60 20 51 95 68 17 25 66 94 84 45 37 61 15 59 89 42 8 70 70 98 65 72 86 5 79 34 2 13 9 62 49 41 18 27 34 99 97 60 30 75 31 43 35 15 80 51 69 26 72 0 47 95 25 91 67 32 4 29 20 30 65 18 35 56 87 36 1 50 8 56 16 43 0 47 19 74 81 46 31 85 62 17 74 66 7 
14 86 74 60 56 51 0 9 88 20 16 19 58 5 97 41 55 71 37 35 60 97 32 90 43 20 60 3 51 95 45 46 1 79 24 78 7 45 1 50 90 27 57 62 65 55 82 5 28 48 29 21 11 20 41 20 24 30 8 28 5 15 75 46 69 42 83 32 98 5 75 96 75 86 12 89 27 76 74 0 53 44 22 23 74 76 49 47 0 21 75 70 98 95 17 76 67 35 71 61 
92 74 18 99 69 99 87 49 15 39 63 16 50 25 92 53 28 4 43 31 37 25 56 88 10 89 84 25 46 77 62 71 75 52 61 6 18 11 85 27 17 40 16 0 72 76 88 69 2 8 56 60 20 40 81 17 41 56 70 27 40 56 31 56 12 0 43 82 56 81 95 74 32 81 13 58 5 48 14 37 16 52 0 71 91 96 96 19 21 0 78 15 75 18 22 71 22 50 84 17 
47 11 49 23 6 2 28 19 77 6 76 40 95 2 37 76 44 69 24 75 3 11 50 96 41 43 22 30 16 94 46 24 90 24 34 7 18 44 41 85 58 65 59 36 58 81 83 62 98 35 7 10 88 73 56 69 18 68 2 64 27 81 5 68 36 25 18 33 23 21 89 96 78 32 50 79 37 70 1 50 57 49 68 15 0 6 25 74 75 78 0 4 97 11 74 38 93 13 38 49 
68 15 12 42 16 65 3 70 59 14 4 59 60 0 17 23 68 91 6 52 35 24 83 92 1 51 31 77 57 71 21 47 47 30 93 53 94 14 1 73 2 9 27 30 76 93 78 75 15 71 44 51 87 19 31 3 50 46 24 29 20 3 17 34 12 98 65 41 47 97 98 81 88 61 53 24 67 99 78 96 60 31 99 77 13 17 28 81 70 15 4 0 86 26 9 8 83 55 71 31 
64 89 9 21 41 29 54 26 12 42 23 94 16 64 20 32 99 39 48 20 62 95 56 32 72 37 85 39 50 3 38 7 87 10 12 87 66 45 70 2 51 4 95 27 47 29 93 44 34 75 24 35 93 33 37 43 1 3 38 64 18 81 95 4 14 4 63 22 52 80 7 91 76 54 87 68 24 89 17 60 7 95 82 74 2 38 36 46 98 75 97 86 0 62 29 44 12 82 79 4 
62 37 31 76 25 47 67 18 93 9 26 45 69 39 82 59 21 89 58 95 23 26 38 2 46 98 91 78 7 50 89 89 60 84 35 6 73 51 23 6 69 83 69 4 74 46 49 16 67 86 47 66 57 40 50 81 88 92 9 15 59 42 42 44 99 69 85 88 79 33 93 28 0 10 6 45 29 79 77 53 49 53 52 29 57 73 20 31 95 18 11 26 62 0 11 44 70 74 23 15 
24 69 54 1 49 98 96 72 26 22 58 42 37 94 68 39 13 37 60 94 93 31 56 25 79 69 35 92 86 98 70 68 29 0 40 0 75 51 43 37 85 0 1 33 13 57 93 2 20 11 77 44 20 16 69 57 47 62 36 97 9 69 32 0 43 33 53 1 96 44 31 20 47 27 15 76 94 91 72 67 90 28 94 2 93 16 39 85 17 22 74 9 29 11 0 29 44 39 3 89 
4 83 85 74 67 60 24 50 12 62 77 64 8 84 42 2 54 68 84 29 37 52 85 7 86 56 38 14 54 13 45 29 3 44 41 34 11 50 95 33 49 86 3 34 28 46 72 96 13 76 10 22 52 23 18 42 49 56 90 17 30 44 39 87 28 80 43 52 79 52 63 30 46 50 81 8 86 0 28 36 32 48 69 28 93 23 82 62 76 71 38 8 44 44 29 0 64 7 45 39 
36 85 58 53 78 59 89 93 17 90 82 10 47 64 87 26 64 20 37 42 12 42 65 56 76 70 47 34 52 22 83 63 16 41 78 38 38 8 27 8 37 69 88 12 10 46 51 22 93 38 10 78 37 40 95 22 59 45 45 43 42 36 91 67 4 24 74 32 41 69 16 99 39 94 87 51 61 98 89 45 65 61 30 14 74 35 45 17 67 22 93 83 12 70 44 64 0 49 75 96 
37 50 22 35 89 58 42 13 30 43 37 35 62 12 50 86 42 47 8 79 20 3 70 65 27 82 1 80 33 12 77 19 88 36 64 31 27 67 2 42 38 57 27 98 97 48 42 38 62 22 74 14 63 51 36 22 21 32 14 45 1 81 10 77 51 74 17 43 20 69 11 85 54 13 23 79 65 60 54 99 35 95 59 16 82 85 20 74 35 50 13 55 82 74 39 7 49 0 71 93 
17 86 40 13 38 81 3 13 30 97 64 68 21 84 63 63 80 24 24 15 36 83 71 34 86 34 54 30 16 82 55 90 9 52 7 15 12 32 18 20 71 17 14 61 15 48 96 49 46 33 36 77 3 49 22 32 32 82 33 14 64 14 76 47 9 22 89 68 17 77 33 1 7 62 77 73 53 55 96 63 53 98 10 65 81 91 3 66 71 84 38 71 79 23 3 45 75 71 0 6 
46 25 39 6 72 60 61 44 73 92 34 61 60 27 14 31 33 67 86 20 44 78 38 97 91 72 32 51 25 77 17 96 13 13 24 20 24 22 65 20 50 39 39 71 90 41 37 46 59 65 20 3 13 59 48 71 44 43 18 79 77 59 42 59 33 48 48 39 45 76 23 18 61 5 94 70 80 47 30 40 64 73 2 43 35 59 42 7 61 17 49 31 4 15 89 39 96 93 6 0 
0 72 37 34 48 14 82 89 71 99 38 92 73 44 99 86 94 61 39 17 13 36 41 96 77 38 28 30 81 87 66 93 80 69 95 15 34 32 58 51 42 30 1 43 7 13 81 77 25 42 62 1 33 67 28 2 91 79 91 19 89 80 8 54 33 19 56 94 35 78 82 3 61 42 42 72 5 76 44 71 70 88 87 47 6 76 27 10 61 69 51 29 54 7 6 59 55 55 22 53 
72 0 71 49 30 97 65 53 2 31 73 29 87 27 94 96 16 92 44 8 14 39 44 37 83 81 31 51 69 56 8 80 22 77 61 83 56 49 5 69 67 14 56 82 41 14 90 87 78 95 81 81 10 66 7 51 87 85 30 21 32 28 94 88 53 18 10 1 91 32 45 55 64 16 27 14 60 64 31 63 73 93 83 87 33 79 38 73 0 60 8 20 50 6 81 7 12 32 95 41 
37 71 0 25 64 29 2 35 59 29 4 80 63 79 7 5 0 70 69 62 11 34 99 42 14 9 63 92 20 71 18 16 95 91 40 52 41 76 65 8 87 40 5 67 30 1 40 4 15 44 66 63 7 10 13 27 37 21 77 94 64 40 78 58 29 56 1 62 58 41 34 98 23 2 60 34 90 2 22 46 53 26 5 81 0 64 97 20 59 80 10 14 73 15 4 47 71 5 96 54 
34 49 25 0 66 30 56 16 0 17 97 78 38 34 79 68 71 33 42 68 93 34 83 41 87 96 51 35 25 93 6 62 80 65 28 73 82 56 89 62 0 60 94 20 59 19 23 75 63 24 90 56 6 96 7 37 20 11 95 13 51 53 9 99 20 3 47 90 31 20 40 44 9 42 82 64 22 73 48 86 63 71 20 81 46 66 65 55 41 43 37 10 27 63 17 78 57 43 68 76 
48 30 64 66 0 45 41 15 80 99 9 52 69 42 55 84 97 11 76 36 76 44 17 28 61 40 71 90 92 66 75 80 15 50 26 78 57 98 82 16 93 93 54 33 5 89 90 86 20 16 44 7 63 22 33 3 29 40 44 2 74 53 34 73 55 85 25 50 91 52 18 54 69 95 72 53 47 18 59 8 39 87 62 41 30 16 16 58 31 99 90 81 61 66 75 18 50 20 30 55 
14 97 29 30 45 0 43 50 15 27 68 88 15 48 61 42 36 45 94 49 39 79 63 69 50 15 14 83 4 32 84 16 28 87 18 3 85 43 53 60 71 29 79 15 8 27 81 32 36 19 82 53 1 27 36 24 74 84 2 86 69 1 13 45 75 7 0 19 74 16 89 21 42 61 98 77 43 34 47 32 63 1 28 48 74 61 50 47 38 97 63 80 94 36 41 47 54 88 89 38 
82 65 2 56 41 43 0 75 4 4 59 54 60 88 7 61 28 98 59 52 29 37 8 75 30 99 23 71 79 69 75 17 1 95 5 96 20 28 43 41 18 97 23 27 53 62 14 20 53 42 10 24 36 91 48 13 23 13 91 23 0 77 13 70 14 25 90 68 11 63 12 89 2 13 88 83 22 1 6 62 73 19 14 61 94 21 95 61 12 80 64 44 19 52 38 79 31 54 79 79 
89 53 35 16 15 50 75 0 27 73 82 39 69 71 40 35 9 28 8 61 46 64 83 46 43 50 33 97 68 61 77 7 27 59 80 48 73 21 9 75 80 3 97 23 95 31 74 36 35 94 72 24 26 20 6 1 98 3 79 33 50 18 66 13 18 87 26 36 22 53 24 57 54 80 69 52 25 10 5 0 51 26 21 81 91 0 46 55 53 22 62 68 10 64 0 26 44 33 4 64 
71 2 59 0 80 15 4 27 0 47 10 89 70 22 15 81 86 73 40 26 10 44 86 77 64 91 11 69 97 33 64 44 90 47 70 39 16 28 11 72 77 61 44 97 88 1 6 79 41 51 86 49 49 92 79 88 44 66 81 42 69 46 71 25 42 30 7 6 72 16 3 27 1 20 47 28 49 3 30 35 6 33 60 39 38 14 98 43 49 82 17 37 22 46 63 6 89 93 61 52 
99 31 29 17 99 27 4 73 47 0 88 59 15 81 91 28 6 77 63 1 47 1 6 53 0 9 44 56 29 83 16 36 19 20 22 3 61 26 70 39 56 91 52 89 58 52 76 46 42 46 82 42 18 28 98 88 62 3 11 78 66 64 80 66 78 43 70 66 77 35 64 15 91 71 30 86 94 66 68 52 18 33 71 42 62 35 53 31 64 97 1 41 88 93 25 27 43 20 46 60 
38 73 4 97 9 68 59 82 10 88 0 26 64 47 6 59 35 31 55 21 92 67 37 41 90 3 99 0 52 90 56 7 3 22 57 97 10 77 17 85 94 99 83 26 50 31 13 73 39 53 18 60 86 47 8 82 56 3 26 45 73 7 30 55 78 20 93 62 27 98 46 70 47 51 28 21 62 31 80 21 58 4 53 59 79 29 61 52 58 35 66 38 35 44 47 6 37 24 22 77 
92 29 80 78 52 88 54 39 89 59 26 0 83 58 13 46 27 4 45 31 99 16 45 73 85 58 89 30 46 39 52 6 30 57 42 19 39 64 37 93 29 24 25 92 45 39 27 0 68 18 5 6 67 46 99 54 18 69 75 65 7 17 22 98 67 66 62 74 23 6 10 73 71 77 63 35 5 34 84 18 98 93 1 73 95 94 65 41 79 57 94 73 55 61 86 31 3 67 87 93 
73 87 63 38 69 15 60 69 70 15 64 83 0 33 19 20 56 60 7 55 36 51 14 45 93 8 46 36 90 74 16 81 75 48 55 28 91 24 13 0 27 60 23 65 22 91 33 74 86 96 43 74 94 6 15 47 46 84 28 47 34 61 29 54 94 17 42 72 83 47 10 14 6 55 48 75 49 24 60 74 56 24 95 85 54 48 67 35 59 26 77 96 72 41 44 62 10 9 77 62 
44 27 79 34 42 48 88 71 22 81 47 58 33 0 46 32 23 95 1 0 89 36 73 19 11 70 52 88 93 11 47 37 19 46 82 10 63 70 63 1 32 16 60 91 84 27 76 63 58 3 64 22 87 87 69 25 80 95 84 32 3 52 56 10 12 86 48 66 6 37 88 98 79 40 87 91 9 50 55 68 40 43 86 37 74 44 20 95 84 70 2 52 69 85 46 27 66 72 88 36 
99 94 7 79 55 61 7 40 15 91 6 13 19 46 0 53 25 76 83 81 26 54 84 80 55 98 72 26 9 4 8 69 54 28 50 48 61 70 95 12 49 52 27 43 28 5 24 82 96 51 58 45 30 67 86 1 17 73 89 42 55 61 73 18 33 9 93 77 69 87 95 35 75 98 44 20 28 56 49 44 54 92 39 47 91 96 44 78 7 41 47 69 4 9 97 61 67 6 11 80 
86 96 5 68 84 42 61 35 81 28 59 46 20 32 53 0 8 27 92 54 7 93 84 97 24 26 61 32 78 41 13 56 29 77 42 91 53 62 95 10 88 37 63 6 33 32 57 74 65 35 11 36 93 27 55 96 14 29 23 49 28 66 23 87 13 70 64 56 16 98 80 0 86 20 69 25 98 60 16 62 83 42 13 63 38 13 69 61 51 69 61 33 79 18 91 2 45 15 28 91 
94 16 0 71 97 36 28 9 86 6 35 27 56 23 25 8 0 92 49 9 49 34 42 54 66 61 74 81 98 38 78 34 23 54 3 32 99 18 64 58 41 75 84 97 65 73 78 81 73 81 0 76 82 18 88 7 72 21 0 79 69 32 92 65 97 69 62 6 91 69 48 19 62 94 29 57 1 25 16 42 98 2 0 95 56 81 56 93 72 8 66 89 86 86 0 81 1 90 84 93 
61 92 70 33 11 45 98 28 73 77 31 4 60 95 76 27 92 0 22 39 9 2 96 33 6 3 30 22 52 17 58 92 44 52 90 60 5 87 9 4 20 48 79 62 94 4 0 28 53 26 16 20 95 10 91 92 78 29 33 74 15 23 87 34 94 72 22 80 32 87 17 0 25 43 17 58 49 74 27 4 33 38 91 82 29 40 46 47 35 90 10 58 40 24 25 4 26 58 31 42 
39 44 69 42 76 94 59 8 40 63 55 45 7 1 83 92 49 22 0 52 69 53 6 56 16 7 33 14 57 94 35 30 70 21 78 89 88 9 46 47 36 54 91 55 87 98 16 89 30 3 60 52 89 40 32 56 70 36 9 52 90 30 20 71 52 54 89 12 14 75 98 48 34 3 78 14 38 21 16 17 8 4 71 43 92 42 37 73 30 41 21 72 94 94 82 87 19 34 5 44 
17 8 62 68 36 49 52 61 26 1 21 31 55 0 81 54 9 39 52 0 78 97 87 17 20 22 77 22 93 16 30 1 16 62 48 48 31 71 71 99 41 76 0 5 70 87 82 24 0 55 40 64 23 92 34 16 87 28 3 8 57 19 92 27 60 57 78 97 69 22 93 80 18 25 75 65 50 18 3 9 66 57 59 28 81 6 39 68 4 4 48 30 55 34 6 11 94 66 46 9 
13 14 11 93 76 39 29 46 10 47 92 99 36 89 26 7 49 9 69 78 0 44 96 9 65 24 9 33 75 34 27 0 94 57 93 66 31 30 32 77 18 6 73 90 82 40 46 77 44 64 49 86 75 89 68 27 68 13 24 63 25 37 58 34 80 0 16 52 75 10 46 43 32 54 65 23 3 9 12 56 9 17 85 61 33 14 85 25 95 28 63 90 53 15 20 83 27 26 28 61 
36 39 34 34 44 79 37 64 44 1 67 16 51 36 54 93 34 2 53 97 44 0 81 95 64 94 33 95 26 85 30 93 39 15 13 61 66 20 13 27 65 68 43 30 50 75 73 24 13 17 71 83 21 14 80 44 58 53 21 2 4 77 92 44 12 79 91 44 77 21 83 27 51 78 60 30 33 51 35 44 36 56 43 27 85 16 40 14 87 24 41 86 71 78 33 82 57 9 51 49 
41 44 99 83 17 63 8 83 86 6 37 45 14 73 84 84 42 96 6 87 96 81 0 67 72 47 95 3 91 99 20 77 93 88 68 70 82 23 50 64 19 70 36 67 93 31 16 69 52 70 83 5 17 23 84 44 54 41 70 32 4 83 28 81 13 31 49 64 82 65 97 16 51 14 11 59 79 10 19 48 37 44 39 95 74 89 64 8 92 19 90 49 40 3 50 17 91 54 92 12 
96 37 42 41 28 69 75 46 77 53 41 73 45 19 80 97 54 33 56 17 9 95 67 0 84 13 61 13 3 13 61 59 21 87 73 36 53 39 42 17 65 43 66 26 35 1 77 27 6 25 81 2 32 95 63 74 96 91 79 94 99 27 44 35 37 17 67 73 56 21 64 64 88 57 27 51 56 90 58 50 18 74 1 18 44 12 60 40 63 86 77 26 96 12 72 4 10 13 85 88 
77 83 14 87 61 50 30 43 64 0 90 85 93 11 55 24 66 6 16 20 65 64 72 84 0 94 56 94 26 78 3 18 80 11 22 38 89 47 33 10 44 45 75 54 46 7 72 71 44 67 88 19 20 57 21 3 66 62 59 15 28 35 20 38 67 55 44 81 72 51 86 96 89 57 22 87 51 32 36 57 70 53 12 53 61 62 81 23 83 40 19 55 7 32 36 23 46 50 67 8 
38 81 9 96 40 15 99 50 91 9 3 58 8 70 98 26 61 3 7 22 24 94 47 13 94 0 34 49 78 25 50 10 45 51 34 89 62 3 5 80 58 27 26 93 98 23 96 43 17 15 47 55 57 28 5 20 5 83 94 46 52 88 2 4 47 94 56 14 45 76 56 44 79 53 18 33 10 93 32 50 67 55 63 1 64 51 63 50 54 93 21 23 11 73 56 50 16 84 5 7 
28 31 63 51 71 14 23 33 11 44 99 89 46 52 72 61 74 30 33 77 9 33 95 61 56 34 0 57 23 48 19 49 59 6 62 46 7 90 70 64 33 63 76 7 30 55 32 17 70 3 91 61 6 64 16 95 17 29 47 52 56 58 85 51 98 16 6 24 66 39 30 3 32 83 99 35 2 27 31 31 16 71 10 23 7 52 62 12 56 91 36 31 24 90 68 62 84 23 98 6 
30 51 92 35 90 83 71 97 69 56 0 30 36 88 26 32 81 22 14 22 33 95 3 13 94 49 57 0 54 67 69 73 1 12 44 97 9 95 67 65 53 28 91 7 13 85 68 25 20 75 50 16 76 59 57 54 32 32 13 32 83 24 21 70 9 13 76 22 14 84 42 6 63 86 69 85 32 22 24 94 74 28 64 48 22 10 67 36 69 71 21 62 96 92 71 39 27 59 95 89 
81 69 20 25 92 4 79 68 97 29 52 46 90 93 9 78 98 52 57 93 75 26 91 3 26 78 23 54 0 88 18 21 5 62 80 27 19 55 91 46 82 55 90 77 79 72 3 31 47 7 71 83 21 35 71 32 99 10 11 4 62 31 82 61 57 11 51 82 59 17 51 9 55 79 24 16 72 73 63 36 27 12 87 78 41 87 25 40 73 97 67 15 76 32 40 70 90 27 54 22 
87 56 71 93 66 32 69 61 33 83 90 39 74 11 4 41 38 17 94 16 34 85 99 13 78 25 48 67 88 0 82 30 45 82 82 23 45 96 57 79 58 60 88 36 85 13 28 20 95 45 14 38 58 5 10 24 24 35 26 97 13 92 16 84 50 65 74 48 64 50 61 37 85 91 87 73 50 78 84 30 45 43 39 58 65 29 37 77 79 43 13 41 2 22 96 19 1 75 2 44 
66 8 18 6 75 84 75 77 64 16 56 52 16 47 8 13 78 58 35 30 27 30 20 61 3 50 19 69 18 82 0 82 41 23 68 70 6 22 99 40 10 53 50 55 37 98 71 63 1 29 49 44 11 87 53 51 16 24 45 51 72 92 0 87 86 65 49 55 98 84 48 7 73 71 80 7 75 57 74 90 1 32 43 12 30 52 83 46 53 93 61 32 98 78 11 80 17 49 34 70 
93 80 16 62 80 16 17 7 44 36 7 6 81 37 69 56 34 92 30 1 0 93 77 59 18 10 49 73 21 30 82 0 67 21 61 84 41 99 81 62 74 13 65 1 63 62 4 11 84 99 83 97 15 93 29 92 70 74 24 51 92 45 93 71 53 60 13 18 19 53 11 98 65 37 53 3 88 32 49 67 77 17 18 30 59 58 98 77 85 31 42 20 37 75 67 89 70 65 69 13 
80 22 95 80 15 28 1 27 90 19 3 30 75 19 54 29 23 44 70 16 94 39 93 21 80 45 59 1 5 45 41 67 0 68 64 24 65 28 16 42 36 53 75 3 28 77 31 97 88 23 89 3 41 96 51 22 62 38 70 28 88 37 12 64 35 60 7 16 15 27 45 69 16 82 76 9 90 81 9 74 51 28 29 91 90 68 29 38 21 39 84 57 13 49 28 31 58 67 36 1 
69 77 91 65 50 87 95 59 47 20 22 57 48 46 28 77 54 52 21 62 57 15 88 87 11 51 6 12 62 82 23 21 68 0 71 1 18 47 51 25 26 38 1 58 22 87 20 57 48 50 81 83 41 42 42 60 61 13 7 44 90 32 29 38 59 77 17 33 2 61 9 80 46 61 37 71 36 88 77 16 60 12 19 87 70 74 85 98 40 29 83 2 87 69 29 86 84 24 58 55 
95 61 40 28 26 18 5 80 70 22 57 42 55 82 50 42 3 90 78 48 93 13 68 73 22 34 62 44 80 82 68 61 64 71 0 91 67 80 7 27 77 98 61 25 20 33 18 61 1 89 75 88 5 60 31 33 18 40 2 41 34 23 14 93 10 95 17 63 26 70 79 60 44 9 71 42 57 15 46 77 2 94 60 56 46 91 90 26 75 23 9 7 68 28 77 11 80 63 2 97 
15 83 52 73 78 3 96 48 39 3 97 19 28 10 48 91 32 60 89 48 66 61 70 36 38 89 46 97 27 23 70 84 24 1 91 0 38 43 4 20 75 15 32 59 3 62 29 65 28 12 70 48 70 1 74 5 47 26 8 22 62 26 29 95 51 48 17 19 6 73 62 85 63 79 11 95 78 68 93 24 40 62 96 42 39 92 55 71 33 78 30 80 37 22 80 84 51 99 76 42 
34 56 41 82 57 85 20 73 16 61 10 39 91 63 61 53 99 5 88 31 31 66 82 53 89 62 7 9 19 45 6 41 65 18 67 38 0 12 50 58 83 58 90 15 46 9 10 31 5 58 58 71 48 38 51 24 79 21 45 98 31 27 19 85 17 85 92 58 40 54 74 72 63 9 73 68 55 43 31 9 75 71 15 13 19 9 65 47 86 72 78 47 86 3 91 39 82 77 33 18 
32 49 76 56 98 43 28 21 28 26 77 64 24 70 70 62 18 87 9 71 30 20 23 39 47 3 90 95 55 96 22 99 28 47 80 43 12 0 89 76 85 93 92 52 76 13 25 8 71 93 63 36 29 77 22 33 26 24 2 63 37 61 93 57 24 78 81 62 83 74 23 1 32 92 34 96 26 54 70 0 40 12 8 97 7 6 68 87 70 8 97 93 60 44 55 94 30 33 71 23 
58 5 65 89 82 53 43 9 11 70 17 37 13 63 95 95 64 9 46 71 32 13 50 42 33 5 70 67 91 57 99 81 16 51 7 4 50 89 0 49 91 68 52 11 37 70 46 89 80 45 66 99 18 90 69 26 6 88 36 12 85 79 60 34 91 3 3 82 95 49 99 55 27 12 52 82 15 44 16 45 37 57 25 96 72 13 44 33 55 29 79 29 96 60 78 33 44 20 14 17 
51 69 8 62 16 60 41 75 72 39 85 93 0 1 12 10 58 4 47 99 77 27 64 17 10 80 64 65 46 79 40 62 42 25 27 20 58 76 49 0 36 67 35 87 62 81 89 95 26 56 81 29 71 47 69 3 77 35 90 67 89 95 79 33 98 66 45 3 65 29 85 45 58 45 27 4 59 83 63 51 35 69 25 69 37 9 98 66 40 98 55 36 67 43 19 77 83 38 8 5 
42 67 87 0 93 71 18 80 77 56 94 29 27 32 49 88 41 20 36 41 18 65 19 65 44 58 33 53 82 58 10 74 36 26 77 75 83 85 91 36 0 23 87 67 73 94 90 76 91 56 6 73 66 96 31 46 75 26 78 52 85 72 81 21 29 16 4 75 84 62 31 85 92 42 25 54 62 42 70 42 31 43 23 80 61 2 17 76 45 63 32 73 78 45 34 15 90 11 65 52 
30 14 40 60 93 29 97 3 61 91 99 24 60 16 52 37 75 48 54 76 6 68 70 43 45 27 63 28 55 60 53 13 53 38 98 15 58 93 68 67 23 0 97 30 32 90 49 22 56 67 40 6 22 77 73 80 13 81 97 44 62 74 0 54 14 78 91 15 25 79 24 32 56 64 66 92 17 4 0 70 7 53 75 13 39 35 81 79 94 49 73 17 94 56 7 18 71 94 11 9 
1 56 5 94 54 79 23 97 44 52 83 25 23 60 27 63 84 79 91 0 73 43 36 66 75 26 76 91 90 88 50 65 75 1 61 32 90 92 52 35 87 97 0 14 12 12 89 58 98 87 52 58 41 5 32 24 23 37 59 10 69 86 81 69 95 98 46 78 59 47 7 2 61 69 26 4 55 93 73 87 70 88 7 70 24 98 98 54 16 8 33 4 63 36 83 43 79 15 49 53 
43 82 67 20 33 15 27 23 97 89 26 92 65 91 43 6 97 62 55 5 90 30 67 26 54 93 7 7 77 36 55 1 3 58 25 59 15 52 11 87 67 30 14 0 40 12 9 83 84 61 24 37 35 39 58 89 48 16 43 52 26 40 60 78 32 37 98 14 45 33 0 4 55 26 30 68 2 64 17 47 11 47 87 69 93 33 48 40 84 85 56 92 99 47 35 24 90 8 65 94 
7 41 30 59 5 8 53 95 88 58 50 45 22 84 28 33 65 94 87 70 82 50 93 35 46 98 30 13 79 85 37 63 28 22 20 3 46 76 37 62 73 32 12 40 0 84 38 89 32 46 45 4 3 66 50 54 99 98 17 46 3 32 7 10 42 44 29 82 86 98 75 41 79 78 20 7 9 73 11 36 91 70 16 38 82 19 4 29 66 62 52 87 55 72 15 65 56 91 40 61 
13 14 1 19 89 27 62 31 1 52 31 39 91 27 5 32 73 4 98 87 40 75 31 1 7 23 55 85 72 13 98 62 77 87 33 62 9 13 70 81 94 90 12 12 84 0 11 90 37 93 81 54 69 19 52 98 53 22 26 58 50 87 25 15 58 14 17 71 94 18 89 61 29 19 56 36 35 75 53 5 18 78 49 56 13 34 15 44 53 95 60 21 10 36 51 62 4 56 25 75 
81 90 40 23 90 81 14 74 6 76 13 27 33 76 24 57 78 0 16 82 46 73 16 77 72 96 32 68 3 28 71 4 31 20 18 29 10 25 46 89 90 49 89 9 38 11 0 2 89 97 14 41 34 70 25 80 99 55 53 25 87 26 57 4 89 88 35 78 92 13 51 86 11 89 16 40 4 62 8 81 96 39 68 55 29 91 98 80 58 13 72 53 46 79 41 23 66 57 92 56 
77 87 4 75 86 32 20 36 79 46 73 0 74 63 82 74 81 28 89 24 77 24 69 27 71 43 17 25 31 20 63 11 97 57 61 65 31 8 89 95 76 22 58 83 89 90 2 0 86 70 40 33 87 15 63 18 39 1 51 91 36 11 34 77 19 98 89 70 67 68 96 73 60 66 27 10 36 95 30 6 46 90 97 90 35 22 56 77 28 48 67 96 90 90 61 99 96 89 48 31 
25 78 15 63 20 36 53 35 41 42 39 68 86 58 96 65 73 53 30 0 44 13 52 6 44 17 70 20 47 95 1 84 88 48 1 28 5 71 80 26 91 56 98 84 32 37 89 86 0 18 30 28 6 47 53 12 42 17 82 90 95 94 33 36 31 48 82 46 20 43 70 19 40 24 28 81 7 5 92 54 53 29 29 17 26 75 56 56 63 65 8 3 93 32 22 4 54 25 22 75 
42 95 44 24 16 19 42 94 51 46 53 18 96 3 51 35 81 26 3 55 64 17 70 25 67 15 3 75 7 45 29 99 23 50 89 12 58 93 45 56 56 67 87 61 46 93 97 70 18 0 36 14 96 7 42 72 40 76 73 4 14 26 70 54 47 49 26 15 39 0 38 8 0 99 82 20 12 86 95 75 33 12 71 98 81 57 42 96 43 29 39 74 37 60 73 60 84 60 76 96 
62 81 66 90 44 82 10 72 86 82 18 5 43 64 58 11 0 16 60 40 49 71 83 81 88 47 91 50 71 14 49 83 89 81 75 70 58 63 66 81 6 40 52 24 45 81 14 40 30 36 0 23 29 10 89 55 76 48 24 57 83 72 13 77 73 23 88 24 84 17 34 0 62 66 62 97 32 59 39 59 1 2 64 39 51 84 87 22 66 61 63 78 41 17 67 47 29 47 96 92 
1 81 63 56 7 53 24 24 49 42 60 6 74 22 45 36 76 20 52 64 86 83 5 2 19 55 61 16 83 38 44 97 3 83 88 48 71 36 99 29 73 6 58 37 4 54 41 33 28 14 23 0 65 56 87 7 98 59 64 76 11 50 56 87 63 44 20 77 3 17 61 12 53 99 53 97 2 87 76 84 40 43 42 53 51 19 22 81 6 80 82 83 79 41 60 81 64 6 60 8 
33 10 7 6 63 1 36 26 49 18 86 67 94 87 30 93 82 95 89 23 75 21 17 32 20 57 6 76 21 58 11 15 41 41 5 70 48 29 18 71 66 22 41 35 3 69 34 87 6 96 29 65 0 58 55 67 88 90 42 6 33 18 37 59 32 37 96 3 7 23 84 62 77 79 24 88 92 13 14 30 90 63 33 61 80 70 96 21 99 50 1 55 97 92 99 92 92 81 73 17 
67 66 10 96 22 27 91 20 92 28 47 46 6 87 67 27 18 10 40 92 89 14 23 95 57 28 64 59 35 5 87 93 96 42 60 1 38 77 90 47 96 77 5 39 66 19 70 15 47 7 10 56 58 0 24 66 4 49 65 7 62 83 86 24 56 55 69 24 22 24 46 32 65 55 34 22 88 96 77 91 36 24 52 5 7 62 79 55 21 33 13 81 33 98 74 25 53 25 9 9 
28 7 13 7 33 36 48 6 79 98 8 99 15 69 86 55 88 91 32 34 68 80 84 63 21 5 16 57 71 10 53 29 51 42 31 74 51 22 69 69 31 73 32 58 50 52 25 63 53 42 89 87 55 24 0 28 3 91 40 81 41 18 16 82 52 97 42 84 81 47 18 39 50 7 89 77 72 33 82 90 42 66 50 29 88 59 55 1 71 17 24 14 47 78 48 69 14 34 85 9 
2 51 27 37 3 24 13 1 88 88 82 54 47 25 1 96 7 92 56 16 27 44 44 74 3 20 95 54 32 24 51 92 22 60 33 5 24 33 26 3 46 80 24 89 54 98 80 18 12 72 55 7 67 66 28 0 19 31 97 14 56 2 79 60 70 8 43 41 49 52 90 19 1 1 13 28 2 84 12 15 43 11 2 96 64 42 9 49 77 46 1 37 93 51 64 28 64 76 2 32 
91 87 37 20 29 74 23 98 44 62 56 18 46 80 17 14 72 78 70 87 68 58 54 96 66 5 17 32 99 24 16 70 62 61 18 47 79 26 6 77 75 13 23 48 99 53 99 39 42 40 76 98 88 4 3 19 0 34 34 79 81 18 32 42 23 88 45 62 70 13 73 5 89 73 82 19 57 36 95 2 87 65 32 59 61 20 27 40 71 66 74 9 77 49 18 63 59 48 50 35 
79 85 21 11 40 84 13 3 66 3 3 69 84 95 73 29 21 29 36 28 13 53 41 91 62 83 29 32 10 35 24 74 38 13 40 26 21 24 88 35 26 81 37 16 98 22 55 1 17 76 48 59 90 49 91 31 34 0 1 19 25 58 39 28 27 12 8 29 3 11 44 62 52 9 85 31 31 68 24 81 70 8 20 1 40 9 43 60 35 5 3 28 28 22 20 23 45 62 14 74 
91 30 77 95 44 2 91 79 81 11 26 75 28 84 89 23 0 33 9 3 24 21 70 79 59 94 47 13 11 26 45 24 70 7 2 8 45 2 36 90 78 97 59 43 17 26 53 51 82 73 24 64 42 65 40 97 34 1 0 99 85 10 40 94 93 70 63 46 60 67 70 72 39 17 53 16 1 77 20 21 15 89 56 79 48 58 48 41 89 27 47 76 89 46 25 30 71 46 92 20 
19 21 94 13 2 86 23 33 42 78 45 65 47 32 42 49 79 74 52 8 63 2 32 94 15 46 52 32 4 97 51 51 28 44 41 22 98 63 12 67 52 44 10 52 46 58 25 91 90 4 57 76 6 7 81 14 79 19 99 0 15 11 53 75 2 68 2 23 98 26 12 53 14 42 47 68 29 6 94 13 10 23 61 53 77 4 24 71 18 19 15 3 54 13 72 19 88 75 90 11 
89 32 64 51 74 69 0 50 69 66 73 7 34 3 55 28 69 15 90 57 25 4 4 99 28 52 56 83 62 13 72 92 88 90 34 62 31 37 85 89 85 62 69 26 3 50 87 36 95 14 83 11 33 62 41 56 81 25 85 15 0 71 60 90 58 79 74 52 58 76 44 87 88 71 80 9 95 55 1 70 96 61 79 86 76 86 44 3 33 83 90 77 41 87 36 46 91 6 59 48 
80 28 40 53 53 1 77 18 46 64 7 17 61 52 61 66 32 23 30 19 37 77 83 27 35 88 58 24 31 92 92 45 37 32 23 26 27 61 79 95 72 74 86 40 32 87 26 11 94 26 72 50 18 83 18 2 18 58 10 11 71 0 30 54 60 59 65 5 67 75 67 52 3 71 34 48 31 83 49 35 98 53 10 77 5 95 62 57 90 13 49 83 45 76 67 2 20 18 88 97 
8 94 78 9 34 13 13 66 71 80 30 22 29 56 73 23 92 87 20 92 58 92 28 44 20 2 85 21 82 16 0 93 12 29 14 29 19 93 60 79 81 0 81 60 7 25 57 34 33 70 13 56 37 86 16 79 32 39 40 53 60 30 0 98 45 45 30 82 66 91 63 36 36 11 91 43 74 35 25 52 53 75 95 31 12 1 90 41 85 97 25 73 82 7 41 73 72 0 81 26 
54 88 58 99 73 45 70 13 25 66 55 98 54 10 18 87 65 34 71 27 34 44 81 35 38 4 51 70 61 84 87 71 64 38 93 95 85 57 34 33 21 54 69 78 10 15 4 77 36 54 77 87 59 24 82 60 42 28 94 75 90 54 98 0 73 14 43 51 21 61 27 6 84 10 35 32 84 33 11 81 32 42 39 53 27 48 77 90 84 71 42 12 68 99 57 26 3 55 85 98 
33 53 29 20 55 75 14 18 42 78 78 67 94 12 33 13 97 94 52 60 80 12 13 37 67 47 98 9 57 50 86 53 35 59 10 51 17 24 91 98 29 14 95 32 42 58 89 19 31 47 73 63 32 56 52 70 23 27 93 2 58 60 45 73 0 77 76 67 67 38 73 69 5 75 7 28 13 29 56 77 43 73 29 19 86 11 17 80 49 84 86 44 53 27 4 19 32 59 21 48 
19 18 56 3 85 7 25 87 30 43 20 66 17 86 9 70 69 72 54 57 0 79 31 17 55 94 16 13 11 65 65 60 60 77 95 48 85 78 3 66 16 78 98 37 44 14 88 98 48 49 23 44 37 55 97 8 88 12 70 68 79 59 45 14 77 0 36 71 16 64 45 23 96 46 93 17 21 24 91 63 65 79 46 12 56 17 42 11 60 56 23 2 4 21 51 16 72 81 84 40 
56 10 1 47 25 0 90 26 7 70 93 62 42 48 93 64 62 22 89 78 16 91 49 67 44 56 6 76 51 74 49 13 7 17 17 17 92 81 3 45 4 91 46 98 29 17 35 89 82 26 88 20 96 69 42 43 45 8 63 2 74 65 30 43 76 36 0 36 21 77 89 64 38 45 10 66 47 60 46 6 21 6 49 41 85 44 80 43 49 99 5 82 52 36 25 62 36 10 39 73 
94 1 62 90 50 19 68 36 6 66 62 74 72 66 77 56 6 80 12 97 52 44 64 73 81 14 24 22 82 48 55 18 16 33 63 19 58 62 82 3 75 15 78 14 82 71 78 70 46 15 24 77 3 24 84 41 62 29 46 23 52 5 82 51 67 71 36 0 89 34 84 99 39 89 32 73 24 0 53 11 58 34 13 92 69 64 14 22 49 27 20 75 98 49 41 97 49 73 49 98 
35 91 58 31 91 74 11 22 72 77 27 23 83 6 69 16 91 32 14 69 75 77 82 56 72 45 66 14 59 64 98 19 15 2 26 6 40 83 95 65 84 25 59 45 86 94 92 67 20 39 84 3 7 22 81 49 70 3 60 98 58 67 66 21 67 16 21 89 0 49 19 70 55 67 57 10 84 28 63 15 69 75 36 88 9 12 3 26 14 25 34 12 58 27 70 60 89 48 41 12 
78 32 41 20 52 16 63 53 16 35 98 6 47 37 87 98 69 87 75 22 10 21 65 21 51 76 39 84 17 50 84 53 27 61 70 73 54 74 49 29 62 79 47 33 98 18 13 68 43 0 17 17 23 24 47 52 13 11 67 26 76 75 91 61 38 64 77 34 49 0 82 73 86 97 62 74 50 36 92 61 12 7 4 3 35 35 83 24 39 8 53 50 56 48 90 53 66 72 25 66 
82 45 34 40 18 89 12 24 3 64 46 10 10 88 95 80 48 17 98 93 46 83 97 64 86 56 30 42 51 61 48 11 45 9 79 62 74 23 99 85 31 24 7 0 75 89 51 96 70 38 34 61 84 46 18 90 73 44 70 12 44 67 63 27 73 45 89 84 19 82 0 21 43 34 51 41 46 22 78 34 3 90 97 1 7 42 1 18 64 91 19 3 8 12 86 19 29 60 50 69 
3 55 98 44 54 21 89 57 27 15 70 73 14 98 35 0 19 0 48 80 43 27 16 64 96 44 3 6 9 37 7 98 69 80 60 85 72 1 55 45 85 32 2 4 41 61 86 73 19 8 0 12 62 32 39 19 5 62 72 53 87 52 36 6 69 23 64 99 70 73 21 0 54 65 1 95 74 59 42 62 20 82 58 15 44 64 61 48 61 66 56 62 55 43 22 36 87 73 56 52 
61 64 23 9 69 42 2 54 1 91 47 71 6 79 75 86 62 25 34 18 32 51 51 88 89 79 32 63 55 85 73 65 16 46 44 63 63 32 27 58 92 56 61 55 79 29 11 60 40 0 62 53 77 65 50 1 89 52 39 14 88 3 36 84 5 96 38 39 55 86 43 54 0 75 45 60 56 57 79 19 59 97 93 86 68 50 34 49 68 92 14 43 30 51 89 57 5 81 91 79 
42 16 2 42 95 61 13 80 20 71 51 77 55 40 98 20 94 43 3 25 54 78 14 57 57 53 83 86 79 91 71 37 82 61 9 79 9 92 12 45 42 64 69 26 78 19 89 66 24 99 66 99 79 55 7 1 73 9 17 42 71 71 11 10 75 46 45 89 67 97 34 65 75 0 66 67 42 99 66 21 30 47 69 95 2 73 42 97 86 20 70 17 45 20 67 37 84 12 99 30 
42 27 60 82 72 98 88 69 47 30 28 63 48 87 44 69 29 17 78 75 65 60 11 27 22 18 99 69 24 87 80 53 76 37 71 11 73 34 52 27 25 66 26 30 20 56 16 27 28 82 62 53 24 34 89 13 82 85 53 47 80 34 91 35 7 93 10 32 57 62 51 1 45 66 0 23 87 12 74 75 29 36 48 44 96 39 32 32 24 38 21 62 34 5 2 0 57 29 2 28 
72 14 34 64 53 77 83 52 28 86 21 35 75 91 20 25 57 58 14 65 23 30 59 51 87 33 35 85 16 73 7 3 9 71 42 95 68 96 82 4 54 92 4 68 7 36 40 10 81 20 97 97 88 22 77 28 19 31 16 68 9 48 43 32 28 17 66 73 10 74 41 95 60 67 23 0 79 4 15 94 30 93 61 25 17 46 58 74 89 71 92 0 10 16 6 91 93 24 52 16 
5 60 90 22 47 43 22 25 49 94 62 5 49 9 28 98 1 49 38 50 3 33 79 56 51 10 2 32 72 50 75 88 90 36 57 78 55 26 15 59 62 17 55 2 9 35 4 36 7 12 32 2 92 88 72 2 57 31 1 29 95 31 74 84 13 21 47 24 84 50 46 74 56 42 87 79 0 84 99 47 88 34 17 36 79 87 23 78 55 18 57 13 78 63 25 24 88 60 31 79 
76 64 2 73 18 34 1 10 3 66 31 34 24 50 56 60 25 74 21 18 9 51 10 90 32 93 27 22 73 78 57 32 81 88 15 68 43 54 44 83 42 4 93 64 73 75 62 95 5 86 59 87 13 96 33 84 36 68 77 6 55 83 35 33 29 24 60 0 28 36 22 59 57 99 12 4 84 0 51 38 23 4 37 68 70 7 80 84 89 2 81 56 7 17 5 38 91 23 91 63 
44 31 22 48 59 47 6 5 30 68 80 84 60 55 49 16 16 27 16 3 12 35 19 58 36 32 31 24 63 84 74 49 9 77 46 93 31 70 16 63 70 0 73 17 11 53 8 30 92 95 39 76 14 77 82 12 95 24 20 94 1 49 25 11 56 91 46 53 63 92 78 42 79 66 74 15 99 51 0 76 55 40 65 74 37 92 19 1 57 2 18 71 57 72 44 39 59 21 65 0 
71 63 46 86 8 32 62 0 35 52 21 18 74 68 44 62 42 4 17 9 56 44 48 50 57 50 31 94 36 30 90 67 74 16 77 24 9 0 45 51 42 70 87 47 36 5 81 6 54 75 59 84 30 91 90 15 2 81 21 13 70 35 52 81 77 63 6 11 15 61 34 62 19 21 75 94 47 38 76 0 41 50 57 61 89 52 74 55 72 55 80 36 62 62 13 16 35 3 27 1 
70 73 53 63 39 63 73 51 6 18 58 98 56 40 54 83 98 33 8 66 9 36 37 18 70 67 16 74 27 45 1 77 51 60 2 40 75 40 37 35 31 7 70 11 91 18 96 46 53 33 1 40 90 36 42 43 87 70 15 10 96 98 53 32 43 65 21 58 69 12 3 20 59 30 29 30 88 23 55 41 0 76 78 47 38 57 22 81 10 20 80 99 1 53 30 20 73 91 78 85 
88 93 26 71 87 1 19 26 33 33 4 93 24 43 92 42 2 38 4 57 17 56 44 74 53 55 71 28 12 43 32 17 28 12 94 62 71 12 57 69 43 53 88 47 70 78 39 90 29 12 2 43 63 24 66 11 65 8 89 23 61 53 75 42 73 79 6 34 75 7 90 82 97 47 36 93 34 4 40 50 76 0 10 93 57 26 80 43 61 97 72 79 72 82 94 44 71 46 38 94 
87 83 5 20 62 28 14 21 60 71 53 1 95 86 39 13 0 91 71 59 85 43 39 1 12 63 10 64 87 39 43 18 29 19 60 96 15 8 25 25 23 75 7 87 16 49 68 97 29 71 64 42 33 52 50 2 32 20 56 61 79 10 95 39 29 46 49 13 36 4 97 58 93 69 48 61 17 37 65 57 78 10 0 30 56 65 74 44 8 47 61 49 60 8 24 51 88 95 17 84 
47 87 81 81 41 48 61 81 39 42 59 73 85 37 47 63 95 82 43 28 61 27 95 18 53 1 23 48 78 58 12 30 91 87 56 42 13 97 96 69 80 13 70 69 38 56 55 90 17 98 39 53 61 5 29 96 59 1 79 53 86 77 31 53 19 12 41 92 88 3 1 15 86 95 44 25 36 68 74 61 47 93 30 0 69 30 6 0 79 58 73 87 30 33 49 52 87 2 62 3 
6 33 0 46 30 74 94 91 38 62 79 95 54 74 91 38 56 29 92 81 33 85 74 44 61 64 7 22 41 65 30 59 90 70 46 39 19 7 72 37 61 39 24 93 82 13 29 35 26 81 51 51 80 7 88 64 61 40 48 77 76 5 12 27 86 56 85 69 9 35 7 44 68 2 96 17 79 70 37 89 38 57 56 69 0 31 87 30 83 9 98 19 86 99 19 54 4 26 97 67 
76 79 64 66 16 61 21 0 14 35 29 94 48 44 96 13 81 40 42 6 14 16 89 12 62 51 52 10 87 29 52 58 68 74 91 92 9 6 13 9 2 35 98 33 19 34 91 22 75 57 84 19 70 62 59 42 20 9 58 4 86 95 1 48 11 17 44 64 12 35 42 64 50 73 39 46 87 7 92 52 57 26 65 30 31 0 61 36 23 92 97 26 81 94 98 24 65 42 27 8 
27 38 97 65 16 50 95 46 98 53 61 65 67 20 44 69 56 46 37 39 85 40 64 60 81 63 62 67 25 37 83 98 29 85 90 55 65 68 44 98 17 81 98 48 4 15 98 56 56 42 87 22 96 79 55 9 27 43 48 24 44 62 90 77 17 42 80 14 3 83 1 61 34 42 32 58 23 80 19 74 22 80 74 6 87 61 0 85 61 31 75 56 8 1 86 11 20 57 1 45 
10 73 20 55 58 47 61 55 43 31 52 41 35 95 78 61 93 47 73 68 25 14 8 40 23 50 12 36 40 77 46 77 38 98 26 71 47 87 33 66 76 79 54 40 29 44 80 77 56 96 22 81 21 55 1 49 40 60 41 71 3 57 41 90 80 11 43 22 26 24 18 48 49 97 32 74 78 84 1 55 81 43 44 0 30 36 85 0 96 66 63 58 61 76 5 27 93 14 45 7 
61 0 59 41 31 38 12 53 49 64 58 79 59 84 7 51 72 35 30 4 95 87 92 63 83 54 56 69 73 79 53 85 21 40 75 33 86 70 55 40 45 94 16 84 66 53 58 28 63 43 66 6 99 21 71 77 71 35 89 18 33 90 85 84 49 60 49 49 14 39 64 61 68 86 24 89 55 89 57 72 10 61 8 79 83 23 61 96 0 37 79 81 60 35 58 20 8 50 6 76 
69 60 80 43 99 97 80 22 82 97 35 57 26 70 41 69 8 90 41 4 28 24 19 86 40 93 91 71 97 43 93 31 39 29 23 78 72 8 29 98 63 49 8 85 62 95 13 48 65 29 61 80 50 33 17 46 66 5 27 19 83 13 97 71 84 56 99 27 25 8 91 66 92 20 38 71 18 2 2 55 20 97 47 58 9 92 31 66 37 0 96 61 35 88 6 28 23 81 9 94 
51 8 10 37 90 63 64 62 17 1 66 94 77 2 47 61 66 10 21 48 63 41 90 77 19 21 36 21 67 13 61 42 84 83 9 30 78 97 79 55 32 73 33 56 52 60 72 67 8 39 63 82 1 13 24 1 74 3 47 15 90 49 25 42 86 23 5 20 34 53 19 56 14 70 21 92 57 81 18 80 80 72 61 73 98 97 75 63 79 96 0 22 67 28 39 63 84 29 64 34 
29 20 14 10 81 80 44 68 37 41 38 73 96 52 69 33 89 58 72 30 90 86 49 26 55 23 31 62 15 41 32 20 57 2 7 80 47 93 29 36 73 17 4 92 87 21 53 96 3 74 78 83 55 81 14 37 9 28 76 3 77 83 73 12 44 2 82 75 12 50 3 62 43 17 62 0 13 56 71 36 99 79 49 87 19 26 56 58 81 61 22 0 62 89 0 41 86 1 75 4 
54 50 73 27 61 94 19 10 22 88 35 55 72 69 4 79 86 40 94 55 53 71 40 96 7 11 24 96 76 2 98 37 13 87 68 37 86 60 96 67 78 94 63 99 55 10 46 90 93 37 41 79 97 33 47 93 77 28 89 54 41 45 82 68 53 4 52 98 58 56 8 55 30 45 34 10 78 7 57 62 1 72 60 30 86 81 8 61 60 35 67 62 0 50 2 38 35 29 56 24 
7 6 15 63 66 36 52 64 46 93 44 61 41 85 9 18 86 24 94 34 15 78 3 12 32 73 90 92 32 22 78 75 49 69 28 22 3 44 60 43 45 56 36 47 72 36 79 90 32 60 17 41 92 98 78 51 49 22 46 13 87 76 7 99 27 21 36 49 27 48 12 43 51 20 5 16 63 17 72 62 53 82 8 33 99 94 1 76 35 88 28 89 50 0 24 43 20 92 28 89 
6 81 4 17 75 41 38 0 63 25 47 86 44 46 97 91 0 25 82 6 20 33 50 72 36 56 68 71 40 96 11 67 28 29 77 80 91 55 78 19 34 7 83 35 15 51 41 61 22 73 67 60 99 74 48 64 18 20 25 72 36 67 41 57 4 51 25 41 70 90 86 22 89 67 2 6 25 5 44 13 30 94 24 49 19 98 86 5 58 6 39 0 2 24 0 68 69 76 18 9 
59 7 47 78 18 47 79 26 6 27 6 31 62 27 61 2 81 4 87 11 83 82 17 4 23 50 62 39 70 19 80 89 31 86 11 84 39 94 33 77 15 18 43 24 65 62 23 99 4 60 47 81 92 25 69 28 63 23 30 19 46 2 73 26 19 16 62 97 60 53 19 36 57 37 0 91 24 38 39 16 20 44 51 52 54 24 11 27 20 28 63 41 38 43 68 0 28 37 20 58 
55 12 71 57 50 54 31 44 89 43 37 3 10 66 67 45 1 26 19 94 27 57 91 10 46 16 84 27 90 1 17 70 58 84 80 51 82 30 44 83 90 71 79 90 56 4 66 96 54 84 29 64 92 53 14 64 59 45 71 88 91 20 72 3 32 72 36 49 89 66 29 87 5 84 57 93 88 91 59 35 73 71 88 87 4 65 20 93 8 23 84 86 35 20 69 28 0 54 81 75 
55 32 5 43 20 88 54 33 93 20 24 67 9 72 6 15 90 58 34 66 26 9 54 13 50 84 23 59 27 75 49 65 67 24 63 99 77 33 20 38 11 94 15 8 91 56 57 89 25 60 47 6 81 25 34 76 48 62 46 75 6 18 0 55 59 81 10 73 48 72 60 73 81 12 29 24 60 23 21 3 91 46 95 2 26 42 57 14 50 81 29 1 29 92 76 37 54 0 51 43 
22 95 96 68 30 89 79 4 61 46 22 87 77 88 11 28 84 31 5 46 28 51 92 85 67 5 98 95 54 2 34 69 36 58 2 76 33 71 14 8 65 11 49 65 40 25 92 48 22 76 96 60 73 9 85 2 50 14 92 90 59 88 81 85 21 84 39 49 41 25 50 56 91 99 2 52 31 91 65 27 78 38 17 62 97 27 1 45 6 9 64 75 56 28 18 20 81 51 0 19 
53 41 54 76 55 38 79 64 52 60 77 93 62 36 80 91 93 42 44 9 61 49 12 88 8 7 6 89 22 44 70 13 1 55 97 42 18 23 17 5 52 9 53 94 61 75 56 31 75 96 92 8 17 9 9 32 35 74 20 11 48 97 26 98 48 40 73 98 12 66 69 52 79 30 28 16 79 63 0 1 85 94 84 3 67 8 45 7 76 94 34 4 24 89 9 58 75 43 19 0 
