100
0 63 39 79 49 31 24 75 2 68 62 16 71 38 5 62 48 6 44 90 20 57 45 23 56 21 58 52 63 43 9 4 89 64 69 89 74 14 13 82 42 86 83 18 41 15 9 96 55 84 27 97 80 84 57 44 39 69 65 5 72 82 94 10 49 46 66 49 39 7 2 18 12 18 57 13 78 63 25 24 88 60 31 79 38 55 24 66 21 45 42 73 22 23 27 18 96 54 43 6 
63 0 57 94 72 34 96 93 2 99 98 49 85 78 61 61 36 66 0 93 61 69 51 81 52 8 37 13 10 65 86 34 52 57 19 94 67 80 24 30 14 30 46 51 92 53 21 14 95 51 21 7 2 28 82 39 99 29 2 35 21 44 27 99 71 94 60 30 60 20 26 26 90 2 81 56 7 17 5 38 91 23 91 63 37 76 86 44 35 57 55 92 32 52 18 26 75 52 69 16 
39 57 0 21 20 20 26 68 73 87 95 52 54 56 70 94 54 60 86 91 12 42 25 71 2 35 38 69 91 54 5 45 68 74 17 69 66 13 29 47 4 83 15 67 68 23 96 36 59 41 32 45 29 93 94 37 41 67 74 18 76 67 83 86 78 4 21 88 23 35 8 0 67 2 18 71 57 72 44 39 59 21 65 0 71 5 69 51 62 5 25 36 62 21 41 93 44 63 76 54 
79 94 21 0 50 72 20 66 82 15 15 27 86 90 15 62 67 49 60 99 32 91 35 29 24 75 59 24 40 60 14 51 13 68 93 31 82 5 18 74 30 82 0 71 67 82 87 85 97 29 13 4 27 74 7 3 27 80 94 72 61 57 90 29 17 61 24 58 77 30 53 77 44 55 80 36 62 62 13 16 35 3 27 1 99 70 86 34 43 31 37 53 63 24 48 6 71 85 78 35 
49 72 20 50 0 7 96 59 91 32 27 26 41 72 12 35 57 7 30 41 97 79 73 60 67 79 40 95 73 62 5 39 19 50 94 51 81 21 13 73 83 69 89 80 6 83 15 78 53 80 60 35 71 74 93 14 62 50 80 5 82 6 97 75 92 15 49 77 20 41 21 11 31 20 80 99 1 53 30 20 73 91 78 85 34 22 99 39 24 36 88 41 3 35 90 70 37 77 92 27 
31 34 20 72 7 0 93 89 18 64 48 17 58 63 14 13 78 79 59 4 63 17 97 48 48 26 99 96 46 45 20 92 18 97 31 34 98 88 77 77 42 93 69 2 50 50 73 5 68 65 54 97 48 5 34 90 44 21 61 80 95 73 3 55 8 73 7 25 61 48 23 18 33 97 72 79 72 82 94 44 71 46 38 94 33 34 92 42 86 35 17 87 89 84 97 25 4 29 56 18 
24 96 26 20 96 93 0 4 46 79 53 34 98 72 25 99 14 95 89 42 73 71 72 28 88 26 22 91 7 22 23 21 7 17 66 47 47 82 52 78 91 9 90 23 1 58 95 68 47 18 46 27 5 14 25 57 30 44 30 48 0 54 97 48 36 5 53 24 93 11 87 36 83 47 61 49 60 8 24 51 88 95 17 84 14 33 90 46 11 18 59 0 14 76 24 88 23 60 63 59 
75 93 68 66 59 89 4 0 67 92 77 79 64 5 49 11 32 61 26 32 93 40 47 88 67 65 99 29 46 36 99 58 50 3 48 56 62 39 7 95 7 17 96 50 45 36 82 71 96 59 48 16 19 49 25 23 36 70 69 80 19 60 32 65 28 82 70 94 3 62 54 77 1 58 73 87 30 33 49 52 87 2 62 3 17 18 90 28 26 76 93 92 32 76 85 9 34 23 32 75 
2 2 73 82 91 18 46 67 0 43 57 22 91 91 0 76 36 18 29 88 5 10 99 63 11 28 72 42 79 89 56 22 36 83 63 30 75 3 14 53 36 69 38 56 85 25 76 91 16 61 82 53 26 25 55 26 83 56 18 52 82 26 47 13 66 96 48 70 97 6 33 95 38 9 98 19 86 99 19 54 4 26 97 67 75 28 3 3 98 87 88 75 48 25 26 34 35 2 62 82 
68 99 87 15 32 64 79 92 43 0 41 12 22 80 31 11 71 30 5 35 33 15 31 56 41 50 71 59 29 2 57 15 39 37 97 27 35 25 91 72 89 36 74 25 33 96 60 20 39 29 96 96 4 85 33 33 83 9 78 21 98 73 99 33 76 58 78 45 33 15 13 44 13 92 97 26 81 94 98 24 65 42 27 8 23 96 44 91 77 65 44 13 28 53 33 50 21 37 10 63 
62 98 95 15 27 48 53 77 57 41 0 52 15 50 41 65 26 22 29 92 1 16 35 89 62 9 51 89 72 12 70 98 0 20 84 38 33 61 65 98 12 59 6 23 45 84 40 88 69 25 35 39 41 81 37 44 52 19 67 29 30 28 77 17 31 17 21 71 42 40 9 3 21 31 75 56 8 1 86 11 20 57 1 45 1 92 44 19 55 26 84 21 71 5 38 10 30 41 31 60 
16 49 52 27 26 17 34 79 22 12 52 0 64 98 94 98 4 8 38 70 73 67 15 97 91 24 16 39 5 9 67 42 75 85 72 71 1 2 57 33 48 33 99 91 60 32 12 59 5 40 91 53 85 43 74 17 3 93 38 49 22 95 14 79 85 51 95 88 62 77 81 76 89 66 63 58 61 76 5 27 93 14 45 7 71 24 77 82 48 36 32 22 5 89 25 5 12 96 67 16 
71 85 54 86 41 58 98 64 91 22 15 64 0 95 54 5 94 12 39 58 65 88 43 16 78 10 20 21 42 86 19 2 62 28 67 29 57 58 12 39 79 4 90 46 37 51 82 15 40 37 93 19 69 6 90 97 57 70 19 55 98 48 10 77 40 1 6 56 63 30 58 10 64 37 79 81 60 35 58 20 8 50 6 76 61 87 99 38 60 30 96 83 90 7 84 48 4 95 71 47 
38 78 56 90 72 63 72 5 91 80 50 98 95 0 19 69 19 95 56 66 10 27 21 89 29 57 68 99 78 43 92 22 1 48 13 33 40 24 37 89 13 47 85 24 75 12 71 79 92 6 8 49 71 50 13 11 26 73 44 21 70 58 45 54 78 36 87 54 59 14 52 96 61 14 96 61 35 88 6 28 23 81 9 94 34 73 0 85 53 11 94 75 21 8 33 25 78 49 34 30 
5 61 70 15 12 14 25 49 0 31 41 94 54 19 0 42 14 38 27 15 62 68 56 2 87 38 6 74 15 34 39 91 72 96 18 70 19 83 80 63 45 33 91 29 68 7 15 8 6 36 93 75 90 89 0 8 93 10 79 59 67 12 39 93 96 58 75 96 64 66 4 21 39 46 36 22 67 28 39 63 84 29 64 34 64 37 51 69 85 87 75 62 95 58 21 34 29 15 32 91 
62 61 94 62 35 13 99 11 76 11 65 98 5 69 42 0 80 66 72 9 6 44 27 64 67 85 21 31 80 3 81 0 30 86 57 6 88 71 18 51 20 42 55 63 2 44 1 13 60 93 72 27 47 91 50 13 35 93 27 26 97 49 97 18 94 50 59 10 39 45 29 31 54 86 24 97 62 89 0 41 86 1 75 4 43 17 57 52 61 91 98 69 75 36 71 33 35 45 50 99 
48 36 54 67 57 78 14 32 36 71 26 4 94 19 14 80 0 79 72 17 19 60 84 2 50 28 31 94 20 56 3 98 1 69 86 30 24 2 49 42 76 93 8 71 29 62 79 14 82 55 63 0 45 92 84 5 51 2 77 91 0 15 27 47 76 78 56 1 89 3 92 87 88 63 44 37 85 50 2 38 35 29 56 24 94 87 74 68 43 64 53 42 17 38 13 75 29 70 50 39 
6 66 60 49 7 79 95 61 18 30 22 8 12 95 38 66 79 0 24 45 37 56 70 27 10 31 27 56 81 29 42 52 72 48 58 87 84 85 38 45 3 23 50 66 80 17 56 22 93 34 46 84 37 3 5 93 37 10 10 12 32 69 60 12 60 79 41 78 12 94 74 34 14 40 84 10 33 6 24 43 20 92 28 89 95 8 6 33 89 56 86 40 7 12 69 32 99 83 17 97 
44 0 86 60 30 59 89 26 29 5 29 38 39 56 27 72 72 24 0 54 41 89 86 51 89 52 46 35 21 35 74 86 6 31 10 27 83 51 98 41 13 56 2 99 24 47 55 72 69 61 15 33 19 57 73 64 7 81 3 77 62 63 38 0 36 19 39 12 68 18 58 64 44 39 90 60 53 23 88 68 69 76 18 9 3 18 84 2 98 22 5 88 64 28 80 11 93 16 85 53 
90 93 91 99 41 4 42 32 88 35 92 70 58 66 15 9 17 45 54 0 7 81 63 13 23 40 18 14 63 60 14 69 18 69 30 14 28 17 14 51 54 62 84 0 38 18 65 19 92 18 37 87 97 72 51 48 66 56 31 45 89 79 23 56 78 64 80 91 64 28 33 98 84 5 86 38 81 71 4 70 28 37 20 58 82 21 69 60 73 46 29 32 83 69 46 84 7 43 73 73 
20 61 12 32 97 63 73 93 5 33 1 73 65 10 62 6 19 37 41 7 0 4 25 81 47 64 64 48 73 81 61 18 94 18 68 15 52 84 50 0 81 48 19 32 38 1 16 45 4 55 2 1 91 69 88 13 65 59 33 82 9 82 88 78 93 5 39 59 25 77 47 31 15 91 57 6 50 63 65 21 34 54 81 75 90 93 50 70 15 7 44 40 53 43 89 90 87 34 50 26 
57 69 42 91 79 17 71 40 10 15 16 67 88 27 68 44 60 56 89 81 4 0 52 27 47 47 6 30 93 45 65 55 71 92 37 81 54 60 58 63 15 38 15 42 87 96 93 35 60 49 47 52 48 72 78 71 52 18 69 71 23 9 97 92 63 26 35 38 91 89 61 68 81 40 92 58 20 98 89 85 19 98 51 43 0 75 97 73 24 55 83 14 94 98 80 20 65 31 42 91 
45 51 25 35 73 97 72 47 99 31 35 15 43 21 56 27 84 70 86 63 25 52 0 40 47 80 0 81 3 20 55 27 94 47 27 94 10 40 44 52 53 50 94 37 39 37 87 16 33 14 11 32 5 82 23 98 78 74 45 23 56 41 28 44 13 40 5 21 91 20 56 66 15 60 50 32 65 66 1 20 40 17 33 19 55 98 71 65 79 71 49 89 34 41 4 7 46 2 33 93 
23 81 71 29 60 48 28 88 63 56 89 97 16 89 2 64 2 27 51 13 81 27 40 0 24 64 1 76 94 83 97 88 27 86 89 79 44 11 69 90 2 82 72 44 96 43 65 86 77 70 78 28 20 62 89 10 83 65 96 42 31 99 1 19 89 75 1 95 18 60 10 84 98 92 4 18 62 40 89 2 55 38 33 81 12 1 33 84 5 81 60 32 17 20 34 89 48 47 38 99 
56 52 2 24 67 48 88 67 11 41 62 91 78 29 87 67 50 10 89 23 47 47 47 24 0 22 29 25 82 19 41 97 97 34 87 59 93 0 82 46 34 74 14 25 39 55 36 0 2 62 11 81 39 38 13 16 59 19 57 82 79 94 96 66 83 80 58 67 93 27 97 62 14 51 29 54 7 6 59 55 55 22 53 68 9 19 47 35 34 58 55 70 48 81 75 11 49 20 8 35 
21 8 35 75 79 26 26 65 28 50 9 24 10 57 38 85 28 31 52 40 64 47 80 64 22 0 86 84 27 51 51 58 27 2 21 14 67 44 58 5 89 28 37 33 21 72 46 63 49 16 34 28 69 4 89 77 76 6 96 2 93 32 8 10 28 75 24 6 84 49 47 13 36 8 20 50 6 81 7 12 32 95 41 13 9 78 66 67 9 88 29 8 32 81 6 58 63 33 78 61 
58 37 38 59 40 99 22 99 72 71 51 16 20 68 6 21 31 27 46 18 64 6 0 1 29 86 0 97 0 92 69 43 70 33 18 53 3 47 63 87 37 45 3 67 3 49 56 24 71 0 17 87 95 81 29 77 29 15 36 87 86 53 29 71 14 42 76 85 78 98 61 12 96 10 14 73 15 4 47 71 5 96 54 99 23 68 80 87 10 35 48 17 57 38 43 53 5 78 5 25 
52 13 69 24 95 96 91 29 42 59 89 39 21 99 74 31 94 56 35 14 48 30 81 76 25 84 97 0 38 56 65 4 92 22 4 47 37 35 32 41 42 61 76 8 58 0 89 13 39 27 96 97 44 1 25 68 56 88 67 15 81 0 11 75 1 44 94 30 37 6 65 34 63 37 10 27 63 17 78 57 43 68 76 99 29 50 30 42 95 96 32 31 44 14 96 57 60 24 62 33 
63 10 91 40 73 46 7 46 79 29 72 5 42 78 15 80 20 81 21 63 73 93 3 94 82 27 0 38 0 72 38 53 84 92 4 99 40 35 69 47 89 85 42 18 0 57 5 56 4 60 39 28 26 15 30 7 17 11 7 37 89 67 29 28 51 25 97 34 64 91 86 19 36 90 81 61 66 75 18 50 20 30 55 79 61 3 18 56 22 5 74 0 55 49 24 77 91 64 0 37 
43 65 54 60 62 45 22 36 89 2 12 9 86 43 34 3 56 29 35 60 81 45 20 83 19 51 92 56 72 0 94 29 30 33 7 87 42 52 49 75 45 51 34 53 37 2 96 88 80 61 80 80 68 65 94 7 74 87 54 78 98 68 30 23 15 0 67 10 15 78 30 66 43 63 80 94 36 41 47 54 88 89 38 25 77 35 68 91 61 6 59 27 13 65 29 92 73 20 98 42 
9 86 5 14 5 20 23 99 56 57 70 67 19 92 39 81 3 42 74 14 61 65 55 97 41 51 69 65 38 94 0 34 46 22 9 70 38 90 33 17 51 27 0 64 63 47 88 96 50 28 56 71 19 77 53 42 90 72 98 34 54 71 72 42 51 1 32 20 31 14 74 14 47 64 44 19 52 38 79 31 54 79 79 96 12 68 65 29 63 13 49 35 11 60 9 64 29 16 51 93 
4 34 45 51 39 92 21 58 22 15 98 42 2 22 91 0 98 52 86 69 18 55 27 88 97 58 43 4 53 29 34 0 6 7 31 47 46 49 75 78 17 50 27 47 89 34 13 40 89 32 63 42 84 55 25 99 6 9 90 54 96 36 72 27 13 57 51 53 75 8 62 64 8 62 68 10 64 0 26 44 33 4 64 21 61 49 47 18 95 86 90 17 16 50 45 21 78 41 64 57 
89 52 68 13 19 18 7 50 36 39 0 75 62 1 72 30 1 72 6 18 94 71 94 27 97 27 70 92 84 30 46 6 0 25 44 69 2 16 7 84 49 54 24 40 64 54 2 35 36 81 98 16 35 92 71 16 14 77 84 40 14 97 46 45 80 71 37 41 90 87 81 65 64 17 37 22 46 63 6 89 93 61 52 29 73 32 29 55 57 25 34 96 47 42 0 11 4 79 40 45 
64 57 74 68 50 97 17 3 83 37 20 85 28 48 96 86 69 48 31 69 18 92 47 86 34 2 33 22 92 33 22 7 25 0 93 7 91 41 35 86 63 36 41 78 75 11 23 5 68 81 41 77 64 66 57 89 0 35 94 54 87 19 55 50 51 39 59 48 65 87 62 73 16 1 41 88 93 25 27 43 20 46 60 70 35 11 18 92 92 54 71 55 96 5 31 10 73 93 45 91 
69 19 17 93 94 31 66 48 63 97 84 72 67 13 18 57 86 58 10 30 68 37 27 89 87 21 18 4 4 7 9 31 44 93 0 60 6 61 9 82 57 1 79 6 64 23 91 73 43 91 33 96 56 62 94 33 45 36 7 95 60 26 83 12 64 35 78 30 87 16 45 10 48 66 38 35 44 47 6 37 24 22 77 42 36 51 75 41 23 32 77 40 6 21 13 47 53 89 22 29 
89 94 69 31 51 34 47 56 30 27 38 71 29 33 70 6 30 87 27 14 15 81 94 79 59 14 53 47 99 87 70 47 69 7 60 0 87 59 27 39 15 47 45 57 93 22 98 76 41 80 60 4 60 17 18 20 1 77 77 95 48 86 24 15 53 49 99 40 57 15 51 6 28 94 73 55 61 86 31 3 67 87 93 4 91 29 84 78 97 41 5 22 18 75 13 6 80 25 40 55 
74 67 66 82 81 98 47 62 75 35 33 1 57 40 19 88 24 84 83 28 52 54 10 44 93 67 3 37 40 42 38 46 2 91 6 87 0 92 39 7 85 14 91 50 47 87 21 29 26 36 83 41 79 48 79 90 43 61 29 9 24 82 4 69 51 59 43 5 55 2 2 15 25 77 96 72 41 44 62 10 9 77 62 21 72 57 95 83 63 77 57 8 46 49 59 89 13 43 33 90 
14 80 13 5 21 88 82 39 3 25 61 2 58 24 83 71 2 85 51 17 84 60 40 11 0 44 47 35 35 52 90 49 16 41 61 59 92 0 77 68 24 96 54 65 61 96 92 87 67 89 99 60 44 33 43 73 15 81 78 31 0 70 40 97 6 58 80 69 40 38 14 76 6 2 52 69 85 46 27 66 72 88 36 78 61 66 79 55 61 29 76 96 28 48 80 77 97 74 15 50 
13 24 29 18 13 77 52 7 14 91 65 57 12 37 80 18 49 38 98 14 50 58 44 69 82 58 63 32 69 49 33 75 7 35 9 27 39 77 0 51 49 10 12 95 50 1 61 25 91 26 16 83 39 11 95 35 86 1 89 14 35 28 29 16 3 38 30 68 88 54 20 5 69 47 69 4 9 97 61 67 6 11 80 56 94 13 39 71 53 51 37 76 40 3 89 97 80 15 79 53 
82 30 47 74 73 77 78 95 53 72 98 33 39 89 63 51 42 45 41 51 0 63 52 90 46 5 87 41 47 75 17 78 84 86 82 39 7 68 51 0 92 45 3 86 49 71 86 43 49 10 48 56 55 3 20 67 47 25 85 72 65 94 96 23 49 4 87 35 44 36 28 8 84 61 33 79 18 91 2 45 15 28 91 79 69 70 72 40 26 21 7 78 60 43 62 30 0 13 50 48 
42 14 4 30 83 42 91 7 36 89 12 48 79 13 45 20 76 3 13 54 81 15 53 2 34 89 37 42 89 45 51 17 49 63 57 15 85 24 49 92 0 79 22 8 2 44 72 76 88 5 59 84 19 52 83 87 13 93 89 93 0 79 73 41 40 73 75 5 42 99 60 35 38 66 89 86 86 0 81 1 90 84 93 38 44 89 44 95 14 18 35 19 43 28 45 79 82 4 99 74 
86 30 83 82 69 93 9 17 69 36 59 33 4 47 33 42 93 23 56 62 48 38 50 82 74 28 45 61 85 51 27 50 54 36 1 47 14 96 10 45 79 0 56 35 12 42 3 30 16 85 88 3 23 30 67 52 22 45 47 14 28 69 62 86 9 50 76 0 23 45 95 1 99 10 58 40 24 25 4 26 58 31 42 46 42 66 59 64 18 71 63 92 69 78 4 27 50 0 4 29 
83 46 15 0 89 69 90 96 38 74 6 99 90 85 91 55 8 50 2 84 19 15 94 72 14 37 3 76 42 34 0 27 24 41 79 45 91 54 12 3 22 56 0 27 28 98 18 38 12 91 96 12 82 26 93 44 71 36 33 10 69 59 80 35 51 99 10 78 61 45 14 49 21 21 72 94 94 82 87 19 34 5 44 48 2 22 25 37 89 66 88 52 51 92 41 18 40 13 53 88 
18 51 67 71 80 2 23 50 56 25 23 91 46 24 29 63 71 66 99 0 32 42 37 44 25 33 67 8 18 53 64 47 40 78 6 57 50 65 95 86 8 35 27 0 33 90 53 47 94 75 24 15 39 25 78 95 35 95 76 41 46 30 8 29 86 34 2 17 47 58 54 40 58 48 30 55 34 6 11 94 66 46 9 79 67 85 46 52 45 81 79 0 16 2 65 68 33 51 13 12 
41 92 68 67 6 50 1 45 85 33 45 60 37 75 68 2 29 80 24 38 38 87 39 96 39 21 3 58 0 37 63 89 64 75 64 93 47 61 50 49 2 12 28 33 0 34 42 60 94 78 40 81 18 90 61 56 30 78 56 29 79 1 69 72 48 51 35 0 66 64 69 97 7 63 90 53 15 20 83 27 26 28 61 22 24 94 65 81 90 25 83 95 23 98 88 77 51 26 42 50 
15 53 23 82 83 50 58 36 25 96 84 32 51 12 7 44 62 17 47 18 1 96 37 43 55 72 49 0 57 2 47 34 54 11 23 22 87 96 1 71 44 42 98 90 34 0 19 14 97 94 42 40 13 36 96 97 77 31 97 23 16 83 48 15 3 11 59 94 65 61 8 69 10 41 86 71 78 33 82 57 9 51 49 14 2 69 7 23 30 68 39 67 94 1 76 90 27 13 86 69 
9 21 96 87 15 73 95 82 76 60 40 12 82 71 15 1 79 56 55 65 16 93 87 65 36 46 56 89 5 96 88 13 2 23 91 98 21 92 61 86 72 3 18 53 42 19 0 12 50 47 98 13 88 6 75 68 27 48 33 8 86 47 63 48 65 53 91 91 10 32 62 21 79 90 49 40 3 50 17 91 54 92 12 12 43 63 94 14 67 1 55 61 52 70 98 8 56 22 48 67 
96 14 36 85 78 5 68 71 91 20 88 59 15 79 8 13 14 22 72 19 45 35 16 86 0 63 24 13 56 88 96 40 35 5 73 76 29 87 25 43 76 30 38 47 60 14 12 0 72 32 6 12 30 91 28 20 91 65 7 36 92 17 88 11 13 29 91 58 38 70 25 93 5 77 26 96 12 72 4 10 13 85 88 32 36 67 76 53 37 49 74 76 21 94 11 67 91 12 58 91 
55 95 59 97 53 68 47 96 16 39 69 5 40 92 6 60 82 93 69 92 4 60 33 77 2 49 71 39 4 80 50 89 36 68 43 41 26 67 91 49 88 16 12 94 94 97 50 72 0 62 26 89 48 69 80 68 91 34 91 50 54 3 36 70 36 70 52 98 46 54 25 76 67 19 55 7 32 36 23 46 50 67 8 17 72 36 72 15 47 46 53 5 80 36 28 43 96 22 59 67 
84 51 41 29 80 65 18 59 61 29 25 40 37 6 36 93 55 34 61 18 55 49 14 70 62 16 0 27 60 61 28 32 81 81 91 80 36 89 26 10 5 85 91 75 78 94 47 32 62 0 39 22 24 79 92 11 51 90 52 90 99 37 20 64 14 95 63 30 45 49 34 34 9 21 23 11 73 56 50 16 84 5 7 39 87 48 30 45 88 65 95 76 39 82 92 46 9 52 37 41 
27 21 32 13 60 54 46 48 82 96 35 91 93 8 93 72 63 46 15 37 2 47 11 78 11 34 17 96 39 80 56 63 98 41 33 60 83 99 16 48 59 88 96 24 40 42 98 6 26 39 0 6 60 21 77 49 33 87 35 99 36 58 84 24 30 88 66 56 0 68 74 65 12 36 31 24 90 68 62 84 23 98 6 84 20 26 77 78 25 44 27 17 17 32 54 80 87 39 76 35 
97 7 45 4 35 97 27 16 53 96 39 53 19 49 75 27 0 84 33 87 1 52 32 28 81 28 87 97 28 80 71 42 16 77 96 4 41 60 83 56 84 3 12 15 81 40 13 12 89 22 6 0 13 41 64 55 77 66 12 21 60 30 34 46 17 24 10 84 23 89 44 51 20 21 62 96 92 71 39 27 59 95 89 22 13 73 81 89 78 41 25 12 57 5 18 31 38 20 52 22 
80 2 29 27 71 48 5 19 26 4 41 85 69 71 90 47 45 37 19 97 91 48 5 20 39 69 95 44 26 68 19 84 35 64 56 60 79 44 39 55 19 23 82 39 18 13 88 30 48 24 60 13 0 13 94 36 75 69 56 59 93 75 35 58 88 78 97 33 9 76 14 86 22 67 15 76 32 40 70 90 27 54 22 84 67 47 11 56 73 25 39 45 83 60 83 95 99 13 40 93 
84 28 93 74 74 5 14 49 25 85 81 43 6 50 89 91 92 3 57 72 69 72 82 62 38 4 81 1 15 65 77 55 92 66 62 17 48 33 11 3 52 30 26 25 90 36 6 91 69 79 21 41 13 0 13 13 82 55 4 21 65 22 92 48 48 62 87 68 94 59 2 1 85 13 41 2 22 96 19 1 75 2 44 14 12 23 75 59 48 8 16 68 79 75 92 43 34 19 57 95 
57 82 94 7 93 34 25 25 55 33 37 74 90 13 0 50 84 5 73 51 88 78 23 89 13 89 29 25 30 94 53 25 71 57 94 18 79 43 95 20 83 67 93 78 61 96 75 28 80 92 77 64 94 13 0 61 31 87 6 40 31 88 39 2 64 59 60 9 68 14 72 82 22 61 32 98 78 11 80 17 49 34 70 74 85 60 36 2 90 40 75 51 48 35 19 24 43 81 29 67 
44 39 37 3 14 90 57 23 26 33 44 17 97 11 8 13 5 93 64 48 13 71 98 10 16 77 77 68 7 7 42 99 16 89 33 20 90 73 35 67 87 52 44 95 56 97 68 20 68 11 49 55 36 13 61 0 36 61 6 73 95 12 80 89 49 39 19 68 25 15 12 13 17 42 20 37 75 67 89 70 65 69 13 90 65 39 52 64 3 38 32 72 19 92 88 32 82 66 48 47 
39 99 41 27 62 44 30 36 83 83 52 3 57 26 93 35 51 37 7 66 65 52 78 83 59 76 29 56 17 74 90 6 14 0 45 1 43 15 86 47 13 22 71 35 30 77 27 91 91 51 33 77 75 82 31 36 0 0 31 56 42 65 67 96 43 1 5 11 28 64 83 31 2 84 57 13 49 28 31 58 67 36 1 6 62 43 77 17 94 6 29 95 44 43 60 94 40 91 37 44 
69 29 67 80 50 21 44 70 56 9 19 93 70 73 10 93 2 10 81 56 59 18 74 65 19 6 15 88 11 87 72 9 77 35 36 77 61 81 1 25 93 45 36 95 78 31 48 65 34 90 87 66 69 55 87 61 0 0 44 2 65 74 13 62 77 72 45 43 28 3 91 31 13 83 2 87 69 29 86 84 24 58 55 63 11 66 29 29 71 51 47 7 56 7 81 95 22 94 99 81 
65 2 74 94 80 61 30 69 18 78 67 38 19 44 79 27 77 10 3 31 33 69 45 96 57 96 36 67 7 54 98 90 84 94 7 77 29 78 89 85 89 47 33 76 56 97 33 7 91 52 35 12 56 4 6 6 31 44 0 40 38 50 90 22 43 56 78 81 2 87 58 17 46 9 7 68 28 77 11 80 63 2 97 85 57 25 17 91 42 27 50 40 45 59 8 42 20 67 8 2 
5 35 18 72 5 80 48 80 52 21 29 49 55 21 59 26 91 12 77 45 82 71 23 42 82 2 87 15 37 78 34 54 40 54 95 95 9 31 14 72 93 14 10 41 29 23 8 36 50 90 99 21 59 21 40 73 56 2 40 0 92 20 53 50 48 92 23 58 17 42 86 54 13 30 80 37 22 80 84 51 99 76 42 34 50 52 67 79 17 4 46 89 7 92 47 21 57 76 43 18 
72 21 76 61 82 95 0 19 82 98 30 22 98 70 67 97 0 32 62 89 9 23 56 31 79 93 86 81 89 98 54 96 14 87 60 48 24 0 35 65 0 28 69 46 79 16 86 92 54 99 36 60 93 65 31 95 42 65 38 92 0 42 2 22 87 12 38 13 42 92 98 92 17 78 47 86 3 91 39 82 77 33 18 74 13 35 53 71 33 2 96 95 55 33 33 67 2 76 15 13 
82 44 67 57 6 73 54 60 26 73 28 95 48 58 12 49 15 69 63 79 82 9 41 99 94 32 53 0 67 68 71 36 97 19 26 86 82 70 28 94 79 69 59 30 1 83 47 17 3 37 58 30 75 22 88 12 65 74 50 20 42 0 95 82 99 26 57 95 45 58 13 25 51 97 93 60 44 55 94 30 33 71 23 79 83 42 18 46 23 40 36 31 70 88 26 96 34 12 46 72 
94 27 83 90 97 3 97 32 47 99 77 14 10 45 39 97 27 60 38 23 88 97 28 1 96 8 29 11 29 30 72 72 46 55 83 24 4 40 29 96 73 62 80 8 69 48 63 88 36 20 84 34 35 92 39 80 67 13 90 53 2 95 0 47 77 32 57 6 32 53 72 81 12 79 29 96 60 78 33 44 20 14 17 79 62 38 25 52 51 76 2 26 98 98 14 52 35 50 66 24 
10 99 86 29 75 55 48 65 13 33 17 79 77 54 93 18 47 12 0 56 78 92 44 19 66 10 71 75 28 23 42 27 45 50 12 15 69 97 16 23 41 86 35 29 72 15 48 11 70 64 24 46 58 48 2 89 96 62 22 50 22 82 47 0 25 8 9 34 55 8 81 36 22 55 36 67 43 19 77 83 38 8 5 43 74 21 67 54 61 19 49 53 47 73 3 37 42 72 53 40 
49 71 78 17 92 8 36 28 66 76 31 85 40 78 96 94 76 60 36 78 93 63 13 89 83 28 14 1 51 15 51 13 80 51 64 53 51 6 3 49 40 9 51 86 48 3 65 13 36 14 30 17 88 48 64 49 43 77 43 48 87 99 77 25 0 25 54 76 85 51 35 70 30 32 73 78 45 34 15 90 11 65 52 28 44 85 43 94 77 63 71 36 52 35 16 25 86 73 33 50 
46 94 4 61 15 73 5 82 96 58 17 51 1 36 58 50 78 79 19 64 5 26 40 75 80 75 42 44 25 0 1 57 71 39 35 49 59 58 38 4 73 50 99 34 51 11 53 29 70 95 88 24 78 62 59 39 1 72 56 92 12 26 32 8 25 0 48 7 38 77 85 23 25 73 17 94 56 7 18 71 94 11 9 84 78 55 99 82 43 25 32 83 65 5 18 25 45 92 81 65 
66 60 21 24 49 7 53 70 48 78 21 95 6 87 75 59 56 41 39 80 39 35 5 1 58 24 76 94 97 67 32 51 37 59 78 99 43 80 30 87 75 76 10 2 35 59 91 91 52 63 66 10 97 87 60 19 5 45 78 23 38 57 57 9 54 48 0 81 91 42 27 85 51 33 4 63 36 83 43 79 15 49 53 32 6 58 27 69 98 51 44 61 93 12 73 59 94 65 83 46 
49 30 88 58 77 25 24 94 70 45 71 88 56 54 96 10 1 78 12 91 59 38 21 95 67 6 85 30 34 10 20 53 41 48 30 40 5 69 68 35 5 0 78 17 0 94 91 58 98 30 56 84 33 68 9 68 11 43 81 58 13 95 6 34 76 7 81 0 62 5 48 5 61 56 92 99 47 35 24 90 8 65 94 41 97 84 63 77 29 78 30 74 8 68 96 23 22 35 61 74 
39 60 23 77 20 61 93 3 97 33 42 62 63 59 64 39 89 12 68 64 25 91 91 18 93 84 78 37 64 15 31 75 90 65 87 57 55 40 88 44 42 23 61 47 66 65 10 38 46 45 0 23 9 94 68 25 28 28 2 17 42 45 32 55 85 38 91 62 0 81 94 89 5 52 87 55 72 15 65 56 91 40 61 14 53 36 78 34 61 27 70 83 66 78 65 12 18 20 11 68 
7 20 35 30 41 48 11 62 6 15 40 77 30 14 66 45 3 94 18 28 77 89 20 60 27 49 98 6 91 78 14 8 87 87 16 15 2 38 54 36 99 45 45 58 64 61 32 70 54 49 68 89 76 59 14 15 64 3 87 42 92 58 53 8 51 77 42 5 81 0 4 90 51 60 21 10 36 51 62 4 56 25 75 27 15 50 74 83 65 6 8 14 24 29 99 5 34 46 15 9 
2 26 8 53 21 23 87 54 33 13 9 81 58 52 4 29 92 74 58 33 47 61 56 10 97 47 61 65 86 30 74 62 81 62 45 51 2 14 20 28 60 95 14 54 69 8 62 25 25 34 74 44 14 2 72 12 83 91 58 86 98 13 72 81 35 85 27 48 94 4 0 97 29 72 53 46 79 41 23 66 57 92 56 75 28 65 29 88 84 55 67 10 33 96 86 85 65 57 42 24 
18 26 0 77 11 18 36 77 95 44 3 76 10 96 21 31 87 34 64 98 31 68 66 84 62 13 12 34 19 66 14 64 65 73 10 6 15 76 5 8 35 1 49 40 97 69 21 93 76 34 65 51 86 1 82 13 31 31 17 54 92 25 81 36 70 23 85 5 89 90 97 0 10 67 96 90 90 61 99 96 89 48 31 42 8 94 52 87 33 30 94 27 43 74 42 30 63 52 23 39 
12 90 67 44 31 33 83 1 38 13 21 89 64 61 39 54 88 14 44 84 15 81 15 98 14 36 96 63 36 43 47 8 64 16 48 28 25 6 69 84 38 99 21 58 7 10 79 5 67 9 12 20 22 85 22 17 2 13 46 13 17 51 12 22 30 25 51 61 5 51 29 10 0 8 3 93 32 22 4 54 25 22 75 55 63 78 44 42 66 33 20 5 15 43 71 15 50 4 16 88 
18 2 2 55 20 97 47 58 9 92 31 66 37 14 46 86 63 40 39 5 91 40 60 92 51 8 10 37 90 63 64 62 17 1 66 94 77 2 47 61 66 10 21 48 63 41 90 77 19 21 36 21 67 13 61 42 84 83 9 30 78 97 79 55 32 73 33 56 52 60 72 67 8 0 74 37 60 73 60 84 60 76 96 16 3 96 96 50 67 88 68 87 64 44 1 46 76 45 31 68 
57 81 18 80 80 72 61 73 98 97 75 63 79 96 36 24 44 84 90 86 57 92 50 4 29 20 14 10 81 80 44 68 37 41 38 73 96 52 69 33 89 58 72 30 90 86 49 26 55 23 31 62 15 41 32 20 57 2 7 80 47 93 29 36 73 17 4 92 87 21 53 96 3 74 0 41 17 67 47 29 47 96 92 33 87 56 45 70 10 63 19 23 94 68 92 59 13 36 73 7 
13 56 71 36 99 79 49 87 19 26 56 58 81 61 22 97 37 10 60 38 6 58 32 18 54 50 73 27 61 94 19 10 22 88 35 55 72 69 4 79 86 40 94 55 53 71 40 96 7 11 24 96 76 2 98 37 13 87 68 37 86 60 96 67 78 94 63 99 55 10 46 90 93 37 41 0 41 60 81 64 6 60 8 57 4 23 82 45 7 13 93 44 94 51 54 89 75 94 11 26 
78 7 57 62 1 72 60 30 86 81 8 61 60 35 67 62 85 33 53 81 50 20 65 62 7 6 15 63 66 36 52 64 46 93 44 61 41 85 9 18 86 24 94 34 15 78 3 12 32 73 90 92 32 22 78 75 49 69 28 22 3 44 60 43 45 56 36 47 72 36 79 90 32 60 17 41 0 99 92 92 81 73 17 75 81 47 90 82 51 47 94 71 22 93 60 36 27 75 73 79 
63 17 72 62 53 82 8 33 99 94 1 76 35 88 28 89 50 6 23 71 63 98 66 40 6 81 4 17 75 41 38 0 63 25 47 86 44 46 97 91 0 25 82 6 20 33 50 72 36 56 68 71 40 96 11 67 28 29 77 80 91 55 78 19 34 7 83 35 15 51 41 61 22 73 67 60 99 0 25 53 25 9 9 95 76 45 53 40 92 47 83 66 46 73 17 54 68 65 92 31 
25 5 44 13 30 94 24 49 19 98 86 5 58 6 39 0 2 24 88 4 65 89 1 89 59 7 47 78 18 47 79 26 6 27 6 31 62 27 61 2 81 4 87 11 83 82 17 4 23 50 62 39 70 19 80 89 31 86 11 84 39 94 33 77 15 18 43 24 65 62 23 99 4 60 47 81 92 25 0 14 34 85 9 47 80 43 7 30 42 65 73 89 26 74 6 93 58 89 57 62 
24 38 39 16 20 44 51 52 54 24 11 27 20 28 63 41 38 43 68 70 21 85 20 2 55 12 71 57 50 54 31 44 89 43 37 3 10 66 67 45 1 26 19 94 27 57 91 10 46 16 84 27 90 1 17 70 58 84 80 51 82 30 44 83 90 71 79 90 56 4 66 96 54 84 29 64 92 53 14 0 76 2 32 56 79 10 5 67 22 30 27 85 86 70 12 17 10 35 84 27 
88 91 59 35 73 71 88 87 4 65 20 93 8 23 84 86 35 20 69 28 34 19 40 55 55 32 5 43 20 88 54 33 93 20 24 67 9 72 6 15 90 58 34 66 26 9 54 13 50 84 23 59 27 75 49 65 67 24 63 99 77 33 20 38 11 94 15 8 91 56 57 89 25 60 47 6 81 25 34 76 0 50 35 34 19 66 73 44 87 10 98 3 11 16 60 96 33 47 27 61 
60 23 21 3 91 46 95 2 26 42 57 14 50 81 29 1 29 92 76 37 54 98 17 38 22 95 96 68 30 89 79 4 61 46 22 87 77 88 11 28 84 31 5 46 28 51 92 85 67 5 98 95 54 2 34 69 36 58 2 76 33 71 14 8 65 11 49 65 40 25 92 48 22 76 96 60 73 9 85 2 50 0 74 98 43 3 48 17 65 47 17 72 51 61 42 22 58 39 98 58 
31 91 65 27 78 38 17 62 97 27 1 45 6 9 64 75 56 28 18 20 81 51 33 33 53 41 54 76 55 38 79 64 52 60 77 93 62 36 80 91 93 42 44 9 61 49 12 88 8 7 6 89 22 44 70 13 1 55 97 42 18 23 17 5 52 9 53 94 61 75 56 31 75 96 92 8 17 9 9 32 35 74 0 76 39 19 98 26 34 88 86 44 20 76 30 19 36 62 89 90 
79 63 0 1 85 94 84 3 67 8 45 7 76 94 34 4 24 89 9 58 75 43 19 81 68 13 99 99 79 25 96 21 29 70 42 4 21 78 56 79 38 46 48 79 22 14 12 32 17 39 84 22 84 14 74 90 6 63 85 34 74 79 79 43 28 84 32 41 14 27 75 42 55 16 33 57 75 95 47 56 34 98 76 0 7 12 13 69 82 6 32 48 39 46 23 30 62 27 40 46 
38 37 71 99 34 33 14 17 75 23 1 71 61 34 64 43 94 95 3 82 90 0 55 12 9 9 23 29 61 77 12 61 73 35 36 91 72 61 94 69 44 42 2 67 24 2 43 36 72 87 20 13 67 12 85 65 62 11 57 50 13 83 62 74 44 78 6 97 53 15 28 8 63 3 87 4 81 76 80 79 19 43 39 7 0 66 98 16 6 13 4 3 87 34 69 65 83 43 1 35 
55 76 5 70 22 34 33 18 28 96 92 24 87 73 37 17 87 8 18 21 93 75 98 1 19 78 68 50 3 35 68 49 32 11 51 29 57 66 13 70 89 66 22 85 94 69 63 67 36 48 26 73 47 23 60 39 43 66 25 52 35 42 38 21 85 55 58 84 36 50 65 94 78 96 56 23 47 45 43 10 66 3 19 12 66 0 1 2 42 78 63 66 57 77 17 45 83 1 30 90 
24 86 69 86 99 92 90 90 3 44 44 77 99 0 51 57 74 6 84 69 50 97 71 33 47 66 80 30 18 68 65 47 29 18 75 84 95 79 39 72 44 59 25 46 65 7 94 76 72 30 77 81 11 75 36 52 77 29 17 67 53 18 25 67 43 99 27 63 78 74 29 52 44 96 45 82 90 53 7 5 73 48 98 13 98 1 0 12 39 69 62 32 45 52 78 78 21 99 85 97 
66 44 51 34 39 42 46 28 3 91 19 82 38 85 69 52 68 33 2 60 70 73 65 84 35 67 87 42 56 91 29 18 55 92 41 78 83 55 71 40 95 64 37 52 81 23 14 53 15 45 78 89 56 59 2 64 17 29 91 79 71 46 52 54 94 82 69 77 34 83 88 87 42 50 70 45 82 40 30 67 44 17 26 69 16 2 12 0 45 32 75 14 89 5 68 99 46 3 22 59 
21 35 62 43 24 86 11 26 98 77 55 48 60 53 85 61 43 89 98 73 15 24 79 5 34 9 10 95 22 61 63 95 57 92 23 97 63 61 53 26 14 18 89 45 90 30 67 37 47 88 25 78 73 48 90 3 94 71 42 17 33 23 51 61 77 43 98 29 61 65 84 33 66 67 10 7 51 92 42 22 87 65 34 82 6 42 39 45 0 31 84 63 18 70 90 44 7 5 32 24 
45 57 5 31 36 35 18 76 87 65 26 36 30 11 87 91 64 56 22 46 7 55 71 81 58 88 35 96 5 6 13 86 25 54 32 41 77 29 51 21 18 71 66 81 25 68 1 49 46 65 44 41 25 8 40 38 6 51 27 4 2 40 76 19 63 25 51 78 27 6 55 30 33 88 63 13 47 47 65 30 10 47 88 6 13 78 69 32 31 0 50 68 76 70 52 32 82 92 47 99 
42 55 25 37 88 17 59 93 88 44 84 32 96 94 75 98 53 86 5 29 44 83 49 60 55 29 48 32 74 59 49 90 34 71 77 5 57 76 37 7 35 63 88 79 83 39 55 74 53 95 27 25 39 16 75 32 29 47 50 46 96 36 2 49 71 32 44 30 70 8 67 94 20 68 19 93 94 83 73 27 98 17 86 32 4 63 62 75 84 50 0 84 69 38 37 68 17 51 77 42 
73 92 36 53 41 87 0 92 75 13 21 22 83 75 62 69 42 40 88 32 40 14 89 32 70 8 17 31 0 27 35 17 96 55 40 22 8 96 76 78 19 92 52 0 95 67 61 76 5 76 17 12 45 68 51 72 95 7 40 89 95 31 26 53 36 83 61 74 83 14 10 27 5 87 23 44 71 66 89 85 3 72 44 48 3 66 32 14 63 68 84 0 44 86 44 68 17 89 33 59 
22 32 62 63 3 89 14 32 48 28 71 5 90 21 95 75 17 7 64 83 53 94 34 17 48 32 57 44 55 13 11 16 47 96 6 18 46 28 40 60 43 69 51 16 23 94 52 21 80 39 17 57 83 79 48 19 44 56 45 7 55 70 98 47 52 65 93 8 66 24 33 43 15 64 94 94 22 46 26 86 11 51 20 39 87 57 45 89 18 76 69 44 0 17 87 35 6 94 18 18 
23 52 21 24 35 84 76 76 25 53 5 89 7 8 58 36 38 12 28 69 43 98 41 20 81 81 38 14 49 65 60 50 42 5 21 75 49 48 3 43 28 78 92 2 98 1 70 94 36 82 32 5 60 75 35 92 43 7 59 92 33 88 98 73 35 5 12 68 78 29 96 74 43 44 68 51 93 73 74 70 16 61 76 46 34 77 52 5 70 70 38 86 17 0 82 91 64 32 68 6 
27 18 41 48 90 97 24 85 26 33 38 25 84 33 21 71 13 69 80 46 89 80 4 34 75 6 43 96 24 29 9 45 0 31 13 13 59 80 89 62 45 4 41 65 88 76 98 11 28 92 54 18 83 92 19 88 60 81 8 47 33 26 14 3 16 18 73 96 65 99 86 42 71 1 92 54 60 17 6 12 60 42 30 23 69 17 78 68 90 52 37 44 87 82 0 73 54 6 72 26 
18 26 93 6 70 25 88 9 34 50 10 5 48 25 34 33 75 32 11 84 90 20 7 89 11 58 53 57 77 92 64 21 11 10 47 6 89 77 97 30 79 27 18 68 77 90 8 67 43 46 80 31 95 43 24 32 94 95 42 21 67 96 52 37 25 25 59 23 12 5 85 30 15 46 59 89 36 54 93 17 96 22 19 30 65 45 78 99 44 32 68 68 35 91 73 0 82 9 19 70 
96 75 44 71 37 4 23 34 35 21 30 12 4 78 29 35 29 99 93 7 87 65 46 48 49 63 5 60 91 73 29 78 4 73 53 80 13 97 80 0 82 50 40 33 51 27 56 91 96 9 87 38 99 34 43 82 40 22 20 57 2 34 35 42 86 45 94 22 18 34 65 63 50 76 13 75 27 68 58 10 33 58 36 62 83 83 21 46 7 82 17 17 6 64 54 82 0 22 30 6 
54 52 63 85 77 29 60 23 2 37 41 96 95 49 15 45 70 83 16 43 34 31 2 47 20 33 78 24 64 20 16 41 79 93 89 25 43 74 15 13 4 0 13 51 26 13 22 12 22 52 39 20 13 19 81 66 91 94 67 76 76 12 50 72 73 92 65 35 20 46 57 52 4 45 36 94 75 65 89 35 47 39 62 27 43 1 99 3 5 92 51 89 94 32 6 9 22 0 9 38 
43 69 76 78 92 56 63 32 62 10 31 67 71 34 32 50 50 17 85 73 50 42 33 38 8 78 5 62 0 98 51 64 40 45 22 40 33 15 79 50 99 4 53 13 42 86 48 58 59 37 76 52 40 57 29 48 37 99 8 43 15 46 66 53 33 81 83 61 11 15 42 23 16 31 73 11 73 92 57 84 27 98 89 40 1 30 85 22 32 47 77 33 18 68 72 19 30 9 0 10 
6 16 54 35 27 18 59 75 82 63 60 16 47 30 91 99 39 97 53 73 26 91 93 99 35 61 25 33 37 42 93 57 45 91 29 55 90 50 53 48 74 29 88 12 50 69 67 91 67 41 35 22 93 95 67 47 44 81 2 18 13 72 24 40 50 65 46 74 68 9 24 39 88 68 7 26 79 31 62 27 61 58 90 46 35 90 97 59 24 99 42 59 18 6 26 70 6 38 10 0 
0 42 47 38 12 7 68 50 61 7 80 92 84 2 51 24 80 40 54 89 71 37 54 78 20 55 73 86 94 84 8 30 8 51 93 81 4 78 22 67 94 14 53 18 58 31 41 83 43 52 66 60 88 37 45 18 77 7 50 41 93 20 25 89 94 69 34 38 92 83 68 13 36 53 10 32 0 16 54 81 89 7 25 93 86 12 53 42 51 94 62 42 24 42 66 32 29 54 53 66 
42 0 22 2 93 47 18 28 59 87 74 35 31 81 0 18 85 14 96 96 42 1 56 67 55 56 51 41 84 22 57 5 66 26 84 32 71 76 34 98 9 38 70 47 34 29 77 13 55 82 14 87 40 70 5 92 49 90 22 26 69 41 75 14 83 34 40 92 39 78 82 38 23 37 96 86 56 3 58 64 83 18 20 45 45 1 53 88 29 89 96 58 77 47 11 15 90 81 55 38 
47 22 0 63 86 85 51 6 94 90 36 79 86 53 48 47 66 15 58 37 2 25 30 77 88 35 18 67 32 76 21 50 14 24 53 84 53 86 37 39 31 35 40 98 74 85 7 97 33 91 13 70 24 67 74 2 37 22 22 58 29 1 88 66 98 15 27 80 65 3 72 67 89 67 86 41 10 87 0 53 25 43 60 69 33 41 48 48 82 38 26 95 41 46 30 11 69 50 21 70 
38 2 63 0 65 59 90 69 6 15 69 62 63 46 19 93 27 67 35 90 96 89 70 76 86 98 46 60 34 23 26 39 15 17 64 39 34 23 77 37 14 61 85 70 58 82 21 92 28 33 75 52 39 99 70 94 13 54 16 15 11 41 34 64 53 9 12 87 84 56 23 18 94 63 69 71 68 80 76 55 77 66 85 54 34 35 96 11 84 92 23 66 54 51 98 95 50 97 56 48 
12 93 86 65 0 9 41 70 10 26 81 85 64 78 8 46 50 97 3 8 44 85 49 83 79 9 10 94 74 87 44 43 74 18 38 35 8 91 31 10 54 23 35 35 67 12 9 91 69 38 56 10 70 51 78 7 16 4 55 84 10 65 30 96 31 17 69 41 13 47 67 80 98 30 73 22 59 36 24 13 45 6 67 6 37 42 42 73 53 56 66 0 5 42 90 59 99 67 34 1 
7 47 85 59 9 0 20 98 16 56 98 25 21 55 53 65 43 55 40 49 9 80 46 78 17 87 73 65 87 11 48 17 52 74 14 55 29 41 35 90 29 45 50 4 94 98 33 17 59 58 63 63 99 5 95 27 23 2 71 58 88 19 62 90 48 70 87 31 93 90 22 30 66 52 93 56 65 72 98 56 2 13 57 13 53 8 75 50 61 82 56 80 50 34 31 24 32 56 81 61 
68 18 51 90 41 20 0 48 28 14 23 76 39 39 89 2 36 33 33 29 90 77 71 5 61 41 28 90 62 56 95 93 21 21 83 43 96 11 59 91 79 63 31 0 80 24 76 17 54 96 93 70 63 17 3 82 65 1 22 79 91 50 47 57 47 26 82 36 57 97 31 46 18 83 84 11 67 90 25 40 68 23 89 10 22 92 29 22 34 28 97 55 8 25 50 43 6 65 57 35 
50 28 6 69 70 98 48 0 30 43 81 40 78 7 76 56 9 5 14 42 66 82 61 97 86 15 23 15 58 22 33 21 74 55 44 76 8 68 22 18 35 98 19 68 9 96 78 1 51 2 86 46 71 69 36 94 26 31 83 32 81 39 56 30 88 91 63 26 48 14 76 19 58 34 58 22 40 12 67 75 81 28 13 66 53 55 0 14 8 16 27 63 75 24 76 62 5 81 62 56 
61 59 94 6 10 16 28 30 0 84 81 61 38 17 62 84 60 72 2 20 83 29 40 33 22 34 39 82 52 69 83 17 32 2 7 71 59 75 75 41 38 45 10 60 90 16 78 71 63 56 46 18 28 98 81 34 66 5 71 41 38 89 56 24 59 83 98 54 9 47 0 73 86 57 39 63 86 23 59 12 8 61 10 62 37 21 74 59 22 82 36 42 99 61 99 63 49 83 73 40 
7 87 90 15 26 56 14 43 84 0 25 35 5 52 52 99 83 91 43 26 73 82 51 28 89 74 97 29 81 89 91 62 31 11 55 66 32 87 93 78 98 66 74 78 59 79 67 16 7 3 62 89 35 98 97 5 75 15 49 3 11 76 42 97 98 69 84 33 79 29 98 82 78 84 15 50 78 21 42 72 30 96 96 96 82 49 8 6 37 88 70 68 69 14 40 33 30 74 12 69 
80 74 36 69 81 98 23 81 81 25 0 55 19 0 33 16 18 17 77 41 87 25 0 84 76 35 10 49 50 14 15 4 2 42 51 62 51 60 48 47 61 62 58 2 49 83 18 63 30 99 22 68 60 70 66 89 20 42 92 0 12 53 16 63 62 89 76 97 60 12 14 84 76 13 67 98 8 54 75 13 45 50 15 52 20 74 76 56 91 65 26 26 42 22 26 53 68 3 67 78 
92 35 79 62 85 25 76 40 61 35 55 0 99 21 24 37 41 75 54 96 40 9 93 83 49 58 87 28 23 11 49 41 76 90 5 30 2 79 21 77 66 38 83 91 40 74 22 47 17 31 16 24 73 33 90 17 99 7 60 61 11 64 23 34 30 8 39 14 46 51 36 32 14 86 89 36 49 8 1 33 33 24 25 5 14 82 78 24 66 40 7 11 81 24 60 49 6 29 51 22 
84 31 86 63 64 21 39 78 38 5 19 99 0 28 64 70 26 4 22 47 33 43 51 33 9 37 58 61 70 98 18 11 60 90 90 25 51 12 58 86 82 33 47 64 44 80 91 11 58 76 8 23 90 82 47 85 7 34 92 37 42 30 33 18 77 43 22 70 45 16 82 97 71 72 23 34 20 96 30 33 20 23 29 25 70 42 29 17 83 56 99 10 87 19 71 67 51 74 18 89 
2 81 53 46 78 55 39 7 17 52 0 21 28 0 2 33 62 6 12 68 80 52 60 97 25 40 81 62 9 80 74 8 96 10 18 37 60 89 7 7 6 78 26 46 69 71 93 63 10 20 20 11 71 81 18 81 57 38 89 45 12 68 48 94 92 2 67 11 59 40 85 26 59 27 77 1 57 62 81 0 76 9 50 23 86 24 67 88 63 75 92 28 95 6 66 34 66 86 77 82 
51 0 48 19 8 53 89 76 62 52 33 24 64 2 0 70 50 69 79 40 90 89 2 28 13 70 1 29 68 79 44 45 57 16 48 73 39 73 57 16 19 81 41 40 79 21 50 21 89 21 95 29 58 98 75 74 91 27 77 19 25 59 2 38 2 12 89 21 76 87 23 94 10 81 8 48 73 83 10 49 28 15 98 87 20 5 71 5 86 97 15 82 69 41 79 39 19 56 81 33 
24 18 47 93 46 65 2 56 84 99 16 37 70 33 70 0 20 9 68 51 78 70 53 53 73 69 14 12 62 28 49 17 72 2 29 19 52 68 22 70 29 22 58 49 24 51 5 37 96 46 88 60 29 66 29 12 36 96 88 90 62 11 94 35 93 51 55 87 36 66 32 19 67 5 37 5 19 80 13 83 37 5 36 84 4 73 17 77 10 40 93 71 64 28 17 21 98 56 35 43 
80 85 66 27 50 43 36 9 60 83 18 41 26 62 50 20 0 20 69 72 11 29 27 24 76 26 24 92 37 13 33 39 6 76 94 22 2 75 46 99 5 73 57 73 78 33 81 17 81 70 48 38 15 24 71 62 81 36 33 54 85 35 21 25 10 50 31 41 52 9 55 11 25 38 13 67 22 87 10 49 23 67 29 26 9 58 99 52 6 33 66 76 14 20 5 10 72 22 73 14 
40 14 15 67 97 55 33 5 72 91 17 75 4 6 69 9 20 0 15 41 37 22 42 70 45 92 45 75 55 46 0 64 46 80 35 14 69 52 41 75 10 44 15 80 42 11 92 8 57 42 3 80 7 5 78 5 33 62 30 64 16 81 26 83 82 63 59 47 22 46 5 38 77 27 78 65 78 40 57 63 92 82 7 28 32 50 7 99 67 66 75 84 98 28 53 87 7 39 40 32 
54 96 58 35 3 40 33 14 2 43 77 54 22 12 79 68 69 15 0 7 92 52 88 7 80 39 54 1 29 89 29 32 99 32 83 65 67 49 27 80 97 67 86 24 65 21 72 14 16 78 74 84 25 67 14 70 0 82 16 47 57 45 25 69 10 8 28 11 0 17 93 70 69 18 60 32 86 56 83 61 52 41 28 82 16 63 23 24 23 26 29 32 92 84 98 22 5 9 62 92 
89 96 37 90 8 49 29 42 20 26 41 96 47 68 40 51 72 41 7 0 25 76 20 50 98 34 16 13 97 85 66 11 77 20 68 98 0 51 46 36 75 84 24 52 13 87 32 89 90 85 27 76 64 53 84 56 97 88 70 96 7 83 74 15 54 75 95 91 37 99 87 46 56 50 3 74 46 30 17 6 39 83 36 20 92 79 14 39 63 18 59 78 53 44 41 41 42 20 6 54 
71 42 2 96 44 9 90 66 83 73 87 40 33 80 90 78 11 37 92 25 0 22 19 63 9 79 50 48 3 62 3 90 78 94 0 88 3 40 45 57 76 19 67 96 39 68 30 5 37 51 23 98 92 47 6 41 74 74 60 41 95 38 3 97 63 15 56 78 57 44 33 4 81 42 89 15 77 7 91 82 30 80 61 66 92 43 10 86 40 36 67 96 50 69 35 59 86 58 96 28 
37 1 25 89 85 80 77 82 29 82 25 9 43 52 89 70 29 22 52 76 22 0 15 3 53 15 66 10 76 91 2 27 34 17 84 45 32 25 8 12 83 77 84 41 99 95 9 12 96 96 84 29 67 91 46 25 96 17 11 49 95 18 23 89 27 5 11 69 68 98 54 77 32 52 64 48 91 78 58 68 43 27 8 53 88 84 66 46 82 14 47 9 73 82 51 77 63 54 72 83 
54 56 30 70 49 46 71 61 40 51 0 93 51 60 2 53 27 42 88 20 19 15 0 96 1 54 76 89 72 35 5 44 50 19 28 57 47 80 2 64 77 82 89 53 67 45 7 64 19 74 1 93 27 11 67 37 1 22 92 84 68 55 76 31 92 95 34 67 26 65 1 71 13 42 7 67 98 15 91 97 51 40 70 78 47 55 57 52 86 13 20 35 96 9 58 47 33 95 17 7 
78 67 77 76 83 78 5 97 33 28 84 83 33 97 28 53 24 70 7 50 63 3 96 0 39 71 97 37 63 35 75 97 64 54 12 9 3 90 31 12 76 65 77 94 48 20 64 60 55 31 33 79 42 63 86 88 36 66 18 26 2 55 45 55 98 97 80 30 82 17 80 72 83 19 8 35 1 74 60 99 80 3 95 36 24 21 10 66 4 63 2 81 11 73 7 54 24 9 67 36 
20 55 88 86 79 17 61 86 22 89 76 49 9 25 13 73 76 45 80 98 9 53 1 39 0 57 67 35 98 49 87 75 16 79 45 51 37 70 11 61 51 34 15 25 99 26 11 58 56 81 2 58 71 45 8 92 6 98 84 61 75 93 68 86 92 48 94 93 38 7 61 46 22 80 15 0 15 50 97 1 60 1 43 12 80 34 78 78 81 18 17 35 21 4 21 27 35 27 94 84 
55 56 35 98 9 87 41 15 34 74 35 58 37 40 70 69 26 92 39 34 79 15 54 71 57 0 14 58 94 74 68 48 43 6 45 28 19 50 58 50 81 29 52 23 59 53 40 70 41 66 36 96 14 81 63 67 61 81 13 62 32 84 21 91 15 72 17 5 54 60 95 18 6 9 37 20 84 24 3 99 6 25 33 7 78 53 72 8 5 98 70 22 44 47 19 92 15 49 86 6 
73 51 18 46 10 73 28 23 39 97 10 87 58 81 1 14 24 45 54 16 50 66 76 97 67 14 0 5 52 59 70 24 88 36 63 76 72 7 31 15 45 88 33 34 51 54 11 29 94 32 86 31 17 34 51 22 16 85 18 42 33 92 1 5 88 86 61 32 46 13 1 27 0 75 52 83 13 64 44 91 30 9 32 35 44 12 28 91 17 76 94 76 23 67 9 84 5 61 93 4 
86 41 67 60 94 65 90 15 82 29 49 28 61 62 29 12 92 75 1 13 48 10 89 37 35 58 5 0 21 29 44 94 53 26 40 40 83 87 95 80 37 99 42 73 73 33 3 70 31 11 94 81 42 59 36 87 44 89 31 44 2 46 59 92 36 52 18 48 74 23 69 53 96 93 64 63 48 93 82 93 90 36 74 9 85 37 69 76 63 22 68 4 16 91 76 23 19 49 4 47 
94 84 32 34 74 87 62 58 52 81 50 23 70 9 68 62 37 55 29 97 3 76 72 63 98 94 52 21 0 12 7 4 5 89 54 81 96 27 15 91 0 57 92 99 12 30 30 36 55 38 56 33 53 31 49 51 18 14 70 18 90 97 86 1 48 40 95 72 35 11 22 55 56 92 78 21 36 31 17 19 67 65 3 10 48 1 68 76 76 49 22 57 38 98 7 25 99 52 22 98 
84 22 76 23 87 11 56 22 69 89 14 11 98 80 79 28 13 46 89 85 62 91 35 35 49 74 59 29 12 0 27 1 78 38 96 90 79 69 52 76 22 44 24 74 95 96 96 60 78 21 34 64 63 36 11 87 94 54 5 6 48 56 96 22 22 99 48 49 95 92 23 9 78 42 62 27 65 20 34 95 87 88 41 59 16 16 56 74 49 68 3 66 26 16 26 35 45 31 59 2 
8 57 21 26 44 48 95 33 83 91 15 49 18 74 44 49 33 0 29 66 3 2 5 75 87 68 70 44 7 27 0 26 61 30 34 73 94 15 58 71 16 38 86 37 50 18 34 79 97 38 51 41 91 1 85 79 69 21 69 87 27 0 45 14 94 79 83 29 26 48 7 76 57 65 93 77 23 31 38 25 63 91 3 74 68 16 53 80 69 10 6 86 21 25 43 63 12 62 50 12 
30 5 50 39 43 17 93 21 17 62 4 41 11 8 45 17 39 64 32 11 90 27 44 97 75 48 24 94 4 1 26 0 48 67 5 37 74 55 83 59 42 51 70 48 35 30 57 98 76 13 27 32 17 35 58 41 42 92 13 63 38 60 26 9 99 36 37 57 29 53 64 43 59 69 32 58 54 11 27 88 12 59 22 76 8 91 21 57 62 1 84 98 77 75 35 95 14 91 2 1 
8 66 14 15 74 52 21 74 32 31 2 76 60 96 57 72 6 46 99 77 78 34 50 64 16 43 88 53 5 78 61 48 0 71 71 38 60 5 85 17 96 6 37 94 55 47 56 37 36 13 43 85 71 12 12 63 98 35 35 24 31 12 45 5 95 69 2 45 43 97 26 76 95 62 35 68 4 26 33 89 64 61 99 57 73 46 14 70 3 56 93 30 90 62 26 14 62 12 15 93 
51 26 24 17 18 74 21 55 2 11 42 90 90 10 16 2 76 80 32 20 94 17 19 54 79 6 36 26 89 38 30 67 71 0 65 96 17 51 29 35 52 52 0 28 15 66 99 52 9 41 55 48 58 45 7 57 9 6 27 70 97 57 65 25 3 2 82 15 14 44 49 41 6 71 61 3 81 89 49 78 19 81 33 40 47 14 24 77 34 19 60 65 12 77 34 6 81 52 62 35 
93 84 53 64 38 14 83 44 7 55 51 5 90 18 48 29 94 35 83 68 0 84 28 12 45 45 63 40 54 96 34 5 71 65 0 60 34 96 78 20 21 53 5 19 7 0 91 57 5 5 90 26 77 31 32 38 86 67 87 17 75 93 20 75 54 79 0 68 54 48 86 72 66 32 56 17 29 19 79 17 58 13 38 89 44 76 2 21 45 32 76 5 33 9 22 12 48 35 56 30 
81 32 84 39 35 55 43 76 71 66 62 30 25 37 73 19 22 14 65 98 88 45 57 9 51 28 76 40 81 90 73 37 38 96 60 0 32 27 41 38 79 28 97 43 44 64 39 21 58 95 96 52 25 45 54 65 13 49 80 83 37 79 76 50 16 30 80 29 18 81 16 7 28 93 68 16 90 69 68 9 61 57 65 91 82 49 26 1 87 88 62 5 93 53 28 4 53 85 32 52 
4 71 53 34 8 29 96 8 59 32 51 2 51 60 39 52 2 69 67 0 3 32 47 3 37 19 72 83 96 79 94 74 60 17 34 32 0 83 80 8 13 94 70 66 71 53 49 31 11 39 12 53 57 45 34 95 84 24 44 87 92 85 56 97 36 53 46 56 69 4 0 42 76 27 18 58 64 2 92 91 47 3 23 20 7 96 43 83 28 79 64 16 7 89 20 64 86 14 46 19 
78 76 86 23 91 41 11 68 75 87 60 79 12 89 73 68 75 52 49 51 40 25 80 90 70 50 7 87 27 69 15 55 5 51 96 27 83 0 34 8 88 67 82 58 68 81 73 58 51 21 57 83 93 1 90 65 55 80 60 85 42 37 90 20 44 51 64 57 15 4 81 81 70 43 39 38 85 59 91 83 29 56 47 70 96 61 11 91 88 85 76 73 56 64 80 80 86 37 97 50 
22 34 37 77 31 35 59 22 75 93 48 21 58 7 57 22 46 41 27 46 45 8 2 31 11 58 31 95 15 52 58 83 85 29 78 41 80 34 0 83 28 19 45 77 78 68 58 78 11 80 15 28 55 19 25 51 55 88 11 72 14 9 66 71 4 74 17 12 51 0 75 52 6 9 41 70 66 46 48 40 12 79 97 60 1 94 23 59 89 10 93 11 35 59 33 32 56 60 72 46 
67 98 39 37 10 90 91 18 41 78 47 77 86 7 16 70 99 75 80 36 57 12 64 12 61 50 15 80 91 76 71 59 17 35 20 38 8 8 83 0 28 68 9 19 57 58 26 55 82 22 95 39 89 0 33 50 68 23 33 87 56 78 4 10 19 6 48 29 81 43 77 0 85 82 43 63 37 36 94 88 85 90 32 35 69 63 14 94 27 70 56 37 26 63 5 11 4 25 84 63 
94 9 31 14 54 29 79 35 38 98 61 66 82 6 19 29 5 10 97 75 76 83 77 76 51 81 45 37 0 22 16 42 96 52 21 79 13 88 28 28 0 17 77 18 39 94 24 40 34 91 82 19 67 94 18 69 69 55 60 27 42 61 98 46 99 9 95 10 56 17 61 26 89 4 45 59 76 69 92 46 85 41 16 4 45 39 96 92 14 50 10 13 31 84 61 2 52 81 44 71 
14 38 35 61 23 45 63 98 45 66 62 38 33 78 81 22 73 44 67 84 19 77 82 65 34 29 88 99 57 44 38 51 6 52 53 28 94 67 19 68 17 0 41 6 18 15 82 28 0 85 89 33 26 84 64 16 8 27 46 20 15 0 60 67 43 92 80 29 55 58 11 83 80 68 61 49 10 14 13 19 6 95 55 10 62 62 22 28 60 71 54 25 36 35 88 31 25 24 53 99 
53 70 40 85 35 50 31 19 10 74 58 83 47 26 41 58 57 15 86 24 67 84 89 77 15 52 33 42 92 24 86 70 37 0 5 97 70 82 45 9 77 41 0 45 47 78 35 98 59 33 90 2 87 43 37 61 40 69 83 45 87 64 92 78 0 15 94 11 74 91 36 15 41 84 34 72 50 23 97 78 50 15 63 93 11 90 77 54 81 84 78 9 13 91 13 36 67 50 30 24 
18 47 98 70 35 4 0 68 60 78 2 91 64 46 40 49 73 80 24 52 96 41 53 94 25 23 34 73 99 74 37 48 94 28 19 43 66 58 77 19 18 6 45 0 88 52 77 63 60 73 57 75 58 37 35 63 59 15 12 83 76 32 45 42 56 85 45 92 37 38 40 43 59 57 48 95 97 25 75 30 4 76 37 34 7 53 31 37 46 83 47 82 59 64 79 27 59 84 39 86 
58 34 74 58 67 94 80 9 90 59 49 40 44 69 79 24 78 42 65 13 39 99 67 48 99 59 51 73 12 95 50 35 55 15 7 44 71 68 78 57 39 18 47 88 0 62 65 62 57 31 95 27 43 36 48 53 93 64 83 37 16 44 16 47 96 55 89 76 55 26 16 45 68 31 45 67 12 13 17 29 53 78 84 43 16 18 41 0 71 54 70 81 20 13 26 55 16 24 75 42 
31 29 85 82 12 98 24 96 16 79 83 74 80 71 21 51 33 11 21 87 68 95 45 20 26 53 54 33 30 96 18 30 47 66 0 64 53 81 68 58 94 15 78 52 62 0 64 16 30 37 14 89 81 73 79 85 72 94 36 21 21 41 22 20 97 52 36 55 16 18 93 86 32 8 30 36 40 51 8 24 64 80 38 8 27 89 53 27 63 88 50 55 45 29 81 7 40 87 91 86 
41 77 7 21 9 33 76 78 78 67 18 22 91 93 50 5 81 92 72 32 30 9 7 64 11 40 11 3 30 96 34 57 56 99 91 39 49 73 58 26 24 82 35 77 65 64 0 45 76 50 84 73 26 98 0 68 30 86 95 59 40 1 62 33 32 19 99 14 61 46 57 7 79 81 29 3 68 7 51 12 3 86 62 67 80 98 18 77 9 90 28 43 74 2 3 24 85 81 95 92 
83 13 97 92 91 17 17 1 71 16 63 47 11 63 21 37 17 8 14 89 5 12 64 60 58 70 29 70 36 60 79 98 37 52 57 21 31 58 78 55 40 28 98 63 62 16 45 0 64 63 15 60 84 48 22 31 83 46 88 92 78 11 16 69 67 25 9 5 39 8 29 58 35 19 25 39 14 12 18 66 41 82 33 82 69 84 30 82 17 53 95 68 56 24 91 43 38 48 50 44 
43 55 33 28 69 59 54 51 63 7 30 17 58 10 89 96 81 57 16 90 37 96 19 55 56 41 94 31 55 78 97 76 36 9 5 58 11 51 11 82 34 0 59 60 57 30 76 64 0 1 3 70 25 59 27 36 20 22 47 59 58 61 85 43 85 77 24 25 35 59 79 76 20 85 62 74 85 63 29 10 58 24 90 91 32 96 45 58 25 73 2 70 37 39 83 24 39 41 25 3 
52 82 91 33 38 58 96 2 56 3 99 31 76 20 21 46 70 42 78 85 51 96 74 31 81 66 32 11 38 21 38 13 13 41 5 95 39 21 80 22 91 85 33 73 31 37 50 63 1 0 77 99 59 35 97 8 64 68 10 11 24 96 6 12 54 85 63 63 86 16 51 42 94 14 20 79 36 16 14 32 92 53 0 70 57 94 46 38 83 54 0 50 69 34 4 94 91 19 37 43 
66 14 13 75 56 63 93 86 46 62 22 16 8 20 95 88 48 3 74 27 23 84 1 33 2 36 86 94 56 34 51 27 43 55 90 96 12 57 15 95 82 89 90 57 95 14 84 15 3 77 0 71 7 49 85 16 27 62 13 69 7 34 39 41 76 38 98 63 15 92 70 92 97 35 9 38 50 48 91 33 32 96 77 27 68 36 36 90 1 17 66 30 79 92 98 79 15 60 18 58 
60 87 70 52 10 63 70 46 18 89 68 24 23 11 29 60 38 80 84 76 98 29 93 79 58 96 31 81 33 64 41 32 85 48 26 52 53 83 28 39 19 33 2 75 27 89 73 60 70 99 71 0 94 5 4 81 45 30 78 79 72 29 26 41 38 97 62 9 62 92 27 21 25 19 19 37 43 36 21 77 19 28 75 69 80 40 38 13 73 35 15 84 56 49 70 76 46 88 51 89 
88 40 24 39 70 99 63 71 28 35 60 73 90 71 58 29 15 7 25 64 92 67 27 42 71 14 17 42 53 63 91 17 71 58 77 25 57 93 55 89 67 26 87 58 43 81 26 84 25 59 7 94 0 8 98 76 25 63 51 30 94 10 34 40 49 98 85 86 0 90 63 4 93 33 45 40 88 87 41 10 69 40 37 64 32 24 63 73 91 65 87 51 93 68 85 42 16 95 39 91 
37 70 67 99 51 5 17 69 98 98 70 33 82 81 98 66 24 5 67 53 47 91 11 63 45 81 34 59 31 36 1 35 12 45 31 45 45 1 19 0 94 84 43 37 36 73 98 48 59 35 49 5 8 0 59 66 30 68 83 76 97 28 66 64 76 29 20 20 92 75 58 17 76 79 1 4 1 4 4 44 81 58 48 35 3 44 25 51 77 20 45 89 61 82 2 65 76 13 41 98 
45 5 74 70 78 95 3 36 81 97 66 90 47 18 75 29 71 78 14 84 6 46 67 86 8 63 51 36 49 11 85 58 12 7 32 54 34 90 25 33 18 64 37 35 48 79 0 22 27 97 85 4 98 59 0 53 75 69 66 3 81 82 75 71 40 9 28 32 7 85 21 4 49 69 31 80 10 37 86 48 21 47 83 51 53 10 81 94 12 38 66 9 83 60 94 39 99 24 37 8 
18 92 2 94 7 27 82 94 34 5 89 17 85 81 74 12 62 5 70 56 41 25 37 88 92 67 22 87 51 87 79 41 63 57 38 65 95 65 51 50 69 16 61 63 53 85 68 31 36 8 16 81 76 66 53 0 28 52 0 51 9 5 56 30 62 38 73 98 90 3 98 77 28 51 2 81 56 84 68 93 3 24 59 45 7 12 23 64 65 37 18 24 44 77 57 62 50 76 28 78 
77 49 37 13 16 23 65 26 66 75 20 99 7 57 91 36 81 33 0 97 74 96 1 36 6 61 16 44 18 94 69 42 98 9 86 13 84 55 55 68 69 8 40 59 93 72 30 83 20 64 27 45 25 30 75 28 0 65 5 97 49 91 46 5 51 47 62 40 61 40 51 96 30 60 15 65 76 67 44 35 57 75 54 18 37 88 10 80 7 91 66 12 29 46 98 52 19 98 63 9 
7 90 22 54 4 2 1 31 5 15 42 7 34 38 27 96 36 62 82 88 74 17 22 66 98 81 85 89 14 54 21 92 35 6 67 49 24 80 88 23 55 27 69 15 64 94 86 46 22 68 62 30 63 68 69 52 65 0 40 99 53 2 39 43 74 83 43 30 72 95 11 33 8 44 60 83 9 57 95 10 76 13 46 15 88 65 80 90 11 35 85 23 90 9 29 40 61 29 32 73 
50 22 22 16 55 71 22 83 71 49 92 60 92 89 77 88 33 30 16 70 60 11 92 18 84 13 18 31 70 5 69 13 35 27 87 80 44 60 11 33 60 46 83 12 83 36 95 88 47 10 13 78 51 83 66 0 5 40 0 2 8 16 47 15 3 4 53 4 18 67 2 33 10 99 33 64 90 55 62 30 56 52 78 51 81 76 9 29 9 59 27 68 93 73 98 39 92 68 48 13 
41 26 58 15 84 58 79 32 41 3 0 61 37 45 19 90 54 64 47 96 41 49 84 26 61 62 42 44 18 6 87 63 24 70 17 83 87 85 72 87 27 20 45 83 37 21 59 92 59 11 69 79 30 76 3 51 97 99 2 0 69 70 20 13 44 95 87 12 42 91 86 82 78 17 21 7 16 16 27 20 97 39 60 90 54 87 61 64 35 16 27 58 20 88 27 58 69 78 34 35 
93 69 29 11 10 88 91 81 38 11 12 11 42 12 25 62 85 16 57 7 95 95 68 2 75 32 33 2 90 48 27 38 31 97 75 37 92 42 14 56 42 15 87 76 16 21 40 78 58 24 7 72 94 97 81 9 49 53 8 69 0 20 42 88 90 13 12 96 13 72 45 39 81 76 75 32 7 72 62 67 28 98 53 68 48 60 56 9 33 32 45 10 47 22 27 83 89 15 30 47 
20 41 1 41 65 19 50 39 89 76 53 64 30 68 59 11 35 81 45 83 38 18 55 55 93 84 92 46 97 56 0 60 12 57 93 79 85 37 9 78 61 0 64 32 44 41 1 11 61 96 34 29 10 28 82 5 91 2 16 70 20 0 78 97 77 63 3 89 77 4 46 69 12 13 8 16 23 82 89 37 63 91 27 18 55 99 32 58 12 65 39 3 49 72 31 55 1 76 99 68 
25 75 88 34 30 62 47 56 56 42 16 23 33 48 2 94 21 26 25 74 3 23 76 45 68 21 1 59 86 96 45 26 45 65 20 76 56 90 66 4 98 60 92 45 16 22 62 16 85 6 39 26 34 66 75 56 46 39 47 20 42 78 0 60 39 66 2 86 68 71 44 31 43 47 87 42 66 60 72 6 78 92 94 9 74 26 3 30 57 81 75 4 50 88 33 1 24 28 36 47 
89 14 66 64 96 90 57 30 24 97 63 34 18 94 38 35 25 83 69 15 97 89 31 55 86 91 5 92 1 22 14 9 5 25 75 50 97 20 71 10 46 67 78 42 47 20 33 69 43 12 41 41 40 64 71 30 5 43 15 13 88 97 60 0 90 78 47 96 11 92 42 87 73 28 3 25 31 38 99 91 70 47 98 6 13 85 82 47 40 30 38 45 83 52 67 74 94 33 43 40 
94 83 98 53 31 48 47 88 59 98 62 30 77 92 2 93 10 82 10 54 63 27 92 98 92 15 88 36 48 22 94 99 95 3 54 16 36 44 4 19 99 43 0 56 96 97 32 67 85 54 76 38 49 76 40 62 51 74 3 44 90 77 39 90 0 85 35 97 47 22 98 8 87 90 12 4 72 9 40 4 73 30 32 95 3 98 26 87 68 87 67 87 97 34 4 75 2 95 69 30 
69 34 15 9 17 70 26 91 83 69 89 8 43 2 12 51 50 63 8 75 15 5 95 97 48 72 86 52 40 99 79 36 69 2 79 30 53 51 74 6 9 92 15 85 55 52 19 25 77 85 38 97 98 29 9 38 47 83 4 95 13 63 66 78 85 0 68 16 0 31 35 45 71 30 75 95 67 56 99 15 24 34 23 48 25 88 69 60 16 62 24 35 10 4 2 38 49 27 46 31 
34 40 27 12 69 87 82 63 98 84 76 39 22 67 89 55 31 59 28 95 56 11 34 80 94 17 61 18 95 48 83 37 2 82 0 80 46 64 17 48 95 80 94 45 89 36 99 9 24 63 98 62 85 20 28 73 62 43 53 87 12 3 2 47 35 68 0 48 25 73 89 18 91 38 69 82 8 73 90 27 34 59 38 95 94 58 63 65 51 23 51 18 36 69 10 51 96 22 85 20 
38 92 80 87 41 31 36 26 54 33 97 14 70 11 21 87 41 47 11 91 78 69 67 30 93 5 32 48 72 49 29 57 45 15 68 29 56 57 12 29 10 29 11 92 76 55 14 5 25 63 63 9 86 20 32 98 40 30 4 12 96 89 86 96 97 16 48 0 98 16 45 61 65 80 53 41 43 92 69 85 9 28 29 63 68 96 23 37 1 38 30 74 13 92 25 84 51 26 74 20 
92 39 65 84 13 93 57 48 9 79 60 46 45 59 76 36 52 22 0 37 57 68 26 82 38 54 46 74 35 95 26 29 43 14 54 18 69 15 51 81 56 55 74 37 55 16 61 39 35 86 15 62 0 92 7 90 61 72 18 42 13 77 68 11 47 0 25 98 0 87 65 27 10 3 81 5 0 43 73 75 56 22 89 18 86 96 64 74 56 8 62 37 36 49 86 52 29 36 52 47 
83 78 3 56 47 90 97 14 47 29 12 51 16 40 87 66 9 46 17 99 44 98 65 17 7 60 13 23 11 92 48 53 97 44 48 81 4 4 0 43 17 58 91 38 26 18 46 8 59 16 92 92 90 75 85 3 40 95 67 91 72 4 71 92 22 31 73 16 87 0 49 5 59 82 52 75 45 11 1 97 37 5 28 83 28 57 50 9 65 43 5 61 99 27 25 33 48 37 11 28 
68 82 72 23 67 22 31 76 0 98 14 36 82 85 23 32 55 5 93 87 33 54 1 80 61 95 1 69 22 23 7 64 26 49 86 16 0 81 75 77 61 11 36 40 16 93 57 29 79 51 70 27 63 58 21 98 51 11 2 86 45 46 44 42 98 35 89 45 65 49 0 12 81 75 85 93 48 99 0 91 49 27 35 9 48 35 9 93 35 59 66 20 58 79 48 47 93 45 14 99 
13 38 67 18 80 30 46 19 73 82 84 32 97 26 94 19 11 38 70 46 4 77 71 72 46 18 27 53 55 9 76 43 76 41 72 7 42 81 52 0 26 83 15 43 45 86 7 58 76 42 92 21 4 17 4 77 96 33 33 82 39 69 31 87 8 45 18 61 27 5 12 0 39 83 75 4 74 36 12 69 73 28 97 11 83 48 92 63 24 5 78 39 67 23 75 92 30 62 44 13 
36 23 89 94 98 66 18 58 86 78 76 14 71 59 10 67 25 77 69 56 81 32 13 83 22 6 0 96 56 78 57 59 95 6 66 28 76 70 6 85 89 80 41 59 68 32 79 35 20 94 97 25 93 76 49 28 30 8 10 78 81 12 43 73 87 71 91 65 10 59 81 39 0 44 72 38 21 74 70 33 35 63 27 78 42 3 72 2 21 57 18 66 67 81 57 2 12 90 59 57 
53 37 67 63 30 52 83 34 57 84 13 86 72 27 81 5 38 27 18 50 42 52 42 19 80 9 75 93 92 42 65 69 62 71 32 93 27 43 9 82 4 68 84 57 31 8 81 19 85 14 35 19 33 79 69 51 60 44 99 17 76 13 47 28 90 30 38 80 3 82 75 83 44 0 98 23 81 67 80 70 94 8 55 43 76 58 24 79 23 26 1 54 72 15 77 8 28 30 55 34 
10 96 86 69 73 93 84 58 39 15 67 89 23 77 8 37 13 78 60 3 89 64 7 8 15 37 52 64 78 62 93 32 35 61 56 68 18 39 41 43 45 61 34 48 45 30 29 25 62 20 9 19 45 1 31 2 15 60 33 21 75 8 87 3 12 75 69 53 81 52 85 75 72 98 0 1 54 54 20 13 20 40 99 76 82 4 54 38 26 36 80 32 74 32 89 33 74 58 10 18 
32 86 41 71 22 56 11 22 63 50 98 36 34 1 48 5 67 65 32 74 15 48 67 35 0 20 83 63 21 27 77 58 68 3 17 16 58 38 70 63 59 49 72 95 67 36 3 39 74 79 38 37 40 4 80 81 65 83 64 7 32 16 42 25 4 95 82 41 5 75 93 4 38 23 1 0 27 83 97 62 76 38 28 68 98 69 22 60 53 96 92 61 3 54 35 98 46 48 84 58 
0 56 10 68 59 65 67 40 86 78 8 49 20 57 73 19 22 78 86 46 77 91 98 1 15 84 13 48 36 65 23 54 4 81 29 90 64 85 66 37 76 10 50 97 12 40 68 14 85 36 50 43 88 1 10 56 76 9 90 16 7 23 66 31 72 67 8 43 0 45 48 74 21 81 54 27 0 49 43 93 55 64 46 66 66 58 30 19 70 36 68 36 91 29 19 6 57 87 99 14 
16 3 87 80 36 72 90 12 23 21 54 8 96 62 83 80 87 40 56 30 7 78 15 74 50 24 64 93 31 20 31 11 26 89 19 69 2 59 46 36 69 14 23 25 13 51 7 12 63 16 48 36 87 4 37 84 67 57 55 16 72 82 60 38 9 56 73 92 43 11 99 36 74 67 54 83 49 0 2 78 95 57 44 14 74 97 75 80 2 24 53 40 10 84 61 26 3 61 43 7 
54 58 0 76 24 98 25 67 59 42 75 1 30 81 10 13 10 57 83 17 91 58 91 60 97 3 44 82 17 34 38 27 33 49 79 68 92 91 48 94 92 13 97 75 17 8 51 18 29 14 91 21 41 4 86 68 44 95 62 27 62 89 72 99 40 99 90 69 73 1 0 12 70 80 20 97 43 2 0 33 10 90 89 30 89 36 90 8 53 61 52 50 33 24 90 98 90 96 29 16 
81 64 53 55 13 56 40 75 12 72 13 33 33 0 49 83 49 63 61 6 82 68 97 99 1 99 91 93 19 95 25 88 89 78 17 9 91 83 40 88 46 19 78 30 29 24 12 66 10 32 33 77 10 44 48 93 35 10 30 20 67 37 6 91 4 15 27 85 75 97 91 69 33 70 13 62 93 78 33 0 79 47 50 61 86 30 50 98 13 40 14 16 97 33 13 36 53 13 61 41 
89 83 25 77 45 2 68 81 8 30 45 33 20 76 28 37 23 92 52 39 30 43 51 80 60 6 30 90 67 87 63 12 64 19 58 61 47 29 12 85 85 6 50 4 53 64 3 41 58 92 32 19 69 81 21 3 57 76 56 97 28 63 78 70 73 24 34 9 56 37 49 73 35 94 20 76 55 95 10 79 0 81 94 16 69 57 85 62 77 69 48 6 95 66 14 54 27 46 61 1 
7 18 43 66 6 13 23 28 61 96 50 24 23 9 15 5 67 82 41 83 80 27 40 3 1 25 9 36 65 88 91 59 61 81 13 57 3 56 79 90 41 95 15 76 78 80 86 82 24 53 96 28 40 58 47 24 75 13 52 39 98 91 92 47 30 34 59 28 22 5 27 28 63 8 40 38 64 57 90 47 81 0 86 29 41 69 48 2 28 38 90 20 12 8 66 57 80 46 8 27 
25 20 60 85 67 57 89 13 10 96 15 25 29 50 98 36 29 7 28 36 61 8 70 95 43 33 32 74 3 41 3 22 99 33 38 65 23 47 97 32 16 55 63 37 84 38 62 33 90 0 77 75 37 48 83 59 54 46 78 60 53 27 94 98 32 23 38 29 89 28 35 97 27 55 99 28 46 44 89 50 94 86 0 14 38 49 45 3 32 60 22 68 89 82 75 93 30 11 40 10 
93 45 69 54 6 13 10 66 62 96 52 5 25 23 87 84 26 28 82 20 66 53 78 36 12 7 35 9 10 59 74 76 57 40 89 91 20 70 60 35 4 10 93 34 43 8 67 82 91 70 27 69 64 35 51 45 18 15 51 90 68 18 9 6 95 48 95 63 18 83 9 11 78 43 76 68 66 14 30 61 16 29 14 0 39 64 61 98 6 83 56 21 9 71 63 36 41 45 65 24 
86 45 33 34 37 53 22 53 37 82 20 14 70 86 20 4 9 32 16 92 92 88 47 24 80 78 44 85 48 16 68 8 73 47 44 82 7 96 1 69 45 62 11 7 16 27 80 69 32 57 68 80 32 3 53 7 37 88 81 54 48 55 74 13 3 25 94 68 86 28 48 83 42 76 82 98 66 74 89 86 69 41 38 39 0 79 45 40 90 62 74 65 95 67 66 9 0 77 7 44 
12 1 41 35 42 8 92 55 21 49 74 82 42 24 5 73 58 50 63 79 43 84 55 21 34 53 12 37 1 16 16 91 46 14 76 49 96 61 94 63 39 62 90 53 18 89 98 84 96 94 36 40 24 44 10 12 88 65 76 87 60 99 26 85 98 88 58 96 96 57 35 48 3 58 4 69 58 97 36 30 57 69 49 64 79 0 6 21 45 73 35 80 52 17 51 65 7 39 74 80 
53 53 48 96 42 75 29 0 74 8 76 78 29 67 71 17 99 7 23 14 10 66 57 10 78 72 28 69 68 56 53 21 14 24 2 26 43 11 23 14 96 22 77 31 41 53 18 30 45 46 36 38 63 25 81 23 10 80 9 61 56 32 3 82 26 69 63 23 64 50 9 92 72 24 54 22 30 75 90 50 85 48 45 61 45 6 0 49 43 13 39 53 21 81 80 61 7 21 8 5 
42 88 48 11 73 50 22 14 59 6 56 24 17 88 5 77 52 99 24 39 86 46 52 66 78 8 91 76 76 74 80 57 70 77 21 1 83 91 59 94 92 28 54 37 0 27 77 82 58 38 90 13 73 51 94 64 80 90 29 64 9 58 30 47 87 60 65 37 74 9 93 63 2 79 38 60 19 80 8 98 62 2 3 98 40 21 49 0 73 4 64 77 91 36 38 74 85 52 17 29 
51 29 82 84 53 61 34 8 22 37 91 66 83 63 86 10 6 67 23 63 40 82 86 4 81 5 17 63 76 49 69 62 3 34 45 87 28 88 89 27 14 60 81 46 71 63 9 17 25 83 1 73 91 77 12 65 7 11 9 35 33 12 57 40 68 16 51 1 56 65 35 24 21 23 26 53 70 2 53 13 77 28 32 6 90 45 43 73 0 54 3 15 74 50 70 51 45 0 84 35 
94 89 38 92 56 82 28 16 82 88 65 40 56 75 97 40 33 66 26 18 36 14 13 63 18 98 76 22 49 68 10 1 56 19 32 88 79 85 10 70 50 71 84 83 54 88 90 53 73 54 17 35 65 20 38 37 91 35 59 16 32 65 81 30 87 62 23 38 8 43 59 5 57 26 36 96 36 24 61 40 69 38 60 83 62 73 13 4 54 0 95 26 58 0 17 55 86 20 87 26 
62 96 26 23 66 56 97 27 36 70 26 7 99 92 15 93 66 75 29 59 67 47 20 2 17 70 94 68 22 3 6 84 93 60 76 62 64 76 93 56 10 54 78 47 70 50 28 95 2 0 66 15 87 45 66 18 66 85 27 27 45 39 75 38 67 24 51 30 62 5 66 78 18 1 80 92 68 53 52 14 48 90 22 56 74 35 39 64 3 95 0 59 0 71 17 1 2 18 41 31 
42 58 95 66 0 80 55 63 42 68 26 11 10 28 82 71 76 84 32 78 96 9 35 81 35 22 76 4 57 66 86 98 30 65 5 5 16 73 11 37 13 25 9 82 81 55 43 68 70 50 30 84 51 89 9 24 12 23 68 58 10 3 4 45 87 35 18 74 37 61 20 39 66 54 32 61 36 40 50 16 6 20 68 21 65 80 53 77 15 26 59 0 38 47 20 74 0 3 56 50 
24 77 41 54 5 50 8 75 99 69 42 81 87 95 69 64 14 98 92 53 50 73 96 11 21 44 23 16 38 26 21 77 90 12 33 93 7 56 35 26 31 36 13 59 20 45 74 56 37 69 79 56 93 61 83 44 29 90 93 20 47 49 50 83 97 10 36 13 36 99 58 67 67 72 74 3 91 10 33 97 95 12 89 9 95 52 21 91 74 58 0 38 0 81 26 7 38 11 17 65 
42 47 46 51 42 34 25 24 61 14 22 24 19 6 41 28 20 28 84 44 69 82 9 73 4 47 67 91 98 16 25 75 62 77 9 53 89 64 59 63 84 35 91 64 13 29 2 24 39 34 92 49 68 82 60 77 46 9 73 88 22 72 88 52 34 4 69 92 49 27 79 23 81 15 32 54 29 84 24 33 66 8 82 71 67 17 81 36 50 0 71 47 81 0 82 45 47 47 5 59 
66 11 30 98 90 31 50 76 99 40 26 60 71 66 79 17 5 53 98 41 35 51 58 7 21 19 9 76 7 26 43 35 26 34 22 28 20 80 33 5 61 88 13 79 26 81 3 91 83 4 98 70 85 2 94 57 98 29 98 27 27 31 33 67 4 2 10 25 86 25 48 75 57 77 89 35 19 61 90 13 14 66 75 63 66 51 80 38 70 17 17 20 26 82 0 18 34 33 44 11 
32 15 11 95 59 24 43 62 63 33 53 49 67 34 39 21 10 87 22 41 59 77 47 54 27 92 84 23 25 35 63 95 14 6 12 4 64 80 32 11 2 31 36 27 55 7 24 43 24 94 79 76 42 65 39 62 52 40 39 58 83 55 1 74 75 38 51 84 52 33 47 92 2 8 33 98 6 26 98 36 54 57 93 36 9 65 61 74 51 55 1 74 7 45 18 0 11 28 76 13 
29 90 69 50 99 32 6 5 49 30 68 6 51 66 19 98 72 7 5 42 86 63 33 24 35 15 5 19 99 45 12 14 62 81 48 53 86 86 56 4 52 25 67 59 16 40 85 38 39 91 15 46 16 76 99 50 19 61 92 69 89 1 24 94 2 49 96 51 29 48 93 30 12 28 74 46 57 3 90 53 27 80 30 41 0 7 7 85 45 86 2 0 38 47 34 11 0 3 55 1 
54 81 50 97 67 56 65 81 83 74 3 29 74 86 56 56 22 39 9 20 58 54 95 9 27 49 61 49 52 31 62 91 12 52 35 85 14 37 60 25 81 24 50 84 24 87 81 48 41 19 60 88 95 13 24 76 98 29 68 78 15 76 28 33 95 27 22 26 36 37 45 62 90 30 58 48 87 61 96 13 46 46 11 45 77 39 21 52 0 20 18 3 11 47 33 28 3 0 63 82 
53 55 21 56 34 81 57 62 73 12 67 51 18 77 81 35 73 40 62 6 96 72 17 67 94 86 93 4 22 59 50 2 15 62 56 32 46 97 72 84 44 53 30 39 75 91 95 50 25 37 18 51 39 41 37 28 63 32 48 34 30 99 36 43 69 46 85 74 52 11 14 44 59 55 10 84 99 43 29 61 61 8 40 65 7 74 8 17 84 87 41 56 17 5 44 76 55 63 0 94 
66 38 70 48 1 61 35 56 40 69 78 22 89 82 33 43 14 32 92 54 28 83 7 36 84 6 4 47 98 2 12 1 93 35 30 52 19 50 46 63 71 99 24 86 42 86 92 44 3 43 58 89 91 98 8 78 9 73 13 35 47 68 47 40 30 31 20 20 47 28 99 13 57 34 18 58 14 7 16 41 1 27 10 24 44 80 5 29 35 26 31 50 65 59 11 13 1 82 94 0 
